300
40
90	62	12	4	68	15	84	23	41	38	54	37	99	48	35	40	38	71	58	22	18	1	63	47	12	79	28	70	72	38	84	52	33	25	80	83	75	98	55	63	
95	64	74	55	46	1	19	37	67	69	31	15	6	36	64	58	90	34	74	94	33	42	84	51	38	68	67	38	74	55	52	23	26	58	57	27	15	45	85	39	
87	26	36	49	94	30	38	25	97	55	91	93	94	78	78	6	52	5	76	79	68	81	89	71	14	8	80	10	35	21	64	80	1	42	6	67	30	2	15	83	
43	87	54	30	7	80	83	89	84	69	16	28	95	67	60	59	52	69	66	21	27	12	10	26	73	34	70	19	98	64	1	50	53	51	87	25	8	32	43	12	
7	16	92	12	38	99	35	22	48	72	94	34	97	46	6	74	35	43	65	61	23	27	78	27	69	33	70	55	26	58	30	11	58	18	18	68	14	60	58	74	
26	14	93	80	46	97	59	57	79	28	25	58	66	94	7	95	45	91	33	57	78	32	38	59	40	70	1	42	79	26	53	17	20	62	44	51	57	87	7	39	
67	68	88	85	33	66	21	24	48	55	56	24	70	70	93	63	18	89	56	82	35	68	19	33	81	57	76	93	7	80	10	16	20	65	92	21	63	38	34	60	
62	25	73	8	97	35	45	62	20	10	97	51	13	56	30	87	74	8	75	13	60	85	57	19	23	39	78	55	38	98	35	36	82	67	67	18	44	35	70	26	
41	87	41	16	91	51	40	29	77	93	77	71	70	58	64	10	29	30	86	84	75	34	88	65	19	24	75	22	82	22	72	58	38	97	5	50	82	13	76	87	
82	64	66	91	80	1	71	84	52	99	62	12	37	25	38	47	97	5	84	44	74	95	80	97	34	38	7	39	40	93	45	77	96	40	82	51	22	57	48	71	
70	30	49	50	18	48	1	60	56	88	33	66	72	99	51	13	13	24	68	73	57	43	28	95	41	11	16	88	15	21	87	31	27	21	94	19	56	75	71	68	
47	28	14	31	16	23	68	6	27	92	12	50	64	6	83	21	49	39	7	95	69	28	13	56	29	97	46	46	27	73	23	18	38	42	66	35	35	99	41	12	
88	2	61	77	32	20	46	16	70	53	48	27	85	60	70	76	47	99	52	67	46	4	3	36	9	24	86	36	48	10	6	99	75	29	41	69	69	21	28	26	
66	57	85	90	50	46	35	49	17	91	66	26	67	24	36	35	54	34	18	47	62	78	24	71	31	71	79	47	25	40	17	78	16	22	14	56	41	56	8	66	
37	55	39	73	83	87	24	10	82	4	58	39	73	76	86	58	60	48	4	43	87	1	76	84	9	88	81	49	23	10	16	55	71	94	26	67	27	42	45	36	
19	36	56	43	68	18	8	28	34	97	45	92	82	25	49	37	50	70	87	52	52	70	15	72	46	34	82	74	68	31	52	74	98	4	12	47	22	65	31	79	
86	77	34	43	75	28	53	13	59	50	83	8	73	47	83	8	53	16	65	71	18	92	78	67	72	49	75	94	96	25	25	46	15	68	5	46	72	22	81	70	
68	80	69	14	19	92	29	86	48	6	35	38	26	61	30	41	7	85	51	89	47	47	84	91	83	68	91	65	16	14	5	52	25	84	2	28	12	7	86	64	
50	87	51	66	79	66	91	3	79	95	93	92	13	29	33	15	18	98	31	68	89	5	72	83	90	55	84	65	62	33	16	31	42	66	76	53	7	32	23	45	
85	34	9	22	27	14	18	45	9	98	60	32	16	91	7	70	41	58	75	97	72	63	4	7	73	67	73	6	74	79	63	41	31	25	55	55	8	88	15	47	
10	29	19	41	54	68	9	5	64	26	82	56	31	32	63	48	53	37	8	36	87	23	25	47	37	62	41	27	66	86	26	16	40	69	49	88	7	22	56	59	
65	64	65	29	16	19	36	43	58	40	47	66	90	73	98	4	39	11	28	28	98	85	78	81	83	22	92	74	11	36	2	88	60	47	37	61	95	51	86	11	
29	63	58	25	68	37	52	33	87	5	29	8	92	9	29	5	85	7	92	7	45	89	76	34	81	20	60	57	27	97	9	5	68	12	13	51	42	14	28	39	
46	51	7	76	26	25	57	81	57	67	96	2	27	55	86	15	74	98	50	79	55	77	23	11	44	15	80	87	74	2	46	12	90	24	77	97	61	48	71	39	
73	64	50	83	14	4	16	37	97	68	72	47	16	51	74	49	88	17	36	87	66	91	5	21	15	70	9	95	55	39	7	36	73	80	4	82	98	97	24	87	
27	85	46	36	32	25	37	70	97	87	53	11	58	71	75	20	24	6	20	51	51	1	25	68	60	18	7	39	19	98	48	35	48	76	39	83	18	53	10	59	
32	14	8	28	27	23	9	46	36	17	79	4	80	84	12	59	1	99	11	1	45	60	1	35	63	38	73	80	73	31	19	33	14	3	78	13	93	24	31	18	
87	61	10	49	64	84	83	68	26	69	70	21	92	35	71	21	90	37	22	78	92	4	16	42	34	84	43	50	13	47	45	38	25	65	85	42	15	42	79	88	
31	89	40	64	11	66	27	12	57	12	9	86	53	59	80	69	42	6	84	32	81	62	31	91	10	27	31	96	31	43	67	42	75	45	76	1	92	96	9	10	
9	68	10	70	25	30	19	30	57	37	83	58	35	33	43	45	20	14	22	81	2	19	42	87	82	40	37	8	65	61	38	97	2	84	51	54	66	95	63	73	
57	67	24	34	48	17	16	50	44	63	87	26	5	47	23	15	39	98	82	72	99	93	10	43	11	11	14	20	26	80	71	80	87	6	93	77	33	68	57	40	
86	85	7	15	7	47	57	46	98	65	74	89	3	19	95	96	20	63	26	8	38	54	29	65	56	81	76	10	43	39	53	30	66	57	11	91	64	88	20	37	
73	5	74	60	21	60	46	89	31	33	71	16	29	32	48	74	37	47	63	61	70	71	67	20	15	30	83	58	22	82	9	76	46	4	49	94	42	35	85	37	
57	78	82	97	15	73	67	89	64	71	44	72	44	8	36	91	78	21	58	74	13	87	52	84	58	67	61	10	89	57	17	38	27	28	45	67	96	83	51	22	
41	46	10	88	35	82	77	9	19	20	21	57	62	7	3	17	19	21	81	31	28	33	18	74	83	82	96	96	68	15	92	17	32	81	54	64	50	27	81	20	
10	88	10	81	80	88	41	60	98	11	77	91	61	67	45	9	83	13	24	15	12	61	8	52	64	9	72	61	39	66	18	54	39	55	14	79	69	27	73	33	
35	5	20	33	31	59	30	87	96	57	67	7	97	65	43	41	31	81	60	49	87	24	31	25	10	22	72	42	20	60	33	88	26	89	81	3	18	3	79	40	
8	29	18	18	85	15	68	25	89	70	17	6	23	16	42	29	39	59	79	18	11	73	78	12	36	71	36	58	44	86	80	79	16	8	19	50	24	40	83	82	
62	68	41	17	8	54	51	43	57	8	77	13	10	96	95	21	93	79	58	64	67	95	93	1	34	46	65	63	52	20	11	22	32	87	34	76	47	45	31	31	
10	80	61	90	76	4	98	66	90	59	26	92	86	11	57	80	88	63	3	76	95	76	2	85	48	61	98	84	84	93	35	35	54	58	79	73	55	17	26	33	
83	81	17	23	41	8	85	81	20	54	29	65	72	76	35	50	25	44	39	50	2	96	88	83	65	92	30	41	82	99	44	37	92	33	12	43	5	56	70	45	
84	79	93	62	85	35	14	22	40	8	61	89	20	47	98	85	29	8	61	31	83	64	44	27	1	23	91	50	95	22	78	99	50	72	96	59	31	11	68	41	
33	47	72	29	99	35	45	34	46	94	76	38	72	66	46	85	58	81	40	45	66	67	55	52	1	36	90	5	90	7	56	83	10	76	82	99	39	44	85	5	
32	18	28	15	50	9	94	28	75	56	41	41	13	49	21	96	33	43	79	7	38	71	62	54	41	31	1	41	78	52	54	56	16	11	22	73	10	37	62	2	
31	19	82	57	66	19	73	6	57	37	19	30	34	2	94	91	58	65	39	3	93	35	61	29	41	76	12	82	32	43	48	87	63	58	51	19	1	24	86	38	
1	33	15	96	29	35	92	69	60	53	13	40	2	63	95	47	65	88	8	67	87	66	76	99	78	85	36	62	25	7	10	35	1	14	28	86	62	59	18	91	
9	92	36	16	58	1	20	18	58	92	68	13	35	88	99	82	45	31	29	30	90	6	72	18	13	35	67	39	63	2	61	95	29	96	26	2	57	10	74	31	
8	3	4	61	22	37	95	16	94	45	23	70	85	53	76	93	3	21	93	50	48	41	39	52	11	5	99	78	33	44	76	57	12	4	78	13	85	87	69	12	
25	99	11	44	38	78	3	51	52	67	22	72	26	96	94	65	8	70	78	31	59	57	19	54	84	51	4	25	53	56	52	16	96	86	89	15	17	6	9	62	
58	38	16	19	90	36	97	69	38	72	83	54	45	93	73	58	54	70	48	14	40	9	2	4	34	18	55	58	28	53	27	80	29	70	91	57	28	70	44	35	
83	7	38	53	44	96	85	90	60	58	27	51	49	54	4	86	26	26	7	55	16	36	67	43	88	70	18	18	11	56	57	62	89	90	66	36	45	2	79	55	
60	80	9	69	75	48	69	8	27	62	46	94	64	63	16	71	74	14	15	82	4	97	86	86	67	63	94	22	77	43	53	38	24	72	15	58	99	88	34	43	
53	1	73	73	99	41	37	67	39	48	52	95	57	40	8	75	89	81	50	37	8	48	84	9	35	43	17	62	95	23	65	1	85	34	92	98	81	69	70	17	
49	89	52	58	13	78	23	28	95	24	62	15	45	40	26	20	90	68	39	88	23	40	51	23	69	76	10	80	13	44	31	88	82	26	91	29	1	50	62	78	
87	89	63	97	34	36	7	5	4	95	54	97	30	77	10	84	14	60	30	42	35	55	13	33	34	14	93	23	41	39	80	92	32	96	83	35	61	50	34	83	
99	43	90	12	57	16	85	90	92	41	62	10	26	91	83	84	13	83	36	16	41	73	59	67	58	85	59	83	50	92	89	54	20	98	25	7	33	81	49	83	
43	93	17	21	7	32	90	61	40	31	49	38	98	29	10	36	61	15	24	9	64	67	32	2	17	21	88	20	72	47	97	34	66	11	4	20	33	55	55	61	
52	26	12	80	99	24	64	61	98	65	15	84	7	72	97	91	59	39	62	44	81	29	53	49	28	9	37	58	4	33	77	68	99	8	57	90	20	24	87	41	
94	36	71	90	18	5	98	72	31	51	78	31	57	89	67	67	58	24	31	94	54	33	33	48	47	84	67	73	24	39	65	6	35	49	34	16	78	54	24	77	
26	28	21	91	81	38	17	58	49	10	2	97	58	18	73	47	72	36	79	92	65	24	15	16	70	44	44	56	9	6	39	19	57	8	27	90	28	26	5	28	
60	45	65	43	32	47	27	97	67	12	79	68	86	81	76	69	16	82	45	17	66	40	85	96	47	2	82	54	60	53	60	12	13	23	42	13	28	72	99	13	
39	33	5	80	20	55	19	92	49	46	82	10	51	34	83	89	34	88	28	64	28	63	41	80	91	63	53	98	37	44	73	89	9	89	46	65	85	38	37	47	
15	36	1	54	97	59	26	61	73	21	54	62	72	44	30	35	47	1	21	99	92	5	6	8	11	43	44	18	93	67	51	27	18	75	50	78	82	82	85	57	
29	18	2	47	22	32	35	13	94	92	67	22	64	95	33	29	93	23	92	88	43	23	10	59	31	7	79	17	21	66	10	6	82	71	65	73	96	5	94	80	
10	18	19	78	61	51	64	98	21	32	36	89	22	35	87	4	87	91	39	14	66	66	25	19	29	44	89	56	2	88	69	39	37	73	4	94	33	1	90	44	
67	41	70	88	7	73	85	51	88	13	82	21	13	37	31	90	77	66	73	67	36	53	49	23	80	77	48	97	65	70	74	77	26	92	42	10	64	59	30	28	
95	75	64	95	91	26	7	98	50	41	62	36	83	15	50	97	11	69	84	26	86	80	58	90	1	98	52	38	49	53	76	91	37	2	40	6	74	76	6	2	
85	40	58	49	20	34	15	63	63	8	42	26	61	47	59	60	11	43	50	14	6	64	5	33	4	36	67	25	71	28	60	43	32	8	13	53	9	17	12	52	
36	70	55	51	94	81	72	45	89	77	39	37	67	48	23	76	51	43	5	36	31	14	76	48	57	55	28	50	3	17	37	29	90	58	59	62	31	90	67	88	
84	25	72	64	57	3	63	76	97	8	12	30	42	63	40	26	40	67	58	3	43	28	12	91	54	90	90	28	52	77	91	15	56	80	56	11	85	72	87	24	
28	33	53	3	33	1	11	67	72	96	12	27	62	94	85	70	17	7	85	26	81	37	70	30	79	7	46	48	53	48	82	40	89	46	90	62	68	46	26	46	
62	69	45	2	79	3	33	29	33	68	84	41	78	63	4	26	45	38	52	9	49	63	61	80	93	92	89	22	55	16	99	19	32	77	67	59	3	86	55	63	
22	56	28	65	45	45	69	76	55	79	34	78	53	1	63	32	16	37	17	2	39	20	23	25	15	86	39	93	32	24	81	3	66	69	59	98	19	63	19	35	
27	6	4	5	32	84	55	16	96	66	41	31	1	64	61	87	62	31	74	53	53	38	67	9	12	31	23	50	78	98	85	43	93	62	23	90	43	86	32	83	
39	86	33	48	65	49	59	12	37	18	36	46	43	96	92	76	70	82	63	35	41	24	73	21	99	63	9	98	32	22	11	24	11	25	62	97	93	72	37	84	
18	22	40	39	67	16	65	33	17	85	28	77	63	9	67	72	5	95	26	47	33	55	40	53	44	28	3	32	86	26	90	77	94	87	54	54	79	54	22	39	
89	23	66	9	41	17	27	86	82	16	93	15	70	90	91	25	35	64	30	11	84	95	93	45	73	33	95	73	24	17	21	87	92	95	29	68	7	9	89	32	
21	49	80	36	57	82	64	22	44	21	19	4	66	64	95	23	75	45	36	35	32	52	52	5	91	28	66	4	37	40	67	62	22	93	8	3	95	27	85	63	
94	6	47	86	50	10	24	30	33	78	96	36	26	57	29	48	18	62	34	69	42	60	49	12	2	15	48	67	76	68	7	97	74	47	94	42	92	7	80	68	
94	62	51	32	17	72	92	11	68	63	85	29	73	15	3	2	89	50	27	38	79	93	8	10	37	93	42	63	89	21	45	24	23	92	25	34	4	83	10	16	
1	14	77	53	24	46	70	30	30	9	18	80	75	38	92	14	98	15	72	49	77	18	73	63	93	39	93	13	75	21	75	21	38	19	69	19	21	89	71	83	
81	67	49	19	21	79	95	58	38	99	68	8	30	56	98	38	95	38	85	97	10	63	9	16	69	2	20	14	35	76	2	28	15	74	99	35	64	42	74	26	
1	57	17	53	61	89	30	80	35	98	80	72	74	30	57	25	45	8	90	32	73	35	33	14	17	49	1	69	41	96	15	29	95	19	4	10	22	69	52	8	
29	99	11	81	24	90	94	2	79	2	44	74	82	86	15	72	88	79	33	20	78	56	28	17	94	33	18	7	5	38	28	18	10	90	57	27	4	56	22	35	
55	70	45	51	50	49	73	20	44	26	31	41	88	82	53	67	35	71	50	83	40	38	97	92	25	89	56	67	49	84	64	46	13	17	59	80	98	35	10	54	
11	17	79	46	76	80	55	93	16	25	92	86	97	4	74	97	33	87	91	21	81	79	76	90	61	70	55	86	94	54	4	57	33	52	16	7	35	1	26	42	
4	4	37	70	85	66	51	79	10	44	3	61	15	89	38	53	73	74	2	4	40	8	9	91	65	3	27	51	46	39	82	90	26	41	79	96	52	52	97	68	
44	88	77	22	49	9	54	54	83	96	68	72	78	96	59	4	79	8	53	66	79	38	70	49	76	86	17	35	84	82	56	77	37	24	57	93	74	74	59	47	
91	25	28	41	89	14	61	25	59	79	86	96	94	84	60	62	12	14	46	63	8	74	51	4	7	19	33	24	70	73	13	16	62	65	55	66	93	49	2	65	
4	98	70	44	42	9	51	7	53	15	67	67	86	40	79	23	83	15	50	20	7	34	1	79	24	45	24	13	52	87	40	21	27	16	97	69	59	89	67	92	
85	3	82	40	26	86	17	99	12	25	3	45	40	31	35	88	67	14	13	52	62	9	16	69	54	54	16	90	73	49	58	62	57	10	92	82	69	18	14	76	
51	29	38	21	16	86	55	27	49	38	98	65	61	88	44	72	27	5	21	82	98	56	3	89	82	89	3	5	96	30	97	80	73	81	55	28	71	64	28	11	
90	8	63	40	26	98	14	71	99	29	64	79	43	23	4	82	39	16	20	22	31	18	74	23	67	3	3	3	31	75	44	89	74	31	86	71	72	3	95	94	
42	61	45	72	98	9	93	83	66	82	49	58	32	70	24	94	32	87	82	41	8	77	24	46	49	36	53	63	56	64	31	50	37	4	16	11	50	18	28	64	
70	5	2	48	99	70	5	72	84	96	49	96	5	71	13	94	28	73	47	27	69	39	43	30	81	30	81	1	69	98	92	33	21	16	86	31	70	98	50	15	
52	65	6	78	14	4	82	83	87	13	54	80	46	78	28	10	86	83	96	8	18	46	95	27	52	71	17	53	24	28	71	61	79	97	9	57	17	66	31	92	
67	44	63	52	58	31	60	46	78	77	67	54	45	1	74	20	60	47	5	73	75	30	55	37	24	66	66	57	82	98	84	35	72	78	63	76	17	39	90	79	
95	97	54	21	91	46	93	16	8	37	67	52	81	68	66	49	55	16	38	65	70	81	94	58	71	45	46	94	71	40	45	33	91	96	66	46	86	14	42	52	
20	59	21	63	35	6	44	87	60	62	34	22	29	44	39	41	97	95	3	58	11	67	29	13	34	1	66	25	46	80	36	99	86	47	83	84	70	96	7	23	
39	88	18	28	94	59	23	94	47	2	28	25	64	50	22	9	4	5	65	13	78	65	21	61	61	59	74	5	61	91	47	12	4	52	3	40	94	47	78	64	
80	55	19	61	98	11	80	90	97	74	30	20	78	36	64	73	62	72	16	17	19	39	36	91	81	76	54	74	44	70	62	27	23	67	70	40	20	70	38	14	
25	44	76	16	31	5	63	5	71	82	30	24	94	79	19	82	16	59	90	5	46	38	59	93	63	70	82	44	74	42	5	16	9	22	72	28	10	28	40	57	
35	8	43	37	77	50	19	90	62	66	79	62	96	7	81	7	55	18	55	61	46	36	67	16	87	82	37	42	78	8	44	66	62	85	80	73	95	84	37	99	
89	34	41	35	75	75	65	42	15	81	91	90	58	57	88	18	13	74	42	1	89	91	53	96	28	74	69	61	20	10	49	80	81	68	48	70	55	88	76	10	
24	55	93	35	73	7	8	7	50	13	10	5	82	73	67	51	70	52	39	32	55	48	9	85	37	48	23	72	97	39	5	49	28	52	67	10	92	79	42	51	
79	85	15	13	88	90	17	61	90	18	22	30	48	19	44	48	68	20	42	5	51	60	68	37	35	7	20	33	58	67	83	2	95	51	82	40	28	28	57	92	
56	89	48	3	84	35	61	86	99	2	31	87	54	36	10	78	19	72	57	35	49	56	2	94	7	37	90	62	7	13	71	44	97	9	53	8	87	7	44	3	
73	81	67	97	36	90	1	14	18	24	91	50	84	27	42	44	34	41	66	11	23	21	66	48	8	32	72	11	22	38	51	77	42	18	82	71	13	97	38	17	
33	56	33	25	22	58	27	52	14	33	92	74	64	71	79	67	47	42	42	85	89	27	18	79	74	40	55	4	89	73	44	92	30	83	94	10	58	21	56	99	
97	50	99	3	5	29	71	99	36	37	2	11	32	71	56	55	53	46	21	44	63	80	71	79	37	42	90	64	29	83	6	53	48	3	72	99	9	4	30	75	
63	39	91	77	29	58	56	39	73	6	62	4	16	28	95	49	49	88	37	57	11	9	26	61	45	70	45	28	32	52	72	55	77	88	52	80	1	76	83	44	
48	59	16	48	22	67	19	5	24	96	52	62	17	54	47	53	80	3	5	11	15	73	38	36	95	46	29	25	7	5	78	67	98	16	69	4	43	97	72	84	
82	64	54	63	99	74	73	44	60	20	89	25	90	14	96	46	94	92	65	22	44	19	60	89	66	56	61	51	31	62	13	56	11	7	64	52	52	18	87	30	
6	12	89	8	78	66	43	47	18	32	8	91	48	92	24	74	2	31	82	34	26	52	23	24	59	62	5	26	7	28	47	90	52	40	45	54	89	66	96	31	
73	84	5	62	97	90	41	67	73	61	74	48	56	99	11	22	41	88	98	92	32	46	87	87	46	35	50	16	23	97	7	26	30	93	7	68	6	76	61	96	
60	37	32	50	42	85	15	19	35	61	73	65	39	5	21	67	53	98	50	4	65	84	47	90	25	21	63	54	26	8	8	73	58	22	99	55	89	34	95	16	
83	80	53	67	74	36	34	56	47	3	39	84	94	3	20	19	56	51	27	70	52	35	81	92	75	47	75	34	95	16	44	46	91	62	68	29	28	63	92	65	
22	89	65	84	77	69	51	34	86	85	54	76	17	9	62	31	36	14	7	17	46	47	75	76	30	47	49	86	25	10	37	89	80	70	29	87	67	46	95	94	
44	50	98	38	90	72	4	49	75	94	93	91	15	88	31	6	32	92	26	86	31	89	85	3	42	28	80	34	11	44	34	91	20	86	19	31	83	62	36	89	
46	34	87	2	67	46	81	67	97	77	32	82	51	15	32	66	40	17	21	25	39	16	73	49	69	61	73	36	45	15	68	76	12	43	91	51	55	72	22	25	
88	3	3	36	30	92	48	21	23	58	6	15	74	60	47	22	11	57	23	45	64	58	83	20	53	7	61	2	21	63	73	76	31	86	75	15	49	24	80	91	
49	47	40	21	30	23	17	1	30	80	30	54	68	18	42	11	63	77	2	71	94	60	84	53	16	70	85	97	32	6	54	85	96	47	80	14	6	93	68	8	
72	55	57	71	23	12	82	22	48	80	72	36	96	53	32	19	97	14	74	67	38	33	68	93	53	92	35	25	90	7	15	95	50	28	71	9	34	58	19	11	
30	10	80	31	37	73	17	68	94	97	82	19	68	91	2	88	23	87	65	42	63	43	96	54	40	63	37	88	46	65	40	17	44	30	88	48	13	98	66	32	
89	23	52	49	61	64	7	27	23	7	81	12	91	29	81	4	80	49	25	39	43	40	14	63	41	75	8	37	11	53	37	70	29	11	28	69	96	32	14	48	
84	95	49	38	32	35	61	96	75	90	4	98	48	83	84	54	82	52	4	6	8	6	10	79	25	3	55	94	89	66	30	71	53	70	80	81	30	78	56	19	
93	15	44	11	22	92	70	77	47	36	90	20	69	70	91	85	51	62	81	48	98	38	39	4	89	16	43	62	22	20	12	90	66	69	21	28	66	58	70	6	
27	73	36	3	50	7	18	50	47	69	54	61	17	11	99	31	67	88	54	58	30	67	3	61	88	21	7	13	22	68	55	90	27	78	59	35	93	19	49	65	
16	28	26	74	80	44	50	24	73	15	84	3	69	72	26	18	23	58	79	32	65	5	77	69	67	40	31	56	31	57	74	58	23	61	48	34	62	93	3	35	
10	90	55	90	39	34	9	76	90	88	17	61	17	46	61	62	81	13	71	63	84	17	7	85	2	11	72	95	75	10	47	99	92	83	38	71	32	93	4	87	
82	40	96	85	32	64	10	69	19	27	55	11	65	39	87	41	47	42	56	21	71	38	48	37	51	32	57	53	29	40	90	33	48	62	1	96	9	28	4	77	
39	76	7	11	73	10	83	47	17	38	55	82	40	20	51	47	31	42	88	5	97	8	73	30	6	23	12	93	80	3	97	52	20	32	3	34	95	59	89	62	
35	2	27	57	12	90	73	16	88	92	59	47	97	74	85	27	35	13	13	83	23	45	26	46	51	30	71	8	12	65	26	76	90	60	32	32	55	83	12	9	
97	31	49	64	74	65	84	4	81	40	90	81	48	10	95	92	37	79	92	19	88	49	38	12	32	55	32	1	79	25	39	76	43	77	87	95	67	50	57	76	
51	35	31	12	10	48	94	6	95	59	97	11	80	78	2	24	77	54	88	65	29	37	3	51	26	19	58	39	98	42	15	91	19	49	23	4	98	4	83	86	
59	19	69	84	34	65	17	2	5	41	66	35	92	37	30	49	60	16	92	49	85	4	96	29	21	52	57	96	45	17	2	15	74	76	41	99	82	67	9	66	
58	23	33	28	93	38	22	66	73	97	76	39	30	38	66	99	56	34	26	37	20	24	65	57	1	23	99	73	49	88	32	71	45	24	54	69	96	48	57	85	
10	63	47	80	25	98	16	51	91	7	21	78	30	54	65	60	14	17	83	80	46	76	65	5	39	92	1	92	5	72	92	70	26	84	92	2	52	79	63	61	
54	3	38	84	25	36	71	54	2	90	79	54	75	26	17	84	73	93	41	39	60	8	58	66	90	1	53	90	83	23	54	40	39	72	74	23	90	89	27	51	
67	43	29	83	26	75	18	64	49	15	50	56	45	49	62	5	89	23	19	90	77	15	59	33	1	87	27	73	52	32	55	48	28	45	25	20	78	10	29	29	
30	63	99	1	79	85	91	96	21	32	34	4	83	88	76	15	61	42	94	20	76	75	53	24	13	39	11	66	1	58	37	97	45	67	65	38	22	3	6	37	
98	79	92	90	39	21	30	96	6	47	81	56	65	27	96	39	67	36	81	88	50	95	52	20	84	73	25	39	71	80	44	4	48	87	41	69	72	34	70	21	
83	37	87	83	63	90	36	39	51	19	84	8	74	42	16	79	6	51	57	85	66	94	21	58	12	47	76	15	98	96	76	61	7	64	18	11	52	62	1	49	
36	37	18	4	7	64	92	93	29	87	40	64	82	15	27	43	43	22	48	61	23	22	51	27	53	4	78	55	52	38	93	81	10	16	31	15	74	73	76	11	
38	92	58	70	35	8	31	85	12	43	56	99	40	69	26	58	65	48	76	40	25	5	96	27	72	47	27	34	89	25	84	15	81	95	92	9	80	34	75	93	
2	15	55	80	32	41	57	29	47	13	21	99	69	46	67	61	41	93	57	17	56	20	63	19	72	45	28	88	12	52	83	60	9	10	46	9	73	86	29	45	
67	31	23	71	23	43	40	43	43	88	27	72	65	7	84	72	85	12	52	31	61	12	51	59	44	72	86	50	24	3	52	45	61	58	93	6	64	69	25	15	
22	37	92	71	97	76	46	54	62	85	52	62	1	62	53	49	35	15	83	27	34	27	63	3	26	70	48	58	10	94	9	98	36	12	62	38	24	66	75	79	
8	75	17	16	43	45	39	69	18	23	93	20	44	45	25	22	23	62	99	90	14	84	57	2	55	57	95	57	3	61	22	92	89	14	38	36	37	98	37	44	
48	51	30	67	82	87	29	41	76	50	66	76	72	1	9	15	66	89	2	72	82	86	64	74	42	51	8	72	71	55	51	78	93	23	51	65	66	31	90	29	
78	70	66	93	18	96	82	9	68	91	45	81	1	18	9	36	60	58	21	83	74	45	60	61	34	35	72	67	3	95	53	90	81	78	20	30	24	26	69	39	
75	20	39	44	83	73	85	22	5	28	73	35	15	90	22	64	66	52	58	84	87	48	87	60	4	52	48	79	3	33	42	45	14	1	48	75	45	18	53	9	
3	70	60	99	97	12	69	43	99	11	25	87	6	1	88	9	27	88	73	46	5	62	45	46	26	28	91	48	90	58	96	9	41	20	83	60	68	22	12	33	
57	16	40	4	31	10	78	36	96	5	21	39	19	48	4	46	67	70	37	93	15	52	26	64	73	28	41	6	12	33	38	56	78	44	23	17	27	78	9	78	
24	38	17	77	75	25	16	32	9	62	5	1	97	97	78	50	17	67	35	34	51	48	9	14	14	43	46	70	44	54	54	2	82	47	88	87	41	19	58	73	
32	12	66	17	13	42	20	76	53	31	70	49	49	68	65	91	29	28	31	65	25	29	18	7	11	10	66	2	25	55	84	22	38	96	46	46	20	73	41	83	
27	33	51	65	8	89	22	59	5	88	52	60	99	42	28	26	10	26	80	64	71	50	24	12	36	62	18	51	69	30	58	47	47	8	84	1	67	3	73	66	
35	80	35	71	86	77	41	26	47	13	62	22	67	19	83	61	53	29	9	53	98	92	15	73	86	9	77	86	8	94	88	49	28	33	57	73	93	64	39	5	
52	11	48	34	35	69	43	71	30	82	97	28	37	86	83	3	84	10	41	57	47	46	13	23	6	44	47	97	20	75	30	93	21	79	71	65	39	7	64	25	
21	83	13	14	1	84	60	8	41	7	86	57	45	35	68	87	4	81	86	33	50	31	50	57	11	98	69	88	82	31	82	87	92	58	37	3	95	5	67	94	
22	14	26	39	96	33	54	27	73	85	7	29	61	95	61	91	43	68	81	84	6	36	9	10	29	9	2	47	17	8	57	1	57	66	74	62	39	8	47	5	
78	64	90	89	17	80	51	28	7	10	48	41	89	12	34	22	25	2	91	55	48	4	6	97	40	21	48	93	47	23	97	70	96	97	73	78	70	40	36	28	
51	62	11	56	53	46	21	39	92	78	43	95	63	44	15	90	28	53	63	9	35	36	36	54	22	36	43	17	65	76	57	87	91	88	13	34	56	17	14	58	
55	48	44	92	24	28	17	15	43	59	41	91	56	1	66	70	60	98	37	83	33	34	81	34	6	69	98	85	96	3	31	60	51	91	32	28	81	98	66	40	
71	56	99	32	3	65	70	16	32	75	45	15	93	6	5	30	38	7	15	31	10	74	66	9	35	59	98	44	76	46	47	70	62	80	64	30	5	75	8	68	
71	29	9	5	58	28	48	68	94	23	11	97	72	97	91	48	71	71	85	38	38	4	68	39	29	89	56	90	35	69	13	91	27	89	21	8	25	82	60	75	
46	60	34	22	99	36	56	8	41	21	86	67	84	52	66	16	52	61	2	29	1	82	95	31	63	58	26	31	81	96	14	12	28	80	37	46	45	47	84	98	
40	67	48	44	24	16	4	1	71	92	28	68	52	44	47	13	56	7	21	45	6	43	11	69	39	68	72	22	2	82	76	16	77	44	66	41	52	65	70	27	
93	3	64	37	75	81	29	50	95	78	52	73	62	40	78	72	43	26	93	9	2	90	13	35	74	53	88	88	55	17	81	62	88	30	39	73	97	13	84	34	
87	83	19	2	9	51	71	80	67	77	57	72	17	16	45	18	69	66	16	72	8	30	79	6	91	32	84	24	85	56	31	41	51	6	73	69	87	84	69	83	
2	67	21	88	56	95	7	7	13	27	1	39	73	12	33	89	1	89	34	41	43	22	61	32	20	98	17	76	32	93	80	5	4	59	43	38	70	65	4	26	
70	48	44	91	6	15	37	78	77	2	22	86	14	17	48	48	39	84	3	80	64	79	38	1	90	37	84	12	47	52	20	84	21	13	2	90	46	34	16	69	
49	88	85	29	81	44	39	14	71	57	37	95	97	84	2	61	47	7	8	8	13	83	18	74	57	75	80	55	25	14	16	94	7	88	61	46	66	99	56	36	
92	80	77	93	31	99	60	8	21	93	75	32	36	76	34	68	87	59	37	61	62	39	13	17	3	64	90	22	32	75	3	7	90	89	31	6	53	60	25	94	
24	43	53	98	22	49	81	24	32	59	81	43	68	45	10	32	58	94	13	49	76	61	53	97	69	87	59	21	45	47	38	11	30	20	9	28	13	10	52	79	
27	40	75	93	40	10	33	69	54	80	70	28	39	40	62	65	46	50	73	84	72	85	64	75	80	12	9	49	95	65	12	59	23	37	29	61	65	55	39	90	
38	45	9	66	99	88	61	48	53	23	37	99	92	46	97	42	78	25	24	99	90	17	4	67	81	54	9	55	20	51	8	90	21	29	72	81	73	82	55	69	
36	20	64	29	51	46	57	97	92	85	26	25	60	61	49	91	80	68	29	40	69	11	48	96	76	93	10	95	18	90	29	31	54	29	22	91	83	47	90	60	
54	41	88	77	7	89	44	4	13	26	56	40	68	94	95	69	45	22	68	41	28	77	42	22	80	4	28	65	13	55	69	82	58	58	84	17	68	90	62	57	
83	41	12	36	60	8	10	2	30	16	98	57	39	3	30	12	4	72	52	84	53	25	93	47	67	26	91	12	24	44	52	87	13	3	63	67	77	98	78	20	
96	99	54	91	23	21	8	53	25	30	15	42	5	52	89	72	3	51	86	39	93	30	42	15	34	65	33	30	41	63	17	81	77	15	87	97	94	82	63	82	
61	46	89	88	61	80	8	10	55	63	49	81	32	21	33	41	95	58	96	79	61	42	64	79	66	26	52	40	3	35	63	18	41	56	99	34	1	97	30	40	
75	10	60	32	37	84	7	51	59	78	76	27	40	22	89	37	24	17	8	88	41	17	51	60	10	68	22	43	92	38	60	80	79	61	2	88	43	85	17	13	
1	92	50	44	64	34	86	12	73	90	10	22	37	66	45	93	25	60	82	40	95	80	31	78	49	5	58	60	25	82	96	75	10	40	46	58	12	54	74	94	
2	73	20	27	60	15	42	85	58	80	61	9	58	50	2	16	27	52	15	61	95	29	57	74	92	28	43	55	50	5	2	7	60	9	97	95	20	88	14	85	
97	47	88	86	15	14	57	8	23	32	58	16	8	76	81	25	65	37	73	79	35	52	41	5	65	61	8	32	60	11	11	26	41	50	45	72	91	89	9	99	
10	95	78	52	52	67	33	25	61	15	19	31	11	11	93	77	95	18	14	45	70	97	56	23	4	48	66	21	4	35	95	72	22	12	64	12	60	45	51	58	
27	81	15	71	13	37	84	44	94	83	81	53	72	64	53	73	15	71	37	46	55	58	83	39	62	73	9	39	2	42	51	87	22	26	46	15	63	34	68	61	
70	83	78	79	33	17	81	60	16	18	92	19	37	8	62	43	95	90	5	89	84	91	24	61	22	9	51	39	75	50	25	14	94	65	74	59	54	60	94	45	
64	59	22	67	31	80	51	65	49	94	47	24	57	19	39	10	14	59	19	75	49	80	61	23	4	95	40	32	77	92	26	75	30	36	65	79	10	18	94	15	
17	37	31	14	6	45	41	46	2	79	89	14	75	62	9	40	97	60	47	48	85	8	82	80	97	58	14	98	32	7	64	36	55	91	57	35	57	88	52	64	
3	40	55	5	34	81	28	50	39	66	69	62	98	96	50	73	66	8	11	27	46	79	58	7	84	48	23	74	75	59	70	45	45	81	60	52	92	68	5	73	
56	43	82	40	76	42	90	49	48	35	51	26	91	13	99	35	91	22	30	24	64	66	70	50	76	16	98	22	9	95	51	58	43	38	63	53	16	27	41	83	
70	62	79	12	93	30	40	63	24	45	82	86	67	12	4	22	54	25	19	34	29	84	8	89	53	18	89	82	56	24	17	40	74	82	93	61	70	98	57	67	
96	70	82	69	66	93	97	88	51	61	19	69	89	2	40	83	9	72	43	15	72	5	9	60	15	56	44	8	25	33	55	54	84	72	37	90	83	6	57	60	
55	47	48	65	16	57	40	90	93	11	5	46	82	36	85	71	60	17	31	42	52	90	64	66	30	44	53	74	77	37	64	29	66	74	9	17	20	9	26	91	
55	60	56	80	39	78	89	82	94	68	7	15	37	75	42	76	39	1	41	52	49	70	75	70	1	8	53	77	5	55	45	2	7	72	84	28	38	88	43	85	
15	82	74	31	49	37	72	89	80	75	10	65	35	86	24	43	86	79	86	56	63	46	67	69	24	16	75	9	10	19	44	54	31	3	90	56	52	69	65	47	
87	25	71	60	15	59	23	88	68	93	65	25	76	72	93	74	48	81	16	49	29	17	65	47	69	45	61	14	95	14	58	20	58	24	41	94	3	58	57	30	
2	25	96	7	13	71	47	32	83	78	95	83	5	25	57	5	69	91	46	83	19	54	14	13	53	68	32	31	56	50	92	75	59	16	40	88	33	27	80	85	
98	38	6	55	87	80	48	50	84	97	55	4	50	22	23	63	99	72	62	42	69	93	68	13	26	83	8	12	84	66	72	16	27	12	39	15	66	17	41	88	
81	88	49	69	9	92	2	42	86	73	51	5	75	46	2	15	3	12	60	75	4	63	27	35	64	70	89	19	70	63	17	10	42	58	42	36	99	86	93	52	
67	28	16	8	47	58	86	38	1	56	13	38	19	37	75	86	71	6	53	35	65	44	32	84	63	73	98	15	20	71	67	31	60	13	80	45	95	76	92	19	
49	42	31	16	44	51	76	49	73	30	27	36	59	76	19	68	52	69	35	74	54	58	20	45	47	25	66	21	73	43	66	79	88	64	31	80	82	15	15	32	
60	74	10	4	96	76	88	96	35	52	20	43	75	4	74	98	74	81	98	44	70	94	32	23	76	91	82	64	30	83	2	79	83	93	2	28	62	53	27	91	
48	97	72	6	47	11	80	24	51	21	4	34	14	63	87	35	80	59	6	56	68	57	73	66	61	58	5	5	79	12	98	55	43	54	62	5	22	28	13	89	
53	99	9	16	72	78	12	86	86	73	72	4	67	80	95	2	73	62	23	40	11	53	41	72	87	37	14	41	40	46	75	95	17	98	44	24	54	61	55	28	
91	12	6	10	89	45	58	27	66	20	60	47	57	73	71	13	59	34	2	73	32	6	95	74	45	14	39	99	5	31	49	95	8	23	81	38	84	85	79	16	
49	64	25	46	60	62	83	27	54	3	50	18	17	89	31	92	4	66	28	93	9	2	98	6	60	23	26	8	90	84	3	77	95	49	24	65	1	7	45	49	
78	72	37	49	4	26	63	48	24	94	43	62	91	81	86	60	90	1	16	98	35	68	98	50	42	50	67	40	94	89	2	97	56	40	91	98	88	89	1	72	
99	57	21	71	17	75	72	42	53	16	82	45	36	9	63	8	90	61	66	17	3	85	77	69	23	73	93	56	59	1	78	29	89	36	97	93	84	83	91	17	
14	94	7	41	98	22	22	55	6	97	34	45	21	69	71	49	28	14	75	69	90	24	58	17	17	30	13	9	39	99	56	34	57	38	21	38	18	72	25	30	
19	95	84	85	84	7	57	3	37	68	21	44	47	68	30	63	66	60	6	8	59	15	55	25	79	15	10	46	77	66	47	6	22	9	34	7	69	61	88	76	
27	18	65	43	81	90	7	33	90	67	20	84	65	14	54	5	90	65	9	32	51	57	92	83	73	15	1	82	89	91	93	2	92	12	94	87	38	91	32	21	
4	12	96	45	16	78	94	70	15	97	6	21	2	44	91	3	94	10	3	95	97	50	77	92	38	69	47	56	48	16	72	54	83	76	82	1	9	85	95	2	
90	94	40	94	78	71	1	33	72	11	61	39	86	87	23	47	85	82	14	85	32	57	24	95	73	62	23	71	80	5	52	63	70	5	3	93	24	26	3	74	
55	53	98	10	88	46	87	42	68	11	35	70	98	51	7	38	81	91	66	85	7	4	36	99	22	50	34	18	66	44	8	64	58	95	39	16	71	66	6	42	
37	86	5	63	49	79	69	8	77	7	62	76	3	45	95	39	26	22	30	23	24	6	50	70	59	15	7	70	47	83	90	90	52	11	65	73	69	69	86	65	
96	71	61	90	23	85	55	94	76	81	34	22	6	34	93	92	99	10	29	95	63	27	28	16	92	54	16	70	38	94	58	3	39	66	17	76	60	78	16	58	
82	60	44	87	6	1	29	66	86	97	35	22	8	22	84	30	48	59	2	77	21	73	13	45	66	96	83	93	46	71	56	10	66	61	9	48	12	22	69	57	
89	17	54	87	6	89	1	24	24	39	22	80	71	67	3	50	6	86	17	9	52	9	31	8	66	56	27	93	97	57	58	64	43	27	18	38	25	46	94	75	
39	76	29	19	36	86	11	8	50	78	73	97	88	28	70	94	33	88	51	66	27	14	65	21	45	8	60	26	69	3	60	44	27	23	24	93	47	83	44	43	
54	37	14	42	5	64	82	95	32	71	84	71	53	43	84	90	58	56	16	14	82	66	68	71	34	3	62	60	27	59	34	13	36	47	96	31	88	45	51	20	
41	87	80	69	18	42	40	71	9	94	21	69	48	38	66	81	22	10	47	34	87	57	44	4	81	14	85	63	68	97	38	58	54	90	47	78	52	52	78	94	
87	62	13	71	86	16	78	82	66	7	37	87	28	68	58	40	36	62	44	45	10	40	79	85	79	6	40	75	75	62	75	23	49	19	31	3	60	92	5	65	
56	29	40	52	39	26	92	76	12	38	36	89	19	88	88	57	38	27	71	94	96	5	34	53	13	46	18	56	69	55	24	2	93	80	17	14	98	13	85	99	
85	7	30	19	40	53	58	13	64	19	99	27	15	57	81	15	59	44	14	33	52	88	87	48	98	37	78	21	75	53	4	30	96	55	92	61	57	39	53	76	
8	16	38	25	17	43	72	68	37	35	64	40	86	69	28	45	2	42	88	76	26	18	40	21	47	89	95	53	92	49	17	51	33	24	51	93	79	32	88	10	
57	59	15	94	91	73	50	12	47	13	61	41	94	25	16	59	8	36	9	41	9	79	71	27	18	19	54	1	67	38	38	66	93	79	13	20	22	67	38	54	
95	34	64	36	17	35	76	64	8	42	7	77	6	21	12	73	53	46	15	67	34	20	55	96	84	79	7	48	74	18	52	58	22	61	15	37	18	55	93	85	
44	75	62	22	24	61	12	44	44	22	51	77	25	82	1	96	35	59	47	17	81	84	29	95	12	22	82	80	10	38	68	10	77	23	53	43	43	82	22	76	
12	32	33	67	70	75	63	89	11	43	86	75	19	22	81	18	69	13	88	58	93	81	26	52	32	93	56	18	79	63	67	88	90	35	83	36	93	95	57	35	
43	73	76	77	97	79	98	61	8	1	5	22	61	28	19	65	94	16	51	29	91	76	51	83	26	58	75	37	5	81	23	26	27	15	74	86	70	5	47	44	
59	23	56	78	93	66	26	30	18	38	19	68	75	89	53	45	82	96	34	82	4	21	27	85	23	50	35	72	27	38	70	68	67	86	19	96	59	31	54	63	
19	29	42	36	65	67	30	43	34	21	35	44	79	45	64	70	53	84	19	14	97	16	86	17	89	70	19	98	17	98	34	13	78	78	3	40	37	68	13	26	
72	67	8	48	9	29	55	71	5	41	82	98	50	69	91	58	98	22	37	66	13	95	25	61	39	94	88	93	3	47	12	27	2	44	31	81	59	96	46	11	
30	66	90	19	94	26	59	40	79	60	2	41	84	90	13	22	11	10	86	22	15	53	12	64	39	32	36	87	86	13	12	44	44	24	3	76	76	9	37	96	
35	74	95	20	57	97	10	41	65	71	84	53	65	31	77	35	18	78	7	67	36	92	51	60	27	99	86	82	82	33	51	43	76	24	53	57	45	78	52	1	
40	53	72	29	85	22	44	22	83	4	75	81	41	91	91	80	22	98	6	54	37	14	4	77	34	37	59	68	52	38	8	11	35	43	43	93	44	60	30	88	
96	95	30	47	26	15	87	59	36	48	29	17	4	59	73	79	50	15	50	22	70	28	65	19	15	53	88	2	49	77	26	83	33	17	8	37	2	10	17	81	
42	93	25	2	87	71	16	15	81	27	14	47	82	42	46	3	10	16	6	16	49	1	1	37	79	95	96	85	70	70	86	69	75	2	64	52	30	51	62	29	
97	14	90	33	58	24	92	72	11	82	89	6	32	50	99	60	40	34	37	83	22	36	30	73	36	60	20	17	12	90	22	52	84	86	72	21	59	60	76	73	
75	25	38	48	22	43	44	51	31	2	23	79	36	90	8	80	88	75	64	50	53	80	78	96	40	26	1	15	32	81	95	80	25	36	51	30	83	92	32	87	
81	41	96	77	80	64	4	7	59	75	74	19	15	6	94	56	76	83	71	75	16	66	75	5	44	27	30	44	23	5	38	31	39	63	54	44	14	32	32	5	
42	8	26	94	94	46	8	10	22	80	30	19	38	37	65	88	81	33	77	90	80	82	15	26	61	49	41	99	81	14	32	58	92	40	98	56	30	76	33	18	
17	10	74	22	14	62	44	6	52	6	97	80	41	24	88	98	20	52	57	25	20	75	68	82	30	62	71	92	98	68	60	24	16	33	53	19	49	54	16	65	
31	20	96	28	24	23	65	60	4	94	53	56	54	28	35	28	40	83	26	98	15	88	59	54	87	83	68	99	38	72	10	8	61	69	81	59	89	68	26	2	
14	69	28	88	96	28	49	76	69	31	46	79	33	95	72	18	17	63	70	14	63	21	84	7	47	68	61	7	38	44	26	1	63	39	37	76	51	77	58	43	
32	54	17	44	49	49	23	7	98	47	65	68	97	47	23	68	59	51	47	10	7	29	3	14	83	37	83	30	9	22	33	75	4	25	23	13	93	1	6	95	
46	76	7	28	3	48	36	32	29	72	50	17	74	98	64	83	17	68	25	18	52	54	71	53	25	32	54	13	41	95	96	42	82	67	3	16	29	62	60	69	
55	8	84	83	56	22	99	33	21	5	68	66	49	13	1	91	1	86	98	77	1	78	45	86	49	3	12	12	15	75	59	85	1	53	65	73	9	64	71	69	
66	92	73	59	60	78	70	36	98	18	48	51	22	86	78	52	98	37	44	53	90	18	24	19	88	24	10	58	26	86	21	81	40	46	51	40	33	81	61	66	
53	77	95	82	96	53	2	45	97	95	60	39	73	65	69	38	10	57	35	18	42	44	65	42	39	50	63	9	5	94	75	92	59	37	33	31	50	7	92	54	
30	74	74	20	69	39	39	48	19	8	62	37	29	89	96	8	79	59	25	22	2	36	46	60	78	88	58	62	51	70	11	50	88	37	52	9	74	6	4	84	
33	53	13	13	98	68	86	15	87	1	1	94	39	71	31	47	35	44	68	49	6	65	87	88	84	21	9	75	73	76	58	16	34	91	10	47	3	23	81	84	
6	68	8	3	22	8	15	63	20	35	61	73	60	4	34	6	41	31	13	47	41	9	27	44	68	39	76	51	31	89	4	20	88	31	17	74	43	2	9	52	
84	14	37	26	97	97	36	23	96	44	83	9	39	5	58	3	45	33	41	41	12	1	54	10	7	23	45	2	85	53	49	89	45	54	98	3	42	50	57	42	
2	8	91	3	21	13	28	61	39	33	29	46	14	85	9	21	44	52	67	29	20	7	2	84	84	48	50	9	56	62	36	49	24	38	60	31	27	25	39	18	
88	17	71	97	44	65	20	6	98	95	5	62	7	52	57	77	48	11	94	56	41	31	90	12	42	22	64	50	86	80	21	7	95	82	98	38	48	60	18	1	
82	1	33	63	97	28	32	43	43	75	40	67	39	45	12	83	50	18	28	78	21	62	28	92	26	49	43	17	12	82	9	22	21	84	79	52	30	14	71	89	
45	95	94	70	28	93	70	95	57	54	30	88	36	99	44	74	12	57	38	92	58	42	74	70	55	37	22	8	31	37	44	56	90	46	67	1	27	56	11	67	
85	28	97	14	31	66	77	83	45	65	20	29	53	43	74	30	38	16	89	65	19	68	49	15	80	22	70	3	95	11	57	97	69	8	13	43	90	82	62	84	
85	53	26	99	97	84	44	66	39	48	63	19	98	26	9	73	80	38	17	28	29	29	7	68	61	34	8	24	92	13	62	74	56	21	93	85	32	62	96	29	
40	36	77	20	65	72	73	67	21	29	20	37	64	78	37	45	24	15	64	62	98	67	64	82	42	90	64	75	39	65	20	49	38	46	15	77	4	15	20	70	
94	52	95	96	75	23	98	77	36	30	19	22	65	2	84	72	95	2	78	64	37	81	80	41	42	19	12	58	86	7	52	85	59	82	63	82	77	20	21	94	
91	30	59	22	33	17	63	38	31	15	81	58	85	89	19	3	77	65	56	88	76	47	98	50	37	16	40	77	24	24	9	11	94	33	21	43	35	59	70	9	
27	14	17	68	80	66	55	14	82	64	86	50	24	79	18	33	15	69	48	73	7	82	44	24	68	32	95	21	91	20	99	45	26	97	31	15	60	83	82	38	
10	68	94	83	69	92	90	37	40	80	9	67	56	41	86	12	45	85	25	50	12	35	72	41	35	90	72	25	1	8	74	21	27	95	21	87	42	21	28	97	
29	7	46	67	44	38	68	37	75	26	1	83	95	87	36	24	25	34	90	34	17	2	79	91	14	40	60	18	61	45	65	83	58	24	86	87	79	9	4	46	
21	55	68	31	30	4	66	53	32	90	36	85	61	23	20	60	65	62	58	89	34	88	65	93	69	32	55	50	10	83	79	64	58	43	23	59	93	58	62	20	
54	44	62	32	29	23	99	23	90	93	11	72	57	23	18	64	70	47	80	84	25	87	60	5	79	34	14	95	50	67	53	50	54	97	24	30	50	51	94	55	
12	36	66	98	16	63	39	60	31	10	94	29	49	41	86	60	88	38	38	23	57	94	91	2	61	74	76	48	97	50	61	18	67	63	26	53	84	71	69	81	
84	77	28	29	49	60	78	6	6	39	48	83	57	49	60	66	64	19	76	59	80	59	29	52	7	17	40	83	28	52	79	59	30	30	13	38	31	57	28	2	
63	90	45	74	84	85	64	65	20	94	84	47	49	12	6	85	96	12	12	91	97	58	64	60	29	66	85	18	36	39	7	90	8	14	84	54	61	1	38	57	
48	87	59	2	90	38	77	26	15	29	96	38	37	85	46	80	9	7	82	38	49	6	62	95	2	5	70	37	98	42	42	30	31	1	64	21	33	61	2	63	
55	24	1	41	76	77	72	52	60	90	40	73	91	56	19	25	19	26	59	96	97	97	64	7	17	61	62	10	43	3	19	73	26	21	81	78	35	22	20	38	
37	79	97	10	24	83	77	69	50	12	61	62	47	4	16	41	17	14	19	83	26	76	40	11	46	13	48	84	23	50	90	34	58	53	98	40	47	73	14	2	
97	66	36	22	26	39	39	21	8	24	2	61	27	94	58	17	54	65	62	51	37	41	11	68	6	13	82	64	98	11	82	77	79	66	95	22	2	32	99	67	
28	78	77	74	29	62	38	14	96	13	35	27	66	18	37	6	28	79	95	91	59	74	14	37	28	54	3	67	31	51	89	34	82	83	17	59	55	80	25	7	
39	61	32	22	85	50	50	38	35	94	83	36	45	37	14	99	86	47	71	18	60	15	31	5	38	66	92	60	66	45	38	82	58	86	68	99	61	51	58	93	
1	22	92	22	12	68	67	72	17	31	69	94	23	84	67	1	27	73	75	30	65	50	74	13	46	34	11	84	47	80	95	33	65	41	71	81	55	33	33	40	
91	61	14	73	45	66	74	72	46	72	41	30	90	80	7	52	9	19	78	57	85	43	24	49	31	57	71	54	10	90	47	74	99	65	75	90	38	13	49	5	
54	51	66	27	21	20	85	35	65	30	42	57	12	89	31	67	65	91	43	86	49	96	25	28	42	38	73	39	4	22	19	15	76	17	27	98	75	45	36	82	
49	23	22	81	44	14	30	48	99	87	42	34	85	1	53	36	34	48	82	68	35	38	36	54	99	99	5	29	11	30	63	96	10	25	92	84	95	57	62	80	
29	9	21	59	71	49	1	17	7	32	25	87	10	47	79	4	77	46	78	8	23	43	44	60	9	33	79	78	65	7	95	91	12	39	39	33	96	83	8	72	
4	97	78	63	98	84	54	79	25	27	32	36	47	48	36	44	22	16	58	33	42	92	24	36	73	83	52	33	91	39	96	86	82	23	68	20	60	28	93	31	
24	31	49	21	58	4	72	96	38	12	57	77	3	90	67	6	98	65	21	47	25	48	60	26	17	56	74	39	41	3	55	39	17	67	14	77	69	63	60	51	
64	28	57	96	15	24	72	22	40	29	8	68	5	38	72	40	91	16	28	61	77	77	26	19	15	66	15	29	32	78	87	25	16	44	87	35	35	60	14	41	
15	41	73	98	77	30	82	63	7	91	10	82	94	67	16	16	87	78	40	7	39	92	15	16	27	10	32	93	8	11	90	52	99	85	84	47	29	42	15	9	
77	42	53	59	9	34	65	11	74	73	80	47	20	47	81	6	43	43	25	32	66	34	31	75	40	69	5	33	85	87	73	75	33	96	45	4	22	80	38	17	
73	42	27	99	45	76	4	60	25	34	52	67	35	33	87	65	43	18	4	80	10	75	35	45	14	55	21	88	27	59	26	77	51	96	73	16	23	13	72	27	
47	43	51	74	25	56	39	8	80	77	50	22	7	7	56	80	77	87	68	42	6	66	47	73	36	68	15	59	2	81	57	34	98	99	12	86	39	97	93	24	
88	14	14	99	17	83	68	29	94	35	29	50	30	42	46	14	20	8	47	99	67	4	3	96	81	6	73	92	65	95	83	65	66	16	67	62	22	97	80	20	
50	8	92	58	58	74	94	43	61	88	69	14	45	97	30	9	12	32	29	43	85	36	69	18	79	88	84	66	43	39	75	65	42	87	4	67	39	95	90	38	
80	3	79	88	2	74	37	50	22	19	21	43	66	47	35	98	54	62	42	75	39	92	18	59	83	25	55	39	13	81	58	9	61	62	79	16	41	41	1	82	
55	77	46	56	66	5	94	60	82	82	15	62	9	39	43	81	2	42	94	90	4	56	48	96	55	1	73	97	4	2	70	50	71	91	51	6	32	29	87	84	
22	18	82	7	89	53	67	91	37	30	18	97	30	86	38	78	73	71	63	43	74	53	74	79	43	12	34	69	97	85	79	89	91	58	25	96	58	7	80	33	
45	53	75	93	95	87	33	59	94	48	56	67	74	89	18	80	56	60	45	86	89	85	61	24	76	11	23	29	31	64	52	32	93	43	68	70	95	17	61	82	
58	25	59	97	61	99	81	46	14	32	85	50	21	84	54	69	25	6	61	5	62	87	25	97	66	2	48	76	12	77	82	21	71	16	82	63	37	66	22	51	
31	88	9	16	94	85	3	42	49	91	24	37	45	34	21	23	61	5	19	19	19	20	79	79	4	56	34	7	39	70	75	55	35	63	19	92	2	34	79	88	