400
40
60	41	78	69	80	80	67	44	79	63	77	65	43	78	80	76	66	53	18	22	60	84	62	70	23	23	30	90	66	13	73	40	91	7	35	50	55	2	40	13	
73	75	65	23	41	18	93	15	82	86	68	93	50	23	85	71	30	12	94	33	44	88	95	9	34	99	60	27	77	80	6	62	71	16	97	18	83	84	68	93	
51	18	79	44	89	98	49	12	24	7	36	94	69	77	52	97	22	20	38	58	23	32	27	46	29	87	76	94	84	91	56	98	83	40	10	93	70	12	27	93	
13	81	5	57	49	49	78	19	94	6	48	78	49	86	36	69	56	81	48	25	92	14	25	16	99	86	9	40	68	70	60	74	61	94	93	34	23	36	28	82	
99	34	65	97	97	84	39	87	21	80	6	9	89	93	65	34	24	29	26	56	40	2	65	60	90	99	45	60	61	37	77	4	94	21	58	3	92	86	8	9	
51	54	86	71	87	34	87	40	93	78	3	94	26	44	25	10	82	34	42	98	70	12	22	97	40	24	93	58	41	61	87	91	30	60	73	63	32	4	23	28	
50	84	77	81	49	51	93	32	74	27	17	41	86	88	76	79	11	35	32	5	32	96	92	48	99	48	94	62	4	37	22	88	44	38	83	20	16	91	97	90	
63	96	43	3	81	55	78	69	83	89	29	59	38	89	9	40	61	54	24	75	14	29	56	16	34	65	49	91	16	45	30	98	2	49	44	27	58	66	83	86	
46	60	35	15	15	55	90	82	71	6	79	32	7	41	17	6	84	35	98	51	19	8	58	20	3	80	85	84	52	39	68	53	93	58	96	41	99	22	64	40	
45	17	25	91	60	98	17	56	70	52	50	34	81	90	17	70	35	76	78	70	33	56	31	90	29	35	57	86	14	29	25	30	58	92	70	38	83	90	86	66	
72	63	19	50	39	15	13	20	26	9	81	9	2	63	87	25	61	79	53	72	60	34	40	21	39	26	70	82	22	69	80	35	81	53	15	84	12	21	22	85	
60	42	95	47	93	71	77	82	11	22	17	98	26	6	45	33	78	99	26	63	50	51	70	65	93	43	43	2	4	59	90	41	81	28	68	63	75	52	57	89	
3	30	75	43	80	30	47	40	23	85	81	43	76	19	50	60	14	98	4	40	99	95	36	8	89	8	93	58	47	46	6	76	70	11	52	58	76	2	24	62	
76	44	27	15	42	18	33	25	55	19	92	16	68	10	46	59	45	11	10	62	42	54	22	73	56	10	66	72	47	36	23	77	2	26	99	93	23	55	53	66	
39	46	1	23	61	96	78	22	61	57	99	31	26	43	24	14	10	13	31	92	11	56	60	11	19	67	80	25	25	7	64	92	92	60	15	30	13	64	60	73	
15	55	93	46	97	44	52	31	88	45	55	2	68	4	27	41	7	98	95	79	89	8	40	13	52	78	16	83	38	34	90	42	36	2	63	17	87	50	66	60	
57	68	43	58	4	34	79	96	1	36	17	53	87	61	76	38	63	60	81	5	39	43	37	9	16	83	31	77	61	20	45	40	88	85	94	97	82	13	46	60	
93	84	62	69	26	32	88	83	76	2	84	93	97	41	40	5	2	76	60	90	14	76	89	7	64	38	6	33	52	24	28	63	38	40	93	80	42	50	12	61	
52	39	90	26	79	92	8	15	98	44	62	45	77	7	20	3	72	8	64	52	47	63	92	91	44	86	20	60	8	8	1	87	58	48	64	53	31	76	20	73	
70	40	90	56	13	61	77	67	10	13	58	22	80	41	79	80	76	96	92	15	28	64	32	81	68	42	63	4	85	83	27	67	37	8	48	64	17	53	23	47	
80	12	67	83	49	83	1	18	62	33	11	72	38	41	3	60	67	74	42	83	55	22	47	35	77	78	79	38	17	63	38	84	95	3	67	55	35	27	35	41	
83	46	19	89	9	24	28	46	45	37	48	74	37	12	73	66	30	73	77	72	73	34	24	27	75	24	31	33	99	25	33	43	80	78	6	49	41	62	46	60	
1	62	26	34	12	87	65	2	86	3	77	88	81	72	4	22	49	49	25	87	89	44	17	64	52	57	6	62	72	70	14	27	41	20	16	98	40	98	53	35	
2	63	62	35	68	48	19	20	50	94	10	67	33	65	76	98	53	1	98	63	69	26	9	71	79	19	52	78	67	7	40	11	84	46	60	84	91	97	34	71	
24	13	44	97	41	82	73	92	99	19	9	15	33	72	29	21	40	9	64	62	21	89	96	25	3	26	42	40	45	19	29	29	20	98	81	79	9	6	40	42	
62	6	8	8	97	14	91	4	51	77	78	15	13	38	65	26	82	69	27	27	53	76	11	47	96	83	69	90	14	58	79	96	71	47	10	56	29	22	37	50	
52	49	16	76	36	56	58	11	8	32	77	1	73	96	99	82	22	38	50	85	15	75	62	54	14	20	77	4	28	30	23	91	86	92	91	66	66	63	57	32	
19	57	3	42	97	71	42	91	70	73	63	95	55	10	32	67	34	85	15	19	25	37	28	60	10	11	17	77	63	93	17	91	16	80	57	58	49	55	2	33	
24	39	44	29	60	26	3	40	36	97	76	96	85	6	53	92	82	47	99	80	69	93	60	44	54	21	40	81	84	67	62	68	73	22	20	68	38	3	57	26	
81	98	56	60	8	61	17	25	73	86	40	25	8	24	79	93	51	92	94	74	91	92	29	59	16	50	16	75	80	34	48	32	87	19	98	57	22	95	59	93	
59	49	37	32	87	61	40	97	76	94	12	23	94	77	28	69	57	90	52	87	60	27	2	15	32	78	90	62	91	62	41	39	25	96	83	5	97	92	75	65	
63	17	26	39	46	34	5	63	12	48	45	18	36	3	11	84	48	86	64	79	13	80	43	3	63	29	65	19	13	24	89	56	97	39	19	65	35	37	24	9	
99	68	4	57	45	96	40	3	28	41	98	34	15	32	67	26	75	85	67	29	88	71	58	82	27	27	16	67	81	28	72	74	52	34	34	73	12	58	25	81	
23	30	16	83	60	65	33	53	67	45	67	64	63	66	27	7	54	38	87	37	39	9	56	29	5	68	38	8	41	51	71	83	39	28	86	8	42	89	82	31	
57	23	40	33	59	54	10	45	42	18	51	95	93	49	4	44	2	34	12	83	20	53	54	26	43	3	24	16	89	81	79	6	67	77	54	17	79	96	93	62	
9	2	68	89	64	79	60	93	97	30	47	94	19	55	19	76	57	6	87	41	61	77	4	26	29	4	73	76	13	64	34	76	32	14	45	89	2	95	93	52	
52	96	32	15	93	64	82	51	64	82	81	45	51	82	59	44	83	35	59	49	28	47	58	59	47	66	35	97	91	59	91	94	33	14	48	95	79	99	31	23	
3	65	56	16	85	63	68	10	76	45	65	47	79	47	62	29	47	62	35	38	50	93	63	99	18	99	72	61	95	95	22	13	68	74	8	68	23	51	74	77	
63	48	43	60	1	78	13	60	83	91	87	64	29	86	36	46	88	11	79	16	43	98	82	94	16	22	76	41	54	40	41	2	7	94	37	54	13	72	47	76	
62	35	83	55	10	90	58	16	38	43	37	39	9	72	9	92	59	8	47	4	5	91	52	40	77	74	89	72	15	73	74	53	52	62	53	17	10	22	99	90	
65	32	9	86	60	92	70	83	67	19	52	49	30	26	12	49	54	19	36	34	92	38	70	18	76	31	78	79	75	60	49	54	78	52	54	89	46	48	5	94	
68	34	68	98	22	33	44	90	23	96	9	36	12	39	85	50	18	88	81	4	89	51	16	91	92	17	27	59	2	45	21	8	49	21	17	97	3	63	93	25	
78	15	35	48	23	63	37	79	15	71	33	75	65	4	31	91	30	77	77	80	42	99	95	52	53	35	65	21	28	33	27	15	21	20	36	22	57	11	14	88	
65	6	47	5	51	88	44	41	22	28	49	17	66	46	80	12	80	21	27	69	84	21	28	25	62	99	30	82	32	94	75	10	25	5	85	31	27	43	25	31	
7	96	84	5	56	29	92	21	91	13	58	68	95	70	3	22	18	78	30	30	45	45	52	30	8	72	51	19	3	67	65	53	31	53	17	61	77	11	24	65	
4	33	62	71	15	90	77	71	15	19	44	46	76	5	43	85	83	3	97	60	27	28	76	2	49	8	78	77	75	64	32	81	91	95	89	59	29	51	98	44	
85	27	75	84	89	28	18	64	81	76	19	73	76	52	89	70	23	7	95	23	82	78	49	59	87	1	31	37	57	89	32	11	70	42	24	76	33	86	18	6	
89	63	57	4	62	33	56	55	22	38	89	42	10	56	75	40	82	39	29	39	53	6	65	43	20	48	83	31	34	66	53	1	50	25	99	21	29	28	49	56	
25	26	76	57	54	15	81	15	25	88	64	25	1	62	6	15	88	64	42	34	7	64	6	94	66	9	77	24	53	57	60	71	17	37	69	66	93	83	8	28	
22	20	70	79	19	89	81	2	42	49	86	45	45	93	26	79	98	54	69	36	43	7	3	3	90	74	76	43	90	8	68	75	35	89	19	16	57	76	39	80	
51	3	95	5	27	81	36	3	64	87	96	10	43	25	9	52	47	82	97	40	88	47	42	2	88	44	33	73	2	81	47	30	97	62	46	25	14	68	28	61	
40	25	28	22	26	25	32	24	95	41	34	85	15	74	83	8	60	19	76	19	67	25	94	30	69	4	7	98	48	10	64	5	59	71	77	75	2	84	46	25	
53	72	77	82	79	75	14	42	88	38	60	43	4	89	90	61	60	44	45	92	57	74	77	34	12	22	2	4	10	45	46	61	45	37	17	14	75	53	26	8	
68	18	42	66	92	24	63	9	75	37	23	52	49	46	70	1	48	58	7	61	25	11	45	43	2	35	37	35	77	21	83	55	53	58	23	33	50	42	63	56	
25	76	95	97	17	21	17	10	74	54	40	33	52	52	78	80	64	3	16	81	45	9	20	91	54	52	49	16	24	19	59	89	29	95	15	27	34	10	59	16	
57	70	97	29	32	3	1	85	81	19	29	64	18	59	38	72	39	81	13	13	93	94	41	97	13	65	30	13	59	40	13	26	17	58	19	86	36	59	86	72	
8	99	46	70	21	31	13	6	35	15	53	49	72	75	21	69	13	98	81	7	32	49	61	99	35	56	88	69	68	84	32	55	8	1	33	63	60	93	88	50	
26	13	51	78	8	29	28	95	71	45	9	37	76	90	58	46	50	92	37	66	67	3	53	51	52	17	49	83	26	34	79	17	54	22	35	76	78	87	13	69	
38	92	44	5	97	33	30	27	57	86	42	95	3	5	86	79	21	81	52	48	90	52	71	68	19	79	80	49	95	49	48	84	70	70	17	92	84	57	71	56	
11	44	22	98	78	43	87	58	1	67	91	50	9	59	19	20	79	13	4	29	5	73	25	37	36	45	50	56	10	58	47	97	22	60	45	46	31	37	34	11	
86	86	14	61	20	85	48	35	50	37	69	71	83	85	55	23	8	24	64	29	27	47	93	69	61	21	23	34	28	68	22	59	80	89	62	26	43	70	54	32	
5	56	88	63	40	75	71	43	67	52	71	21	72	46	17	37	55	99	12	85	72	82	69	28	93	66	73	69	82	71	4	79	74	63	14	15	21	94	26	95	
5	13	84	18	68	93	92	23	88	59	14	50	97	89	15	44	44	46	79	90	25	57	34	97	48	42	46	64	98	61	91	84	16	31	6	84	16	42	69	95	
5	52	78	3	71	63	15	35	58	96	8	65	40	13	51	59	73	62	31	75	84	55	61	13	7	69	38	60	2	57	62	78	5	19	97	47	94	43	49	29	
69	25	81	48	78	34	32	85	53	86	59	39	18	24	50	84	89	28	75	59	92	18	59	46	46	90	10	13	98	30	15	58	20	78	21	66	76	36	25	54	
52	63	66	71	75	74	89	7	85	49	9	76	42	19	18	25	47	85	97	53	51	91	32	54	58	40	37	28	52	42	47	89	88	32	34	19	62	81	35	88	
23	13	26	80	83	68	66	90	79	13	91	52	49	56	40	51	44	36	41	14	4	93	87	71	41	20	88	50	20	81	61	38	38	36	8	18	34	88	4	73	
77	68	65	19	24	20	98	85	40	30	36	84	17	44	4	29	46	43	2	63	20	76	62	68	74	77	31	9	91	15	96	53	29	40	38	86	41	41	86	92	
21	23	21	75	57	63	25	42	96	10	90	80	69	32	53	90	84	35	68	55	41	99	85	62	81	3	74	20	97	41	6	13	66	56	92	98	72	31	50	45	
45	13	19	54	5	76	70	21	29	44	87	31	47	5	79	83	43	21	86	5	22	8	75	85	65	13	41	43	96	46	48	22	99	38	92	59	98	6	68	74	
73	79	51	87	57	10	57	53	74	48	27	58	76	91	37	52	15	9	50	73	42	18	59	9	28	57	67	98	55	75	24	68	93	55	18	56	3	8	70	57	
96	28	99	21	58	7	51	56	18	6	3	33	7	71	93	92	55	33	39	4	10	9	33	23	73	26	41	39	98	4	36	33	89	91	48	61	95	32	99	43	
87	1	73	39	72	44	30	13	64	17	53	31	34	91	13	57	4	81	68	21	39	19	48	72	89	58	64	73	48	11	84	59	44	29	35	88	99	89	22	59	
94	48	97	62	29	72	98	95	82	55	46	58	6	88	64	16	91	40	86	79	10	50	28	53	14	68	54	51	36	73	87	75	46	58	8	8	31	65	50	59	
18	17	12	86	60	61	18	56	47	35	95	26	9	21	71	73	33	33	91	75	10	78	20	54	74	63	63	4	8	50	43	76	23	75	2	17	47	99	10	38	
66	31	19	89	4	57	78	71	44	76	7	87	33	96	79	42	92	72	88	12	59	66	75	71	20	80	46	38	94	80	11	58	18	6	30	69	86	59	32	99	
99	92	51	87	98	40	98	34	73	81	54	23	20	23	66	75	39	19	68	15	14	93	64	62	26	24	45	92	83	90	36	13	58	13	73	54	84	29	79	79	
46	76	76	51	57	87	54	16	18	18	91	87	96	46	81	51	75	42	30	15	51	76	13	67	85	9	17	41	50	2	94	77	98	32	16	40	69	96	97	26	
3	42	30	74	22	55	45	76	8	4	91	16	80	10	8	19	57	90	20	79	39	9	86	81	75	11	78	58	88	47	75	38	47	96	96	69	46	55	9	38	
22	43	83	4	96	46	84	29	55	8	17	77	75	16	68	92	80	67	16	2	80	2	87	87	12	26	96	44	13	92	95	91	73	80	6	11	54	4	27	56	
69	48	36	19	69	2	24	67	74	43	26	90	42	86	53	11	66	13	33	46	46	28	99	41	79	29	4	97	43	67	41	62	97	40	5	64	10	60	7	11	
75	68	49	76	5	92	13	45	86	78	3	98	54	38	83	45	11	89	66	53	85	83	52	13	47	49	40	51	73	97	41	80	60	63	74	32	31	74	27	31	
58	84	98	2	27	12	82	12	97	50	28	88	36	63	5	71	30	80	58	93	15	36	21	87	63	38	34	60	18	50	75	8	73	32	8	34	38	52	1	2	
30	90	71	44	82	84	65	6	68	80	70	82	74	11	12	90	76	88	7	88	93	4	60	20	32	58	15	48	43	77	13	25	53	77	20	87	45	84	21	83	
90	31	81	83	74	71	47	4	50	4	16	73	22	80	3	10	43	42	97	75	80	18	63	46	70	68	46	12	76	69	76	75	35	56	93	41	20	81	34	89	
91	60	29	94	94	92	43	24	23	2	29	21	72	19	69	79	43	9	66	36	63	5	59	52	45	17	4	74	99	18	46	65	67	22	62	61	41	14	45	10	
93	91	79	70	23	42	17	92	91	33	42	6	26	24	16	87	75	14	2	81	84	73	32	97	99	43	73	7	22	83	90	16	87	9	14	81	20	60	59	2	
93	66	80	95	14	23	16	55	84	87	76	35	26	53	5	4	69	69	67	93	29	4	81	92	45	87	90	92	32	60	26	77	82	20	34	4	12	61	44	32	
42	17	10	84	63	77	54	56	17	31	95	8	88	44	41	91	13	1	65	15	14	44	12	40	53	97	1	57	38	63	12	95	24	21	79	56	15	79	34	76	
38	50	51	65	60	33	13	67	44	61	88	39	1	29	84	63	55	89	22	7	43	17	44	25	13	54	59	53	81	8	74	37	88	38	77	7	34	67	59	73	
5	21	7	32	10	44	81	70	96	76	88	33	9	74	91	1	2	16	16	55	49	24	70	63	79	93	57	97	36	6	65	68	63	70	59	36	44	34	10	37	
45	27	32	42	50	52	23	6	89	39	15	18	86	5	91	31	81	7	25	34	22	71	35	9	98	39	84	69	86	56	48	91	24	99	32	64	18	31	27	25	
84	98	14	74	42	39	74	70	23	53	55	35	81	52	92	54	96	96	13	29	5	82	44	13	15	41	14	59	92	54	14	42	2	8	68	33	50	32	29	58	
89	3	70	49	39	99	81	67	53	50	71	87	48	99	18	30	59	88	45	13	87	32	13	45	62	20	28	81	27	2	33	29	25	9	38	48	50	28	69	11	
67	46	82	92	49	8	56	27	52	68	42	36	51	35	75	22	99	26	36	79	72	80	36	62	31	17	70	34	2	19	39	48	51	71	64	71	23	21	19	35	
51	92	65	68	62	2	70	64	50	56	35	67	66	14	57	95	67	62	25	32	16	14	98	46	22	52	29	25	68	68	36	41	68	67	19	74	34	31	90	63	
62	79	58	59	74	64	86	12	50	67	6	96	46	22	71	72	4	50	85	33	66	92	8	81	75	83	54	45	11	88	45	12	88	7	39	49	43	4	83	50	
54	44	60	7	80	15	7	94	31	70	36	49	80	49	3	44	2	24	67	99	72	4	66	5	91	83	2	5	5	23	78	99	13	93	83	69	37	28	69	85	
43	54	81	8	57	9	63	68	32	59	99	82	29	68	7	39	41	97	68	70	70	23	72	1	17	8	13	18	70	61	46	16	90	83	15	15	27	56	98	47	
12	49	39	64	24	39	38	13	16	75	56	68	36	21	36	46	15	63	35	11	63	78	45	60	29	78	26	56	1	91	91	22	44	42	17	43	36	38	52	25	
99	80	76	96	81	48	11	78	12	31	77	35	36	8	92	94	23	98	98	93	73	25	91	88	87	76	10	44	72	50	62	77	86	18	38	30	67	49	8	92	
72	67	17	4	38	42	39	94	44	42	14	64	24	85	22	91	61	79	40	17	76	23	2	72	78	30	42	21	38	82	9	37	19	19	72	54	53	36	50	39	
73	47	48	84	12	14	73	30	41	66	78	40	23	72	23	15	83	99	87	95	21	22	67	10	30	21	11	54	98	12	15	8	98	89	69	44	82	64	9	52	
59	43	35	18	21	72	99	10	18	48	68	59	25	53	5	60	43	99	42	94	24	51	43	83	15	85	46	11	60	6	61	59	8	5	70	80	10	67	27	64	
8	34	72	93	44	78	14	89	55	66	24	95	11	5	63	49	26	90	39	30	54	21	34	3	36	32	88	84	64	60	18	89	83	58	83	55	53	13	57	52	
18	27	55	3	74	83	25	88	43	96	5	21	58	9	98	88	51	99	37	15	89	22	9	93	86	59	82	79	11	84	70	52	42	70	86	86	62	64	98	88	
84	39	94	82	46	78	1	70	18	68	13	81	25	85	52	89	65	14	42	75	58	37	55	46	96	79	7	48	55	87	72	37	78	87	57	88	74	57	52	55	
57	88	54	21	44	48	25	90	73	38	33	31	19	29	85	41	8	24	55	10	66	58	58	24	59	54	34	88	84	82	39	3	52	99	46	96	50	72	23	13	
77	87	21	11	99	30	8	96	61	62	15	25	42	45	86	39	69	89	63	11	98	9	15	22	39	30	20	98	80	82	60	73	46	58	65	55	90	26	35	23	
96	43	13	72	61	80	9	75	58	82	78	59	25	3	6	75	15	98	51	44	8	69	74	88	60	82	24	80	63	18	52	84	17	3	23	55	36	60	95	29	
85	60	9	13	50	47	5	76	33	10	61	76	32	86	22	80	7	34	46	80	74	17	15	94	77	68	64	7	12	46	38	92	16	90	76	29	46	37	78	89	
6	62	16	64	92	51	79	69	80	24	79	25	60	52	49	18	94	55	1	83	64	64	49	65	23	80	2	42	68	82	62	31	2	38	27	5	56	46	43	78	
83	4	66	60	43	65	51	72	41	67	42	70	6	2	61	45	89	74	98	60	52	6	63	68	48	13	53	20	26	17	32	32	27	62	42	11	26	12	85	26	
49	98	43	79	77	12	27	32	5	58	77	71	20	45	57	22	31	49	94	59	35	74	82	57	29	29	40	76	94	61	90	99	8	31	4	47	56	12	18	30	
65	54	43	37	73	54	90	62	92	98	99	99	51	91	53	80	15	72	88	32	19	98	72	66	63	37	68	39	50	83	28	40	76	25	95	98	98	96	80	13	
34	4	62	43	74	7	22	33	20	98	11	32	52	20	8	47	21	76	29	44	2	71	71	69	51	72	31	72	63	54	15	47	13	92	20	19	39	22	88	43	
84	55	24	5	27	39	45	19	42	98	20	81	85	84	80	23	10	37	41	49	19	19	50	90	47	86	57	81	9	5	70	45	59	27	42	57	63	80	2	7	
47	43	25	94	8	96	12	10	80	99	11	1	1	1	16	21	9	91	2	15	83	84	9	72	1	38	75	70	60	86	66	90	15	37	68	53	9	46	37	39	
99	78	24	70	24	21	9	68	32	7	28	27	94	56	61	60	75	51	27	6	1	9	96	98	80	98	23	55	61	32	53	23	13	30	54	82	90	16	98	11	
5	19	55	53	6	77	9	46	55	70	96	97	52	17	21	12	39	32	6	24	70	22	73	74	69	53	77	35	80	36	24	81	76	2	50	55	14	71	52	69	
20	35	79	58	63	92	40	64	40	33	80	10	75	45	34	7	31	83	59	5	60	45	93	65	51	21	22	21	49	25	11	68	60	27	65	77	66	33	22	40	
94	86	53	88	47	94	91	37	65	95	62	42	79	22	87	94	92	29	25	67	73	87	26	86	71	65	41	19	74	48	6	74	68	64	77	65	89	28	21	81	
46	4	46	77	66	59	56	59	21	70	61	34	83	75	59	66	58	10	86	27	85	62	3	55	87	30	53	68	40	68	19	60	57	61	63	15	37	63	18	94	
17	75	77	90	8	66	91	53	33	57	78	18	79	15	93	22	34	33	23	54	67	99	2	94	89	60	63	36	87	55	64	92	15	65	63	31	6	4	25	93	
14	44	88	87	21	57	27	64	49	16	75	7	75	72	7	6	42	33	89	1	96	68	57	93	11	50	57	76	71	94	81	34	30	47	82	9	54	57	26	25	
30	6	46	35	97	2	90	18	22	48	82	43	27	53	25	90	57	29	40	74	33	10	4	27	17	81	23	28	9	94	80	98	34	23	14	75	4	64	32	56	
42	17	76	74	23	70	72	29	62	89	40	1	49	83	54	21	17	99	68	71	94	65	52	28	74	73	5	90	93	3	28	48	26	86	1	83	14	98	68	4	
96	8	29	55	12	16	16	70	82	95	70	40	8	76	74	13	23	55	87	68	1	23	96	22	3	46	82	34	10	28	56	62	83	51	26	65	47	70	91	29	
71	2	76	11	25	53	47	99	11	52	79	27	93	95	77	7	11	20	41	67	4	64	47	6	9	75	93	85	12	72	7	52	51	89	32	40	6	31	44	89	
23	41	41	8	69	54	28	36	96	75	93	2	72	25	26	82	12	23	41	96	97	16	4	97	95	67	74	57	92	61	8	33	7	84	77	79	61	97	28	41	
12	18	50	32	74	44	44	96	91	28	21	5	27	53	47	25	87	86	38	70	12	10	51	34	64	35	42	37	33	88	77	58	18	89	19	27	52	69	25	2	
8	13	34	46	57	7	22	93	17	35	52	63	70	55	58	47	57	35	31	4	84	53	94	22	85	73	1	36	31	61	62	2	72	88	25	78	77	57	33	66	
82	39	41	97	61	89	82	77	3	15	85	27	45	81	21	72	90	92	92	83	18	94	20	56	58	56	81	89	10	55	6	7	88	67	26	10	57	23	48	84	
78	95	94	82	78	28	17	48	18	8	88	68	3	59	32	71	97	5	41	93	9	10	85	80	50	23	20	15	15	74	49	77	18	85	90	73	80	12	62	88	
59	19	75	68	59	59	4	9	77	14	84	30	62	96	38	53	87	52	36	2	74	79	50	16	15	83	52	25	81	17	58	39	16	65	36	37	43	12	9	80	
43	50	35	65	90	57	49	93	31	37	78	38	58	88	86	13	18	75	2	94	41	87	27	41	95	24	50	5	92	47	93	48	1	70	66	92	47	94	26	72	
18	3	48	67	70	65	63	33	34	39	9	63	55	36	10	42	15	14	91	79	31	13	72	28	10	21	92	32	17	76	94	61	91	9	43	11	1	87	56	91	
31	38	86	38	52	37	67	88	97	90	29	43	62	66	32	85	89	36	77	30	21	35	3	31	5	58	55	63	20	45	12	56	30	29	95	54	90	30	83	30	
73	49	27	56	72	83	28	39	19	40	28	58	9	65	18	59	20	88	69	98	79	46	45	45	14	53	40	73	64	17	60	17	83	25	45	54	32	51	86	58	
33	46	95	17	65	29	27	20	3	80	70	67	18	9	44	28	21	44	70	81	99	65	20	99	75	90	39	52	94	70	5	63	23	56	77	32	10	48	39	91	
32	51	35	94	54	68	64	28	48	23	81	94	55	6	7	32	3	59	58	38	95	59	49	29	41	60	18	56	89	13	82	53	89	58	37	84	90	70	34	17	
50	1	14	53	22	35	83	71	29	82	49	79	53	45	58	77	95	40	5	68	89	74	5	85	67	98	44	15	11	79	49	22	39	77	54	23	25	11	35	71	
25	51	53	18	68	73	39	84	52	63	72	73	25	49	76	72	66	6	20	44	82	70	79	17	85	41	33	1	21	57	64	92	69	93	7	73	26	3	68	79	
35	89	97	5	44	17	84	95	92	55	23	3	58	34	62	33	17	70	28	4	99	62	95	93	47	80	40	41	93	4	96	39	27	66	7	21	29	24	41	42	
62	59	9	2	69	73	6	47	20	31	59	81	84	75	74	35	54	20	81	94	19	64	41	94	67	29	69	7	93	76	75	98	97	72	27	25	33	8	88	92	
37	79	95	7	30	14	66	81	91	57	53	82	36	83	90	28	54	3	98	75	84	49	37	54	29	83	22	36	48	68	60	51	71	61	49	80	26	57	56	96	
68	78	72	30	59	76	5	73	42	4	56	63	81	76	96	97	95	25	34	73	95	3	40	57	82	10	78	28	93	48	49	46	3	11	51	39	88	70	13	15	
44	34	47	37	97	60	45	23	45	66	98	52	41	70	17	96	85	49	84	4	85	94	71	97	20	16	99	88	3	9	15	89	33	87	22	87	77	66	93	22	
29	16	47	65	32	47	52	8	56	89	18	86	89	69	70	21	52	98	21	34	67	48	80	86	35	45	77	33	1	21	73	89	12	21	6	79	97	20	75	78	
28	35	71	83	25	7	11	85	42	1	13	8	28	59	51	45	39	77	54	18	77	19	38	23	62	68	95	42	51	92	86	50	90	73	84	28	45	7	81	64	
38	4	70	17	15	26	38	56	88	45	40	15	52	17	57	19	58	84	34	73	89	81	58	15	92	85	41	79	34	35	88	32	96	28	82	47	39	47	20	62	
85	96	66	20	2	35	25	78	84	34	32	71	90	17	30	16	41	39	71	23	11	18	60	62	80	32	35	60	97	36	50	60	91	70	11	58	34	59	52	3	
36	21	98	12	15	44	15	48	98	91	51	72	26	48	43	33	64	16	7	94	65	19	50	93	23	92	95	81	93	38	74	93	12	88	35	45	9	22	93	60	
88	90	99	66	63	82	8	23	26	16	73	63	6	38	12	61	55	79	89	66	53	84	43	55	23	19	41	1	96	23	19	49	88	70	82	71	39	39	40	12	
55	10	7	58	61	46	96	12	24	37	5	17	23	76	33	94	84	33	8	80	91	35	13	65	38	57	11	78	4	5	51	81	47	12	71	48	58	15	38	47	
19	59	1	64	43	55	38	18	22	90	27	68	83	58	68	11	31	63	41	8	37	26	68	15	4	78	30	75	6	25	40	19	88	28	81	64	85	26	71	35	
67	92	79	20	50	8	49	37	21	92	75	5	57	16	43	95	38	3	38	63	95	74	73	30	42	18	95	4	59	57	68	56	60	75	47	70	48	14	88	50	
19	36	59	40	10	51	43	13	68	18	49	8	3	75	84	37	42	88	39	89	2	84	84	93	50	18	4	31	19	19	89	7	93	75	86	15	75	71	59	52	
22	94	9	82	84	52	85	47	13	91	50	60	84	3	94	60	91	36	18	86	87	79	27	14	71	79	93	51	68	82	2	3	33	45	60	39	82	44	60	19	
34	66	15	80	15	75	93	72	48	84	57	4	60	69	44	30	36	9	64	4	34	52	2	57	44	20	42	5	18	5	65	61	44	40	63	38	28	28	97	45	
92	60	80	22	26	71	57	67	30	11	26	49	53	13	10	8	6	7	87	82	97	2	23	38	38	32	72	50	94	50	43	98	3	94	45	57	57	86	50	88	
53	23	52	92	35	62	97	48	76	35	24	52	11	17	30	60	71	49	61	60	20	95	86	52	65	61	1	4	10	28	78	7	64	71	61	65	27	60	56	73	
22	71	76	71	28	44	52	93	54	85	97	39	37	81	5	28	77	71	94	32	22	23	68	88	77	70	19	26	4	33	98	82	16	22	63	73	5	95	24	55	
56	28	93	81	18	89	94	47	39	77	68	88	14	14	15	50	67	26	33	59	78	68	56	72	39	33	98	68	78	93	52	12	7	48	6	11	62	68	73	36	
62	67	60	96	89	56	84	60	64	31	59	75	91	19	82	44	82	87	94	43	68	75	14	84	88	11	36	75	5	25	79	20	65	71	1	56	35	20	15	40	
57	68	96	12	21	4	49	99	42	12	53	59	77	94	54	43	45	68	33	53	14	34	71	27	74	58	19	43	20	88	11	61	92	9	91	34	75	2	49	43	
24	65	77	57	91	16	91	10	77	60	88	45	88	36	25	86	22	33	38	10	95	59	51	46	76	13	34	32	94	59	97	79	39	51	61	54	79	19	13	60	
44	17	42	81	61	30	42	29	51	43	75	86	98	46	83	71	71	31	60	23	54	85	27	15	11	10	96	41	91	97	75	20	61	59	77	17	99	84	39	86	
12	74	46	79	45	73	24	62	95	2	51	51	61	53	92	56	65	22	70	88	63	61	8	65	3	93	22	34	2	29	56	93	60	49	58	71	37	82	62	97	
28	52	34	87	55	1	68	16	39	5	63	42	11	32	7	25	2	18	51	42	97	58	54	86	62	33	17	21	56	26	56	6	6	1	80	29	10	29	48	4	
77	18	52	25	34	45	43	81	46	19	84	75	52	30	12	1	90	27	20	63	69	73	35	70	21	51	8	98	30	4	48	33	32	56	10	34	15	51	54	64	
85	72	87	96	63	67	29	76	26	72	64	13	25	8	97	22	26	1	77	47	54	54	4	18	61	57	4	47	20	14	50	59	24	42	68	94	59	57	27	52	
57	51	40	55	56	23	13	46	29	33	99	50	54	74	70	74	34	96	96	16	96	13	11	99	25	82	84	82	4	50	46	71	80	82	31	59	76	32	20	78	
98	20	25	13	33	22	23	20	25	86	48	67	75	40	84	73	10	35	35	5	92	60	48	76	1	24	20	64	83	57	31	7	59	24	54	63	28	18	59	74	
18	82	10	9	71	3	91	19	57	32	67	27	52	67	14	13	29	73	82	90	58	39	24	69	93	97	29	59	10	49	96	57	3	74	31	21	80	20	24	25	
5	95	73	45	46	13	45	27	85	69	90	32	62	29	51	57	42	80	40	82	79	64	69	91	78	95	57	63	82	27	41	34	45	33	88	79	66	5	65	66	
98	86	10	60	42	93	32	13	3	2	21	44	72	78	37	2	52	15	26	69	39	73	75	38	31	45	95	79	40	14	16	80	3	39	3	25	27	15	59	30	
33	79	51	78	58	69	76	12	39	43	74	51	94	21	27	81	73	19	22	18	28	75	59	22	42	82	28	50	28	86	93	53	45	22	56	50	36	79	85	50	
59	28	30	97	79	46	67	61	40	33	40	97	20	88	78	42	67	9	37	37	39	18	67	79	13	26	8	47	40	14	82	43	44	57	20	72	2	42	40	25	
56	51	67	44	44	16	77	94	37	51	79	62	37	31	82	58	64	76	19	85	37	44	5	23	31	57	65	17	56	11	56	72	6	30	68	13	55	84	80	37	
19	79	96	83	82	64	11	88	87	47	52	7	27	3	13	21	66	94	80	48	19	73	98	52	29	14	51	83	46	86	30	26	86	5	28	29	18	67	96	22	
28	5	14	81	41	89	85	69	3	73	77	62	49	62	21	68	27	35	70	63	41	76	90	21	22	75	9	7	68	7	52	62	87	99	54	5	45	66	22	4	
2	37	64	29	87	25	46	74	55	17	24	87	93	75	47	81	17	81	67	2	43	61	60	64	29	73	72	97	36	60	42	59	32	69	41	95	61	22	67	75	
29	69	56	15	95	64	6	70	68	49	28	74	33	23	75	33	69	59	9	10	44	60	85	75	71	92	6	87	76	29	49	30	21	95	59	33	68	92	89	51	
82	45	11	62	11	1	22	27	85	75	52	16	35	23	13	89	5	66	51	4	23	36	25	44	61	82	66	55	65	71	46	88	72	74	31	79	35	15	94	55	
13	31	34	18	3	64	5	45	23	91	65	21	75	45	99	79	39	10	58	22	76	76	40	50	60	82	1	15	45	2	56	79	42	25	33	43	76	70	62	83	
27	7	32	94	88	74	48	48	98	45	61	99	20	47	57	5	74	53	24	37	62	10	43	11	24	44	73	48	19	84	7	48	26	91	28	54	2	55	16	13	
45	45	47	80	50	86	5	20	52	9	2	88	91	4	61	15	66	65	24	14	25	21	80	86	35	61	29	7	36	34	18	88	40	56	31	85	53	64	10	69	
38	12	33	90	23	60	84	7	34	52	97	47	21	51	44	44	77	74	3	35	96	69	40	41	3	12	74	59	48	12	19	26	86	61	7	38	26	71	60	53	
51	61	54	83	67	17	80	70	86	25	15	98	70	36	38	88	10	37	86	76	86	24	99	63	56	98	12	7	54	42	4	73	98	34	98	84	59	20	92	16	
99	47	24	36	28	20	39	2	97	44	18	36	52	62	40	58	16	3	30	44	44	93	2	37	15	4	81	37	20	27	4	32	65	16	86	58	21	25	40	1	
57	36	66	63	63	50	47	87	42	91	40	77	15	59	12	66	97	92	97	55	9	70	55	73	38	42	52	56	86	66	7	57	42	3	75	12	70	75	51	32	
18	22	14	9	69	86	61	35	2	11	87	81	19	44	13	93	81	78	66	95	42	74	77	96	58	25	33	59	54	90	98	71	36	90	20	20	91	38	46	67	
38	58	37	80	72	8	59	51	64	16	71	20	88	91	60	94	73	72	73	12	33	12	59	88	94	32	23	64	50	89	36	41	78	23	78	48	28	84	97	2	
67	83	3	46	12	77	32	78	12	3	74	3	54	20	23	67	3	21	80	76	95	32	67	83	50	83	86	5	75	63	54	8	75	50	91	73	77	5	41	28	
54	63	61	89	98	58	99	92	75	70	48	64	59	67	49	74	39	7	85	96	37	93	73	29	82	24	65	71	35	57	7	71	41	90	4	58	81	37	18	53	
34	34	75	14	60	16	61	44	88	48	41	97	69	91	19	28	91	52	47	91	19	38	17	91	70	10	16	20	50	28	28	36	11	2	7	87	94	10	51	77	
2	52	65	9	59	37	77	70	12	20	54	57	42	59	32	24	96	37	58	15	83	67	2	32	44	5	82	24	47	94	39	7	36	54	18	55	29	73	55	21	
60	54	98	71	4	50	81	51	34	73	37	6	93	56	29	33	79	13	38	39	79	31	15	20	10	77	99	91	33	9	76	48	62	17	88	14	85	54	64	11	
53	13	2	85	28	59	22	32	72	34	5	25	41	93	38	52	97	33	61	97	57	14	88	22	51	12	29	38	50	26	51	92	83	38	48	72	62	5	11	24	
84	17	9	49	61	71	39	94	32	23	95	79	21	26	58	11	69	82	18	77	44	38	82	34	11	18	20	11	10	85	48	7	85	48	72	58	53	66	19	86	
4	37	42	70	78	44	71	88	63	9	49	39	98	73	68	27	79	14	3	71	14	60	6	76	52	53	11	72	14	94	48	21	60	54	83	29	14	33	37	28	
90	12	14	8	24	31	91	16	92	74	28	53	50	48	76	33	71	96	36	90	20	88	67	41	10	44	52	42	44	19	81	6	16	50	94	47	17	25	2	94	
10	36	73	79	29	34	73	78	36	83	57	86	33	92	89	42	15	64	22	23	23	95	53	97	11	24	72	92	53	80	21	9	48	28	62	2	93	68	28	15	
48	56	77	14	98	64	95	71	97	60	12	10	32	19	20	82	56	69	23	61	95	40	42	55	84	65	61	98	17	63	94	47	14	97	92	98	44	77	38	27	
37	68	89	69	87	9	71	41	39	64	17	42	86	57	27	85	53	53	85	72	9	96	47	80	53	28	96	46	78	19	39	59	72	13	65	93	40	49	14	54	
55	23	20	4	53	3	8	97	44	85	92	54	9	10	78	22	88	8	79	37	93	90	91	68	96	8	94	1	72	88	79	6	9	2	93	91	3	57	88	46	
6	47	86	2	91	7	5	81	53	36	25	29	67	7	58	10	64	55	80	38	97	40	15	79	10	93	95	25	29	20	41	34	47	8	16	98	62	59	59	69	
86	52	11	56	55	96	74	86	85	48	69	75	64	79	92	62	78	31	76	2	6	1	11	18	32	31	76	55	61	98	96	97	37	32	14	30	1	4	41	55	
30	67	53	13	53	47	99	42	41	86	83	96	91	26	11	3	82	67	8	8	59	24	93	79	61	93	3	37	27	84	35	24	23	82	68	75	78	47	49	8	
33	70	60	59	26	34	24	48	80	54	95	21	62	95	44	31	22	91	43	40	41	12	98	52	50	53	1	14	84	50	71	52	95	34	45	18	32	79	7	64	
62	23	68	83	8	40	64	68	90	21	94	81	32	70	47	50	52	26	75	8	52	87	16	65	80	65	69	74	16	29	83	13	25	88	4	13	65	47	91	10	
46	16	15	77	71	59	66	80	30	40	67	61	92	55	55	43	44	93	63	11	66	64	49	7	23	60	23	52	40	70	81	75	76	47	53	22	17	92	10	57	
41	21	94	7	49	16	79	80	54	85	49	83	56	80	68	11	66	32	91	70	65	27	11	86	75	29	58	84	5	97	5	47	1	83	23	1	2	92	3	74	
84	48	48	25	38	87	78	43	26	89	21	64	13	99	76	67	46	11	70	12	55	16	46	65	82	32	59	29	59	76	56	25	15	25	73	46	49	10	84	69	
29	6	69	57	81	35	95	40	99	82	26	27	73	4	2	82	18	61	61	3	65	18	92	31	36	3	35	34	12	84	63	10	60	45	39	98	9	41	8	33	
54	74	60	30	46	31	7	18	95	52	26	58	94	36	84	95	45	4	38	50	27	63	61	36	61	59	77	63	59	93	69	73	35	53	98	97	41	81	67	44	
62	77	1	60	57	11	26	22	47	90	82	35	80	13	95	70	35	88	76	54	35	31	58	90	76	27	64	82	11	52	62	83	23	96	75	1	94	88	29	15	
54	64	65	5	41	12	53	86	39	64	76	1	68	54	75	14	21	40	76	13	90	56	39	12	40	60	86	95	80	77	29	81	88	67	76	52	60	55	92	11	
89	4	59	59	24	30	37	77	16	80	49	97	98	20	14	55	33	7	14	90	23	51	79	29	76	78	3	47	71	51	41	21	61	17	54	11	3	89	84	16	
22	70	90	17	34	81	76	91	81	64	86	54	60	47	54	68	55	17	26	34	92	21	97	45	85	2	37	64	34	26	76	62	1	73	5	30	81	97	84	52	
20	49	74	84	67	67	49	10	69	39	23	36	24	3	30	64	52	42	26	55	82	98	93	55	28	93	92	74	6	35	66	16	42	68	95	5	48	76	78	67	
70	44	65	53	45	44	78	10	9	16	85	45	45	30	35	33	83	70	48	60	57	75	23	17	99	16	12	65	41	5	78	54	18	66	22	59	25	12	50	66	
61	86	26	24	53	7	22	36	56	85	62	78	67	17	21	40	4	76	32	43	19	45	4	87	79	82	55	8	10	82	26	68	72	8	5	5	67	78	95	7	
42	58	20	92	50	68	2	20	19	22	9	42	84	56	30	83	31	5	23	27	31	49	55	2	63	22	20	31	83	61	16	87	45	47	2	46	4	56	75	45	
70	16	41	90	74	58	56	62	55	87	79	22	2	20	58	6	13	61	20	69	31	34	66	23	77	50	85	57	8	17	22	54	42	10	71	45	60	39	95	45	
42	23	73	75	20	13	26	70	58	47	94	15	70	38	46	61	59	4	41	20	25	4	91	38	74	42	90	90	42	47	87	53	91	43	48	44	64	63	19	37	
92	87	81	89	94	81	79	48	19	84	36	7	2	84	6	38	65	44	32	34	56	96	88	11	10	17	44	64	96	22	67	97	69	83	62	41	31	35	8	35	
90	7	32	66	66	38	55	49	71	34	74	14	70	66	75	43	12	54	95	47	62	49	74	97	98	22	65	42	39	34	94	72	19	25	86	23	31	61	3	16	
7	18	45	91	86	97	48	76	19	4	33	80	89	23	10	33	48	79	61	96	12	76	22	14	53	32	53	77	89	61	78	35	42	93	14	56	37	96	22	41	
62	53	81	29	89	33	17	51	43	23	70	29	73	27	93	12	54	59	80	9	19	62	85	54	8	47	94	25	89	33	38	65	78	30	62	35	54	86	8	51	
66	7	55	95	82	13	34	23	87	78	10	70	79	1	95	75	91	51	50	38	43	43	53	81	14	98	90	15	61	1	64	84	61	76	24	76	29	24	85	6	
29	1	80	94	13	27	53	50	38	72	85	65	30	23	48	23	21	63	78	62	68	9	41	53	26	64	30	78	37	17	14	18	59	74	28	87	46	8	70	79	
50	60	53	4	15	36	22	24	62	70	33	50	19	59	60	11	18	92	74	36	63	10	3	20	69	87	80	35	86	21	30	19	89	60	50	73	94	9	93	22	
6	1	55	25	37	12	15	62	51	73	99	9	96	87	58	75	57	68	62	96	25	59	86	75	75	1	18	24	2	31	4	53	30	76	43	11	31	42	70	66	
98	7	97	83	59	96	4	46	28	82	94	9	36	32	64	7	82	2	45	30	98	58	13	57	18	58	88	8	89	40	59	30	89	82	2	74	5	49	86	97	
96	36	91	87	76	59	57	21	47	73	63	93	81	9	2	77	62	48	80	93	87	9	87	14	15	78	93	21	23	21	72	98	83	74	63	22	85	77	30	80	
59	14	51	43	79	64	70	53	65	83	1	22	79	65	30	30	18	63	99	90	32	51	46	15	19	79	18	79	86	34	18	96	70	11	32	33	55	73	41	31	
32	43	29	22	6	42	30	41	5	92	89	74	87	45	15	18	38	75	54	4	83	94	26	35	87	38	75	45	2	46	56	55	81	44	39	3	86	84	5	62	
35	13	79	94	73	68	6	79	87	24	70	14	65	36	30	10	76	63	94	87	48	57	75	74	35	43	99	45	27	51	40	60	29	59	33	96	10	54	65	70	
20	25	57	8	3	50	75	87	61	40	49	94	53	45	83	36	26	35	75	12	15	17	91	52	64	56	56	52	48	98	62	67	94	20	3	58	49	42	79	89	
22	12	44	28	11	14	81	90	92	54	27	37	19	68	84	9	76	15	1	62	72	61	82	46	80	85	88	15	40	32	27	83	97	12	29	74	47	30	92	90	
82	75	8	34	93	9	18	50	56	38	66	52	1	67	36	84	53	42	93	4	96	54	77	93	86	60	1	48	21	25	59	89	50	10	69	93	72	53	57	49	
57	18	93	73	83	3	49	61	98	46	89	28	20	56	55	90	42	68	97	90	23	93	47	42	60	10	57	81	76	32	40	30	85	33	72	7	3	22	72	57	
6	92	45	68	94	1	60	2	76	36	7	69	78	94	38	6	80	65	13	40	5	88	73	68	10	53	35	57	73	40	72	55	75	19	25	78	88	63	59	3	
60	52	59	77	44	53	37	37	92	8	72	88	43	81	37	91	52	38	62	57	46	38	41	39	15	96	87	92	53	33	89	22	22	94	32	36	10	55	68	97	
79	4	66	24	57	82	77	79	94	33	77	64	2	60	86	93	40	42	86	20	21	16	61	39	47	29	47	92	98	52	76	47	38	63	24	18	97	79	15	61	
78	74	50	66	54	14	40	8	72	6	72	46	8	29	51	84	79	13	71	20	66	59	27	50	68	32	65	19	96	70	37	19	1	89	94	72	49	73	50	68	
44	79	89	33	13	5	11	42	21	90	18	18	1	57	5	69	81	96	10	54	69	71	3	87	17	91	72	22	68	74	87	66	93	93	79	19	18	89	57	45	
30	96	43	14	23	89	16	71	94	81	68	24	15	9	43	50	39	84	87	81	24	18	44	93	66	19	76	20	88	45	80	80	24	53	52	62	88	63	85	25	
32	52	51	8	13	27	56	45	39	61	91	40	61	68	31	43	18	62	12	29	71	44	42	85	78	73	91	40	82	50	62	97	27	10	61	61	28	82	14	60	
46	3	81	18	58	54	78	10	9	73	11	13	95	75	71	48	26	58	56	56	26	86	10	61	22	97	96	16	7	45	55	36	47	81	96	59	26	68	39	90	
10	38	96	18	76	43	68	11	56	97	85	43	69	72	18	87	64	97	52	79	78	98	92	62	84	55	26	35	9	69	85	83	98	81	85	65	8	62	6	65	
18	70	63	60	1	71	90	50	12	30	18	38	55	44	5	82	63	73	1	43	82	76	9	87	60	69	89	53	69	64	23	54	18	47	19	93	36	11	59	24	
28	53	77	52	32	92	45	91	42	74	97	8	58	75	23	5	89	7	16	56	22	93	32	73	20	83	28	55	27	84	68	87	84	67	12	60	87	71	34	36	
38	86	39	79	76	15	61	37	85	34	67	27	11	10	15	70	46	27	11	85	58	46	87	18	62	9	96	77	81	21	65	13	29	23	95	37	14	8	75	88	
57	36	43	91	62	85	24	42	75	12	33	50	44	19	7	95	49	54	1	94	58	97	99	71	47	91	77	84	77	33	40	66	23	32	34	56	85	8	82	40	
45	65	6	40	36	84	32	3	41	20	92	79	43	68	69	12	83	85	45	51	8	30	50	76	7	83	32	99	74	77	81	65	51	98	85	76	15	91	94	22	
40	59	32	76	45	18	79	87	87	87	2	95	79	5	18	29	40	89	19	82	5	9	85	70	46	16	72	3	96	54	42	38	58	68	76	6	58	43	2	2	
67	70	97	1	98	27	79	33	64	87	74	36	34	33	28	61	42	8	16	91	28	48	46	37	16	78	77	65	55	55	79	11	85	95	26	76	4	30	89	3	
27	56	73	73	4	91	11	92	6	57	6	43	89	13	96	8	38	62	82	29	93	78	28	20	67	15	27	61	67	11	22	50	82	11	85	80	38	43	11	73	
64	33	80	80	96	53	3	39	59	31	35	48	15	53	31	89	90	65	86	18	93	32	74	90	96	8	76	21	42	58	70	62	4	94	23	56	93	39	95	21	
24	33	71	49	42	33	42	29	95	77	35	35	21	18	62	41	40	42	8	36	8	22	5	70	63	89	61	48	59	3	27	48	81	59	25	36	80	84	86	99	
77	67	47	32	20	60	20	21	91	46	33	43	7	35	98	60	45	55	68	62	8	39	67	13	89	38	26	88	19	90	60	16	89	43	46	49	92	11	6	48	
39	93	6	34	93	10	9	46	7	18	64	29	80	12	9	12	15	36	96	64	29	45	28	41	44	1	95	58	77	88	96	46	75	95	70	80	7	75	59	93	
62	93	13	8	58	44	62	42	30	58	57	95	66	58	25	92	11	23	10	55	40	75	87	37	6	4	70	28	67	71	46	20	87	85	23	80	49	25	61	3	
18	53	22	93	66	55	58	39	16	86	45	61	84	17	98	45	39	8	42	1	78	55	36	92	11	87	49	61	96	8	58	93	67	2	99	44	51	71	5	97	
46	52	4	28	45	24	65	97	94	37	18	97	27	96	65	34	23	83	91	85	76	10	26	17	76	30	95	11	22	60	10	42	43	72	33	30	88	69	47	21	
97	58	26	96	82	78	41	15	70	43	96	19	98	12	57	75	48	99	12	32	64	87	91	92	8	89	26	69	15	91	22	44	82	80	89	48	96	98	41	58	
58	28	53	51	4	58	66	75	96	13	43	25	48	33	37	26	98	33	21	77	57	94	88	1	91	47	26	83	4	70	12	40	48	86	98	1	65	60	85	23	
43	10	80	82	24	90	3	65	33	21	3	8	81	42	66	20	72	46	51	9	22	20	71	85	60	60	14	11	92	89	70	27	15	70	10	73	26	69	18	90	
83	63	98	43	86	65	92	37	84	1	71	6	52	85	8	74	73	73	25	52	24	84	95	95	48	13	13	44	70	89	81	29	83	57	83	92	4	60	30	88	
91	74	92	34	77	22	79	35	23	46	5	21	32	46	55	41	88	95	67	17	58	88	60	60	22	87	77	90	95	83	56	10	68	69	15	29	63	98	16	49	
3	82	69	43	24	40	63	76	86	17	46	90	71	16	93	19	47	31	45	1	61	58	71	41	93	28	31	3	60	97	15	50	64	77	82	66	37	95	57	16	
2	11	15	41	75	37	91	86	63	52	95	10	30	71	97	21	56	29	34	45	99	14	47	22	17	17	51	68	42	7	91	75	3	52	38	20	19	30	34	98	
34	5	86	34	64	73	75	92	54	93	8	21	94	59	51	99	28	71	29	52	44	31	43	72	64	57	72	56	31	87	68	42	81	31	17	14	59	78	64	98	
90	80	33	72	44	58	38	72	21	5	14	49	79	90	7	27	69	78	73	55	28	15	18	56	83	63	33	19	43	66	48	84	77	86	86	18	27	48	87	77	
80	68	50	14	18	70	1	58	9	7	88	98	5	34	70	29	76	21	27	42	77	78	27	95	36	48	40	52	8	82	50	7	47	2	27	30	62	21	61	90	
81	74	63	44	41	79	88	3	55	15	36	7	55	24	24	81	91	43	60	47	32	28	47	2	18	34	78	7	47	56	45	45	94	52	36	29	99	98	3	70	
72	44	41	59	5	71	80	90	80	84	10	51	27	65	69	56	50	84	84	80	41	54	30	49	62	49	41	62	26	56	14	76	38	96	69	73	84	58	59	74	
47	28	45	89	6	89	78	16	56	61	70	15	45	56	15	29	7	15	10	33	46	27	94	17	20	48	94	52	86	81	45	85	42	64	19	62	61	9	7	77	
10	59	6	97	92	69	18	14	57	35	67	6	72	4	86	40	44	67	35	22	37	5	40	78	24	28	79	48	72	47	55	89	40	64	7	45	50	64	76	33	
52	37	33	22	97	90	2	44	92	7	53	36	92	56	67	10	59	88	71	2	97	40	97	51	34	52	34	1	18	73	49	18	37	86	25	99	98	6	23	79	
9	12	57	77	45	27	71	35	23	57	32	54	79	40	77	15	37	86	93	32	27	96	16	2	66	88	54	32	34	84	4	50	90	16	2	50	18	71	17	15	
97	82	95	13	44	12	6	83	52	20	39	34	42	95	76	20	99	87	26	90	46	71	66	9	94	41	85	91	66	10	88	9	72	53	92	61	99	34	67	12	
41	93	64	31	62	97	51	9	7	65	44	23	59	30	6	61	37	99	54	58	80	26	90	79	47	96	46	61	38	99	15	6	21	39	14	69	18	92	77	6	
64	45	4	53	80	34	84	65	89	90	97	40	83	66	48	91	26	79	76	50	32	18	73	24	69	75	74	26	71	34	19	51	58	86	99	81	2	73	37	28	
82	4	49	50	28	43	8	8	23	8	99	41	39	8	38	74	20	14	78	2	20	43	53	84	79	89	18	84	94	51	68	10	5	19	90	27	3	32	34	96	
59	25	26	24	97	6	71	20	65	50	5	24	91	1	84	49	30	94	43	18	17	85	54	24	2	3	48	38	28	72	15	26	65	15	60	67	32	62	10	70	
55	73	77	49	49	53	31	89	16	79	54	10	6	8	38	31	77	12	92	75	57	68	54	66	76	2	6	13	46	39	58	92	98	59	63	59	87	13	37	50	
55	61	23	68	82	62	35	48	93	92	40	61	76	88	81	88	39	46	57	82	29	16	92	99	58	72	78	60	33	53	62	79	69	95	21	75	53	11	33	41	
70	79	52	40	5	63	42	66	5	48	8	71	50	82	58	60	60	67	80	87	46	15	90	27	92	79	11	92	5	26	86	28	83	96	37	84	92	89	5	72	
35	49	43	54	64	45	72	93	84	87	75	3	21	99	25	41	62	46	53	56	7	94	23	78	69	57	46	94	26	27	56	85	96	28	46	79	8	24	21	68	
70	66	14	92	83	74	86	74	26	69	3	78	11	20	38	12	20	63	77	96	22	1	4	81	67	3	95	74	98	53	60	8	15	25	88	72	90	70	19	81	
40	62	11	50	55	18	99	3	86	5	73	42	30	97	77	41	31	29	64	42	40	79	18	84	71	73	43	82	36	84	86	16	65	75	22	36	56	18	44	75	
78	63	23	12	33	70	26	43	77	5	20	60	18	66	92	24	54	12	62	89	42	73	72	35	74	99	78	79	17	63	80	4	60	7	59	10	48	35	17	72	
8	64	26	87	97	89	50	3	32	29	76	88	68	62	80	97	44	66	16	1	20	14	85	18	57	94	62	68	23	72	40	11	29	82	43	54	31	38	30	48	
34	3	64	99	3	38	37	62	61	43	65	93	33	40	8	93	50	74	55	46	38	27	5	45	57	72	24	70	52	17	40	41	46	99	46	70	68	51	84	91	
21	37	55	33	6	30	66	63	81	81	8	30	9	7	42	62	14	86	19	23	75	45	59	12	11	76	88	73	21	19	89	47	23	96	7	66	70	81	49	9	
46	41	35	31	81	84	2	51	30	17	72	72	1	53	37	44	30	76	6	10	50	20	36	93	78	8	39	20	43	11	16	63	1	69	97	86	37	97	53	1	
45	92	25	57	11	88	91	70	63	36	55	5	75	96	32	97	6	94	62	94	21	46	97	13	58	68	99	63	87	45	88	4	6	84	13	95	68	12	14	78	
28	76	40	14	52	59	1	27	28	22	87	71	86	30	91	92	89	32	93	52	77	92	19	54	64	1	66	76	22	97	63	6	98	11	8	15	66	78	90	50	
80	92	17	4	2	18	69	91	24	41	75	71	86	69	75	46	85	89	12	70	2	34	70	40	9	40	53	16	38	88	67	37	3	49	49	23	14	80	71	50	
47	66	85	64	25	67	10	75	37	37	71	22	20	23	36	24	48	55	16	48	20	91	18	61	43	72	79	39	53	4	9	59	5	68	11	5	36	45	94	41	
96	69	60	52	73	82	30	47	65	34	78	73	96	51	50	96	60	83	96	37	31	85	61	61	98	95	84	88	97	21	22	43	51	52	91	60	40	43	95	55	
66	47	72	76	86	94	90	18	17	42	85	76	43	39	81	52	88	85	82	42	20	82	4	81	93	88	73	20	81	49	42	43	15	50	71	69	40	14	88	3	
85	45	26	97	66	89	90	76	92	66	29	14	43	77	74	59	25	22	7	83	43	59	52	56	34	90	96	92	42	65	11	28	46	32	93	14	62	80	80	33	
87	53	90	82	43	19	86	80	53	34	91	78	50	47	78	95	3	4	14	12	9	69	47	75	86	78	59	17	74	65	15	69	5	52	80	53	29	84	14	52	
95	47	21	10	14	99	43	9	58	15	33	19	89	11	5	26	3	99	88	73	29	13	24	88	37	56	59	54	40	16	51	81	77	20	82	57	27	17	39	99	
95	37	12	33	66	36	15	63	98	52	44	30	34	8	13	41	34	50	29	45	51	18	11	76	30	52	61	79	63	15	30	19	68	73	51	98	53	60	25	71	
84	28	81	6	82	45	54	32	2	6	40	9	67	60	30	47	94	83	36	11	83	23	48	72	87	15	97	90	99	57	6	37	79	61	53	97	49	37	91	16	
5	83	86	55	29	76	61	8	18	89	81	61	27	83	98	17	21	44	44	5	84	69	48	48	11	24	6	81	91	10	38	1	65	34	8	22	8	63	81	70	
56	88	67	18	19	55	54	59	95	31	28	66	23	1	61	94	14	25	82	7	50	1	79	44	66	98	89	71	8	83	85	50	74	34	60	46	65	8	59	59	
96	33	31	29	60	19	75	66	30	17	21	1	47	64	69	57	43	4	62	94	67	62	89	64	42	23	19	85	55	28	30	28	64	98	83	70	75	58	43	56	
10	88	55	66	89	68	32	1	93	68	3	8	57	89	29	32	39	86	1	52	62	15	50	28	1	66	57	94	80	15	34	59	12	67	13	85	66	94	63	87	
70	98	30	54	79	18	61	72	53	99	56	40	42	81	75	72	62	62	71	34	21	49	42	69	2	20	18	14	48	38	29	84	85	90	12	3	71	67	62	6	
78	72	31	21	31	56	31	28	64	1	89	45	72	85	76	85	53	54	90	85	90	8	64	6	9	30	60	51	2	18	30	57	17	57	69	39	50	80	13	11	
81	85	22	15	46	15	71	7	48	15	43	10	29	28	75	21	67	88	32	22	71	16	80	50	80	43	6	19	5	11	87	90	44	12	24	52	85	88	79	32	
75	86	87	73	85	37	39	49	46	31	29	63	15	72	53	12	87	59	74	60	79	15	92	87	40	61	93	94	66	24	72	63	33	91	28	39	62	86	2	60	
88	9	99	53	1	61	6	68	63	73	3	39	45	78	33	73	19	6	78	9	97	3	44	5	26	94	65	48	45	42	80	78	94	63	36	91	28	19	16	49	
41	93	14	9	52	98	87	71	82	6	67	83	20	70	8	62	66	95	94	14	2	83	62	77	23	24	77	10	30	50	82	86	64	64	25	98	37	88	2	56	
95	11	97	37	9	34	97	41	74	37	8	32	83	6	6	83	90	11	7	62	72	20	25	12	81	72	51	14	16	72	95	54	77	60	49	13	70	69	67	50	
80	96	89	69	26	16	38	72	71	32	53	32	54	58	81	59	49	42	1	39	90	91	56	45	5	80	50	81	45	13	91	98	19	93	24	73	44	36	57	74	
96	84	91	27	6	60	13	65	35	35	79	31	44	1	42	56	16	89	71	40	6	66	65	97	34	87	86	66	39	3	32	69	56	55	40	83	92	84	98	65	
10	56	84	27	42	66	82	71	3	93	30	12	58	94	4	61	79	73	49	47	93	66	3	90	98	19	65	62	11	52	38	98	55	45	13	39	34	72	75	22	
18	87	88	48	40	28	42	3	13	88	81	90	72	91	76	19	29	41	76	53	90	52	54	6	59	83	54	56	52	15	90	91	69	54	56	25	24	60	35	39	
3	8	44	50	23	57	34	92	11	74	29	69	93	34	85	29	19	89	93	43	10	4	68	18	26	68	85	45	12	47	60	87	24	45	95	53	77	54	25	96	
63	62	24	54	17	12	93	10	39	24	13	42	5	63	19	86	12	91	73	39	42	13	13	66	60	53	91	7	49	89	69	68	67	36	8	74	87	64	60	95	
30	82	87	72	18	33	21	38	9	74	65	63	84	43	11	97	3	25	78	90	35	84	58	99	59	17	71	26	67	36	87	31	14	3	88	28	12	65	26	63	
58	58	50	1	41	85	88	3	49	91	2	64	14	73	51	32	33	14	51	30	50	32	97	64	16	61	84	81	32	26	56	3	59	71	62	60	47	56	7	5	
7	23	1	62	49	5	80	56	40	27	30	33	62	25	33	45	72	72	36	80	8	96	1	51	67	33	80	79	70	32	40	31	89	30	11	96	84	41	47	19	
92	43	36	12	62	48	55	26	28	89	1	50	51	71	22	54	96	51	31	20	13	56	87	7	21	59	60	54	48	60	22	14	57	40	40	64	45	2	48	58	
33	7	33	91	54	60	52	8	18	22	84	70	7	34	68	62	29	1	76	2	51	52	48	91	59	83	60	21	33	49	16	95	45	56	78	82	95	85	93	61	
62	30	55	48	20	35	19	25	53	78	78	78	87	23	38	49	83	28	61	33	86	17	80	95	33	8	82	77	36	83	18	14	17	51	5	94	50	95	99	29	
38	60	83	4	32	89	73	38	69	20	52	83	94	96	87	15	69	72	82	9	16	7	68	18	26	49	39	79	32	12	89	7	38	49	3	70	45	87	9	60	
19	89	84	79	80	43	1	12	38	1	13	82	63	19	59	76	94	75	10	96	29	47	86	91	14	90	43	50	68	63	65	71	86	62	59	53	3	76	4	48	
29	78	4	82	84	1	71	43	81	74	15	69	38	28	13	22	34	66	6	89	26	76	38	74	87	47	21	65	48	80	3	85	39	35	78	71	71	43	61	25	
6	74	95	47	91	45	7	35	76	98	88	15	27	4	90	27	95	46	58	4	40	3	23	86	75	37	58	85	97	56	51	79	45	96	40	4	52	52	29	69	
26	48	84	24	59	35	57	39	40	48	8	81	34	53	9	18	51	88	57	38	21	59	36	17	33	51	80	40	16	68	61	67	74	16	80	95	98	72	42	69	
10	32	49	39	16	9	27	45	87	35	86	20	80	88	80	96	61	34	95	87	12	76	3	69	22	41	60	82	99	34	21	30	50	64	9	42	7	10	63	38	
14	60	52	97	98	93	20	32	80	34	8	97	2	24	76	23	76	1	3	16	1	51	37	84	66	4	57	83	60	59	25	65	67	87	56	17	79	38	58	87	
98	27	87	54	80	20	23	70	55	13	81	3	25	70	8	48	18	94	12	84	62	24	37	98	92	77	92	94	13	98	73	78	80	77	48	63	76	41	5	61	
81	34	65	25	75	49	19	86	26	72	34	89	32	38	49	12	42	31	55	30	68	68	9	71	49	41	48	61	48	25	4	43	85	59	20	44	40	63	25	17	
67	60	30	73	21	96	27	78	77	89	31	94	1	51	82	85	87	60	93	9	89	75	23	66	9	23	4	95	88	99	53	11	77	72	52	34	13	59	59	74	
65	30	3	39	45	69	81	91	33	68	34	92	27	59	84	83	96	98	71	92	74	60	1	87	48	10	99	98	26	50	52	79	83	72	47	89	22	55	60	11	
82	86	64	28	19	8	33	48	6	98	75	25	33	61	35	20	31	64	14	18	10	57	36	70	15	72	37	49	32	56	48	17	91	25	26	55	57	16	31	15	
98	75	60	59	82	32	91	34	34	16	84	72	47	34	59	30	51	27	42	97	61	36	41	34	71	84	4	42	64	43	61	40	44	20	67	39	24	17	79	3	
25	33	44	67	55	95	90	40	92	70	26	89	77	69	9	40	93	53	31	81	99	13	30	83	23	60	33	81	43	74	75	56	26	74	72	36	81	23	18	83	
45	78	47	59	30	46	87	63	85	8	82	95	53	12	60	3	20	66	88	83	5	76	30	71	21	88	93	35	8	60	53	47	26	63	59	16	54	72	86	81	
33	17	80	30	46	91	97	60	30	46	61	18	59	9	59	79	48	10	76	51	47	16	25	18	56	77	13	43	64	64	84	28	80	36	92	58	35	69	7	19	
54	47	73	33	40	71	54	62	6	65	36	95	47	62	83	84	67	14	53	6	60	55	31	83	28	10	31	82	8	22	73	43	3	53	42	54	62	79	72	53	
49	69	34	8	88	36	99	36	98	1	20	41	23	91	44	84	36	72	54	27	86	95	3	99	93	92	80	85	24	62	44	38	91	24	73	52	83	39	63	65	
96	10	49	64	19	33	15	16	21	47	64	47	24	96	21	54	52	27	97	4	6	60	69	53	4	24	7	20	77	34	87	66	14	48	70	69	93	55	3	15	
58	46	11	21	9	96	74	77	10	60	96	64	71	31	18	86	15	50	30	30	48	51	3	32	14	65	12	23	77	45	38	70	81	70	86	56	58	32	30	39	
10	34	76	99	67	45	30	78	12	73	84	27	7	82	61	60	65	46	93	70	84	8	21	24	79	10	32	85	27	3	73	12	98	32	30	19	24	86	17	20	
39	53	57	81	97	86	34	49	47	18	33	34	9	57	23	67	2	45	30	68	99	71	14	69	35	71	49	5	53	55	60	54	98	39	79	91	96	81	14	98	
44	44	42	12	32	26	85	44	53	44	12	90	94	68	78	87	82	15	17	21	50	63	10	75	50	68	29	82	15	55	14	8	50	31	29	78	13	57	19	50	
99	64	51	65	61	84	14	43	13	58	13	4	91	37	89	30	12	68	29	5	92	55	67	81	66	19	95	84	95	12	7	31	62	52	68	31	85	75	88	14	
7	40	15	69	39	19	89	16	60	56	46	35	7	95	28	24	1	92	40	59	10	62	1	86	20	43	30	55	82	61	92	81	51	37	91	8	37	62	72	81	
27	35	95	78	64	52	67	39	70	71	56	7	63	94	22	66	11	61	47	29	2	28	33	26	42	65	9	87	10	36	71	28	6	1	35	64	6	68	81	36	
99	16	32	9	49	10	65	71	29	22	74	70	25	22	40	31	84	79	30	52	68	25	89	8	44	35	67	52	6	47	84	24	22	25	52	21	43	24	92	55	
30	28	16	27	68	57	62	81	87	73	11	24	3	25	99	25	50	12	44	24	70	60	11	12	76	39	96	78	3	66	37	23	22	69	17	70	79	9	70	63	
70	79	2	99	89	48	46	35	87	92	58	90	38	39	14	13	11	33	38	92	71	79	4	30	75	29	69	97	38	18	54	65	61	69	52	52	85	19	41	44	
78	26	49	88	81	82	70	41	82	25	48	50	70	21	65	83	17	75	12	35	57	88	24	75	94	55	5	34	31	76	70	12	6	53	4	81	6	51	76	11	
53	70	91	15	8	61	66	45	29	68	26	35	85	90	10	86	13	86	95	70	49	75	88	48	5	3	51	60	47	72	46	39	95	63	29	28	73	87	23	24	
55	56	42	74	99	55	64	89	65	52	59	66	45	81	20	14	73	91	68	40	77	34	18	44	88	37	17	6	39	97	19	83	95	76	31	58	12	80	57	79	
11	80	24	2	10	77	59	23	65	27	75	65	99	90	46	46	19	65	6	41	60	7	9	37	7	53	14	20	68	27	80	52	16	39	13	33	13	59	73	40	
91	4	40	5	49	61	8	66	82	59	41	5	75	41	20	50	6	5	52	15	45	19	46	5	53	35	47	94	10	35	96	82	22	8	72	55	95	26	2	28	
80	70	67	44	5	43	47	41	65	34	58	29	52	46	87	35	5	12	39	94	38	30	35	17	83	13	30	39	40	31	43	56	24	87	19	81	51	68	57	77	
16	34	84	73	34	60	55	45	61	55	99	22	16	81	66	63	61	81	16	7	18	87	71	75	32	41	30	17	3	86	86	79	47	87	33	86	65	79	24	35	
18	88	34	38	49	41	36	92	98	66	77	33	96	68	44	16	30	98	28	26	28	82	42	20	6	66	47	30	55	85	85	10	80	74	42	82	21	74	62	28	
95	9	8	21	74	13	39	5	51	66	36	63	79	52	1	22	97	32	18	97	45	22	54	74	62	14	20	72	99	62	31	43	12	37	45	99	85	22	56	73	
39	90	72	57	90	10	10	60	82	32	82	5	10	99	64	34	83	48	58	1	39	98	1	63	62	72	72	25	96	63	13	55	41	58	50	14	81	79	88	61	
83	8	21	96	56	90	69	98	72	57	44	35	71	90	99	67	23	23	20	78	5	66	50	82	17	91	79	16	50	2	23	3	76	84	61	42	25	33	43	76	
65	60	58	23	14	61	26	83	24	84	60	69	42	26	26	92	30	56	64	23	81	32	72	16	97	81	73	40	87	28	81	79	7	14	78	85	66	46	47	91	
55	45	15	33	72	1	21	21	53	52	4	70	41	38	66	80	42	3	76	13	50	41	98	21	49	16	77	23	11	95	4	25	65	79	47	31	92	13	35	7	
68	22	93	70	78	2	4	30	60	44	32	12	52	2	31	16	50	2	21	11	14	75	4	65	60	52	68	52	33	49	89	91	64	46	23	12	25	19	52	49	
62	89	48	13	63	4	34	78	79	48	73	1	23	61	27	49	1	17	33	12	57	60	25	15	36	45	78	59	95	1	53	72	14	13	77	19	88	5	82	27	
11	67	93	21	69	48	24	62	10	17	43	50	58	60	3	22	88	76	41	57	86	72	17	89	41	74	20	61	63	27	74	81	29	13	33	77	66	42	14	44	
66	82	43	37	66	29	3	56	35	38	86	21	79	71	22	37	26	28	17	94	59	56	25	61	23	77	42	52	12	62	87	84	7	36	26	66	41	9	29	66	
92	67	85	48	36	50	20	7	10	12	60	3	78	41	72	89	93	92	64	3	82	45	6	23	24	85	28	60	77	7	2	97	91	39	7	10	4	76	32	42	
90	56	82	95	55	97	73	90	45	29	40	64	44	38	1	55	72	32	31	64	2	93	65	1	66	69	11	53	10	31	49	34	24	79	63	10	57	2	5	88	
94	94	4	49	39	5	71	23	61	62	63	55	74	4	80	28	60	12	56	5	66	7	33	30	25	88	29	6	87	96	65	11	61	40	84	45	96	22	91	24	
58	53	95	34	86	38	32	31	25	59	95	64	67	15	16	27	65	81	49	75	78	88	73	85	78	51	9	17	26	79	3	6	89	71	47	26	63	58	22	63	
18	44	76	11	90	77	98	71	74	42	39	33	96	48	67	43	80	55	97	5	23	83	17	67	38	72	82	86	63	92	74	82	8	37	42	97	94	31	55	65	
39	46	61	21	41	8	6	16	16	18	65	27	61	52	17	59	45	99	8	97	76	32	34	45	67	48	31	57	24	27	28	59	5	58	20	8	45	67	67	36	
37	44	26	77	3	20	56	83	11	86	78	64	27	31	64	10	80	28	78	95	3	30	30	56	75	29	68	90	72	89	52	39	5	77	83	28	86	33	57	95	
91	55	93	21	71	10	49	38	36	64	14	98	39	21	44	12	11	2	2	90	22	99	80	60	88	1	42	26	39	52	14	99	3	18	97	29	98	51	95	90	
33	83	60	25	26	90	25	31	30	8	64	56	24	88	90	39	65	36	97	94	68	53	89	52	16	74	80	74	31	4	27	33	76	54	38	14	35	48	95	72	
11	65	42	62	41	11	45	13	20	45	43	36	63	25	20	63	62	15	77	70	23	79	89	28	81	79	63	78	25	14	51	46	85	85	68	12	69	85	23	25	
45	27	66	25	97	72	9	91	29	17	69	57	62	52	49	44	67	6	47	10	34	25	57	12	47	65	22	32	40	94	27	16	40	22	51	17	28	11	30	50	
63	49	80	3	69	62	91	50	64	16	93	73	85	28	47	81	45	91	26	77	13	85	76	31	14	7	75	42	92	73	30	2	68	67	84	97	96	15	25	14	
10	33	5	14	83	89	26	21	88	42	48	31	82	69	14	16	82	99	14	6	13	6	24	60	7	19	94	64	32	76	73	9	48	19	77	51	18	85	71	44	
41	80	4	99	77	20	2	17	69	56	34	93	93	66	96	93	96	37	75	47	92	79	86	8	32	74	3	81	57	8	27	20	28	62	52	18	58	76	22	84	
6	73	2	63	22	30	6	19	16	46	33	19	31	19	30	83	22	39	69	78	57	61	11	65	29	31	97	47	17	43	76	67	32	83	77	53	67	83	76	6	
98	59	20	80	32	56	91	15	86	91	57	92	53	68	9	52	84	18	90	74	79	85	88	18	94	62	15	75	83	29	7	75	40	79	33	56	13	16	80	77	
2	52	47	49	65	60	78	1	89	46	26	16	6	36	2	90	49	21	64	20	7	83	62	1	89	95	17	1	23	83	25	51	51	75	10	51	93	86	45	86	
1	25	44	10	85	88	79	39	57	11	72	52	54	75	81	5	55	89	58	90	45	14	73	17	27	58	14	78	26	9	9	32	29	54	32	26	45	4	6	21	
91	24	80	17	28	49	70	65	4	31	90	33	95	23	93	57	29	36	25	86	28	3	35	16	45	24	21	56	40	4	84	94	29	88	24	31	11	63	9	8	
60	76	94	60	24	89	76	56	63	83	99	9	50	58	62	65	76	11	86	22	61	76	39	19	55	74	35	91	71	90	44	12	5	74	93	30	10	59	31	99	