70
20
15	14	14	10	15	19	15	15	19	10	18	16	10	17	13	11	12	14	13	15	11	12	11	16	15	15	14	11	12	16	13	16	16	17	14	14	13	13	11	19	12	14	19	10	17	10	11	16	10	18	19	10	15	10	10	14	14	19	10	12	15	15	12	16	10	14	18	17	11	14	
0	0	0	77	0	0	0	0	0	0	0	0	0	0	77	77	0	0	0	0	
0	0	0	0	92	92	92	92	0	0	0	0	92	0	0	0	92	0	92	0	
29	29	0	0	29	0	29	29	0	29	0	29	29	29	29	0	0	0	0	29	
93	0	0	93	0	0	0	93	93	0	0	93	0	93	0	93	93	93	0	0	
0	0	0	0	0	77	0	77	0	0	77	0	0	0	0	77	77	0	77	77	
26	0	0	0	0	0	0	0	0	0	0	0	0	0	26	26	0	0	26	26	
0	0	65	0	65	0	0	65	65	65	0	0	65	0	0	0	65	0	0	0	
24	0	24	0	24	0	0	0	0	24	24	0	24	0	0	0	0	0	0	0	
0	0	90	90	90	0	0	90	90	90	0	0	0	90	0	0	0	0	0	0	
0	0	0	0	64	64	0	0	64	0	0	0	0	0	64	64	0	0	64	0	
0	0	68	0	0	0	0	0	0	0	68	0	68	0	0	68	0	0	0	68	
0	0	19	0	0	0	0	0	0	0	0	0	0	0	0	0	0	0	0	0	
26	0	0	0	0	0	0	0	0	0	26	0	0	0	0	0	0	0	0	0	
80	0	0	0	0	0	80	0	80	0	80	80	0	0	80	0	0	0	80	0	
0	0	31	0	31	0	0	31	0	0	31	31	31	0	0	0	31	0	0	0	
0	0	0	0	0	0	0	80	80	0	0	0	80	80	80	0	0	0	0	0	
0	0	36	0	0	0	36	0	36	36	36	36	0	0	0	36	0	0	0	36	
57	57	0	0	0	0	0	0	0	0	57	0	57	0	0	0	0	0	0	0	
0	0	0	0	0	0	0	0	14	0	14	0	14	0	0	0	0	0	14	0	
0	10	10	10	0	10	0	0	10	10	0	0	10	10	0	0	0	10	10	10	
0	87	0	0	0	0	87	0	87	0	0	0	87	0	87	0	0	0	0	87	
48	48	48	0	0	48	0	0	0	0	0	0	0	0	48	0	0	48	0	48	
15	15	0	0	15	0	0	0	0	0	0	15	0	0	0	0	15	0	0	0	
0	0	0	0	0	0	53	0	0	0	0	0	53	0	0	0	53	0	53	0	
0	0	42	0	0	42	42	0	0	42	0	42	0	0	0	0	0	42	42	0	
0	0	0	0	0	0	0	0	0	0	0	0	10	0	10	0	0	0	0	10	
0	33	0	0	33	33	0	33	0	0	0	0	33	0	0	33	0	33	0	0	
0	0	0	0	0	0	0	51	51	0	0	0	51	51	51	0	0	0	51	51	
0	0	87	87	87	0	0	87	0	87	87	0	0	0	0	0	0	0	0	0	
49	0	0	0	0	49	49	0	49	0	49	0	49	0	0	0	49	0	0	49	
0	0	0	98	98	0	98	98	0	0	98	0	98	0	98	98	98	98	98	0	
0	0	34	0	0	0	0	0	0	0	34	34	0	0	0	34	34	34	34	0	
0	60	0	0	60	60	0	0	60	0	60	60	0	0	60	0	0	0	0	0	
0	0	0	0	0	0	70	0	0	0	70	0	70	70	0	0	0	0	0	70	
0	0	60	0	60	60	0	0	0	0	0	0	0	0	0	0	60	60	0	0	
33	0	33	0	0	0	33	33	33	33	0	0	0	0	0	33	33	0	0	0	
53	0	0	0	0	53	0	0	0	0	53	0	0	0	0	53	53	0	0	0	
0	0	0	56	0	56	0	56	0	0	0	0	56	56	56	56	0	0	0	0	
80	80	0	0	0	80	0	0	0	80	0	80	0	0	0	0	0	80	0	80	
18	0	0	18	0	0	18	0	0	0	18	0	0	0	0	0	0	0	0	0	
0	0	74	0	0	0	0	0	74	0	0	74	0	74	0	0	0	74	0	0	
0	0	0	0	0	91	0	91	0	0	0	0	0	0	91	0	0	91	0	0	
0	75	75	75	0	0	0	0	0	75	0	0	0	0	0	0	0	0	0	0	
61	61	0	0	0	61	0	0	61	61	0	0	0	0	0	0	0	61	0	0	
88	0	0	0	0	0	0	88	88	88	88	88	88	0	88	0	0	0	0	88	
0	17	17	0	17	17	0	17	17	0	0	0	0	0	0	17	17	0	0	0	
26	26	26	0	0	26	0	0	26	26	0	0	0	26	26	26	26	0	0	26	
0	0	81	0	0	0	0	81	81	0	81	0	81	0	0	0	0	0	0	0	
0	0	0	0	0	0	0	0	0	0	0	0	51	0	51	0	0	0	51	0	
0	0	0	0	0	0	0	0	32	0	0	32	0	32	0	0	0	32	0	32	
94	94	0	0	94	0	0	0	0	0	0	94	94	0	0	0	94	94	0	0	
0	28	28	0	0	0	0	0	28	0	0	28	0	28	28	28	0	0	0	28	
0	0	0	0	0	45	45	45	0	0	0	0	0	0	45	0	0	0	45	0	
0	0	66	0	0	66	66	0	0	66	0	0	0	0	0	0	0	0	0	0	
0	0	0	80	0	0	0	80	0	0	80	0	0	0	80	0	80	0	0	80	
66	66	66	0	66	0	0	0	0	0	0	0	66	0	66	0	0	0	0	0	
0	0	37	0	0	0	0	0	37	0	0	0	37	0	0	0	37	37	0	37	
0	0	0	0	27	0	0	0	0	0	0	0	0	27	27	0	0	0	0	0	
0	0	0	0	82	82	82	0	0	82	0	82	82	0	0	0	82	82	82	82	
57	0	0	0	0	0	57	57	0	0	0	0	0	0	57	0	0	0	0	57	
77	0	77	0	0	0	0	77	0	0	0	0	0	0	77	0	77	0	0	0	
0	0	39	0	39	39	39	0	0	0	0	0	0	39	0	0	39	0	39	0	
0	62	62	62	62	62	0	62	0	0	0	62	62	62	0	0	0	0	0	0	
34	34	34	34	0	0	0	0	34	0	0	34	0	0	34	0	0	34	34	0	
0	0	20	20	0	20	0	0	20	20	0	0	20	20	0	0	20	0	0	0	
54	0	54	0	0	0	0	0	54	54	0	0	0	0	0	0	0	0	54	54	
53	0	0	0	0	0	0	0	0	0	0	0	0	0	0	0	53	53	0	53	
0	0	0	0	0	0	0	30	30	0	0	0	0	0	0	30	0	30	0	0	
47	47	47	0	47	47	0	0	0	0	47	47	0	0	0	0	0	0	0	0	
0	0	66	0	0	0	0	0	0	0	0	0	0	0	66	66	0	0	0	66	
58	58	0	0	58	0	0	0	0	58	0	58	0	0	58	0	58	0	0	0	
0	0	0	21	0	21	21	0	0	0	0	0	0	0	0	0	0	0	21	0	
0	0	0	0	34	0	0	0	0	0	0	34	34	34	0	0	0	0	0	34	
0	0	0	0	0	68	0	0	68	0	0	68	0	0	0	0	0	0	0	0	
0	0	0	0	0	0	0	0	0	12	0	12	12	0	0	0	12	0	12	0	
0	0	0	0	0	0	0	62	0	0	0	0	0	62	0	0	0	0	0	0	
35	0	0	0	35	0	35	0	0	0	35	0	35	0	0	35	35	0	0	0	
0	22	22	0	22	0	22	0	22	0	0	0	0	0	0	22	0	0	0	0	
0	0	0	95	0	0	95	0	0	0	0	0	0	0	0	95	95	95	0	0	
0	0	0	33	0	0	0	0	0	0	33	0	0	0	0	0	0	0	0	0	
29	0	0	0	29	29	0	0	0	0	0	0	0	29	0	0	0	0	0	0	
0	0	30	30	0	0	30	0	30	0	0	30	0	0	0	0	30	30	30	0	
0	0	0	0	33	33	0	33	0	33	0	33	0	0	0	33	0	0	0	33	
20	20	0	0	0	20	0	0	0	20	20	0	0	0	0	0	20	0	0	0	
36	0	36	0	0	36	0	0	0	0	0	36	36	0	36	0	0	36	0	0	
0	0	0	11	0	0	0	0	11	0	0	0	0	0	0	11	0	11	0	11	
0	56	0	0	0	0	56	0	0	0	56	0	0	0	0	56	0	0	0	0	
0	0	0	0	0	0	0	0	0	15	15	15	0	0	0	0	15	15	0	0	
0	47	47	0	47	0	47	0	0	47	0	0	47	0	0	47	47	47	0	0	
0	58	58	0	0	0	58	0	0	0	0	58	0	0	0	58	0	0	58	0	
26	0	0	0	26	0	0	0	26	0	0	0	26	0	0	0	26	26	0	0	
0	0	0	0	30	0	0	0	0	0	30	0	30	0	0	0	30	30	30	0	
0	0	90	0	0	90	90	0	90	0	90	0	0	0	0	0	0	90	0	90	
0	0	0	0	0	0	0	0	76	76	0	0	0	76	0	0	0	76	76	76	
0	38	0	38	0	38	38	0	38	0	0	38	38	0	38	0	38	0	38	0	
94	0	0	0	0	94	94	0	94	0	94	0	0	94	0	0	94	94	94	0	
0	0	0	44	0	0	44	0	0	0	0	0	0	0	44	0	0	0	0	0	
60	0	0	60	60	60	0	0	0	60	60	0	0	0	60	0	0	0	0	60	
0	0	0	0	0	0	30	0	30	30	30	0	0	0	30	0	0	30	30	30	
0	0	0	0	79	0	0	0	0	0	79	0	0	0	0	0	79	0	0	0	
0	0	0	0	0	56	0	56	0	56	0	0	0	0	0	56	0	56	0	0	
0	0	0	86	0	86	0	0	86	0	0	86	0	86	86	0	0	0	86	0	
0	0	0	0	0	94	0	94	94	0	0	0	0	0	0	94	0	0	0	0	
0	17	0	17	0	0	0	17	17	0	0	0	17	0	17	17	17	17	0	0	
0	0	80	0	0	0	0	0	0	80	80	0	0	0	80	0	0	0	0	80	
37	0	0	0	0	0	37	0	0	0	0	37	0	0	0	0	37	0	0	37	
0	0	63	63	63	0	0	63	0	63	0	63	0	0	0	63	63	0	0	0	
0	0	0	0	0	86	0	0	86	0	86	0	86	0	0	86	86	0	0	0	
49	49	49	0	0	0	0	0	49	49	0	49	0	0	0	0	49	0	49	0	
64	0	64	64	0	0	64	0	0	64	0	0	0	0	0	64	64	64	0	0	
58	0	0	0	0	0	0	58	0	58	0	0	0	58	58	0	0	0	0	58	
0	0	0	0	55	0	0	0	0	0	0	55	0	0	0	0	0	0	0	0	
59	0	59	0	0	0	0	0	0	0	0	59	0	0	0	0	0	59	0	0	
80	80	0	0	0	0	80	80	0	0	0	0	0	0	0	0	0	80	0	0	
50	0	0	50	50	0	0	0	0	50	0	0	0	50	0	0	50	50	50	0	
0	0	0	63	0	0	0	63	63	0	63	63	0	0	0	0	63	0	0	0	
83	0	83	0	83	83	0	0	0	83	0	0	83	83	83	83	0	0	83	83	
51	0	0	0	0	51	0	0	0	0	0	0	0	51	0	51	51	0	0	51	
0	0	0	0	80	0	0	80	0	0	80	0	0	0	0	80	80	0	80	0	
47	0	0	47	47	47	0	0	0	0	0	0	0	47	0	0	0	0	47	0	
0	62	62	0	62	0	0	62	0	0	0	0	0	0	0	0	62	62	62	62	
0	0	23	23	0	0	0	0	0	0	23	0	0	0	23	0	23	0	0	23	
0	0	0	0	0	74	0	0	0	0	0	74	0	74	0	74	0	0	0	74	
0	0	0	0	0	0	91	0	0	0	0	91	91	0	0	0	0	0	0	91	
0	0	0	0	0	46	0	0	0	0	0	0	46	0	0	0	0	46	0	0	
0	48	0	0	0	0	0	0	0	0	0	48	0	0	48	0	48	0	0	48	
0	0	0	0	0	0	0	0	0	0	0	0	0	0	0	0	0	0	79	0	
0	96	0	0	0	96	0	0	0	0	0	0	96	0	96	0	0	0	0	96	
0	0	0	85	85	85	85	0	0	0	0	0	0	0	0	0	85	0	85	85	
86	0	0	0	0	0	0	86	0	86	0	0	86	0	86	0	86	86	0	0	
0	0	78	78	78	0	0	78	78	0	78	78	0	0	0	0	78	0	0	78	
0	0	0	0	0	0	0	0	0	0	0	0	14	0	0	0	0	0	14	0	
0	93	0	0	0	93	0	0	0	0	0	93	93	93	0	0	0	0	0	0	
0	0	0	0	0	0	0	51	51	51	0	51	0	0	0	51	0	0	0	0	
0	0	0	88	0	88	0	0	0	0	0	0	0	88	0	0	88	0	0	0	
16	0	16	0	16	16	0	0	0	16	0	0	0	0	0	16	16	0	0	0	
0	0	0	0	73	73	0	0	73	0	73	73	0	73	73	73	0	0	0	73	
19	0	0	0	19	0	0	0	0	0	0	19	19	19	0	0	0	0	0	19	
0	74	0	0	0	74	0	0	0	0	0	0	74	0	74	74	0	0	0	0	
0	0	66	0	66	0	0	0	0	0	66	66	0	66	66	66	0	0	66	66	
0	0	79	0	79	0	0	0	0	0	0	79	0	0	0	0	0	0	79	0	
53	53	0	0	53	0	0	0	53	0	0	53	0	0	53	53	0	0	53	0	
0	0	0	0	29	0	0	0	0	29	0	0	29	0	0	0	0	0	0	0	
0	0	0	0	33	0	33	0	0	33	33	0	0	0	0	0	0	0	0	0	
0	0	0	0	0	26	0	0	0	26	26	0	0	0	0	0	0	0	0	0	
0	0	0	0	0	91	0	91	0	0	91	91	91	0	0	0	0	91	91	0	
0	11	11	0	11	0	11	0	0	0	11	11	11	0	0	11	0	11	0	11	
11	0	11	0	0	11	0	0	0	0	0	11	0	0	11	0	0	0	11	11	
0	0	0	0	0	0	0	87	87	0	87	0	0	87	87	0	0	0	0	0	
0	0	14	0	0	14	0	0	0	0	14	14	0	0	0	0	14	14	0	14	
0	0	0	0	0	0	32	32	32	0	32	0	0	32	0	32	0	0	0	32	
0	25	0	0	0	25	25	0	25	25	0	0	0	25	25	0	25	0	0	0	
0	0	0	0	27	0	27	0	27	0	0	0	0	27	27	0	0	0	0	0	
0	0	0	47	0	47	0	0	0	0	0	0	0	0	0	0	0	0	0	0	
87	0	0	87	87	87	0	0	0	0	87	87	0	0	87	0	0	0	87	0	
29	0	0	0	0	0	0	0	0	0	0	0	0	0	0	0	0	29	0	0	
0	42	0	0	0	0	0	0	0	0	0	0	0	42	0	0	0	0	0	0	
34	0	0	34	0	0	0	0	34	34	0	0	34	0	34	34	0	34	34	0	
51	0	0	0	0	0	0	0	0	51	0	0	0	0	51	51	51	51	0	51	
78	0	0	78	0	78	0	0	0	78	0	0	0	0	0	0	78	0	0	0	
0	0	0	0	83	0	0	0	0	83	0	83	0	0	83	83	0	0	0	83	
0	0	0	0	0	0	0	0	0	0	85	85	0	85	85	85	0	85	0	0	
0	0	33	0	0	0	33	0	33	0	0	0	0	0	33	0	0	33	33	0	
0	0	0	0	0	0	0	0	0	0	17	17	0	0	0	0	0	0	17	0	
52	0	0	0	0	0	0	0	0	52	0	0	0	52	52	0	0	0	0	0	
73	73	0	0	0	73	73	0	0	0	0	0	73	73	73	0	0	73	0	0	
0	15	15	0	0	0	0	0	0	0	0	0	15	0	0	15	0	0	15	0	
0	0	0	0	0	83	0	0	0	0	0	83	0	0	83	0	0	0	0	83	
0	0	0	0	0	46	0	0	46	0	0	0	46	0	0	0	46	0	0	46	
0	0	0	0	0	0	98	0	0	98	0	0	0	98	0	0	0	0	0	0	
0	64	64	0	64	0	0	0	64	64	0	0	0	64	0	0	64	64	0	0	
0	87	87	87	0	0	0	87	0	87	0	87	87	0	0	87	87	0	0	0	
0	0	0	0	53	53	0	53	0	0	53	0	0	0	53	0	0	53	53	53	
0	0	17	0	0	0	0	0	17	0	0	17	0	0	0	17	0	0	17	17	
0	0	22	0	0	22	0	0	22	0	22	0	22	22	0	0	0	0	22	22	
28	0	28	0	28	0	28	0	0	0	28	0	0	0	28	28	28	0	0	0	
0	31	0	0	0	0	0	31	0	0	0	0	31	0	0	0	0	0	0	0	
0	67	0	0	0	0	0	0	0	67	0	0	0	67	0	0	0	0	0	0	
0	37	37	0	0	0	37	0	0	0	0	37	0	0	0	0	37	0	0	0	
79	0	0	79	79	0	0	0	79	79	79	0	0	0	0	79	79	0	0	0	
0	0	0	0	93	0	0	93	0	0	93	0	93	0	93	0	93	0	0	93	
0	30	0	30	30	30	0	0	0	0	0	0	0	30	0	30	0	30	0	0	
0	0	0	20	0	20	0	0	0	0	0	0	20	0	0	20	20	20	0	0	
0	96	96	0	96	96	0	0	0	96	0	96	96	0	96	96	0	0	0	0	
0	0	0	39	0	39	0	0	39	39	0	39	0	39	0	39	0	0	0	0	
18	0	0	18	0	0	0	0	18	0	0	18	18	0	18	18	0	0	0	0	
0	0	0	0	0	0	0	0	0	0	31	31	0	0	31	0	0	0	0	0	
0	0	0	0	94	0	94	94	0	0	0	0	94	0	0	94	94	94	94	0	
12	12	0	0	0	0	0	12	0	12	12	12	0	12	0	12	12	0	12	12	
0	0	0	0	0	0	0	0	0	44	0	44	0	44	0	44	0	0	0	0	
0	68	0	68	0	0	68	68	0	0	0	0	68	0	0	68	0	0	68	0	
90	90	0	0	0	0	0	90	0	0	0	0	0	0	0	90	0	0	0	0	
0	0	0	0	0	0	0	0	42	0	42	0	42	0	42	0	0	42	42	0	
0	0	0	0	47	0	0	0	0	0	47	47	0	0	47	0	0	0	0	47	
0	0	74	0	0	0	74	0	74	74	0	74	74	74	0	0	0	0	0	74	
0	0	0	19	19	0	0	0	0	19	0	0	0	19	0	0	19	0	0	19	
72	0	0	0	72	0	0	72	0	72	0	72	0	0	72	0	72	72	0	0	
0	0	70	0	0	0	0	70	0	0	0	0	0	0	70	0	0	70	0	0	
0	0	0	98	0	0	0	98	0	0	98	0	98	98	0	98	98	98	98	0	
42	42	0	0	42	0	0	0	42	0	0	0	0	0	0	42	0	0	0	0	
0	29	29	0	29	29	29	0	0	0	0	0	0	0	0	29	0	29	29	0	
0	0	0	49	0	49	0	0	0	49	0	0	49	0	0	0	0	0	0	49	
26	0	26	0	26	0	0	0	0	26	0	26	0	0	0	26	26	26	0	0	
0	0	0	0	0	0	0	0	39	0	0	39	0	39	0	0	0	39	0	0	
0	0	10	0	0	10	0	0	0	10	10	0	0	0	10	0	10	0	10	0	
0	0	0	0	96	0	96	0	0	0	0	0	0	0	0	0	96	0	0	0	
43	0	0	43	43	0	0	43	0	0	0	0	0	0	0	0	43	0	43	0	
31	0	0	0	0	31	31	0	31	0	31	31	0	0	0	0	0	0	31	0	
0	0	87	0	0	0	0	0	0	0	0	0	87	87	87	0	0	87	0	0	
0	0	0	0	20	20	0	0	0	0	0	0	0	0	20	20	0	0	20	0	
0	33	0	0	33	33	33	0	0	33	0	0	0	0	0	0	33	33	0	0	
0	0	60	60	0	0	0	0	60	0	0	0	0	60	60	0	0	60	60	0	
0	0	0	0	0	0	0	98	0	0	0	0	0	0	0	0	98	0	98	98	
84	84	0	0	0	0	0	0	0	0	0	0	0	84	0	84	0	84	0	0	
66	0	66	0	0	0	0	0	66	0	0	0	0	66	0	66	0	66	66	0	
0	62	0	0	0	62	0	0	0	62	0	62	0	0	0	62	0	62	62	62	
98	0	98	98	0	0	0	98	0	0	0	0	0	98	0	0	98	0	0	0	
0	0	49	0	0	0	0	0	49	0	0	49	0	0	0	0	0	0	0	0	
0	0	0	0	0	49	0	0	0	49	49	0	0	0	49	0	0	49	49	0	
0	0	0	39	0	0	39	0	39	0	39	0	0	0	0	0	0	39	0	0	
0	39	0	0	39	39	39	0	39	0	0	39	0	0	39	0	0	0	0	39	
0	0	0	0	42	0	0	42	0	0	0	0	0	0	0	0	42	0	0	0	
0	0	89	0	0	89	89	0	0	0	0	0	89	0	0	89	89	0	0	89	
0	0	80	0	0	0	80	0	0	0	80	0	0	0	80	0	0	0	80	80	
65	0	0	0	0	65	0	0	65	0	0	0	0	0	65	0	0	0	0	65	
0	11	11	0	0	11	0	11	0	11	0	0	0	0	0	0	0	11	0	0	
0	0	0	0	0	0	0	0	0	0	86	0	0	0	86	0	0	0	0	86	
0	0	0	0	0	0	38	0	0	0	0	0	0	0	38	38	38	38	0	0	
0	76	0	0	76	76	0	0	0	76	0	0	0	76	76	76	76	76	0	0	
0	15	15	0	0	0	15	15	0	0	0	15	15	0	0	0	0	15	15	15	
0	37	0	37	37	0	0	0	0	0	37	37	0	0	0	0	0	37	0	37	
0	19	19	0	0	0	19	0	19	0	0	0	19	0	0	19	19	19	19	0	
57	57	57	0	0	0	0	57	57	0	57	57	57	0	57	0	0	0	0	0	
0	0	89	89	0	0	0	0	0	0	0	89	0	0	0	0	89	0	89	0	
74	74	0	0	0	74	0	0	0	0	0	0	0	0	0	0	0	74	0	0	
0	0	0	0	95	95	95	0	0	0	0	0	95	0	0	0	95	0	0	0	
0	97	0	0	0	0	0	97	0	0	0	0	0	97	0	97	0	97	0	0	
0	0	0	19	0	0	19	0	0	19	19	0	0	19	19	19	0	0	0	0	
27	27	0	0	0	27	0	27	27	0	0	27	0	0	0	27	27	0	27	0	
86	86	86	86	0	0	0	0	86	86	0	86	86	0	0	86	0	0	0	0	
17	17	0	0	0	0	0	0	17	0	0	17	0	0	0	0	0	0	17	17	
0	0	0	0	0	72	72	0	0	72	0	0	72	72	72	0	72	0	72	0	
0	0	34	34	0	34	0	34	0	0	0	0	34	0	0	0	0	0	0	0	
0	0	0	0	0	42	42	42	42	0	0	0	0	0	42	0	0	0	42	0	
0	0	0	0	84	0	0	0	84	0	84	0	84	0	0	0	84	84	0	0	
97	97	0	0	97	0	97	97	97	0	97	97	97	0	0	0	0	0	0	0	
36	0	0	0	0	0	0	0	0	0	0	0	0	0	0	0	36	0	36	0	
0	0	0	0	92	0	0	0	0	0	0	0	92	0	92	92	0	0	0	0	
0	10	0	0	10	0	10	10	0	10	0	0	0	0	10	0	10	10	0	0	
65	0	0	0	65	0	0	0	0	65	0	0	0	0	65	0	0	65	65	0	
0	0	0	0	0	0	0	95	95	0	95	0	0	0	0	0	95	95	0	0	
0	0	0	0	0	0	0	63	63	0	0	0	0	0	0	0	63	63	0	0	
0	0	22	0	22	0	22	0	0	0	22	22	0	22	0	0	22	0	0	0	
0	89	89	0	0	0	0	0	0	0	0	89	0	0	0	0	0	0	0	0	
0	0	53	0	0	0	0	0	53	0	53	0	0	53	53	0	0	53	0	0	
0	0	0	0	0	0	0	0	0	24	24	0	0	0	0	0	24	0	0	0	
0	66	0	0	0	0	66	66	0	0	0	66	0	66	66	0	66	0	0	66	
0	0	0	0	0	0	95	0	0	95	0	0	0	0	95	0	0	0	95	95	
0	0	36	0	36	0	36	36	0	0	0	36	36	0	0	0	36	0	0	0	
0	68	0	0	68	68	0	0	68	0	0	0	0	0	68	68	0	0	0	68	
0	61	61	0	0	0	0	0	61	0	61	0	0	0	0	0	61	61	0	0	
0	0	0	17	17	0	0	0	0	0	17	17	17	17	0	17	0	0	17	0	
0	0	0	0	0	93	0	93	93	0	93	0	0	0	0	0	0	0	93	0	
0	0	0	0	0	0	0	0	0	0	0	0	59	0	0	0	59	0	0	59	
0	0	11	0	0	0	0	11	0	11	0	11	11	11	11	0	0	0	0	11	
23	23	0	0	0	0	0	0	0	0	0	0	0	0	23	23	0	0	23	0	
0	0	0	0	0	0	0	0	92	0	0	0	0	0	0	0	92	0	92	0	
0	0	0	0	0	23	23	0	0	23	23	0	23	23	23	23	0	23	0	23	
0	75	0	0	0	0	0	75	0	75	0	0	0	0	75	0	75	0	0	75	
18	0	0	0	18	0	0	0	18	0	0	0	0	0	18	0	0	0	0	18	
36	36	0	0	0	0	0	0	0	0	0	0	0	0	0	36	0	0	0	36	
0	36	0	0	36	0	0	36	0	0	0	0	36	0	0	36	0	0	0	0	
0	0	0	0	0	0	0	0	0	0	0	0	63	0	63	0	0	0	0	63	
0	0	0	0	0	0	14	0	0	14	0	14	14	0	0	0	0	0	0	0	
0	0	0	0	79	79	0	79	0	0	79	0	0	79	0	79	79	0	0	0	
0	0	0	0	24	0	24	0	24	0	0	24	0	24	0	24	0	24	0	24	
87	0	0	0	0	87	0	0	87	0	0	0	0	87	0	87	0	87	87	87	
0	0	14	0	0	0	14	0	0	0	0	0	0	0	0	14	14	0	14	14	
0	0	29	29	0	0	29	0	29	0	0	0	0	29	29	0	0	0	0	29	
0	0	0	49	0	0	0	0	49	49	0	49	49	0	49	0	0	49	49	0	
0	0	0	0	0	80	0	80	0	0	0	0	0	80	80	0	0	0	0	0	
0	0	0	0	56	0	0	0	0	0	56	0	0	56	0	56	0	0	0	0	
0	0	58	58	58	58	58	0	58	0	0	58	0	0	0	0	0	0	58	58	
0	34	34	0	0	0	0	0	34	34	0	0	0	0	0	0	0	34	0	0	
72	72	0	0	0	72	72	0	0	0	72	72	72	0	72	72	0	0	0	72	
92	0	92	0	92	92	0	0	0	0	92	0	0	0	0	0	0	92	0	0	
35	35	35	0	0	0	0	35	0	0	0	0	35	0	0	0	0	0	35	0	
80	0	0	80	80	80	80	0	0	80	0	80	0	0	0	0	80	0	80	0	
0	0	65	0	0	0	0	65	0	65	0	65	65	65	0	0	0	0	65	65	
0	58	58	0	0	0	58	58	58	0	0	0	58	58	0	58	0	58	0	58	
90	0	90	0	90	0	0	0	0	90	0	0	90	90	0	90	0	0	0	90	
0	0	0	0	42	0	42	0	0	0	42	0	42	42	0	0	42	0	42	0	
0	29	29	29	29	0	0	29	0	29	29	0	0	0	29	0	0	0	0	0	
0	0	12	0	0	0	0	0	0	12	0	12	0	12	0	12	0	0	0	0	
0	0	35	35	0	0	35	0	35	0	0	0	0	0	0	0	0	0	35	0	
0	0	0	0	60	60	0	60	60	60	0	0	60	60	60	60	0	0	60	60	
0	98	98	98	0	0	0	0	98	0	0	0	0	0	0	0	0	0	98	98	
69	0	0	69	0	0	0	69	69	0	69	0	69	0	0	0	0	69	0	0	
0	0	0	0	0	0	73	0	73	73	0	0	0	0	73	0	0	0	0	73	
0	0	0	0	0	0	95	95	0	0	0	0	0	95	0	0	0	0	0	0	
10	0	0	10	0	10	10	10	0	0	0	10	0	0	10	0	10	0	0	0	
45	0	45	0	0	0	0	0	0	45	0	45	45	45	45	0	0	0	45	45	
97	0	97	0	97	0	97	0	0	0	0	97	0	0	0	0	0	0	0	97	
63	0	0	63	0	63	0	0	63	0	63	0	0	63	0	63	0	0	0	63	
0	0	0	0	14	14	0	14	0	14	0	0	0	0	0	0	0	0	14	0	
60	0	0	60	0	0	0	0	0	0	0	0	60	0	0	0	0	60	0	0	
0	21	21	0	0	0	21	0	0	0	0	21	21	21	0	0	0	0	21	21	
0	10	0	0	0	0	0	0	0	0	0	0	0	10	10	0	10	10	0	0	
0	0	93	0	0	93	0	0	0	0	0	93	0	93	93	0	0	0	93	0	
0	0	0	0	0	0	0	64	64	0	0	64	0	64	64	0	0	0	0	0	
51	51	51	0	0	0	0	0	0	0	0	0	0	0	0	0	0	0	51	0	
0	45	0	45	0	0	0	0	0	45	0	45	0	0	0	0	45	0	0	45	
0	0	0	79	79	0	0	0	0	79	0	0	0	79	0	0	0	0	0	0	
0	0	0	0	89	0	0	0	89	0	0	89	89	0	0	89	0	0	0	0	
0	63	63	0	63	0	0	63	63	0	0	0	63	0	0	63	0	0	0	63	
0	0	0	0	40	0	40	0	40	0	40	40	0	0	0	40	0	0	0	40	
0	0	0	0	12	0	0	0	0	12	0	12	0	0	0	0	0	12	0	0	
53	0	0	53	0	0	53	53	0	0	0	0	0	53	0	0	53	0	0	53	
0	0	48	48	0	0	48	0	48	48	0	0	48	0	0	48	0	0	48	0	
0	0	77	77	0	77	77	0	0	0	77	0	77	77	0	0	0	0	0	0	
0	74	0	0	0	0	0	0	74	0	0	0	74	74	0	0	74	0	0	0	
0	74	0	74	0	0	0	0	0	0	0	0	0	74	0	0	0	0	0	74	
0	98	0	98	0	98	98	98	0	0	98	0	98	98	0	0	0	0	0	98	
0	0	0	70	0	0	0	0	70	0	70	0	0	0	0	70	0	0	0	0	
0	0	0	40	0	40	0	40	0	0	0	0	40	40	0	0	40	40	0	0	
0	0	69	69	69	69	0	0	0	69	0	69	0	0	0	69	0	0	0	0	
0	41	0	0	41	0	0	0	41	41	0	0	0	0	0	0	0	0	0	0	
97	0	0	0	0	0	97	0	97	0	97	0	0	97	97	0	0	0	0	0	
90	0	90	90	0	0	90	90	0	0	0	0	0	0	0	0	90	0	0	0	
0	0	0	0	0	0	47	47	0	0	47	0	0	0	0	0	0	0	0	0	
30	0	0	30	30	0	0	30	30	0	30	30	0	0	0	30	0	30	0	0	
0	82	0	0	0	0	82	82	0	82	0	0	82	0	0	0	0	82	0	0	
0	0	0	0	0	56	0	0	56	56	56	0	0	56	0	0	56	0	0	0	
0	0	0	89	0	89	0	89	89	0	0	89	0	89	89	89	0	89	0	89	
72	72	72	0	0	0	0	0	0	0	0	0	72	72	0	0	0	0	0	0	
0	44	0	44	44	0	44	0	0	0	0	0	0	0	0	44	0	0	0	0	
0	0	0	0	0	0	0	71	0	71	0	71	71	71	0	0	0	0	0	0	
0	0	0	0	0	0	30	30	0	0	30	0	30	0	0	0	0	30	30	30	
0	0	0	69	0	69	0	0	69	0	0	69	0	0	69	0	0	0	0	69	
0	25	0	25	0	0	0	0	0	0	0	25	25	0	0	25	0	25	0	25	
0	0	0	0	0	0	0	0	0	0	12	0	12	0	0	12	12	0	0	0	
65	0	0	0	65	0	0	0	0	0	0	0	65	65	0	65	0	0	0	0	
0	0	0	87	0	0	87	0	0	87	0	0	0	87	87	0	0	0	0	0	
90	90	0	90	0	0	0	0	90	90	0	90	0	90	0	0	0	0	0	0	
47	0	0	0	47	0	0	47	0	47	47	47	0	0	47	47	0	0	0	0	
44	0	0	0	44	0	0	0	0	0	0	0	0	0	0	0	0	44	0	44	
0	0	20	20	0	0	0	0	20	0	0	20	0	20	0	0	20	0	0	0	
0	75	0	0	75	0	0	0	75	75	0	0	75	0	75	75	0	0	75	0	
35	0	35	0	0	0	0	0	0	0	0	0	0	35	0	35	0	35	35	0	
42	42	0	0	0	0	0	0	42	42	42	0	0	0	0	42	0	42	0	0	
0	33	0	0	0	0	33	33	0	0	0	0	0	33	0	33	0	0	33	0	
0	77	77	0	77	0	0	0	0	77	0	77	0	0	0	0	0	0	0	77	
0	0	60	0	0	0	0	0	0	0	0	0	60	0	0	60	0	0	0	0	
0	0	0	0	0	0	0	36	0	0	36	0	0	0	0	0	0	0	36	36	
0	0	0	17	0	0	0	0	17	17	0	17	0	0	0	17	17	0	17	0	
76	76	0	0	76	0	0	76	0	0	0	0	76	76	76	0	76	0	0	0	
98	0	0	98	0	98	0	0	0	98	0	0	0	0	0	0	0	0	98	0	
18	0	18	0	0	18	0	0	0	0	18	0	0	18	0	0	0	18	0	18	
48	48	0	0	0	48	0	0	48	0	0	48	0	0	0	0	0	48	48	0	
0	0	0	0	93	93	0	93	0	0	0	0	0	0	0	0	0	93	0	93	
0	0	0	48	0	48	0	48	0	0	48	0	0	0	48	0	0	0	0	0	
0	0	0	0	0	0	0	0	0	0	0	0	75	0	0	75	0	0	0	0	
0	0	0	0	0	0	76	0	0	76	0	76	76	76	0	76	0	0	76	0	
0	0	26	26	0	0	26	0	0	0	0	0	0	0	0	26	0	0	0	0	
0	0	24	24	24	24	0	0	0	0	0	0	0	0	0	0	0	24	0	24	
0	0	33	33	0	0	33	33	0	0	0	0	0	0	33	33	0	0	0	33	
0	0	97	0	97	0	97	0	97	0	0	97	0	0	0	0	0	0	0	97	
0	0	0	16	16	0	0	16	0	0	0	0	16	0	0	0	0	0	0	0	
63	0	63	0	0	0	0	63	0	63	0	63	0	0	63	0	0	0	0	0	
0	0	36	0	0	0	0	0	0	0	0	0	0	0	0	0	0	0	0	0	
71	0	0	0	0	71	0	0	71	0	71	71	0	0	0	0	71	0	0	71	
64	0	64	0	0	0	0	0	0	64	0	0	0	0	64	0	0	64	0	0	
0	0	29	0	0	0	29	0	29	0	0	0	0	0	0	0	0	29	29	0	
14	0	0	0	0	14	0	0	0	0	0	0	0	0	0	0	14	0	0	0	
0	0	59	0	0	0	0	59	0	59	0	0	0	0	59	0	59	0	0	59	
30	0	30	30	0	0	0	0	0	0	30	30	0	30	0	0	30	30	0	0	
0	0	30	0	30	0	0	0	0	0	0	0	30	0	0	0	30	0	0	0	
0	0	43	0	0	0	43	0	0	0	43	0	0	0	0	0	0	43	0	43	
0	0	0	37	0	37	0	37	37	37	37	0	0	0	0	37	0	0	0	0	
0	0	0	60	60	0	0	0	0	60	0	0	60	60	0	0	0	60	0	0	
40	40	0	40	40	40	40	0	0	40	0	0	0	0	0	40	0	0	0	40	
0	0	0	95	0	0	0	0	0	95	95	95	95	95	0	95	0	0	95	0	
0	0	0	0	56	56	0	0	56	0	0	0	0	0	0	56	0	0	0	0	
0	95	95	0	95	0	95	0	0	95	95	0	95	0	0	0	0	0	0	95	
0	0	0	0	0	49	0	0	49	0	0	0	0	49	49	0	0	0	49	49	
58	0	0	0	0	0	0	0	0	58	0	0	0	0	0	0	58	0	0	58	
0	0	0	0	0	51	0	0	0	0	0	0	0	0	0	51	51	0	51	0	
95	95	0	0	0	0	0	0	95	0	0	0	0	0	95	0	0	0	0	0	
0	0	0	0	0	0	59	0	59	59	0	59	0	0	59	59	0	0	59	0	
0	76	0	0	0	0	0	76	76	76	0	0	0	76	0	0	0	0	0	0	
0	0	50	50	0	0	0	0	0	0	0	0	0	0	0	0	50	50	0	0	
0	0	0	0	0	0	0	0	98	98	0	0	0	98	98	98	98	0	0	0	
0	0	0	0	17	17	0	0	0	17	0	17	17	0	0	17	0	0	17	0	
0	21	0	21	0	21	21	0	21	0	21	0	21	0	0	0	21	21	0	0	
0	0	0	0	0	72	72	0	0	0	72	72	0	72	0	0	0	72	72	0	
0	0	45	0	0	45	45	0	0	45	0	0	0	45	0	0	0	45	0	0	
0	0	0	0	0	75	0	0	75	0	0	0	75	75	75	0	0	0	0	0	
0	0	0	0	0	0	0	0	72	0	0	0	0	0	0	72	0	0	0	0	
0	0	0	13	0	0	0	13	13	13	13	0	0	0	13	0	0	13	13	0	
19	19	0	0	0	0	0	19	0	19	0	0	0	19	19	0	0	19	19	19	
0	0	0	0	0	0	0	66	0	66	0	66	0	0	0	0	66	0	0	0	
0	0	74	0	74	0	0	74	0	0	74	0	0	0	0	74	0	0	0	0	
29	29	0	0	0	29	29	0	0	29	0	0	0	0	0	29	29	0	0	0	
0	37	0	0	0	0	37	37	0	0	0	0	37	0	37	0	0	0	0	37	
0	34	0	34	34	34	34	0	0	0	0	0	0	34	34	0	0	0	0	34	
0	0	0	0	0	0	0	0	0	0	0	0	90	0	90	0	90	0	0	0	
0	0	0	0	0	0	0	0	0	91	91	0	0	0	91	0	91	91	0	0	
0	43	0	0	0	0	0	0	43	0	43	0	0	0	0	0	0	43	0	0	
0	0	0	0	0	0	59	0	0	0	0	0	0	59	0	0	59	59	59	59	
0	0	0	0	0	0	0	95	95	95	0	0	0	95	0	0	0	0	95	0	
42	42	42	0	0	42	0	0	0	0	42	0	42	0	0	42	0	42	42	0	
0	0	0	56	0	56	0	0	0	56	56	56	56	0	0	0	0	0	0	56	
0	0	32	0	0	0	0	0	0	0	0	0	0	0	32	0	0	0	0	0	
77	0	0	0	0	0	0	77	0	0	77	0	77	77	0	0	0	0	0	0	
0	0	21	0	21	0	0	0	0	0	0	0	0	0	0	0	0	21	0	0	
0	53	0	53	53	53	53	53	53	0	0	0	53	0	53	0	0	0	0	0	
0	11	11	0	11	11	0	0	0	0	11	0	0	0	11	11	0	0	0	0	
0	0	0	21	21	21	21	0	0	0	21	0	0	0	0	0	21	0	0	21	
0	75	75	0	0	0	75	0	0	75	75	0	75	0	0	75	0	75	0	0	
0	0	0	52	52	0	0	52	0	0	0	0	52	0	0	52	52	0	0	52	
95	0	0	95	0	0	95	95	0	0	95	0	0	95	0	0	0	0	95	95	
0	0	0	0	31	31	0	31	0	0	0	0	0	0	31	0	0	0	0	0	
0	63	63	0	0	0	0	0	63	0	63	0	0	0	0	63	0	0	0	0	
61	0	0	61	0	0	61	0	0	0	0	0	0	61	0	0	61	61	0	0	
44	0	44	0	0	0	0	44	0	0	0	0	44	0	0	0	44	44	0	0	
0	0	0	32	0	0	0	0	0	0	32	32	32	0	0	0	32	32	0	32	
0	0	0	0	0	90	0	90	90	0	0	90	0	0	0	0	0	0	0	0	
97	0	0	0	97	0	97	0	97	0	0	0	97	97	0	97	0	0	97	0	
0	0	0	12	0	0	0	0	0	12	0	0	0	0	0	0	12	0	0	0	
0	0	89	0	0	89	89	0	0	0	89	0	0	0	89	0	0	0	0	0	
45	45	0	0	0	45	0	0	0	45	0	45	0	45	0	0	45	45	0	0	
55	0	0	0	55	0	0	55	0	0	0	0	0	0	0	55	0	0	0	0	
0	31	0	0	0	31	31	0	0	0	0	0	0	0	0	31	0	0	0	31	
0	0	0	90	0	0	90	90	90	90	0	0	0	0	0	0	0	0	90	0	
0	0	0	0	0	0	0	0	0	0	0	60	0	60	0	0	60	0	0	0	
0	84	0	0	0	84	0	0	84	0	84	84	0	0	84	0	0	0	0	0	
43	0	0	0	43	0	0	43	43	43	43	0	43	0	0	43	43	0	0	0	
0	68	0	0	0	68	68	0	0	0	0	68	68	68	0	68	68	68	0	0	
0	0	0	49	0	0	0	0	0	0	0	0	0	0	0	0	49	0	0	0	
0	0	0	0	92	0	0	0	92	0	92	0	0	0	0	0	92	92	92	92	
52	52	52	0	0	52	0	0	52	52	0	0	0	0	0	0	0	0	52	52	
0	0	0	0	0	0	0	0	65	0	0	65	0	0	0	0	65	0	0	0	
62	0	62	0	62	0	0	62	62	0	0	62	62	0	62	0	0	0	62	62	
0	10	0	0	0	0	0	0	0	10	0	0	0	0	0	0	0	10	0	0	
57	0	0	0	0	0	0	57	0	0	0	0	0	0	0	57	57	0	57	0	
0	0	0	77	77	77	77	0	0	0	77	0	0	0	0	0	0	77	0	0	
0	0	12	0	0	0	12	12	12	0	0	0	0	0	0	0	0	12	0	0	
0	0	94	0	0	94	0	94	0	0	94	0	94	0	0	0	94	94	0	94	
0	83	0	0	0	0	83	0	0	0	0	0	83	0	0	0	0	0	0	0	
0	0	93	93	0	93	0	0	0	93	0	0	93	93	0	0	0	93	0	0	
0	59	0	59	59	59	0	0	0	0	0	0	0	0	59	0	0	0	0	59	
0	58	58	0	58	0	0	0	0	0	0	0	58	0	58	0	0	0	0	0	
0	15	0	0	0	0	15	0	15	0	0	0	0	0	15	0	15	0	0	0	
0	14	0	0	0	14	0	0	0	14	0	0	0	0	0	0	0	0	0	0	
0	98	98	98	0	98	0	0	0	98	98	0	0	98	0	98	0	0	0	0	
0	81	0	0	81	0	0	0	0	0	81	0	81	0	81	0	0	0	0	0	
0	0	0	0	0	0	0	86	0	0	86	0	0	0	0	86	86	86	86	0	
0	0	0	0	49	49	0	0	49	0	0	49	0	0	0	49	0	49	49	0	
0	0	54	0	54	0	0	54	54	0	0	54	0	0	54	0	54	54	0	54	
0	0	0	0	0	0	21	0	21	0	0	21	0	0	0	0	0	21	0	21	
0	0	0	0	26	26	0	0	0	0	0	26	0	0	26	0	0	0	0	0	
0	20	0	20	20	0	20	0	0	0	20	20	0	20	20	0	20	20	20	0	
20	0	0	0	0	0	20	0	0	20	0	0	20	0	0	0	20	0	0	0	
0	83	0	0	0	0	0	0	83	83	0	0	0	0	0	83	0	0	0	83	
0	0	0	0	0	0	0	0	0	0	0	0	0	37	37	37	0	37	0	0	
0	0	79	79	79	0	0	0	0	0	0	0	79	79	79	79	0	79	0	0	
0	0	76	76	0	76	76	0	0	76	76	0	0	0	0	76	76	0	0	76	
55	0	0	55	0	0	0	0	0	0	0	0	0	55	0	0	0	0	0	0	
28	28	28	0	0	0	0	0	28	28	28	0	0	0	28	28	28	0	0	28	
0	14	0	14	14	0	14	0	0	14	0	0	0	0	0	0	0	0	14	0	
0	0	0	0	65	0	0	65	0	65	0	0	0	0	0	65	0	0	0	65	
0	0	29	0	0	0	0	0	29	0	0	0	0	0	0	29	29	29	0	29	
88	0	88	0	0	88	0	0	0	0	88	0	0	0	0	0	88	0	0	0	
0	46	0	46	46	46	46	46	0	0	0	0	46	46	0	0	0	0	46	46	
0	0	0	0	0	0	40	0	0	40	0	0	0	0	0	40	40	0	0	0	
0	0	0	0	0	85	0	85	85	0	85	0	0	0	0	0	85	0	0	0	
0	13	13	0	0	13	13	13	13	0	0	13	13	13	0	13	0	13	13	0	
0	0	73	0	0	0	0	0	0	0	73	0	0	0	0	0	73	0	0	73	
0	0	0	73	73	73	0	0	0	0	0	73	73	0	73	0	0	0	0	0	
0	33	0	0	33	33	0	0	33	0	0	0	0	0	0	33	0	0	0	33	
36	0	0	36	36	0	0	0	0	36	36	0	36	0	36	0	36	0	36	0	
0	0	0	0	0	0	87	0	0	0	0	0	0	87	0	0	0	0	87	87	
0	0	79	0	0	0	0	79	0	79	0	79	79	79	79	0	0	0	79	0	
0	55	0	0	0	55	0	0	0	0	55	0	0	0	55	0	55	55	0	0	
0	0	0	0	58	0	58	0	0	58	58	58	0	0	0	58	0	0	0	0	
0	30	0	0	30	0	0	30	30	30	0	0	30	0	30	0	0	30	0	0	
0	0	0	0	32	0	0	0	32	32	32	0	0	32	0	0	32	0	0	0	
0	0	0	0	0	0	0	26	0	0	0	0	0	0	0	0	26	26	0	0	
0	88	0	88	0	88	88	0	88	0	0	88	0	0	0	0	88	88	0	0	
0	0	0	0	0	0	0	0	84	0	84	0	0	0	84	84	0	84	0	0	
0	0	0	0	0	51	0	0	51	51	51	0	0	0	0	0	0	51	51	0	
0	0	29	0	29	0	0	0	0	29	0	29	0	0	29	0	0	0	0	29	
0	0	0	0	16	16	0	0	0	16	0	0	0	0	0	0	0	0	16	0	
0	0	0	22	0	0	0	0	22	0	0	0	0	22	0	22	0	22	0	0	
72	0	0	0	0	0	0	0	0	0	0	0	0	0	0	0	72	0	0	0	
0	0	79	0	79	0	0	0	0	0	0	0	0	0	79	0	0	0	79	0	
0	0	48	0	0	48	48	0	0	0	0	0	48	48	48	0	48	48	48	0	
95	95	0	0	0	0	0	0	95	0	0	0	0	0	0	0	0	0	95	0	
0	0	0	0	0	30	30	0	30	0	0	0	0	0	30	30	30	0	0	0	
0	0	0	11	0	11	11	0	0	0	11	0	11	0	0	0	11	0	0	0	
0	83	83	0	83	83	0	83	83	0	0	83	0	0	0	0	0	0	0	0	
13	13	0	0	0	13	0	0	0	0	13	0	0	0	0	0	13	0	13	0	
68	68	68	0	0	0	0	0	0	68	68	0	68	0	0	0	0	68	68	0	
0	0	0	12	12	0	12	0	12	0	12	0	0	0	0	0	0	0	0	0	
0	0	14	0	14	0	0	0	0	0	0	14	0	0	0	0	0	0	0	14	
74	0	0	74	74	0	0	0	74	0	0	74	0	0	0	74	74	0	0	0	
59	59	0	0	59	59	0	0	0	0	0	0	0	0	0	0	0	59	0	0	
0	0	0	0	0	0	81	0	0	0	81	0	0	0	0	0	81	0	0	0	
0	39	39	0	39	0	0	39	39	0	39	0	0	0	0	39	39	0	39	0	
0	30	30	30	0	0	0	30	0	0	0	30	30	30	30	0	30	30	30	0	
87	0	0	87	0	0	0	0	0	0	0	0	87	0	0	0	87	0	0	87	
0	0	0	36	0	0	0	36	0	0	0	0	36	0	36	0	0	0	0	0	
0	0	0	0	0	0	0	42	0	42	42	0	42	0	0	0	0	0	0	0	
0	0	0	83	0	0	0	0	83	0	83	83	0	0	0	0	0	0	0	0	
0	96	0	0	96	0	96	96	0	0	0	96	96	0	0	0	0	96	0	0	
0	0	0	0	0	0	0	0	69	0	69	69	0	0	0	69	0	0	0	69	
0	0	0	0	0	0	0	0	63	0	0	63	0	63	0	63	0	0	0	0	
0	0	20	0	0	0	0	20	0	0	0	20	0	0	0	0	0	0	0	0	
74	74	0	0	0	0	0	0	74	74	0	0	0	74	74	0	0	74	0	0	
0	41	41	41	0	41	0	0	0	0	41	41	41	41	41	41	0	0	0	0	
27	0	0	0	0	0	0	0	0	0	0	0	27	27	27	0	0	0	0	0	
24	0	24	0	0	0	0	0	0	0	0	24	24	0	0	24	0	0	0	24	
0	88	88	0	0	88	0	88	0	0	88	88	88	0	0	0	0	0	0	0	
24	0	0	24	0	0	24	24	24	24	0	24	0	0	0	0	24	24	0	24	
0	0	0	91	0	91	0	0	91	0	0	91	0	91	0	0	0	0	0	0	
90	0	0	0	0	90	0	0	90	0	90	0	0	0	0	0	0	90	0	0	
32	0	0	32	0	0	0	0	0	0	0	0	32	0	0	0	32	32	0	32	
0	0	0	0	0	0	0	0	0	68	68	0	0	0	68	68	0	68	0	0	
11	11	0	0	11	0	0	0	11	0	0	0	0	0	0	0	0	11	0	0	
0	0	0	0	27	0	27	27	0	0	27	27	0	0	0	0	27	0	0	27	
0	0	47	0	0	0	0	0	47	0	0	0	0	0	0	0	0	0	0	0	
85	0	0	0	85	0	0	0	85	85	85	85	0	0	0	0	85	0	0	85	
0	0	0	79	79	0	0	0	0	0	0	0	0	79	0	0	0	0	0	79	
0	27	0	0	0	0	0	0	0	27	27	0	0	0	0	0	0	27	0	0	
60	0	0	0	0	60	60	0	0	0	0	60	0	0	0	0	0	0	0	0	
45	0	45	0	45	45	0	0	0	0	45	0	0	45	0	0	0	0	45	0	
79	0	0	0	0	79	0	79	79	0	0	0	0	0	79	0	79	0	0	0	
0	0	0	0	12	0	0	0	0	12	0	12	12	12	12	0	0	0	0	0	
0	0	0	37	0	0	0	0	0	37	0	37	0	0	37	0	37	37	0	37	
0	0	78	0	78	0	0	0	0	0	0	78	78	78	78	78	0	0	78	0	
0	0	0	41	0	0	0	0	0	41	41	0	0	0	0	41	41	41	41	0	
0	0	0	13	0	0	0	13	13	0	0	0	13	13	0	0	0	13	13	0	
45	0	45	0	0	0	0	0	45	45	0	0	45	0	0	0	0	45	45	0	
0	0	63	63	63	0	0	0	0	63	63	0	0	0	0	0	0	0	0	63	
0	0	0	0	17	17	0	0	17	0	0	0	0	0	0	0	0	17	0	0	
0	0	94	0	0	0	94	0	94	94	94	94	0	0	0	94	0	0	94	0	
0	0	36	36	0	0	0	0	0	0	36	0	0	36	0	0	0	0	0	0	
66	66	66	66	0	0	0	0	0	66	66	0	0	66	0	66	0	66	0	0	
0	0	22	0	0	0	0	0	0	0	0	0	0	22	0	0	22	22	0	0	
64	0	0	64	64	64	0	0	0	0	0	0	0	0	64	64	64	0	0	0	
76	76	76	0	76	0	0	76	0	0	0	0	0	0	0	0	0	76	0	0	
0	0	0	0	0	30	30	0	0	0	0	0	0	0	0	0	0	0	30	0	
43	43	0	0	0	0	0	43	0	43	0	43	0	0	43	0	43	0	43	0	
68	68	68	0	0	68	0	0	0	0	0	0	0	0	0	0	0	0	0	0	
32	0	0	0	0	0	0	32	0	0	0	0	32	32	32	0	0	32	0	32	
0	0	0	0	0	67	67	0	0	0	0	67	0	0	67	67	67	0	0	0	
0	0	0	0	80	80	80	0	80	80	0	0	0	0	0	0	0	0	0	0	
0	0	0	48	48	0	0	0	48	48	48	48	0	48	48	0	0	0	48	48	
0	0	0	45	0	0	0	0	45	45	45	0	0	0	0	45	45	45	45	0	
20	0	20	20	0	20	0	0	0	20	0	20	0	0	20	0	20	0	0	20	
0	38	0	0	38	0	0	0	38	0	38	0	0	0	0	0	0	0	38	0	
0	89	89	0	89	89	0	0	89	89	89	89	0	0	0	89	89	0	0	0	
0	76	0	76	76	0	76	76	0	0	0	0	0	0	0	76	0	76	0	0	
0	44	44	0	0	0	44	0	0	0	44	0	0	44	44	0	44	0	44	44	
52	0	52	0	0	0	0	0	0	0	0	0	0	52	0	0	52	0	52	0	
0	0	94	94	0	94	94	94	0	0	0	94	0	0	0	94	94	0	94	0	
0	0	0	70	70	70	0	70	0	0	0	70	0	0	0	0	0	70	0	0	
73	0	73	0	0	73	73	0	73	73	0	0	73	0	0	0	0	73	73	0	
17	0	0	0	0	17	0	17	0	0	0	17	0	0	0	17	0	0	0	0	
58	0	0	0	58	0	0	0	0	58	0	58	0	0	0	58	0	0	58	58	
77	0	0	0	0	0	0	0	0	0	77	77	0	0	0	0	77	0	77	0	
0	0	0	0	0	0	50	0	0	0	0	50	0	50	0	0	0	0	0	0	
0	73	0	0	0	0	0	0	73	73	0	0	0	73	0	0	73	0	0	0	
0	0	0	0	0	0	0	0	53	0	0	0	53	0	0	0	0	0	0	0	
0	0	0	0	0	42	0	0	42	42	0	42	0	0	0	0	42	0	0	0	
0	0	0	53	0	53	0	53	53	0	0	0	0	0	53	0	53	53	53	53	
0	0	0	0	93	0	0	0	93	93	0	0	0	0	93	0	0	0	93	0	
0	45	45	45	0	0	0	0	45	0	0	45	0	45	0	0	0	0	0	0	
0	0	31	0	0	0	0	31	0	0	0	0	0	0	31	0	0	0	0	0	
0	38	38	0	0	0	0	0	0	0	0	0	0	0	38	0	0	0	0	0	
36	36	0	0	0	36	0	36	0	0	0	36	0	36	36	0	36	0	36	0	
0	0	0	0	0	55	55	0	0	55	0	0	0	0	55	55	0	0	0	0	
54	54	0	54	0	0	54	0	0	0	0	0	0	0	54	54	0	0	0	0	
0	0	0	0	51	51	0	0	0	51	0	0	0	0	0	51	51	0	0	0	
44	44	0	44	44	0	0	0	44	0	0	0	0	0	0	0	44	0	0	0	
0	0	50	0	0	0	50	0	0	0	0	50	50	0	0	0	0	0	0	0	
47	47	0	0	0	47	0	0	47	0	0	0	47	0	47	0	0	47	0	47	
0	64	64	64	0	64	0	0	0	0	0	64	64	64	0	0	64	0	0	0	
48	0	48	0	0	0	0	0	0	48	0	0	48	0	48	0	48	0	0	48	
39	39	0	0	39	0	0	0	0	0	0	0	0	39	39	39	0	39	0	0	
0	0	0	0	79	0	79	0	0	0	0	0	79	79	0	79	0	0	0	0	
0	0	0	0	0	66	66	0	0	0	0	0	0	66	0	66	0	0	66	0	
0	79	79	0	79	0	0	0	0	0	0	0	0	0	79	0	0	0	0	79	
0	0	0	0	0	60	0	0	60	0	0	0	0	0	0	0	0	0	0	0	
51	0	51	51	0	51	0	0	51	0	51	0	0	0	0	51	0	0	51	0	
0	0	90	90	0	90	90	90	0	0	90	0	90	0	0	0	90	0	0	0	
0	0	40	0	0	0	40	0	0	40	0	0	0	0	0	0	40	0	0	0	
13	0	13	0	0	0	0	0	0	0	0	0	0	0	13	0	0	0	13	0	
56	56	56	0	0	0	0	0	0	0	0	0	0	0	0	0	0	56	0	56	
0	0	0	12	12	0	12	12	0	0	12	0	0	12	12	0	12	0	0	12	
0	0	0	0	94	94	0	0	0	94	0	0	0	0	0	0	0	0	94	94	
0	51	0	0	0	51	51	0	0	0	0	51	51	0	0	0	0	0	51	0	
0	37	0	0	0	0	0	37	37	37	0	37	0	0	0	0	0	37	37	0	
0	0	64	0	64	0	0	64	64	0	0	0	0	0	64	0	0	64	0	0	
0	83	0	83	83	0	0	0	0	83	0	83	83	83	0	83	83	83	83	0	
0	0	0	0	17	17	0	0	17	0	0	0	0	0	0	0	0	0	0	0	
43	0	0	0	0	43	0	0	43	43	43	0	0	43	0	0	43	0	0	43	
0	0	0	0	0	64	0	0	0	64	0	0	64	0	0	64	0	0	0	0	
0	0	0	0	84	0	0	0	84	84	0	0	0	0	0	0	0	0	0	0	
0	20	0	20	20	0	0	20	0	20	0	0	0	0	0	20	0	0	20	0	
68	0	0	0	0	68	0	0	0	0	0	0	0	0	0	68	0	0	0	68	
89	0	0	89	0	89	0	0	0	0	0	0	0	89	0	0	89	0	0	0	
0	0	0	0	0	0	53	0	0	0	0	0	0	53	53	53	53	0	0	0	
0	0	0	0	0	0	0	0	0	73	0	0	0	73	0	73	0	0	0	73	
0	0	0	0	0	0	0	52	0	0	52	0	0	52	0	52	0	0	52	52	
0	76	0	0	76	76	76	0	0	76	76	0	0	0	0	0	0	0	0	0	
0	60	0	0	0	0	60	0	0	60	0	0	0	0	0	60	0	0	0	0	
45	0	0	0	0	0	45	45	0	0	45	0	0	0	45	0	0	0	0	0	
0	71	71	0	0	0	0	71	0	71	0	71	71	71	0	71	0	0	71	71	
0	0	0	0	16	16	0	0	0	0	0	0	16	16	0	0	0	0	16	0	
53	0	0	0	0	0	0	53	53	0	0	0	53	0	0	53	0	0	0	0	
0	0	0	90	0	0	0	0	0	0	0	0	0	90	90	0	0	0	0	0	
0	0	0	0	0	0	61	0	61	61	0	0	0	61	0	61	0	61	0	0	
0	0	34	0	34	0	0	34	0	34	0	0	0	34	0	34	0	34	0	0	
0	0	94	0	0	0	94	0	0	94	0	94	94	0	94	94	0	0	94	0	
0	0	0	0	0	52	0	52	0	52	0	0	52	52	0	52	52	0	0	0	
74	0	74	0	74	0	74	0	0	74	0	0	74	0	74	0	0	74	0	0	
0	0	0	85	0	0	85	85	0	85	85	0	85	0	0	0	85	85	85	0	
84	0	0	0	0	84	0	0	84	0	0	0	0	0	0	0	0	0	0	0	
84	84	0	0	0	0	84	84	0	84	84	84	0	84	84	84	0	84	0	0	
90	90	0	0	0	90	0	90	0	0	90	0	90	90	0	90	90	0	0	0	
56	56	0	0	0	56	0	0	0	0	0	56	56	0	0	0	0	0	0	56	
53	53	53	0	0	0	0	53	53	53	0	53	0	0	0	0	0	0	0	0	
0	69	0	69	69	69	0	69	0	0	69	0	69	69	0	69	0	69	0	69	
0	0	59	59	0	0	0	59	0	59	0	0	0	59	0	59	0	59	0	0	
0	62	0	62	0	0	0	0	62	62	0	0	0	0	0	0	62	0	62	0	
0	0	0	21	0	21	21	21	21	21	21	21	0	0	0	0	21	21	0	0	
0	64	0	0	64	64	0	0	0	0	0	64	64	0	0	0	64	0	0	0	
0	0	69	0	0	69	0	0	0	69	0	0	0	0	69	0	69	0	0	0	
27	0	0	27	0	27	0	0	0	0	0	0	0	0	27	0	27	27	0	0	
0	0	0	0	58	0	0	0	0	0	0	0	58	0	0	58	58	0	0	58	
34	34	0	34	0	0	0	0	0	0	0	0	0	34	0	0	0	0	0	0	
0	0	88	0	0	0	0	0	0	0	88	0	88	88	0	0	88	88	88	0	
0	0	22	0	22	22	0	0	0	0	0	0	22	22	22	22	0	0	0	0	
0	49	0	49	0	49	0	49	0	49	0	0	0	0	49	0	0	49	0	0	
0	0	46	0	0	0	46	0	0	46	0	46	46	46	0	46	0	46	0	46	
0	0	0	98	98	0	0	0	0	0	98	0	98	0	98	98	0	0	98	0	
72	0	0	0	0	0	0	72	72	72	0	72	0	0	0	72	0	0	0	0	
42	42	0	42	42	0	0	42	42	0	0	42	0	42	42	0	0	42	0	0	
63	0	0	0	0	63	63	63	63	0	0	0	0	0	0	0	0	0	0	63	
0	0	0	0	0	60	0	0	0	0	0	60	60	0	0	0	0	0	0	0	
0	0	67	0	0	0	67	67	0	0	67	0	0	0	67	0	0	67	0	0	
42	0	42	0	0	0	0	0	0	0	0	42	42	0	42	0	0	0	42	0	
20	0	0	20	0	20	0	20	20	20	20	20	0	0	0	0	0	0	0	0	
89	0	0	0	0	0	0	0	89	0	89	0	0	0	0	89	89	0	0	89	
0	0	0	0	0	66	0	66	0	0	0	0	0	0	0	0	0	66	0	0	
0	0	22	0	22	22	22	0	0	0	0	22	0	0	22	0	0	0	22	22	
52	52	52	0	0	0	0	0	0	0	52	52	0	0	0	0	0	0	0	52	
0	0	0	40	40	0	40	0	0	0	0	0	40	0	0	0	0	40	0	40	
0	0	0	0	0	0	0	58	0	58	58	58	0	0	58	58	58	0	0	0	
0	30	0	0	30	30	0	30	0	0	30	0	0	0	30	30	30	0	30	0	
0	0	0	25	0	0	25	0	0	0	0	0	25	25	0	0	25	0	0	0	
0	0	40	40	0	40	0	0	0	0	0	0	0	0	40	0	0	0	0	0	
0	31	31	0	31	0	0	0	0	0	31	0	0	0	0	0	0	31	0	0	
0	0	49	49	49	0	0	0	0	0	0	49	49	0	0	0	0	0	0	0	
0	0	0	0	0	0	0	96	0	0	0	96	0	0	0	96	0	96	0	96	
83	0	0	0	83	83	0	0	0	0	83	0	0	0	0	0	0	0	83	0	
33	0	33	33	33	33	0	33	33	33	33	0	0	33	0	33	0	33	0	0	
0	0	42	0	42	0	42	0	0	0	0	0	0	0	0	0	42	0	0	0	
0	19	0	0	0	0	19	0	0	19	0	0	0	19	0	0	19	19	0	19	
0	0	0	0	0	0	0	29	0	0	29	0	0	0	0	0	0	0	0	0	
0	19	19	0	19	19	0	19	19	0	0	0	0	0	0	0	19	0	0	19	
0	0	0	0	0	16	0	0	0	0	16	16	0	0	16	16	0	16	16	0	
31	0	31	31	0	0	0	31	0	0	0	0	31	0	31	0	0	0	0	31	
0	0	0	0	78	78	0	0	0	0	0	78	0	0	78	0	78	0	0	78	
91	91	91	91	0	0	0	0	0	0	0	0	0	0	0	0	0	0	91	0	
0	0	0	0	35	0	0	0	0	0	35	0	35	0	0	35	0	0	0	35	
34	0	0	0	34	0	0	0	0	0	34	0	0	0	0	0	0	34	0	0	
0	10	0	0	0	10	10	0	0	0	0	0	0	0	0	10	0	0	10	10	
0	0	19	19	0	0	0	0	0	19	0	0	0	0	0	0	19	19	0	0	
0	82	0	0	0	0	0	82	82	82	82	0	0	0	0	82	82	0	82	0	
0	17	0	0	0	0	0	0	17	0	0	0	17	0	0	17	17	0	0	17	
78	0	0	0	0	0	0	0	78	0	0	78	0	78	78	78	78	0	0	0	
0	0	0	0	14	14	14	0	0	14	14	0	0	0	0	14	0	0	0	0	
64	64	0	64	64	64	64	64	0	0	0	64	0	64	0	64	64	0	0	64	
0	0	0	0	0	0	0	35	35	0	0	0	0	35	0	0	35	0	35	35	
0	68	0	0	0	0	0	0	0	68	0	0	0	0	0	68	68	0	0	0	
0	0	0	0	0	0	0	0	0	0	90	0	90	0	90	90	0	0	0	0	
55	55	0	0	0	0	55	0	0	55	0	0	0	0	0	0	0	0	0	55	
83	83	83	0	0	83	0	0	0	0	83	83	0	0	0	0	83	0	0	0	
0	0	42	0	0	0	0	0	42	42	0	0	42	0	0	0	0	0	0	0	
0	0	0	0	0	0	0	0	0	0	0	0	0	34	34	0	0	0	34	34	
0	0	71	0	0	0	0	0	71	71	0	0	0	71	0	71	0	71	0	71	
0	0	0	0	0	66	0	66	0	0	0	0	0	0	0	0	0	66	0	0	
69	0	69	69	0	0	69	0	69	0	0	0	0	0	0	69	0	0	69	69	
0	0	0	0	0	0	54	54	0	54	0	0	54	54	54	54	0	0	54	0	
0	0	0	0	0	0	0	0	0	38	0	38	0	38	0	0	0	38	0	38	
82	0	0	0	0	82	0	0	0	0	82	82	0	82	82	0	0	0	0	0	
0	0	0	80	80	80	0	0	0	0	0	80	0	0	0	0	0	0	0	0	
0	0	0	78	0	78	0	0	0	78	0	78	0	0	78	0	78	0	0	0	
0	0	0	59	0	59	59	0	59	59	0	0	0	59	0	0	0	0	0	59	
0	0	0	29	29	29	29	29	29	0	29	29	29	0	29	0	29	0	0	0	
0	48	48	0	0	0	48	0	0	0	0	0	0	48	0	0	0	0	0	0	
0	0	0	0	0	0	0	0	60	0	0	0	60	60	60	0	60	0	60	0	
0	0	17	0	0	0	0	17	0	0	0	0	0	0	0	0	0	0	17	17	
0	64	0	0	0	0	64	64	64	64	0	0	0	0	0	64	0	64	0	64	
21	0	0	0	0	0	0	21	21	21	0	21	0	0	0	0	0	0	0	0	
86	0	0	0	0	86	0	0	0	0	86	0	0	0	0	0	0	0	0	86	
34	0	0	34	34	0	0	0	34	0	0	0	0	0	0	34	0	0	0	34	
0	0	0	0	0	0	0	44	0	44	0	0	0	0	0	0	0	0	44	0	
45	45	0	0	0	0	45	0	0	0	0	0	0	0	45	0	45	0	0	0	
76	76	0	0	76	76	0	0	0	0	0	0	0	0	76	0	76	76	76	0	
23	23	0	0	0	23	0	23	23	0	0	0	0	0	0	0	0	0	0	0	
18	0	0	0	0	18	0	0	18	0	0	18	0	18	18	0	18	0	18	0	
0	47	0	0	0	0	47	47	47	0	0	47	0	0	0	0	0	47	47	47	
0	0	0	0	36	0	0	0	0	0	36	0	0	0	0	0	36	0	0	0	
0	43	0	0	0	0	0	43	0	0	43	43	0	43	0	0	0	43	0	43	
0	18	18	0	0	0	18	18	0	0	0	0	0	18	0	18	18	0	0	18	
0	0	0	31	0	0	0	31	31	0	0	0	0	0	0	0	31	0	0	31	
0	0	0	98	98	98	0	0	0	0	0	98	98	0	0	98	0	98	0	0	
0	0	0	0	34	34	34	0	0	0	0	34	34	0	0	34	0	0	0	0	
0	62	0	62	0	0	62	0	62	62	0	0	0	0	0	62	62	0	0	0	
61	0	61	0	0	61	61	0	0	61	0	0	0	61	61	61	0	0	61	61	
0	78	0	0	0	0	0	0	0	0	0	78	0	78	0	0	0	0	0	0	
94	0	94	0	94	0	0	0	94	0	94	94	0	0	0	0	0	94	94	94	
0	0	0	0	0	73	0	0	73	73	73	0	0	73	0	0	73	0	0	0	
0	0	0	70	0	0	0	70	0	0	0	70	70	0	70	0	0	70	0	0	
0	85	0	85	0	0	0	0	0	0	0	0	85	85	0	0	0	0	0	0	
0	0	0	0	0	0	67	0	67	0	0	0	0	0	67	67	0	0	67	0	
0	86	86	86	0	86	86	0	0	0	0	86	0	0	0	0	0	0	86	86	
0	0	45	0	0	45	0	0	0	0	45	0	0	0	45	0	0	0	0	45	
21	0	0	21	21	0	0	0	21	0	0	0	21	0	21	0	21	21	0	0	
0	0	0	0	24	0	0	24	24	24	24	24	0	24	0	0	0	0	24	0	
0	0	0	0	0	0	0	0	0	0	0	0	36	0	0	36	0	36	36	36	
0	0	0	0	0	0	0	29	29	0	0	0	0	0	0	29	29	0	29	0	
0	84	0	0	84	0	84	0	84	84	0	84	84	0	0	84	0	0	0	0	
0	49	0	49	0	49	0	0	49	0	0	0	49	0	0	0	0	0	0	49	
0	0	92	92	0	0	0	0	0	92	0	92	0	0	0	0	92	0	0	0	
58	0	0	0	0	58	0	0	0	0	0	0	58	0	58	58	0	0	0	0	
0	57	57	0	0	0	0	0	0	57	0	57	0	0	0	0	57	57	0	0	
81	0	0	81	0	0	0	0	81	0	0	81	0	81	81	0	81	0	0	81	
0	0	76	76	0	0	76	76	76	0	0	76	0	0	0	76	76	0	76	0	
0	0	96	0	0	96	0	0	0	96	96	96	0	0	0	0	0	0	0	0	
0	10	0	0	10	10	0	0	0	0	0	10	10	0	10	0	0	0	0	10	
0	0	0	0	64	0	0	0	64	0	0	0	0	0	0	0	0	0	0	0	
0	0	71	0	0	71	0	0	0	0	0	71	0	71	71	71	0	71	0	0	
0	0	70	0	0	0	70	70	70	70	0	0	70	70	0	0	70	0	0	70	
23	0	0	0	0	23	23	0	23	23	0	0	0	23	23	0	0	23	0	0	
0	45	45	0	45	0	0	0	0	0	45	0	0	0	0	0	0	0	45	0	
0	95	0	0	0	95	95	95	0	0	95	95	95	0	95	0	0	0	0	0	
71	71	0	71	0	71	0	71	71	71	71	0	71	0	0	71	71	0	0	0	
0	43	0	43	0	0	0	0	0	0	43	0	0	0	0	43	43	0	0	0	
61	0	0	61	0	0	61	0	0	0	0	0	0	0	0	0	61	0	0	61	
0	0	0	0	0	0	0	45	45	0	0	45	0	0	0	0	0	0	45	0	
0	77	0	0	77	77	0	0	77	0	0	77	0	77	77	0	0	0	77	0	
0	29	0	0	0	0	29	0	0	0	0	0	0	0	0	0	0	0	0	0	
0	0	39	0	0	0	0	0	0	0	39	0	0	0	0	0	39	39	0	0	
0	0	0	0	0	0	68	0	0	0	0	0	68	0	0	68	0	0	68	68	
0	0	0	95	0	0	0	0	0	95	0	95	95	0	0	95	95	95	0	95	
30	0	0	0	30	30	0	30	0	30	0	0	0	0	0	30	30	0	30	30	
0	0	0	0	0	64	0	0	0	0	0	64	0	64	0	0	0	0	0	64	
66	0	66	0	0	0	0	0	0	0	66	0	66	0	66	0	66	0	0	66	
0	97	0	0	97	0	0	97	97	0	97	0	97	0	0	0	97	97	0	0	
61	61	0	0	61	0	0	0	61	0	61	0	0	0	61	0	0	61	61	61	
0	0	0	0	71	0	0	0	71	0	0	0	71	71	0	71	0	71	0	0	
0	0	0	0	0	0	0	0	0	0	26	0	0	0	26	26	0	0	0	26	
0	0	0	0	0	0	0	0	0	0	31	0	0	0	0	0	0	0	31	0	
0	0	0	0	0	0	23	0	23	0	0	23	0	0	0	0	23	0	0	0	
0	0	0	0	93	93	0	0	93	0	93	0	0	0	0	0	0	0	93	93	
0	68	0	0	0	0	0	0	68	0	68	0	0	0	0	68	68	68	68	0	
49	0	0	0	0	49	0	0	0	0	0	49	0	49	0	0	0	0	49	0	
0	50	0	50	50	0	50	50	50	50	0	0	0	0	0	0	0	0	0	0	
0	93	0	0	0	93	0	93	93	0	0	93	0	93	93	93	93	0	0	0	
0	24	24	0	24	0	24	0	0	0	0	0	0	24	0	0	0	24	0	0	
0	83	0	0	83	83	0	0	0	0	0	0	0	0	0	83	83	0	0	0	
0	0	78	78	0	78	0	78	0	0	0	0	78	0	0	78	78	0	0	78	
12	12	12	0	12	12	0	0	0	0	0	0	0	0	0	12	0	12	0	0	
0	50	0	0	0	50	0	50	50	0	50	50	0	50	50	50	0	0	50	0	
0	0	0	0	10	0	0	10	0	10	0	0	10	10	0	0	10	0	10	0	
0	98	98	0	0	0	0	0	98	98	0	0	98	98	98	0	0	98	98	98	
48	48	48	48	0	0	0	0	0	48	0	0	0	0	0	0	48	0	48	0	
92	0	0	0	0	92	92	0	92	0	0	92	0	0	92	0	0	92	0	0	
0	0	31	0	0	31	31	0	0	31	0	0	0	31	0	0	0	31	31	0	
0	0	0	0	0	0	0	0	0	0	98	98	0	0	98	0	0	0	0	0	
87	0	0	87	0	0	0	0	0	0	87	0	0	87	87	0	0	0	0	87	
0	41	0	41	0	0	41	0	0	0	0	0	0	0	41	0	0	0	0	0	
0	0	0	0	0	75	75	0	0	0	75	0	0	75	75	0	0	0	0	0	
15	0	0	0	15	15	0	0	15	15	0	0	15	15	15	0	15	0	15	15	
0	0	95	0	0	0	0	95	0	0	95	0	95	0	0	0	0	0	0	0	
40	0	0	0	40	0	0	0	40	0	40	40	0	0	0	0	40	0	0	0	
0	42	0	42	42	42	0	0	42	42	0	0	0	0	0	42	0	0	0	0	
0	0	82	0	82	0	82	0	0	0	0	0	82	82	82	0	0	82	0	0	
0	51	51	51	0	0	51	0	51	0	0	0	0	0	0	0	51	0	51	0	
87	0	0	87	87	87	0	0	0	0	0	0	0	87	0	0	87	0	87	0	
51	0	51	51	0	51	0	0	0	51	0	0	0	51	0	0	0	0	0	0	
81	0	0	0	0	0	0	0	0	0	81	0	0	81	81	0	81	0	0	81	
11	0	11	0	0	11	0	0	0	11	0	0	0	0	0	0	0	0	11	0	
0	63	63	0	0	0	0	0	0	0	63	63	0	0	0	0	0	0	0	63	
0	0	0	73	73	0	0	0	0	0	0	73	0	0	73	73	0	0	0	73	
52	0	0	0	0	0	52	0	0	0	0	0	0	0	0	0	52	52	0	52	
0	0	0	0	0	73	0	0	73	73	0	0	73	0	73	0	0	0	0	0	
88	0	0	88	0	88	0	0	0	88	0	0	0	0	0	0	88	88	0	0	
0	0	0	0	0	31	0	31	0	0	0	31	31	0	0	0	0	31	0	31	
98	0	0	0	0	98	0	0	0	98	0	98	0	0	0	0	0	0	98	98	
25	0	0	0	0	0	25	25	25	0	0	0	0	0	0	0	0	0	0	0	
0	91	0	0	0	0	0	0	0	0	0	0	91	0	0	0	0	0	0	0	
0	0	0	0	27	0	0	0	0	0	0	0	0	0	27	27	27	27	0	27	
0	0	0	0	0	0	0	0	11	0	0	0	0	11	0	0	11	0	0	0	
0	0	36	0	0	0	36	0	0	0	0	0	0	36	0	0	0	36	36	0	
0	0	0	0	0	0	89	89	0	89	0	89	0	0	89	89	0	0	0	89	
0	0	0	35	0	0	0	0	35	0	0	0	0	0	0	0	35	0	0	0	
0	18	18	0	18	18	0	0	0	0	18	0	0	0	0	0	18	0	0	18	
0	0	0	0	0	16	0	0	16	0	0	0	16	16	0	16	0	16	16	0	
91	0	0	0	91	0	0	0	0	0	91	0	0	0	91	0	0	91	0	0	
0	48	0	0	0	0	0	0	48	0	0	0	0	0	0	48	0	0	48	0	
88	0	0	88	0	88	0	0	88	0	0	0	0	88	0	88	0	88	0	0	
0	0	34	0	0	34	0	0	0	0	0	0	0	0	0	0	0	34	0	0	
0	0	0	81	0	0	0	0	0	0	81	81	81	0	0	0	0	81	0	81	
78	78	0	0	78	78	0	0	78	78	78	0	78	0	0	0	0	78	0	0	
0	82	0	82	82	0	0	0	0	0	0	0	0	0	0	0	82	0	82	82	
0	70	70	0	0	0	0	0	0	70	70	0	0	0	0	70	0	70	0	70	
0	0	21	0	0	0	0	0	0	0	0	21	21	21	21	21	0	0	21	21	
0	58	58	58	0	0	58	0	0	0	58	0	0	0	0	0	58	0	0	0	
22	0	22	0	0	0	22	0	0	22	0	0	0	22	0	0	0	0	22	0	
0	78	78	0	0	0	0	0	0	0	78	0	0	78	0	78	0	0	0	78	
43	0	0	43	0	0	0	0	0	0	0	0	0	0	0	0	43	43	0	0	
0	0	0	17	0	0	17	0	17	0	0	17	0	0	17	0	0	17	17	0	
0	0	0	0	61	0	0	0	0	0	0	61	0	0	61	0	0	61	61	0	
0	0	44	44	44	0	0	0	0	0	0	0	0	0	0	0	0	0	0	44	
0	35	0	0	0	0	0	0	35	0	0	0	35	35	0	0	0	0	35	0	
96	96	0	0	0	96	96	0	0	0	96	0	0	96	0	0	96	0	96	96	
0	0	0	11	11	0	0	0	11	0	0	11	0	11	0	0	0	0	0	0	
0	0	93	0	93	93	0	0	93	93	0	0	93	0	0	0	93	0	93	0	
0	0	0	0	0	0	0	0	0	0	0	55	0	55	55	0	0	55	0	0	
18	18	18	0	0	0	0	0	0	0	0	18	0	18	0	0	18	0	0	0	
0	0	0	31	31	0	0	0	31	31	31	0	31	31	0	0	0	0	0	0	
0	0	74	0	74	0	0	0	0	0	0	74	0	0	0	74	0	0	74	0	
0	42	0	42	0	0	0	42	42	42	0	0	0	42	0	42	0	0	0	0	
0	0	0	0	0	48	48	0	0	0	0	0	0	0	0	0	0	0	48	48	
0	0	0	0	0	0	0	0	0	95	95	95	0	0	0	0	0	0	0	95	
0	44	44	44	0	0	0	0	0	0	0	0	0	44	0	0	0	0	0	0	
0	72	72	0	0	72	0	0	0	72	0	0	0	0	0	72	0	0	0	0	
0	0	92	0	92	0	0	92	0	0	0	0	0	0	0	92	0	92	0	0	
0	77	0	0	77	0	0	0	77	0	0	0	0	0	77	77	0	0	0	0	
0	0	0	0	0	69	69	0	0	69	0	0	69	0	69	0	69	69	0	69	
0	0	71	0	0	0	71	71	71	71	0	71	0	0	71	0	0	0	0	71	
0	0	0	0	0	72	0	0	0	0	0	0	0	0	0	0	0	0	0	72	
32	0	0	0	32	0	0	0	0	0	0	0	0	32	32	0	0	0	0	0	
0	0	0	0	0	0	0	0	0	0	0	72	0	72	72	0	0	0	0	72	
0	24	0	0	0	24	0	24	0	0	0	0	24	0	0	0	0	24	24	24	
0	0	0	0	0	0	0	0	0	0	85	85	0	85	0	0	85	0	0	0	
0	0	56	0	56	0	0	56	56	0	0	0	0	0	56	0	0	56	56	56	
0	0	0	0	47	47	0	0	0	47	0	0	47	0	0	0	0	0	0	47	
0	0	0	0	0	58	0	58	0	0	0	58	0	58	58	0	0	0	0	0	
0	33	33	0	0	0	33	0	33	33	33	0	0	0	0	0	0	0	0	0	
0	0	29	0	29	0	29	29	29	0	29	0	0	29	0	29	0	0	0	0	
0	0	45	0	45	45	0	45	0	0	45	0	45	45	45	0	45	45	0	0	
0	22	22	22	0	0	0	0	0	0	0	0	0	0	0	0	0	22	0	0	
0	0	0	70	70	0	0	70	70	70	0	0	0	0	70	0	0	0	0	0	
0	0	0	0	73	0	0	0	0	0	0	73	0	0	0	73	0	73	0	0	
0	0	0	13	0	0	13	0	0	0	0	13	0	0	0	13	0	0	13	0	
0	75	0	0	0	0	75	75	0	75	0	75	75	0	0	0	75	0	0	0	
0	0	0	26	0	0	0	0	0	0	0	0	0	0	0	0	26	0	0	0	
0	0	0	60	0	0	60	0	60	0	0	0	60	60	0	0	0	60	0	0	
0	89	0	0	0	0	0	0	0	0	0	89	0	89	0	0	0	89	0	0	
0	0	0	0	0	94	0	0	0	0	0	0	0	0	0	0	0	0	0	94	
0	71	0	0	0	0	71	0	0	71	71	71	0	0	0	0	71	0	71	0	
0	0	0	64	64	0	0	64	64	0	64	0	64	64	0	64	0	64	0	0	
98	98	0	98	0	0	0	0	0	0	0	0	0	0	98	98	0	98	0	0	
0	82	82	0	0	82	82	82	0	82	0	0	82	0	0	82	0	0	0	0	
0	86	0	0	0	0	0	0	86	86	0	0	0	0	0	0	0	0	0	86	
0	0	0	0	0	0	0	0	28	0	0	0	0	28	0	28	0	0	0	0	
0	0	0	0	81	81	0	81	0	0	0	0	0	0	81	81	0	0	0	0	
0	0	0	23	0	23	0	0	0	0	0	0	23	0	0	0	23	0	0	0	
0	0	56	0	0	0	56	0	56	0	56	56	0	56	56	0	0	56	0	56	
0	27	0	0	0	27	0	0	0	0	27	27	27	27	0	0	0	27	0	0	
0	0	60	60	60	60	60	0	60	0	0	0	60	60	0	60	0	60	0	60	
0	0	0	0	0	0	0	0	0	41	0	0	41	41	0	0	0	0	0	41	
0	0	0	0	0	57	0	0	0	0	0	57	57	0	0	57	0	0	0	0	
0	0	48	48	0	0	0	0	0	0	0	0	48	48	0	0	48	0	48	0	
0	81	81	81	0	0	0	81	0	0	81	0	81	0	0	81	81	0	0	0	
27	0	0	0	0	0	0	27	0	0	0	0	27	0	0	0	27	0	27	0	
33	33	0	0	0	0	0	0	33	33	0	33	0	0	33	33	0	33	0	0	
76	0	0	0	0	0	0	0	0	76	76	76	0	0	0	0	0	0	0	0	
0	0	0	0	0	80	0	0	80	0	0	0	0	80	80	80	0	0	0	80	
0	17	0	17	0	0	0	0	17	0	0	17	17	0	17	17	17	17	17	17	
88	88	0	0	0	0	0	88	0	0	0	0	0	0	88	0	88	0	0	0	
0	87	0	0	0	0	0	0	87	0	87	0	87	0	0	0	87	0	0	0	
0	0	0	0	0	56	56	0	0	56	0	0	0	56	0	56	0	0	0	56	
33	0	0	0	0	0	33	33	0	0	0	0	0	0	33	0	0	0	33	0	
0	0	96	0	96	0	96	0	0	96	0	0	96	0	96	0	0	0	0	0	
0	50	0	50	0	50	0	0	0	0	0	0	50	0	50	0	0	0	0	0	
27	27	0	0	0	27	27	0	0	0	27	0	0	0	27	0	0	0	0	0	
60	0	0	0	60	0	0	60	0	60	0	0	0	60	0	60	0	60	0	60	
0	0	0	0	72	72	0	0	0	0	0	0	0	0	0	0	0	0	0	0	
0	97	0	0	0	97	0	97	0	0	0	0	0	0	0	97	0	97	97	0	
0	11	0	0	0	0	0	0	0	0	0	11	0	11	0	0	0	11	0	0	
0	0	0	0	0	0	36	36	36	0	0	0	36	0	0	36	36	0	0	0	
56	56	0	0	0	0	0	0	0	0	0	0	0	0	0	56	0	0	0	0	
0	84	84	84	0	0	0	0	0	0	0	0	84	84	0	0	0	84	0	0	
0	0	0	0	63	0	63	0	63	0	0	0	63	0	63	0	0	0	0	63	
0	0	0	0	0	0	76	0	76	0	76	0	76	0	0	0	76	76	0	0	
0	0	0	12	12	0	0	0	0	12	0	12	12	12	12	12	12	0	12	0	
0	0	0	11	0	11	0	0	0	0	0	0	0	11	0	0	0	11	0	0	
0	0	0	0	77	0	0	77	0	0	0	0	0	0	0	0	0	0	0	0	
0	35	0	35	0	35	0	35	35	35	35	0	0	0	0	0	35	0	0	0	
64	0	0	64	0	0	0	0	64	0	64	0	0	64	0	64	0	0	64	0	
0	56	0	56	0	0	0	0	0	0	0	0	56	56	0	56	56	0	0	0	
0	0	0	0	0	0	0	0	0	89	89	89	0	0	0	0	0	0	0	0	
0	0	0	0	0	87	0	0	0	87	0	0	0	0	0	0	0	87	87	0	
0	87	0	0	0	0	87	0	0	0	0	87	0	0	87	0	87	0	0	0	
65	65	0	65	0	0	0	0	0	0	65	0	0	0	0	0	0	65	0	0	
72	0	0	0	0	0	0	0	72	0	72	72	0	0	0	0	72	72	0	0	
0	0	0	0	0	56	0	0	56	56	0	0	0	56	0	56	0	0	0	0	
0	0	0	0	0	0	0	0	98	0	98	0	0	0	98	0	98	98	0	98	
93	93	0	0	0	0	0	93	0	93	0	0	0	0	0	0	93	93	0	0	
0	0	0	0	0	0	20	0	0	0	0	0	0	0	20	20	0	20	20	20	
52	0	0	0	0	0	52	52	0	0	52	0	52	0	0	52	52	0	0	52	
23	0	23	23	0	0	0	0	23	23	0	0	23	0	23	0	0	0	23	0	
0	71	71	0	0	71	0	0	71	0	0	0	71	0	71	0	71	0	0	71	
0	70	0	0	0	0	0	70	0	70	70	0	70	0	0	0	0	0	0	0	
0	67	67	0	67	0	0	0	0	0	0	0	67	0	0	0	0	0	0	67	
0	88	88	0	0	0	0	88	0	88	88	0	0	88	0	0	0	88	0	0	
0	73	0	73	0	0	73	0	0	0	0	73	73	0	0	0	0	0	0	0	
0	14	0	0	0	0	0	14	0	0	14	0	0	14	14	14	14	0	14	14	
0	0	0	27	0	0	27	0	27	0	0	27	0	0	0	0	0	0	0	0	
67	67	67	0	0	0	0	0	0	0	0	0	67	0	67	0	0	67	67	0	
0	0	66	0	0	66	0	0	0	0	66	0	0	0	0	0	0	0	66	0	
0	0	0	0	27	0	0	27	27	0	0	27	0	0	27	0	0	0	27	0	
0	43	0	0	0	43	0	0	0	0	0	0	0	0	43	43	0	43	43	43	
0	0	27	0	27	0	27	0	0	0	0	0	0	0	0	27	27	0	27	0	
0	0	0	0	0	0	0	0	0	79	0	0	0	79	0	0	0	0	0	79	
0	0	0	71	0	0	0	0	0	0	0	0	0	0	0	0	0	0	0	0	
0	0	0	0	0	78	0	78	0	78	0	78	78	0	0	78	0	78	0	0	
50	50	0	0	0	50	50	0	50	50	50	0	50	0	50	0	50	0	50	0	
0	0	0	87	87	0	87	0	0	87	87	0	0	87	0	87	87	0	87	87	
68	0	68	0	0	0	0	68	68	0	0	68	0	0	0	68	0	0	68	0	
0	0	73	73	0	0	73	0	73	0	0	0	73	73	0	0	0	73	0	73	
81	0	0	81	0	81	0	0	0	81	0	81	0	0	81	0	0	0	81	0	
0	0	0	0	0	50	50	0	0	0	0	50	50	0	50	0	50	50	50	0	
34	0	34	0	0	0	34	34	0	0	0	34	34	34	0	0	34	34	0	0	
0	0	78	78	78	0	78	0	0	0	78	0	0	0	0	0	0	78	0	0	
0	18	0	18	18	0	0	0	0	18	0	18	0	18	0	0	0	0	0	18	
52	0	0	0	0	52	52	0	0	0	0	0	52	52	0	0	0	0	0	52	
0	0	41	0	41	0	0	0	0	0	0	0	0	0	0	0	0	0	0	41	
0	18	0	18	0	0	18	0	0	18	0	18	0	0	0	18	18	0	0	0	
0	0	0	91	91	91	0	91	0	0	0	0	0	0	91	0	91	0	91	0	
0	0	0	62	0	62	0	0	0	62	0	0	0	0	0	0	0	0	0	0	
45	0	45	45	0	0	0	0	0	0	0	0	0	0	0	45	0	0	0	45	
78	78	0	78	78	0	0	0	0	0	0	0	0	78	78	0	0	0	0	0	
0	54	54	0	54	0	54	0	0	0	0	54	0	0	54	0	54	0	54	54	
0	0	69	0	0	0	69	0	0	0	0	69	0	0	69	0	69	0	0	0	
33	0	33	0	0	0	0	0	33	33	0	0	0	0	0	33	33	0	0	33	
28	0	0	0	0	0	0	28	0	28	0	0	28	0	0	0	0	0	28	0	
0	78	0	0	0	0	0	0	0	78	0	0	0	78	0	0	0	78	0	78	
0	17	0	17	0	17	0	0	17	0	0	17	0	17	0	0	17	0	0	0	
0	0	0	0	0	0	0	0	42	42	0	0	42	0	0	0	0	42	0	42	
23	0	0	0	0	23	0	23	0	0	0	0	23	0	0	23	0	0	0	0	
0	0	65	0	65	65	0	65	0	65	65	65	0	0	0	0	0	65	65	0	
0	0	69	69	69	0	0	0	0	0	69	0	0	0	69	0	0	0	69	0	
0	0	0	0	0	0	0	0	0	14	0	0	14	0	0	0	0	0	14	14	
0	0	0	0	0	26	26	26	0	0	0	0	0	26	0	0	0	0	0	0	
0	0	0	58	58	0	58	58	0	0	0	0	0	0	0	58	0	58	0	0	
0	0	0	0	27	0	27	0	0	0	0	27	0	0	0	0	0	0	0	0	
0	0	0	0	0	0	84	84	84	0	0	0	84	0	0	84	0	0	0	0	
0	88	0	88	0	88	88	0	0	0	88	88	88	0	0	88	88	0	0	88	
0	0	0	0	0	98	0	0	0	0	0	98	0	0	0	0	0	0	98	98	
55	0	0	55	55	0	55	0	0	0	0	0	0	55	0	0	55	0	0	55	
43	0	0	43	0	0	0	0	0	43	0	43	43	43	0	43	0	43	0	43	
0	0	15	15	15	15	0	0	0	15	0	15	0	15	15	15	0	15	0	15	
0	13	0	0	0	13	0	0	0	13	0	0	0	0	13	13	0	0	0	13	
0	97	0	0	0	0	0	0	0	97	0	0	0	0	0	0	97	97	0	97	
27	27	0	0	0	0	0	27	27	0	0	27	0	0	0	0	27	27	0	0	
0	82	82	82	0	82	82	0	0	0	82	0	82	0	0	0	82	82	82	0	
0	80	0	80	0	0	0	0	0	0	0	80	0	80	0	80	0	0	0	0	
71	71	0	71	71	0	0	0	71	0	0	71	71	0	0	71	71	71	0	71	
