100
20
12	18	15	11	16	14	15	19	12	17	14	11	19	18	11	12	11	13	14	15	17	16	19	11	16	16	12	19	15	12	12	17	18	10	16	10	19	16	11	10	12	17	16	11	19	10	12	13	17	18	14	12	11	14	17	13	16	14	13	12	17	12	17	11	17	11	13	18	15	17	10	16	10	14	13	12	15	10	15	14	10	12	15	15	12	19	13	11	12	13	18	17	16	13	13	13	17	14	16	17	
0	0	0	0	40	0	51	59	0	0	0	0	0	54	56	55	0	0	58	0	
0	0	0	83	0	0	0	0	61	76	81	0	0	0	0	0	89	0	0	0	
0	0	13	0	10	11	0	0	0	13	0	0	10	0	0	0	0	10	10	0	
99	91	0	0	0	101	0	76	99	0	0	0	0	0	0	0	0	85	0	80	
0	40	36	0	49	0	42	52	0	0	39	0	0	0	43	0	41	0	0	53	
0	81	0	0	54	0	0	57	0	0	69	0	74	0	0	0	69	0	0	58	
0	0	0	48	0	0	51	0	0	0	0	48	47	46	51	0	0	46	50	0	
58	0	0	0	0	0	0	0	0	0	0	0	0	0	0	60	0	0	0	48	
0	0	0	0	0	15	10	0	0	0	10	0	0	0	0	0	0	0	0	10	
0	0	0	0	0	59	0	0	0	0	0	0	0	42	0	0	0	56	46	0	
52	0	52	0	0	0	0	0	0	0	0	57	0	47	0	51	49	0	44	0	
0	0	0	0	35	0	35	0	34	33	29	0	35	0	0	0	24	0	0	0	
25	28	0	0	0	22	0	0	0	0	0	0	0	23	0	32	0	0	0	0	
0	0	72	91	72	0	84	90	0	0	100	86	0	0	0	0	84	74	78	87	
20	21	0	0	22	0	0	0	16	0	23	0	0	0	0	23	23	0	0	0	
0	23	0	0	21	19	22	21	0	0	0	0	0	0	0	24	0	0	0	0	
0	0	0	88	0	0	103	95	0	0	0	0	0	0	0	0	0	0	0	106	
0	0	78	0	0	0	0	0	69	81	0	0	79	0	75	0	0	0	0	75	
0	0	15	0	0	15	14	0	0	0	15	13	0	0	0	15	0	13	15	0	
0	0	37	0	30	0	41	0	0	42	34	0	0	39	0	0	0	0	0	41	
0	0	0	10	11	0	0	13	0	0	12	10	0	0	0	0	0	13	11	13	
0	0	0	0	0	0	97	0	0	0	90	0	0	0	0	0	0	0	0	0	
0	103	0	80	86	0	81	0	0	0	0	101	0	0	0	0	0	0	0	0	
43	0	0	51	0	55	50	0	0	42	42	0	0	0	0	56	0	55	0	0	
62	0	0	0	0	70	76	0	0	81	0	0	0	0	0	0	0	0	74	0	
0	0	0	0	0	0	32	0	0	0	0	0	43	0	36	0	40	38	32	0	
0	0	0	23	0	0	20	22	21	0	0	19	28	0	22	0	0	21	28	0	
0	96	0	97	68	0	0	93	79	67	0	0	95	83	88	0	0	0	92	0	
0	0	80	0	74	80	0	75	0	0	0	80	0	74	83	0	0	0	0	0	
0	0	0	20	0	0	21	0	21	0	0	0	0	0	0	0	0	0	0	0	
85	0	0	82	0	0	0	0	102	0	0	89	0	0	104	0	89	0	0	0	
0	0	0	84	87	0	80	0	93	0	0	63	0	0	0	88	0	0	0	78	
67	0	59	0	0	0	0	49	56	51	0	0	0	0	0	0	50	60	61	0	
0	9	0	0	11	0	0	0	8	0	0	9	0	9	10	0	0	0	0	0	
45	0	0	46	0	41	36	39	37	0	0	39	46	0	44	0	35	0	38	35	
0	0	0	0	0	0	0	0	0	35	0	0	0	36	0	34	0	0	0	0	
0	0	24	0	0	0	0	0	0	0	0	0	0	0	0	0	0	0	0	0	
99	0	0	0	0	0	80	0	87	79	111	0	0	88	87	0	98	0	0	80	
0	60	0	0	0	76	0	57	0	53	0	54	0	0	66	0	53	0	0	69	
0	14	0	0	18	16	0	16	0	0	16	0	0	19	19	14	0	0	0	0	
0	15	0	0	0	0	14	17	0	0	0	0	0	14	16	0	0	0	0	16	
0	0	45	0	0	0	45	39	0	0	0	0	0	0	0	0	36	42	0	0	
0	0	0	0	0	63	0	60	0	70	0	0	57	0	0	64	0	0	71	0	
65	0	53	0	67	60	0	55	56	0	0	0	66	0	0	0	60	65	0	0	
0	15	16	0	0	0	0	0	0	0	0	0	0	15	0	13	0	0	14	0	
0	0	0	0	0	67	0	56	0	0	61	59	0	0	49	0	0	57	0	47	
0	0	53	0	0	0	76	0	0	72	0	0	0	0	0	0	62	0	0	0	
0	0	0	0	0	0	0	0	64	0	0	0	69	0	69	82	67	0	0	66	
44	53	0	0	44	0	38	0	43	0	50	38	0	0	0	40	36	0	53	0	
0	92	0	0	0	0	0	0	0	0	0	0	89	0	81	0	0	0	0	0	
0	0	57	0	0	71	0	0	70	0	0	0	53	76	0	0	0	58	0	52	
30	0	34	0	0	31	26	0	0	0	0	29	0	0	0	0	31	0	33	33	
0	0	34	0	0	30	0	35	0	27	0	0	0	29	0	0	32	0	32	0	
21	21	0	0	0	18	0	19	0	0	0	0	25	20	22	0	0	0	21	0	
0	52	0	0	0	68	0	54	0	64	0	46	50	68	51	61	50	0	0	0	
0	0	79	81	0	63	0	61	80	0	0	73	0	0	72	61	83	65	0	0	
31	0	23	0	0	0	23	30	0	0	0	28	0	0	0	0	34	0	0	0	
53	54	0	37	0	0	40	0	44	0	0	0	0	0	0	37	0	0	0	39	
0	0	0	0	83	70	72	63	0	0	83	78	68	0	0	0	66	61	0	0	
37	0	0	0	0	0	33	0	0	40	40	36	0	38	0	46	43	0	0	40	
0	111	86	0	89	106	0	108	0	0	0	0	0	0	76	92	0	91	0	88	
0	56	0	0	0	49	0	71	54	0	65	0	70	0	64	0	51	0	0	0	
0	0	0	20	15	0	0	0	0	0	0	0	0	0	0	15	0	0	0	0	
0	0	0	54	0	0	0	0	58	0	70	0	58	64	0	0	79	0	0	0	
0	10	11	11	0	0	0	0	9	0	11	8	0	0	10	0	10	10	0	10	
61	0	0	0	48	42	0	45	43	0	51	0	51	0	0	53	45	0	42	0	
66	0	0	0	0	0	71	67	0	0	71	0	0	0	0	0	0	0	0	69	
0	0	0	22	0	24	0	0	0	0	0	0	0	0	22	24	0	24	0	0	
0	0	0	0	0	0	37	40	0	0	38	0	0	0	31	0	35	38	0	0	
65	0	0	0	0	65	0	67	83	0	0	0	0	63	0	0	87	0	0	0	
36	0	0	0	0	39	34	0	0	40	35	31	0	30	35	0	0	0	0	35	
0	0	0	0	32	0	0	34	35	34	33	33	0	37	0	0	0	0	34	34	
18	0	0	0	0	0	18	0	0	0	19	0	0	0	21	0	23	22	0	0	
0	0	90	0	0	87	0	0	0	0	0	0	0	0	102	109	76	0	89	0	
87	0	0	88	109	110	0	0	82	0	104	0	0	0	0	0	0	76	98	0	
0	0	76	0	0	0	0	0	0	87	0	0	0	84	75	0	0	0	0	0	
0	82	0	0	69	0	0	0	0	0	0	79	0	0	0	0	72	0	0	0	
77	0	86	0	0	0	0	0	0	86	0	0	0	0	94	0	0	79	68	0	
0	33	0	0	0	0	0	23	26	33	25	0	0	0	0	0	0	28	0	0	
0	0	90	77	0	0	91	80	0	0	0	0	0	0	103	0	74	0	0	0	
0	64	0	0	0	0	0	0	0	0	0	0	0	0	66	0	65	64	61	0	
0	0	0	62	0	0	0	57	48	0	0	0	0	65	0	48	62	64	66	64	
0	0	0	0	0	0	38	0	37	0	42	40	0	0	30	0	33	40	0	0	
0	0	0	101	0	0	90	0	92	78	0	0	0	0	0	0	73	99	0	89	
0	0	0	0	0	0	0	0	0	0	0	66	0	61	0	0	0	0	0	0	
0	0	0	53	40	0	0	39	46	0	0	0	48	44	0	0	0	0	45	40	
54	0	0	0	0	0	0	0	65	0	0	0	63	0	0	0	0	0	0	0	
0	0	0	0	0	0	69	0	68	0	69	80	79	0	86	0	68	88	0	74	
0	0	0	0	0	80	0	0	0	0	81	70	0	94	0	76	72	0	0	0	
0	0	0	0	0	85	0	0	80	0	0	72	0	0	0	0	0	0	0	0	
22	0	26	0	26	29	0	28	0	0	27	0	0	0	0	0	0	0	0	23	
0	0	0	0	0	0	0	0	68	0	76	0	0	0	0	0	0	0	61	0	
47	0	44	0	48	0	37	0	0	49	39	44	0	47	0	49	35	0	0	0	
0	46	0	0	0	0	0	61	0	0	47	0	0	0	0	0	0	62	0	0	
0	0	0	0	0	54	0	0	0	56	0	0	57	0	0	0	0	0	0	63	
59	78	66	0	0	56	74	73	72	0	0	0	0	0	71	0	0	0	0	0	
0	61	0	0	0	58	50	0	46	54	0	0	48	0	0	0	0	58	0	0	
42	0	34	0	0	40	0	0	0	0	0	0	0	0	0	50	50	40	42	0	
0	0	79	0	88	0	91	0	0	0	82	0	0	0	0	80	0	0	0	0	
108	108	0	0	79	0	0	0	81	0	0	86	94	0	0	80	78	0	0	0	
0	0	0	22	0	0	0	0	22	0	0	25	0	0	0	0	0	0	0	0	
42	0	0	33	0	0	0	0	0	0	0	0	0	0	0	0	48	0	36	0	
64	80	60	0	81	0	68	0	73	0	0	76	0	0	0	0	0	0	59	82	
0	55	0	0	0	0	0	0	71	0	49	0	70	0	0	0	0	0	0	0	
60	0	66	0	65	0	0	0	0	0	64	53	58	0	0	0	60	72	0	0	
0	42	0	0	34	0	0	0	0	0	0	0	0	40	0	0	0	0	41	0	
0	0	0	0	24	23	0	0	0	0	0	19	0	0	24	0	0	19	0	0	
0	0	0	50	0	54	0	0	47	0	0	0	0	48	0	53	45	51	0	0	
14	0	0	0	0	15	0	0	0	0	0	0	0	0	11	0	0	0	15	10	
0	61	0	0	68	0	0	73	66	0	0	53	63	0	69	0	0	73	0	0	
0	0	0	0	0	45	0	0	46	0	0	38	0	0	33	34	35	37	0	34	
0	0	0	0	0	0	0	0	17	0	0	20	0	0	0	0	0	0	0	0	
0	0	0	0	0	33	0	0	0	0	39	31	0	39	0	41	0	0	0	0	
0	0	0	0	68	69	68	0	0	0	0	52	62	0	0	0	66	0	65	0	
68	63	0	86	0	0	0	0	79	0	92	70	0	0	0	0	0	0	0	0	
54	0	0	47	0	0	0	0	59	0	55	0	0	49	0	0	0	0	56	0	
39	0	0	32	0	0	0	29	0	0	29	0	0	0	0	41	0	0	0	35	
0	0	83	0	0	78	95	79	0	0	0	0	0	0	0	95	0	92	0	74	
16	0	0	0	0	14	0	0	0	0	0	0	0	18	0	0	0	14	0	13	
0	0	0	30	31	31	0	0	0	31	0	26	0	0	0	0	0	25	0	0	
82	0	0	77	0	0	0	87	0	82	0	0	0	0	0	0	0	0	0	89	
0	0	0	81	0	81	95	0	0	0	0	0	0	91	0	99	0	0	0	0	
0	0	0	0	65	0	57	0	0	80	0	71	78	0	0	0	82	0	0	83	
0	0	0	0	0	0	0	0	0	0	0	0	0	0	0	94	0	0	0	0	
0	0	0	0	0	0	52	52	59	0	54	0	58	0	0	0	0	0	0	57	
82	87	0	0	0	0	0	0	113	0	0	0	96	0	0	0	0	0	0	0	
0	18	18	0	0	0	13	0	0	0	0	17	0	18	0	0	0	0	0	0	
43	0	40	0	47	0	0	0	0	0	0	0	0	0	0	0	0	0	42	45	
32	0	0	0	40	28	0	0	0	0	29	39	0	0	0	0	0	0	0	0	
57	54	0	0	0	47	0	48	0	59	0	0	51	58	65	0	0	52	64	0	
0	0	0	59	0	0	0	0	75	0	0	0	68	0	55	66	61	74	0	0	
0	0	0	24	29	27	0	25	0	0	0	29	29	0	34	0	30	0	0	0	
0	0	0	87	0	0	0	0	0	0	66	71	0	0	82	0	0	0	83	69	
0	0	0	0	64	0	0	58	0	0	0	0	0	0	72	71	0	0	0	73	
44	0	0	0	0	41	0	37	41	44	0	44	0	32	0	43	0	0	39	36	
0	0	0	0	0	0	0	0	15	0	0	11	16	0	0	15	0	0	12	0	
0	49	0	0	0	0	0	0	0	0	0	0	0	0	0	0	0	0	0	49	
0	0	0	0	0	0	0	0	0	0	99	72	0	0	0	0	0	0	91	74	
85	0	0	0	81	0	0	88	0	77	96	0	0	0	0	0	94	0	0	101	
13	0	12	0	14	0	0	0	0	0	11	0	0	0	0	11	15	0	0	0	
0	0	0	0	58	63	0	0	0	0	0	0	57	0	0	0	0	63	49	0	
0	0	0	36	0	36	35	41	0	33	0	33	0	0	0	0	0	0	45	0	
0	18	0	21	0	21	0	18	0	0	0	0	0	0	0	24	0	0	0	0	
0	0	0	17	0	0	0	0	0	0	17	0	0	0	0	19	0	19	0	0	
0	0	14	0	15	0	0	0	0	16	19	0	0	15	0	0	18	0	14	14	
0	0	41	0	0	0	0	0	44	0	0	0	31	43	0	0	30	0	38	0	
0	0	0	0	11	0	0	0	0	9	9	0	11	0	0	0	0	0	0	11	
60	0	0	0	83	0	58	0	0	0	0	0	0	0	0	0	76	71	0	0	
0	0	0	81	88	0	0	0	0	0	0	0	109	0	0	0	0	0	0	109	
0	25	0	0	0	0	0	20	0	0	0	0	0	23	22	24	25	21	0	0	
41	0	0	0	0	0	0	0	57	0	0	0	0	45	0	0	0	0	0	0	
0	0	78	0	0	0	87	0	0	0	0	0	0	0	102	0	0	0	105	0	
66	69	73	0	70	0	58	0	0	0	0	0	0	0	0	52	61	0	68	53	
0	97	0	0	0	0	0	0	0	0	99	0	115	0	0	0	102	0	0	110	
62	0	58	0	0	0	0	0	0	0	0	65	55	59	0	0	0	0	0	0	
0	0	0	0	23	32	31	27	0	0	0	0	0	0	33	28	0	0	31	0	
0	0	0	0	77	0	0	0	0	0	0	0	0	0	0	0	0	72	0	0	
0	0	0	0	0	93	0	0	0	0	79	71	0	0	98	0	0	98	0	0	
0	0	0	0	46	0	0	0	0	0	0	0	38	0	0	48	0	53	0	41	
0	0	65	0	0	51	0	50	0	0	0	0	0	0	60	0	0	0	56	60	
46	0	0	0	0	0	0	43	0	0	40	47	0	0	0	0	50	36	0	0	
22	21	0	0	24	0	28	22	24	0	0	0	0	25	0	0	0	0	0	0	
0	16	12	15	0	14	0	0	14	16	14	15	0	0	0	0	17	0	0	0	
0	0	0	0	0	75	85	0	0	0	0	67	0	0	80	0	0	74	82	0	
0	0	0	92	0	85	0	0	0	0	0	0	91	0	0	0	92	0	0	0	
0	0	0	0	0	0	0	66	72	0	0	55	66	0	0	0	68	0	0	53	
0	19	0	0	0	0	21	0	0	0	21	0	0	0	0	0	0	0	18	20	
0	0	0	0	0	0	0	0	0	0	36	42	0	30	0	35	0	0	41	0	
0	0	66	87	0	0	0	0	0	0	76	0	0	71	0	0	63	81	0	74	
0	0	0	0	0	0	0	48	0	52	0	0	36	0	0	0	0	48	0	0	
0	0	0	61	0	0	0	0	47	0	0	0	44	0	0	55	0	58	0	0	
34	0	0	29	0	0	35	33	0	0	0	0	0	28	0	0	39	29	0	0	
0	0	0	0	0	0	16	0	12	13	0	0	16	0	0	0	12	0	14	14	
0	0	15	0	12	0	0	0	0	0	11	0	10	0	0	0	0	0	15	0	
0	78	0	0	0	63	59	0	0	72	70	0	70	0	0	0	0	0	0	0	
0	52	0	0	0	0	60	0	0	0	0	0	0	0	0	0	0	47	0	0	
0	0	0	0	0	0	0	62	0	0	0	53	0	0	58	0	0	0	43	0	
0	0	17	0	0	0	14	0	14	20	0	14	0	18	0	0	0	14	17	0	
61	0	0	90	0	0	90	65	0	0	88	0	0	0	0	90	0	0	87	0	
49	0	43	58	0	0	0	53	0	0	0	0	58	0	0	57	0	0	0	0	
0	0	117	0	103	0	0	0	0	95	0	0	0	116	0	0	105	82	0	0	
0	91	0	97	0	0	0	0	0	0	0	0	72	88	92	102	0	0	0	90	
0	0	62	0	59	0	0	49	0	0	58	67	63	52	68	0	0	0	0	53	
0	0	0	53	0	0	0	0	0	0	0	49	0	0	0	0	0	0	0	61	
0	0	41	44	0	0	47	0	36	0	0	0	52	51	0	0	0	0	0	48	
24	0	32	0	32	31	25	35	0	0	0	27	0	0	0	26	32	30	0	0	
67	0	0	0	0	0	69	0	81	0	0	0	0	87	0	0	89	0	0	0	
0	0	19	0	0	0	18	0	0	18	0	0	15	0	0	0	19	0	0	0	
0	30	0	39	0	0	0	0	36	0	0	0	0	0	37	30	0	0	33	0	
0	87	86	0	0	0	63	65	68	0	0	0	0	0	0	0	0	0	85	0	
0	19	19	0	0	0	0	0	0	0	20	0	0	0	0	0	0	22	0	0	
0	0	0	75	69	0	0	0	0	0	0	0	0	0	55	76	0	0	60	0	
0	79	0	80	0	0	0	72	57	0	0	0	81	0	0	0	72	0	0	72	
102	0	0	74	0	89	0	0	0	0	0	95	0	0	0	0	84	0	0	0	
0	0	0	0	0	64	0	0	0	0	65	61	0	74	71	0	0	0	69	61	
0	0	0	70	0	0	97	0	0	0	0	0	0	70	0	77	0	80	0	0	
22	0	20	22	24	0	0	0	0	21	0	19	0	0	0	22	0	0	0	0	
0	0	21	0	0	0	0	0	0	0	0	0	0	0	24	0	0	24	0	0	
0	0	0	30	0	0	23	0	22	0	23	22	0	0	0	25	0	0	0	0	
66	64	76	83	0	0	82	0	0	0	0	0	78	0	80	0	68	0	0	62	
0	0	0	0	0	0	0	0	0	0	0	25	0	28	0	22	0	25	0	0	
0	69	0	68	0	62	50	0	0	0	54	0	53	0	64	53	0	0	0	61	
0	0	0	91	80	0	0	109	94	0	0	0	0	0	0	106	0	0	0	0	
0	0	0	104	0	88	0	0	0	106	103	0	0	84	0	0	100	79	0	0	
0	67	0	64	64	0	0	0	0	0	65	0	70	0	77	0	0	0	68	0	
0	0	0	0	17	0	0	0	0	0	0	15	0	0	0	0	0	15	0	13	
0	0	0	74	97	80	101	0	0	0	74	0	0	0	0	99	103	110	0	93	
0	9	0	0	0	0	0	0	9	0	0	0	0	0	0	0	0	0	12	0	
0	0	0	0	0	75	0	0	0	0	0	0	56	0	0	0	0	0	77	78	
81	0	69	0	0	0	0	0	0	0	0	0	0	90	73	0	0	75	0	0	
61	74	0	0	61	0	0	61	60	0	0	0	50	0	51	58	0	73	0	50	
0	0	0	0	0	0	0	15	0	0	0	20	0	0	0	14	0	19	0	0	
0	0	0	109	0	97	97	0	0	0	0	99	0	0	0	0	107	92	0	101	
0	0	0	0	0	0	0	0	0	0	0	98	0	0	0	0	0	0	94	0	
56	0	40	0	0	0	0	51	58	0	0	46	57	0	41	0	0	0	0	48	
0	0	0	0	0	0	0	0	73	0	71	0	0	81	0	0	0	0	0	85	
90	0	0	0	99	0	0	0	94	0	0	0	0	0	0	88	106	0	0	72	
0	0	0	0	52	0	0	0	0	70	68	68	59	0	0	0	0	70	57	0	
0	0	0	10	0	13	0	0	0	0	0	0	0	0	13	12	0	0	0	12	
38	0	0	0	0	0	0	37	0	32	0	0	0	0	0	0	34	39	0	38	
0	0	0	0	42	0	0	43	0	0	0	0	0	0	47	0	0	0	0	38	
79	0	0	0	81	0	62	0	0	0	0	83	0	76	0	0	0	0	0	0	
0	0	0	0	9	0	12	9	0	0	0	9	0	0	0	0	0	10	0	0	
89	0	0	0	85	0	0	0	0	91	68	91	0	74	0	0	74	84	84	0	
0	58	50	0	42	0	0	0	45	0	60	0	0	0	0	0	0	49	0	48	
52	0	0	46	57	0	0	0	68	0	0	0	0	0	0	0	51	0	0	0	
0	0	0	10	0	0	0	0	12	13	0	0	0	0	0	10	10	0	0	0	
43	0	0	0	0	0	0	0	0	0	42	0	45	0	0	48	52	62	0	43	
0	9	10	0	9	11	11	0	0	0	0	9	0	0	0	0	0	0	0	0	
0	0	23	0	0	0	27	0	0	23	0	24	0	18	0	0	0	0	0	0	
0	10	0	0	0	0	0	0	0	0	0	0	0	0	0	12	9	0	0	0	
0	0	43	59	0	48	0	53	0	0	0	0	48	0	0	0	0	0	0	56	
0	60	0	0	59	0	59	0	70	0	69	0	0	52	0	0	0	57	60	0	
0	0	0	0	0	0	0	0	31	0	29	0	0	0	0	0	0	0	0	0	
20	0	19	0	27	24	0	0	20	0	24	0	0	0	0	0	26	0	0	26	
54	41	0	0	0	44	0	0	0	0	0	55	0	0	43	0	0	53	0	41	
48	42	0	0	53	47	0	0	48	0	43	0	0	0	46	0	46	52	0	0	
0	54	62	0	0	0	0	0	0	59	0	0	0	0	48	0	0	64	0	0	
0	0	0	0	0	91	0	0	74	0	0	0	0	0	79	71	0	0	0	0	
11	14	15	15	0	0	0	0	0	0	0	0	13	0	0	0	0	12	0	0	
80	0	0	0	0	0	0	0	0	0	0	0	0	0	0	0	0	0	91	0	
0	0	0	88	0	102	107	0	79	87	0	109	109	0	0	0	0	0	0	99	
56	0	61	0	0	0	0	0	61	0	61	0	0	52	0	0	0	69	58	0	
62	0	0	0	0	0	0	0	56	0	0	0	66	0	70	66	64	50	70	0	
18	18	20	0	0	0	27	0	0	27	0	0	23	0	25	0	26	27	0	0	
0	0	0	30	0	35	41	33	0	0	35	31	0	0	0	0	0	0	39	0	
0	24	22	21	0	22	0	0	23	0	0	21	22	0	0	20	0	0	0	0	
0	27	39	0	0	0	0	0	0	0	0	0	0	0	40	0	0	0	28	0	
0	0	0	14	0	0	16	0	0	0	0	0	0	0	0	0	0	0	15	0	
0	0	0	52	39	0	37	0	41	0	0	0	0	0	0	0	43	0	0	0	
0	0	0	0	0	0	49	0	0	48	0	63	0	0	63	0	0	0	45	0	
0	66	77	0	0	0	0	0	0	70	0	0	0	63	65	0	75	0	0	79	
0	40	51	43	0	0	0	43	39	0	36	0	0	46	0	0	0	49	52	38	
0	96	0	81	0	0	0	0	0	0	84	77	0	0	0	0	0	82	0	0	
46	55	0	0	53	0	42	48	60	49	0	0	0	0	0	47	52	0	58	59	
0	19	0	0	0	0	0	0	21	0	0	0	0	18	18	0	19	18	0	0	
0	30	37	0	0	33	0	0	0	38	0	29	0	0	29	0	0	32	0	29	
8	9	0	0	0	0	0	0	0	9	0	8	11	0	11	0	0	0	8	10	
54	0	40	0	0	0	0	47	0	0	0	0	0	0	0	0	38	0	0	0	
65	0	69	0	55	0	0	0	0	54	70	0	0	0	0	0	78	59	0	0	
0	0	0	87	0	0	93	0	0	0	71	0	0	87	72	0	83	0	76	0	
0	0	0	0	45	58	49	0	0	0	0	0	0	0	0	0	0	0	54	0	
0	0	0	71	0	0	69	0	71	0	0	62	0	0	0	70	56	0	0	0	
0	26	0	0	33	27	26	27	0	35	0	0	0	32	0	0	0	0	0	0	
0	0	0	0	0	0	86	0	0	96	0	99	0	0	0	0	83	0	88	90	
0	36	25	25	0	0	34	27	32	0	0	0	0	0	0	0	0	0	0	0	
0	0	0	0	0	0	86	95	0	0	0	96	0	98	82	0	0	0	0	0	
0	0	0	14	19	0	0	0	0	0	19	0	0	0	0	0	19	0	17	14	
0	30	0	22	29	0	0	0	26	0	0	0	21	0	0	0	0	0	0	0	
0	0	0	0	15	0	0	12	14	0	0	11	0	0	11	0	0	0	0	14	
0	19	0	0	0	0	17	0	21	21	0	0	0	0	20	15	0	0	19	20	
0	0	0	34	0	0	43	31	32	0	0	0	30	0	0	0	0	0	0	0	
89	0	0	87	0	0	0	84	86	0	0	0	0	0	91	0	0	0	82	0	
0	0	28	0	0	0	0	0	0	0	0	20	0	0	29	20	22	0	0	0	
0	0	0	0	18	13	0	0	0	0	17	18	0	13	16	15	16	0	0	16	
58	0	0	0	0	0	0	0	0	0	0	0	0	0	0	0	0	0	0	0	
0	0	0	0	56	0	66	0	65	0	0	0	0	0	0	0	0	0	61	64	
25	0	0	0	0	0	0	0	0	0	22	0	0	28	0	0	0	29	0	0	
104	0	105	79	92	84	0	102	89	108	0	103	0	88	0	0	0	93	0	102	
0	0	0	0	0	0	0	0	38	52	0	0	0	0	51	0	0	0	35	0	
0	0	0	0	35	0	32	31	0	0	0	31	0	29	0	0	34	33	36	0	
0	0	0	39	40	53	0	0	0	0	52	44	42	42	44	0	57	0	53	57	
0	73	0	88	0	0	0	0	78	0	0	96	0	102	0	0	0	0	0	0	
0	0	0	0	0	35	34	0	36	42	31	42	38	0	0	0	0	33	0	0	
0	0	0	0	0	0	68	77	90	0	0	0	0	69	0	0	0	0	0	82	
0	0	0	0	0	0	0	0	0	43	41	0	0	0	31	0	0	30	0	43	
0	0	0	0	0	0	0	87	75	76	0	0	66	92	0	0	81	0	95	0	
0	47	0	0	0	0	49	59	49	0	0	61	0	0	0	0	0	67	0	0	
30	0	0	0	0	27	0	0	0	25	0	24	0	0	0	0	0	0	23	0	
0	0	47	0	44	0	0	0	46	0	0	50	0	53	0	0	0	0	48	0	
0	0	0	52	0	0	0	52	50	0	0	0	0	0	55	60	0	58	0	0	
39	0	37	0	0	0	0	0	42	0	0	0	0	0	35	33	34	0	0	0	
0	0	0	44	0	0	43	0	41	49	60	0	0	0	0	0	0	0	0	0	
0	77	0	0	0	0	0	0	0	101	0	0	81	0	95	74	0	97	81	0	
0	72	0	0	58	64	0	58	0	0	0	0	0	79	0	67	0	0	57	67	
0	0	0	0	0	37	0	46	0	0	47	0	0	0	0	0	0	0	0	0	
0	0	65	59	0	0	66	0	0	0	0	0	0	78	0	0	0	0	0	0	
0	0	0	0	0	0	0	0	24	0	27	0	23	0	0	0	0	0	0	0	
0	0	0	0	0	0	79	0	0	0	0	61	61	62	0	0	68	0	68	0	
0	20	0	21	18	25	0	24	0	20	20	25	0	0	22	0	0	0	0	20	
0	0	59	58	0	0	0	0	0	42	0	54	43	0	0	0	0	48	0	0	
0	0	14	11	0	13	15	0	0	0	15	0	12	0	10	13	14	0	0	0	
0	35	0	0	0	0	0	0	46	0	0	0	48	40	0	0	0	41	0	0	
28	20	0	0	0	0	28	0	0	0	0	0	25	23	0	0	26	0	0	0	
0	0	109	0	94	0	0	0	82	95	0	0	0	94	0	0	0	0	0	0	
0	0	0	0	0	0	0	0	0	38	0	0	0	0	0	0	0	0	46	0	
0	0	0	0	0	0	0	0	77	0	100	0	74	0	75	94	0	85	0	0	
28	0	0	0	0	0	34	0	0	0	26	28	0	0	0	0	0	0	0	33	
0	0	86	0	88	0	0	103	77	0	0	0	0	101	0	0	0	0	0	82	
42	0	0	0	0	36	39	0	0	43	0	0	0	0	0	41	0	0	0	0	
23	0	17	20	22	0	16	0	0	20	0	21	16	0	0	0	0	0	0	0	
56	62	0	78	0	0	79	0	0	59	0	0	0	0	67	0	77	56	0	0	
0	36	0	0	0	31	0	0	35	0	34	0	42	0	0	0	34	0	41	0	
57	0	51	0	0	58	0	0	0	0	0	0	64	0	0	0	0	0	0	0	
71	0	0	0	75	0	0	0	0	0	0	0	66	0	0	82	0	73	0	0	
107	0	0	0	113	81	0	109	91	89	0	0	0	0	0	0	0	0	89	0	
0	40	0	0	0	54	0	0	0	0	0	0	0	0	51	0	0	0	0	54	
18	0	22	0	0	0	0	0	0	25	0	0	0	0	0	0	0	0	0	18	
0	0	0	0	0	0	34	0	33	0	0	0	0	0	47	37	42	0	0	0	
42	0	0	0	0	0	0	0	51	0	0	0	0	52	49	0	0	0	38	0	
0	0	0	0	34	0	0	0	0	0	0	0	0	0	0	27	31	34	0	0	
0	0	68	0	65	0	0	62	79	0	79	0	64	0	76	77	0	0	76	55	
0	0	0	45	0	0	0	0	46	0	37	47	0	0	0	0	0	46	0	0	
0	0	0	11	16	13	0	0	0	12	0	15	12	0	0	0	0	16	0	16	
22	0	0	0	0	0	0	0	0	0	0	30	0	0	0	0	0	0	0	0	
35	0	33	0	0	30	0	0	0	33	0	29	0	0	0	0	0	37	0	0	
18	19	19	0	0	17	0	0	17	0	0	16	15	0	0	0	0	0	0	0	
0	0	79	0	102	0	0	95	72	71	77	0	0	0	0	0	0	0	0	0	
0	0	0	56	65	51	0	0	0	64	51	0	59	0	0	70	66	0	66	0	
0	0	63	0	74	0	0	81	74	0	62	0	0	0	62	0	0	0	0	85	
42	0	0	0	56	48	0	0	0	46	0	0	52	0	0	0	49	57	0	0	
0	0	74	0	0	0	85	0	0	0	0	0	0	0	0	0	0	0	93	0	
18	23	0	0	0	0	0	20	19	21	0	0	19	18	0	0	20	0	0	21	
0	52	55	46	0	0	0	44	47	0	0	0	0	53	0	0	49	0	0	0	
0	0	0	0	0	23	0	0	0	25	0	0	0	0	0	0	0	0	0	27	
0	0	84	77	83	0	0	0	0	0	0	79	0	0	84	0	0	0	0	0	
0	0	0	0	0	0	0	0	0	65	0	59	0	0	56	48	0	0	0	0	
0	105	0	0	87	0	0	0	0	0	93	0	0	0	0	0	0	104	0	0	
0	0	46	0	0	0	0	0	0	0	36	0	0	0	34	0	35	0	41	41	
0	20	0	0	0	24	0	0	0	26	0	0	0	18	18	0	0	25	20	0	
36	43	0	0	0	0	0	0	0	52	0	0	0	53	44	53	0	0	42	0	
0	76	65	0	0	0	0	0	0	0	86	0	0	0	0	0	0	0	0	0	
0	22	24	0	22	0	24	0	0	0	0	0	29	0	0	22	0	0	0	0	
0	49	42	50	52	0	51	41	0	0	0	0	0	0	37	0	0	0	39	0	
38	0	0	0	0	0	0	0	0	0	44	45	0	0	42	37	30	42	0	0	
0	0	0	0	0	23	0	0	0	31	31	0	24	32	27	0	0	0	0	0	
0	0	0	0	0	0	28	0	0	0	0	0	39	32	31	39	34	0	0	0	
0	0	0	64	0	84	0	74	0	0	74	72	0	0	80	0	0	93	0	0	
0	0	26	0	0	0	0	0	0	0	0	22	0	28	0	0	29	0	26	22	
0	78	0	0	0	0	0	0	0	0	0	81	57	0	0	0	73	0	74	0	
81	0	0	0	0	0	87	0	0	0	91	0	77	111	0	85	83	0	105	0	
16	22	0	0	0	0	0	20	0	17	16	19	17	20	0	0	0	0	0	0	
0	0	0	74	0	104	0	0	102	0	80	106	83	0	0	0	0	0	0	90	
0	0	0	0	0	19	0	20	0	21	0	0	18	0	0	0	19	21	0	0	
0	46	0	0	0	0	0	34	37	0	0	0	41	0	0	37	0	0	40	36	
0	0	56	0	0	0	0	53	0	0	0	0	0	0	60	0	0	0	51	44	
0	0	103	0	83	90	0	83	0	0	81	0	104	96	0	0	0	0	0	83	
39	0	0	0	0	41	0	0	0	34	0	0	48	0	47	38	0	0	0	0	
0	84	0	0	0	0	0	0	0	0	67	0	0	83	0	0	60	0	60	0	
0	0	0	0	27	28	25	0	0	0	0	0	25	0	0	0	0	0	0	25	
0	0	0	0	0	0	0	45	0	0	0	0	50	0	0	0	0	0	0	0	
0	0	0	0	33	45	0	47	0	0	47	35	0	45	0	42	0	37	0	0	
0	0	0	0	0	0	74	0	0	0	0	80	0	98	0	0	0	0	91	0	
33	38	0	0	0	30	0	35	0	0	0	0	0	0	0	0	0	0	0	0	
0	0	0	0	0	11	0	0	0	0	0	0	0	0	0	0	11	0	0	0	
0	0	83	0	0	86	0	0	0	92	0	74	0	0	0	0	97	0	0	0	
0	93	0	0	73	83	0	0	88	0	0	0	84	0	77	78	0	0	83	69	
0	21	0	0	0	0	28	24	20	25	0	0	21	0	23	24	0	0	21	24	
72	0	0	0	0	0	0	0	0	52	71	0	0	0	67	0	0	67	0	0	
19	0	19	22	0	0	24	20	17	0	17	0	0	0	0	0	0	17	22	0	
0	66	0	0	0	0	82	0	73	0	0	0	0	88	0	80	0	0	63	0	
0	0	0	40	0	0	0	0	46	51	0	0	0	43	0	41	42	0	48	43	
0	0	0	40	0	38	45	0	0	0	0	0	44	0	0	0	43	0	45	0	
0	0	0	0	0	0	0	0	0	0	40	31	0	32	0	0	45	0	0	0	
0	36	0	0	34	38	0	37	0	0	38	0	0	45	44	32	35	32	0	0	
0	0	0	0	0	31	0	35	33	0	0	0	24	0	0	0	0	28	0	0	
0	0	0	0	0	61	0	46	0	0	56	0	0	0	0	47	0	0	0	0	
79	0	0	70	81	95	0	0	0	0	0	0	88	0	0	80	0	69	79	0	
0	69	0	0	0	0	0	66	0	0	95	0	0	0	0	0	0	0	0	83	
0	0	65	73	0	0	90	88	66	96	79	0	0	73	0	0	0	0	0	0	
0	0	42	0	38	0	0	0	0	0	0	0	0	0	45	0	0	33	0	0	
0	0	20	0	0	29	0	27	0	0	0	22	0	0	27	0	0	0	0	0	
104	0	0	112	0	0	0	0	0	0	0	0	0	0	0	0	0	0	0	0	
0	34	0	30	0	33	0	0	33	0	0	36	0	36	0	0	33	0	32	35	
0	0	41	41	0	0	36	0	0	43	32	0	0	0	0	40	32	0	0	0	
26	0	21	0	0	20	0	20	0	0	0	0	0	20	0	0	0	0	0	0	
0	0	20	21	0	0	0	0	0	0	0	0	0	0	0	0	0	0	20	0	
0	0	0	0	0	0	21	0	20	0	0	23	0	23	0	0	0	0	0	20	
0	11	0	9	0	10	0	0	9	0	0	0	0	9	0	0	10	0	0	10	
51	70	0	61	53	67	0	52	0	0	48	0	68	0	0	60	0	0	67	0	
0	0	0	65	59	0	0	0	0	0	0	84	0	0	0	0	0	0	0	0	
0	39	47	0	45	0	0	0	0	0	0	47	42	0	0	0	0	0	0	0	
29	0	0	0	0	0	0	0	0	0	0	0	35	0	0	0	32	0	0	0	
0	32	34	0	0	0	0	0	43	0	0	40	0	36	0	0	0	0	44	0	
0	0	0	0	32	0	0	0	0	26	0	0	0	0	0	0	0	0	0	0	
0	47	0	58	50	51	0	0	0	62	51	0	0	0	55	0	0	52	45	0	
0	48	42	0	0	0	0	51	0	52	0	42	0	0	0	0	0	0	0	0	
0	0	0	104	0	81	95	79	0	0	0	108	0	0	0	0	0	93	0	0	
0	0	0	0	28	0	0	28	31	0	0	0	0	0	0	0	26	0	0	0	
0	64	0	0	0	0	64	0	0	77	78	0	55	59	0	72	0	57	69	0	
0	46	0	44	47	0	0	0	53	0	0	0	45	0	47	40	46	0	0	0	
0	0	0	21	0	0	0	0	0	25	0	0	0	21	24	0	0	0	0	0	
102	0	0	86	0	75	0	0	75	0	0	0	0	0	0	106	0	0	0	0	
0	0	0	62	0	0	0	53	0	49	0	0	0	68	0	0	0	0	0	71	
0	0	0	0	72	79	0	81	90	0	74	0	81	0	0	0	70	0	0	77	
56	0	0	68	0	0	0	0	0	0	0	62	69	0	59	0	0	0	0	0	
0	0	0	0	0	34	30	0	0	0	36	0	0	0	30	0	29	31	29	38	
0	57	0	0	0	0	0	0	0	0	0	49	61	0	67	68	0	47	0	52	
53	0	0	0	0	0	0	42	54	0	0	0	0	0	0	59	61	0	0	43	
54	0	0	0	0	0	54	48	0	0	39	0	49	0	0	0	0	52	50	56	
0	0	0	0	0	41	0	0	37	0	0	44	0	0	35	0	0	49	0	40	
102	0	0	0	0	0	97	0	0	0	0	0	0	0	0	0	0	0	0	0	
21	0	0	21	0	0	0	0	19	0	0	0	0	0	0	0	0	0	16	0	
0	0	0	0	0	0	0	0	17	0	0	0	17	0	0	12	0	14	0	0	
43	0	0	0	0	0	47	0	46	0	0	0	0	43	0	0	0	0	0	55	
0	0	0	0	0	0	0	61	0	0	0	0	0	0	0	0	0	0	0	0	
53	0	65	0	61	51	0	0	0	0	0	0	0	0	0	0	52	65	0	0	
0	0	0	0	0	78	73	0	85	0	0	0	88	0	82	64	0	0	0	0	
0	10	0	10	13	13	0	0	0	10	0	13	11	0	0	10	0	0	0	0	
0	0	31	0	0	0	0	0	0	31	40	33	0	0	39	0	0	0	29	0	
0	55	0	62	0	0	60	0	50	56	0	0	0	0	0	0	0	53	0	59	
18	0	0	0	0	0	0	0	0	24	23	21	0	0	0	0	24	0	0	0	
21	0	0	0	26	0	0	0	26	0	20	0	22	0	0	20	26	19	0	0	
53	0	0	42	50	53	48	0	0	45	53	0	0	0	0	0	51	51	0	0	
0	52	0	52	0	0	0	0	0	0	0	0	0	0	46	0	0	0	0	0	
0	0	0	0	0	0	0	0	0	37	42	0	0	37	0	0	0	0	0	0	
74	66	69	0	0	0	0	0	0	0	0	81	0	57	0	0	0	77	0	76	
0	26	26	0	0	0	0	27	0	25	0	0	0	0	21	26	0	0	24	0	
0	0	68	0	0	57	65	0	0	0	66	0	0	69	0	64	0	0	51	50	
0	0	0	53	0	0	0	58	0	63	0	0	74	0	0	77	57	52	0	0	
0	38	0	52	0	0	0	53	41	0	0	0	0	0	53	47	42	42	38	0	
0	0	0	0	83	0	0	0	0	0	0	100	0	0	0	0	0	0	0	83	
29	0	30	0	0	0	0	0	29	0	0	0	31	41	40	0	0	0	0	0	
0	0	0	0	0	0	0	0	66	75	0	76	0	0	0	73	0	80	0	0	
0	0	0	0	0	0	38	45	0	42	0	0	37	43	0	0	0	38	0	0	
34	29	27	0	28	0	0	0	0	25	36	0	27	0	26	0	0	30	31	36	
0	0	0	0	0	0	0	14	0	0	17	18	17	14	0	0	0	0	0	0	
57	49	0	0	46	0	0	0	0	0	59	42	0	0	0	0	47	50	0	0	
71	0	0	0	0	0	76	0	0	0	76	0	57	78	0	0	0	0	0	0	
15	0	14	17	0	18	18	20	21	17	0	0	0	0	15	0	0	0	0	0	
0	60	0	62	64	78	83	73	0	0	80	0	0	68	74	0	0	0	0	0	
0	0	0	19	0	21	0	0	0	0	0	0	0	0	0	0	0	0	0	0	
47	0	0	59	0	0	0	0	0	0	0	0	63	0	58	59	0	0	0	0	
0	0	0	0	0	0	0	0	0	0	0	55	0	0	0	0	0	69	0	56	
0	0	0	0	0	0	13	11	15	12	0	0	10	0	0	0	0	0	0	0	
0	0	0	0	0	0	0	0	0	32	0	37	0	0	32	0	0	0	0	0	
66	62	0	0	0	0	0	0	0	80	0	0	0	67	0	0	56	80	0	57	
0	0	0	54	50	0	0	0	61	0	0	0	0	0	0	0	0	0	0	46	
31	0	0	0	29	0	0	0	0	0	0	26	35	0	0	0	26	0	29	0	
0	0	0	0	86	0	0	0	0	97	86	0	0	0	85	0	0	0	96	97	
0	42	0	0	0	45	45	0	0	56	0	0	0	0	0	0	0	0	0	57	
80	70	61	0	0	0	0	0	64	0	0	61	64	0	0	76	0	0	80	0	
0	0	0	0	0	0	87	0	0	0	0	78	84	0	0	0	0	0	0	0	
77	67	79	0	0	0	65	0	0	0	0	54	0	74	0	0	0	0	0	0	
77	0	77	0	0	0	0	0	0	0	0	86	0	86	96	70	0	0	98	0	
35	47	0	0	46	0	0	0	0	0	0	0	0	0	0	0	44	0	0	50	
0	0	0	0	0	0	50	0	0	0	0	0	71	0	0	0	60	72	0	68	
0	0	0	0	0	0	0	23	23	23	19	21	22	21	0	0	0	0	20	0	
0	0	0	36	35	0	39	0	39	0	0	0	45	0	0	45	0	0	0	0	
0	104	0	106	100	0	0	0	0	0	0	0	76	0	0	0	109	88	0	0	
0	0	0	0	0	0	0	78	0	0	0	0	0	0	0	0	100	0	104	75	
0	0	0	0	24	0	33	0	0	0	0	35	0	0	30	0	0	0	26	0	
0	0	24	0	0	0	31	0	0	26	0	0	28	32	31	0	25	31	33	0	
0	0	84	100	0	76	90	0	0	92	105	0	0	81	0	0	0	84	0	0	
36	0	0	32	0	36	30	33	0	0	0	0	28	0	0	33	38	0	0	35	
0	31	30	0	0	32	31	33	0	0	32	0	0	0	36	0	32	26	28	0	
0	58	0	0	0	52	0	40	0	0	0	44	0	57	0	0	48	0	0	0	
27	33	0	33	0	27	0	0	0	28	31	0	24	0	0	23	27	0	29	0	
0	0	0	66	74	72	78	0	0	61	0	0	0	0	74	0	0	62	0	0	
0	0	0	49	53	0	0	0	0	0	0	0	60	0	0	0	0	0	68	0	
0	35	25	0	31	0	33	0	27	0	0	0	0	0	0	0	0	0	0	0	
0	0	0	0	0	0	0	38	0	41	40	0	41	0	0	57	0	0	0	42	
31	0	0	37	37	34	35	0	0	35	35	0	0	0	29	36	0	0	0	35	
55	0	0	0	0	68	0	0	68	71	0	0	0	0	0	0	76	0	58	0	
82	78	0	0	0	0	0	0	84	0	0	0	62	0	0	0	0	0	0	0	
0	0	22	0	0	0	28	29	0	0	24	25	0	0	0	0	20	0	0	25	
0	0	20	18	0	15	20	0	0	0	22	0	0	22	0	0	0	0	0	0	
0	66	0	0	76	67	0	86	70	0	0	0	79	0	0	80	0	0	0	0	
0	0	0	0	0	0	14	0	0	17	0	15	0	0	0	0	0	0	12	0	
22	0	0	0	0	23	0	25	0	0	0	24	0	0	0	27	0	0	0	0	
0	61	0	0	0	55	73	0	0	60	53	0	53	0	0	0	0	73	0	58	
0	15	0	0	0	0	0	16	0	19	0	15	0	0	16	0	17	0	20	0	
0	0	0	0	0	0	0	0	0	40	0	0	0	43	0	0	0	0	41	0	
0	27	0	35	0	39	0	0	35	39	0	0	0	0	0	0	0	0	29	0	
0	0	0	59	56	0	0	0	0	0	0	56	54	0	51	0	0	57	0	56	
0	0	0	47	0	43	0	0	0	0	0	39	0	35	0	0	0	49	0	43	
89	0	0	79	0	0	82	88	0	85	0	0	67	86	0	0	0	0	0	76	
108	96	0	0	0	85	0	0	0	85	0	0	0	0	0	0	0	0	0	0	
0	0	0	0	87	0	0	69	0	0	64	0	0	83	88	0	63	63	0	77	
0	0	0	0	0	66	59	0	0	74	0	0	0	61	0	0	60	74	0	0	
0	77	0	0	87	0	91	81	0	0	0	0	78	0	0	0	0	0	0	0	
0	0	31	0	0	0	31	29	31	32	0	38	0	34	29	0	0	42	0	0	
34	0	0	34	31	0	31	0	0	0	0	31	0	31	0	39	30	0	37	0	
0	0	0	0	0	0	0	38	0	0	0	48	0	0	46	0	0	0	0	0	
0	0	0	0	0	0	0	0	0	0	0	42	0	42	0	39	0	37	31	30	
0	0	0	0	0	0	0	59	53	0	54	0	0	72	0	75	0	0	0	0	
0	0	0	65	0	78	78	0	0	0	0	0	0	0	0	77	0	0	0	0	
0	0	0	0	0	0	0	32	0	0	0	0	45	0	0	40	0	0	0	0	
10	0	0	10	0	0	0	0	0	0	11	11	11	0	8	0	0	0	0	0	
0	0	0	44	43	42	0	0	35	38	0	0	0	0	0	0	0	36	0	39	
68	0	71	0	0	0	76	0	0	0	0	73	0	79	94	0	67	0	0	0	
0	0	0	0	99	0	0	0	0	0	0	88	0	0	93	0	0	0	99	0	
81	91	82	0	77	0	71	0	0	0	97	0	67	0	80	0	0	0	0	70	
0	0	37	0	0	0	0	43	32	44	0	0	45	0	0	0	0	0	0	0	
0	0	0	0	66	60	49	0	52	0	0	52	0	0	0	0	55	0	0	0	
0	51	0	39	0	0	0	0	0	0	0	0	49	0	0	48	36	0	0	48	
0	75	0	57	0	0	0	68	0	0	0	0	0	0	0	70	74	0	0	0	
94	0	0	0	78	71	84	91	0	79	0	0	0	0	0	80	96	79	71	0	
0	0	0	0	28	23	23	0	0	0	0	23	0	0	24	0	0	0	0	0	
0	0	0	76	0	0	91	0	0	83	0	0	0	0	0	0	0	84	0	86	
0	0	0	0	0	0	0	44	0	0	0	0	36	0	47	0	38	42	0	0	
0	0	0	81	0	0	0	0	0	0	0	0	0	0	0	0	0	0	0	66	
16	0	15	0	0	0	17	0	0	0	0	0	16	20	17	0	0	0	19	0	
47	0	0	0	43	0	0	0	53	0	0	50	0	0	0	0	0	42	0	0	
0	0	0	0	0	0	0	0	25	32	32	0	0	28	0	29	0	0	0	0	
46	65	0	0	0	0	0	54	45	0	44	47	0	0	0	49	0	0	46	0	
0	0	0	0	51	0	45	44	0	0	43	0	0	0	0	0	50	0	0	0	
0	0	0	0	0	62	0	0	0	0	0	52	53	0	0	67	0	69	51	0	
0	0	0	0	0	39	52	0	53	0	0	0	0	0	0	0	39	0	0	53	
0	0	0	0	0	0	0	0	29	0	0	30	0	0	0	0	0	35	0	0	
94	0	0	0	78	0	95	83	0	0	0	0	0	0	0	0	89	0	92	0	
85	0	104	0	96	76	94	86	0	0	0	0	0	106	101	0	0	0	0	0	
48	45	41	0	0	0	55	51	0	45	45	0	0	54	0	0	0	49	55	51	
0	56	0	0	0	0	0	0	0	66	0	0	0	0	0	0	72	0	0	0	
0	39	40	46	0	0	40	43	49	49	0	49	0	0	0	40	0	51	0	44	
19	0	0	0	0	0	23	0	0	0	28	0	0	0	0	0	0	0	0	0	
70	87	0	78	71	0	0	81	0	0	0	0	0	0	0	0	0	0	0	63	
87	97	0	0	0	0	107	0	0	77	0	99	0	85	0	0	0	0	0	0	
0	0	0	0	0	0	75	0	0	0	0	0	89	78	0	71	0	62	66	0	
0	0	14	18	16	0	0	21	0	0	0	20	0	17	19	0	0	0	0	0	
19	20	0	0	0	0	0	0	21	0	0	0	0	21	0	0	0	28	0	0	
52	0	0	0	0	0	63	0	60	59	0	46	47	56	0	0	60	0	0	0	
0	0	0	58	64	0	0	0	0	61	74	0	0	74	69	0	0	0	0	0	
0	87	0	67	0	0	0	0	75	0	0	0	0	74	89	0	0	64	0	0	
0	0	0	69	0	0	0	0	85	0	0	0	0	0	0	0	88	0	68	85	
0	29	30	41	0	0	0	31	0	34	0	0	0	0	33	0	36	29	0	0	
15	0	21	0	17	21	0	0	0	0	0	0	0	0	0	21	0	16	22	0	
0	71	0	0	54	0	0	0	0	0	0	0	0	0	54	0	71	0	57	76	
0	0	67	59	0	0	74	59	56	74	0	0	76	0	0	0	0	0	0	0	
0	67	69	76	0	79	60	0	81	0	0	0	78	0	0	68	0	0	64	0	
0	0	74	0	67	0	0	71	0	0	71	0	62	0	59	0	56	53	73	0	
55	0	69	54	0	0	73	0	0	0	69	0	0	0	0	54	0	0	0	0	
0	0	75	64	56	57	0	0	65	0	57	0	59	0	67	0	0	0	0	69	
0	0	0	0	0	0	0	0	0	18	14	0	0	16	0	16	0	0	0	0	
0	0	0	0	0	0	109	105	93	0	0	0	92	100	0	0	0	110	0	0	
0	0	0	30	0	0	0	0	0	0	24	0	0	0	26	0	27	0	0	0	
14	0	15	0	0	0	0	0	0	0	0	0	0	21	21	0	0	0	0	15	
0	38	0	0	0	0	0	45	0	0	0	54	38	45	0	43	37	42	0	0	
0	0	45	0	0	0	0	0	0	0	39	0	0	0	0	0	32	46	0	0	
35	25	26	31	0	0	0	34	0	33	28	35	31	0	25	24	0	0	0	0	
0	92	0	0	0	110	0	87	0	108	85	0	85	0	0	0	114	89	0	0	
0	99	0	0	0	0	113	0	104	90	0	0	0	0	0	0	0	0	79	0	
0	0	41	49	43	0	52	49	45	0	0	49	0	0	0	0	51	0	0	55	
0	0	10	12	10	0	0	0	0	11	0	0	10	0	0	9	0	0	9	0	
0	0	0	0	0	39	0	0	42	41	0	0	38	32	0	0	35	0	0	39	
0	15	0	16	0	0	16	0	0	0	0	0	0	18	0	0	0	0	0	0	
0	0	0	0	41	0	0	53	0	0	0	0	45	45	0	0	0	40	0	0	
0	0	19	0	0	0	0	0	0	0	0	0	0	0	23	0	0	0	0	0	
54	46	0	0	0	38	48	55	53	0	0	46	53	0	0	0	0	0	0	0	
0	0	0	0	0	0	0	0	21	0	0	20	25	0	0	0	19	25	19	0	
73	0	92	83	0	0	96	0	102	93	89	0	0	0	0	0	0	73	0	0	
0	0	0	0	0	0	0	65	0	0	0	0	0	62	0	51	0	59	0	0	
0	55	50	0	0	51	0	0	0	0	47	42	0	0	0	0	42	0	0	0	
0	70	0	0	0	0	70	0	0	0	82	0	0	0	59	0	86	0	69	0	
0	74	0	0	0	0	0	0	105	0	0	0	103	99	87	0	76	0	0	0	
0	71	85	0	0	0	94	0	0	0	88	0	0	0	0	0	0	0	0	83	
32	0	0	31	0	0	36	32	0	0	0	0	0	0	0	0	32	0	0	36	
0	0	0	0	0	11	12	9	0	0	10	0	12	10	0	0	10	9	12	9	
0	77	0	87	89	0	0	87	0	90	0	0	0	76	0	0	0	70	69	74	
45	52	0	0	0	0	0	0	36	0	0	0	0	0	35	0	42	51	48	44	
0	0	0	0	0	0	0	0	0	0	0	0	0	43	0	0	0	51	0	0	
0	0	0	0	0	0	0	0	0	0	0	0	0	72	0	0	85	0	0	0	
0	77	85	0	0	0	0	0	0	71	0	0	0	0	0	86	0	0	74	0	
0	0	0	73	0	89	0	0	0	86	0	0	74	0	0	85	78	75	0	0	
0	0	0	0	0	0	0	0	0	0	0	0	0	0	0	0	73	0	0	0	
0	65	0	63	0	0	0	0	57	0	59	46	0	0	0	0	0	0	0	0	
56	72	0	0	0	0	0	0	0	73	0	70	76	64	0	0	0	57	0	73	
0	0	0	42	31	30	34	34	42	0	0	0	0	31	38	30	0	39	0	38	
0	83	0	0	83	80	0	0	0	0	0	0	0	0	0	0	76	0	0	0	
0	33	0	0	38	0	0	0	0	0	0	41	0	0	40	0	0	0	32	33	
0	73	0	73	63	0	0	0	0	69	0	75	0	0	0	0	0	0	0	0	
0	49	0	44	0	56	0	44	0	0	0	0	43	0	39	0	56	0	0	0	
0	92	0	0	0	73	0	0	0	0	0	0	0	0	0	0	0	90	0	91	
0	0	86	0	0	93	0	0	0	0	0	0	0	0	0	0	86	76	0	0	
0	0	0	39	52	0	0	0	0	0	55	0	41	0	0	48	41	43	0	0	
0	27	0	27	37	0	0	37	0	0	0	0	37	0	0	0	36	0	0	30	
0	0	0	0	0	0	0	51	0	0	0	0	0	0	57	0	0	0	0	0	
0	0	0	0	0	0	0	0	0	0	0	0	0	0	0	0	80	98	0	107	
67	0	57	0	59	0	0	0	65	0	69	53	0	0	67	53	68	0	0	0	
0	0	101	0	90	0	0	76	0	0	75	88	70	0	0	0	0	0	0	0	
0	0	50	0	61	0	58	0	0	0	51	0	0	71	0	0	64	0	49	0	
0	0	0	48	0	0	0	0	0	63	0	60	52	0	0	0	0	0	0	58	
0	0	0	0	0	0	0	0	74	0	75	0	97	0	83	0	0	0	0	75	
0	0	0	0	0	0	0	0	0	15	0	0	0	16	0	0	0	0	18	0	
0	0	0	17	0	15	0	0	0	0	0	0	0	14	13	0	0	0	0	0	
0	34	0	0	34	0	0	0	0	38	0	0	0	0	32	0	0	0	0	35	
0	0	73	0	0	0	0	54	0	0	64	65	0	69	0	66	0	53	0	0	
84	0	0	0	0	0	0	0	0	0	0	0	0	0	0	0	0	89	0	0	
82	0	0	0	88	71	0	0	0	0	0	77	0	74	0	90	85	0	0	0	
0	91	0	87	90	0	0	0	0	0	0	0	0	0	0	0	0	0	87	0	
0	75	0	0	0	75	0	102	0	83	104	0	0	0	0	0	0	0	80	82	
71	103	96	103	0	0	0	0	0	78	0	0	0	96	79	81	84	0	0	87	
0	0	0	55	0	0	0	0	52	0	40	0	0	0	0	42	0	0	0	0	
0	0	0	0	0	0	0	0	0	0	0	30	0	0	0	0	0	0	0	0	
0	47	65	0	46	0	52	0	0	0	51	0	0	56	0	45	63	55	46	65	
29	0	0	0	32	0	0	0	0	0	30	27	0	0	0	0	0	28	29	34	
0	0	28	0	0	25	32	30	36	27	0	0	31	0	0	0	36	0	0	28	
0	0	0	0	0	82	0	0	0	65	70	0	0	0	0	0	0	0	0	88	
0	69	0	85	0	0	0	0	0	0	94	0	70	72	0	0	0	77	0	0	
42	0	0	0	37	0	41	0	0	0	36	0	0	0	0	0	48	0	0	46	
0	30	0	0	0	0	0	0	36	0	0	29	0	0	42	0	0	0	34	40	
0	0	0	0	0	0	0	46	0	0	49	56	0	0	0	0	45	0	63	0	
36	0	37	0	0	49	0	0	0	0	0	40	0	46	51	0	0	51	0	0	
0	9	9	12	9	0	0	0	0	12	0	10	0	11	0	0	0	0	0	0	
0	0	75	59	61	0	0	0	81	74	66	79	0	0	0	64	0	67	81	0	
0	0	0	0	0	0	0	0	0	0	0	0	0	0	30	0	0	0	0	0	
21	0	0	0	22	24	0	0	0	0	0	0	26	0	0	20	0	0	0	0	
0	51	0	73	0	70	70	0	0	0	0	0	51	0	64	57	66	0	0	0	
0	0	0	87	99	75	0	92	70	0	0	0	0	0	78	0	0	0	0	68	
0	0	0	0	0	57	0	0	0	62	0	0	0	0	0	64	0	0	0	0	
61	0	0	0	55	0	65	64	0	55	0	46	0	0	0	62	0	46	54	50	
0	0	0	37	0	0	0	0	0	0	51	0	0	0	0	0	0	0	0	40	
0	0	0	0	0	0	0	36	0	0	0	0	34	0	0	0	0	0	0	30	
0	0	0	0	37	33	33	0	30	0	37	0	0	43	0	0	38	0	0	37	
0	0	0	84	0	0	88	0	0	0	0	0	0	108	0	78	94	0	0	0	
0	69	0	0	67	0	0	0	51	0	0	64	51	0	0	73	0	0	66	54	
70	56	0	0	58	49	0	0	0	0	0	56	0	0	0	0	0	0	0	0	
90	0	0	0	68	0	92	89	0	0	0	0	95	77	67	0	0	0	93	78	
81	0	0	0	0	0	0	0	101	0	0	0	0	0	0	0	0	0	0	0	
0	31	0	0	31	0	0	26	23	31	24	0	0	0	0	31	0	0	0	29	
76	0	0	0	0	0	0	0	87	0	86	0	0	0	0	81	0	0	72	96	
74	103	0	0	102	0	0	0	0	101	92	0	80	0	0	0	98	86	0	0	
0	0	0	0	107	0	0	0	106	0	0	98	0	0	100	0	76	0	0	0	
44	45	49	52	0	52	0	0	0	0	0	0	42	0	0	46	0	0	52	0	
65	0	0	76	0	0	0	58	0	0	0	0	0	0	0	0	0	0	60	0	
30	27	0	0	0	0	0	0	32	0	0	0	0	0	0	0	0	0	0	27	
0	42	0	0	0	42	37	0	0	0	0	0	0	0	38	0	36	35	37	0	
0	0	26	0	24	26	24	0	31	30	28	0	0	29	0	0	24	31	25	0	
0	35	0	0	0	0	0	37	0	0	0	0	0	0	29	0	0	27	37	0	
30	0	0	0	23	0	0	0	22	0	0	0	30	0	0	0	0	0	23	0	
0	40	0	0	44	0	45	45	0	0	56	58	0	0	47	59	0	59	0	51	
52	0	67	66	0	0	0	0	66	0	67	64	0	0	0	0	0	0	47	0	
0	0	0	0	0	0	0	0	0	0	0	0	0	0	82	0	0	68	81	87	
0	0	78	0	109	91	0	0	0	0	0	0	0	0	0	0	80	0	0	0	
0	0	0	54	56	0	0	60	0	0	0	41	0	0	0	53	0	51	0	0	
47	38	0	38	48	0	0	0	0	0	37	40	0	46	0	0	41	0	0	0	
74	0	80	84	0	0	0	80	0	0	0	0	0	0	0	0	0	0	88	0	
0	55	0	0	0	0	0	45	0	59	0	0	0	0	57	61	0	43	0	0	
0	0	57	56	0	0	0	0	0	0	53	0	0	0	0	65	0	51	65	0	
0	36	0	50	0	35	0	0	43	35	0	0	0	45	0	0	0	0	0	0	
0	0	49	0	0	0	0	59	65	50	0	0	0	0	0	46	58	59	0	0	
0	0	0	0	84	0	0	93	68	0	0	0	0	0	0	0	0	0	0	0	
98	0	72	81	94	0	87	0	0	95	72	82	72	80	103	83	0	79	0	0	
78	0	0	0	0	0	97	0	0	89	68	0	94	88	0	68	0	67	0	0	
0	0	33	30	0	0	0	0	0	0	27	33	0	0	0	0	0	30	33	0	
0	0	0	0	0	0	0	90	0	0	81	0	0	83	0	0	97	105	102	0	
0	0	87	83	0	0	93	0	0	0	0	0	0	80	71	0	0	0	0	83	
0	0	0	0	0	0	16	0	0	0	0	17	0	0	0	0	0	0	0	0	
0	14	0	13	0	15	0	10	13	0	0	0	0	0	0	13	0	0	11	0	
72	68	52	0	61	0	0	0	0	0	0	0	0	0	0	60	0	73	63	0	
64	0	0	87	0	77	0	86	78	65	81	0	81	76	74	62	77	0	0	88	
0	38	0	0	44	0	0	0	0	0	0	0	0	0	0	0	0	0	0	43	
0	81	0	0	0	0	0	68	61	0	0	0	69	0	84	0	73	0	0	66	
0	0	0	0	0	0	0	0	0	0	0	0	0	0	24	25	0	30	0	0	
0	0	47	0	47	0	39	0	0	45	0	0	41	52	50	47	0	0	45	42	
0	0	0	30	0	36	0	0	0	0	39	0	0	0	0	0	0	0	0	0	
0	0	0	39	0	0	0	36	0	0	0	51	0	42	0	0	0	45	0	0	
59	0	0	55	0	0	46	0	0	0	0	0	0	0	0	0	58	0	0	0	
0	82	0	0	0	0	0	0	0	0	0	86	0	87	0	0	0	0	97	0	
0	99	0	0	100	0	72	0	0	0	0	92	0	0	84	0	96	0	0	85	
0	88	0	89	0	0	0	0	83	0	0	0	0	0	98	0	75	0	0	84	
13	0	11	0	15	0	0	0	0	0	0	13	0	0	15	12	12	0	0	14	
0	0	12	0	0	0	0	11	0	0	0	0	0	13	0	11	0	0	0	0	
0	0	0	0	0	0	0	0	0	21	17	17	0	0	0	0	19	0	17	0	
69	0	0	66	0	0	89	0	0	0	94	71	0	0	74	0	0	0	76	0	
0	0	62	51	0	0	0	0	0	0	0	0	0	0	0	76	0	0	0	0	
0	73	0	0	70	0	87	0	0	85	0	75	58	0	0	0	0	0	0	61	
22	0	0	0	0	0	0	0	0	0	0	0	0	0	0	0	0	20	23	24	
78	0	0	0	0	0	0	0	88	99	0	94	100	85	73	0	0	0	0	0	
0	17	0	13	0	0	0	14	0	16	0	14	16	0	0	0	13	15	0	0	
0	60	66	48	0	0	0	0	62	59	0	0	0	0	0	0	54	60	0	0	
77	0	0	0	0	74	72	64	0	0	0	0	82	0	77	0	0	0	83	0	
0	0	0	15	0	0	19	0	17	0	0	0	18	15	0	15	17	0	15	21	
37	0	47	0	0	0	0	45	0	0	0	44	0	37	42	0	47	0	0	0	
39	0	48	0	0	0	0	0	0	0	0	0	0	0	37	0	0	41	0	0	
0	0	0	0	0	12	0	11	10	0	0	0	0	0	11	0	0	0	0	10	
69	0	0	61	62	0	0	0	84	68	0	63	0	0	0	0	84	69	0	71	
0	34	37	0	0	37	0	0	0	26	33	31	0	0	0	0	0	0	35	0	
0	0	0	0	67	83	0	0	0	0	72	0	0	0	0	0	0	0	0	0	
0	0	0	12	10	11	11	0	13	11	0	0	0	0	13	10	11	0	0	0	
0	0	0	0	0	0	0	0	25	0	31	22	0	0	24	0	0	0	0	0	
0	39	0	0	39	0	0	0	0	0	0	0	39	0	38	34	0	0	40	0	
0	23	0	0	25	0	0	28	0	0	0	0	0	0	0	0	0	0	25	0	
75	0	0	0	70	88	0	0	91	83	0	71	0	0	0	0	79	0	0	0	
42	0	0	45	0	44	0	0	0	50	0	0	52	0	46	0	0	0	42	0	
52	0	0	0	0	0	69	0	0	57	0	0	0	0	0	0	0	51	0	67	
84	86	98	0	0	101	0	0	0	0	0	0	0	0	0	0	0	80	0	0	
0	88	76	70	0	0	0	80	0	0	0	90	65	0	89	71	0	0	89	0	
0	16	0	0	19	0	0	16	21	0	0	0	0	0	16	0	0	0	0	0	
0	19	0	25	0	22	0	25	0	0	0	0	22	0	0	23	19	0	0	0	
0	0	0	0	0	0	0	0	0	72	0	0	0	0	69	0	0	0	0	70	
101	0	0	105	108	105	108	0	0	92	0	80	77	0	0	0	0	83	91	0	
0	0	81	0	93	0	82	71	0	0	0	91	79	75	0	63	65	0	0	0	
0	0	0	0	0	0	0	0	0	15	0	0	0	20	0	0	0	0	0	0	
0	0	0	0	80	0	0	0	0	58	0	0	0	0	0	0	65	0	59	0	
0	36	35	42	38	36	0	43	0	0	0	33	0	0	0	0	0	43	0	0	
0	0	101	0	0	0	0	0	0	0	0	0	0	0	109	95	0	0	0	0	
94	0	0	79	0	93	0	0	80	0	0	89	94	88	0	0	0	0	0	0	
0	88	0	0	0	0	77	0	0	101	0	99	0	0	0	86	0	0	0	0	
0	0	0	104	97	0	84	0	92	0	0	0	0	0	0	0	74	0	76	106	
20	0	20	0	0	0	0	23	0	0	0	0	0	18	0	22	0	0	20	0	
0	33	0	0	35	32	0	0	0	35	0	0	33	0	0	27	35	0	0	0	
0	0	0	43	0	0	38	39	0	0	0	0	0	0	31	46	0	40	0	0	
72	0	0	0	75	63	63	0	74	0	0	0	0	85	83	91	89	0	0	77	
0	0	0	41	0	0	0	0	0	39	0	42	0	30	0	0	0	0	38	34	
64	0	0	64	0	0	0	74	0	0	0	0	0	0	88	0	74	0	0	90	
78	0	0	0	73	0	0	0	0	0	78	0	0	0	85	95	0	0	69	0	
0	56	0	47	0	0	0	0	0	60	0	0	48	0	0	45	50	48	0	0	
0	0	16	0	0	16	0	0	0	0	0	0	0	17	0	0	0	0	18	14	
0	0	0	0	0	0	0	0	0	0	0	0	0	18	25	0	0	0	0	0	
0	56	0	0	68	0	0	0	63	0	0	0	0	0	50	69	54	56	0	0	
81	69	0	0	0	0	0	0	0	0	0	69	77	0	0	0	0	0	64	0	
0	0	0	0	0	0	0	0	0	0	56	0	0	0	0	0	53	0	42	0	
0	94	0	100	0	93	0	0	98	68	72	0	0	90	0	0	92	0	0	0	
0	102	97	0	0	0	77	0	0	0	0	0	104	0	0	0	81	0	92	0	
0	45	40	0	0	0	0	0	42	0	0	0	40	51	0	0	58	42	0	49	
0	0	0	36	0	35	0	40	34	0	0	0	0	33	0	0	40	0	36	0	
0	0	0	0	0	0	0	56	0	0	0	50	53	0	0	51	0	0	0	0	
0	0	60	55	64	72	0	0	0	0	0	0	0	0	0	55	0	49	0	51	
0	18	0	0	23	0	0	0	24	0	20	0	22	0	24	0	23	0	0	21	
0	0	0	0	0	49	0	0	0	44	0	0	48	0	45	0	0	0	0	0	
0	74	79	0	0	0	0	0	75	73	0	0	0	0	0	0	66	0	0	75	
0	0	46	0	0	0	0	0	42	0	45	40	42	0	0	44	38	0	0	0	
53	58	0	43	0	51	0	0	53	0	0	0	0	0	0	0	53	0	0	48	
51	0	0	0	71	0	0	54	67	0	0	57	0	58	50	0	0	0	0	0	
0	0	0	0	0	0	0	0	0	73	69	0	78	86	0	0	72	0	0	0	
0	0	0	0	0	0	0	0	58	0	0	0	0	64	0	0	69	0	0	0	
0	0	0	18	0	0	0	18	0	17	0	0	0	16	0	0	0	0	0	17	
105	0	0	0	92	0	0	91	0	0	98	0	77	0	0	0	94	0	71	0	
0	46	44	0	0	44	38	0	0	0	0	0	0	0	0	0	0	0	0	0	
0	0	0	18	0	0	0	0	0	0	0	26	0	0	20	0	0	0	0	0	
46	49	64	0	61	0	0	0	0	0	0	60	0	0	0	0	0	60	0	0	
0	0	0	17	0	0	0	17	18	0	0	17	14	18	0	0	0	0	0	0	
0	54	0	0	50	0	55	0	0	0	0	0	0	69	60	0	58	0	69	0	
25	32	0	22	0	0	0	0	0	0	0	0	33	33	0	0	0	0	0	0	
0	0	0	0	0	29	0	31	0	29	0	0	0	0	0	0	0	30	26	0	
0	0	95	0	106	89	81	0	0	0	78	0	109	0	114	0	0	0	0	108	
68	0	0	0	61	74	0	0	0	54	60	0	0	0	0	0	0	58	51	73	
0	0	49	0	58	47	0	55	0	0	0	0	59	0	0	0	0	0	0	0	
0	0	0	0	0	0	45	0	0	50	0	45	0	0	0	41	50	0	0	46	
0	0	0	0	0	0	0	0	0	86	0	0	0	0	0	91	100	0	0	0	
0	37	29	34	32	0	0	30	0	0	0	0	0	0	0	0	0	0	0	0	
0	0	0	0	0	58	57	0	51	55	61	0	0	0	0	52	0	0	63	0	
30	34	24	0	0	31	0	0	0	23	23	0	0	0	31	0	0	33	0	0	
87	74	0	87	0	0	0	0	0	90	0	84	0	0	0	0	0	76	0	0	
0	0	0	0	0	66	60	0	57	52	0	0	0	0	61	65	57	0	60	0	
91	0	68	0	0	0	0	0	0	67	0	0	0	95	0	90	0	0	74	0	
42	0	0	58	0	0	57	0	0	0	0	0	0	0	48	46	44	0	0	0	
0	0	0	0	0	49	41	0	0	0	0	52	0	43	39	0	47	0	0	0	
0	15	13	0	16	18	0	0	0	14	0	0	0	13	14	16	18	0	0	17	
0	0	0	0	21	17	0	0	21	0	0	0	0	0	0	0	0	0	0	22	
0	0	45	0	0	0	0	0	41	33	40	43	0	0	41	0	0	0	36	32	
0	0	112	0	0	0	107	84	103	0	0	0	0	99	0	106	0	0	80	0	
0	0	11	0	11	0	11	11	0	0	0	0	0	0	0	9	0	0	0	10	
0	0	88	0	79	0	0	99	109	0	0	0	85	88	0	95	0	0	0	0	
93	0	0	0	0	85	85	0	75	88	0	89	0	0	73	0	0	0	75	87	
0	0	0	0	0	27	0	26	0	25	0	27	0	0	0	20	0	19	0	24	
27	31	0	0	0	37	0	30	0	36	0	36	0	0	0	0	0	0	31	28	
71	0	0	0	54	0	0	50	0	0	0	0	0	57	0	0	0	0	0	0	
16	0	0	0	0	0	18	0	17	0	0	13	18	0	0	0	0	0	17	18	
0	30	34	0	0	0	32	0	0	0	31	0	42	0	32	32	0	42	0	0	
0	0	0	0	0	61	0	75	58	69	0	57	0	0	0	0	62	0	66	0	
0	0	70	0	0	0	59	62	71	0	68	67	0	0	0	0	0	0	0	0	
0	91	0	75	94	0	0	0	0	0	0	0	86	0	0	0	0	0	96	93	
0	0	0	8	0	0	0	0	0	0	0	0	0	0	10	0	0	0	0	0	
74	0	0	0	0	0	0	88	0	0	0	86	0	0	0	0	0	96	0	87	
0	68	91	81	86	72	0	77	66	0	0	0	0	0	0	0	0	0	0	91	
0	0	58	0	0	0	0	0	60	0	46	45	44	0	48	44	0	0	0	0	
25	0	0	0	0	0	0	26	24	25	0	0	27	0	0	0	0	0	24	0	
0	0	0	0	0	21	0	0	0	29	0	22	0	24	0	0	0	0	0	25	
0	0	0	0	0	13	17	18	18	0	0	0	0	16	0	0	0	16	0	0	
47	41	0	0	45	0	0	39	0	0	0	0	49	0	0	0	0	0	0	0	
77	0	82	65	0	68	0	79	0	0	0	0	0	0	0	79	0	89	0	0	
0	57	0	75	0	76	77	54	0	0	0	0	0	0	0	0	58	78	72	0	
0	0	0	0	0	45	0	0	0	47	38	0	0	0	0	38	35	0	0	45	
0	0	16	0	0	0	20	0	0	0	0	15	0	0	0	0	0	0	0	0	
46	33	0	0	0	0	42	0	0	0	0	0	47	35	0	0	0	0	0	34	
0	0	0	69	81	0	0	0	59	0	60	0	0	75	0	0	0	0	0	77	
0	0	0	0	41	0	0	44	46	38	35	42	0	45	36	42	0	0	0	0	
25	0	0	0	20	0	0	0	0	23	0	21	0	0	0	23	0	0	0	0	
79	89	87	0	75	0	81	0	0	0	77	91	73	0	0	83	82	0	82	66	
0	0	0	11	0	0	12	13	0	0	0	0	0	0	0	0	0	0	0	0	
0	0	0	0	40	50	0	0	0	0	0	0	0	48	0	0	0	0	0	0	
56	0	0	0	0	0	0	0	62	49	0	0	0	50	0	0	0	0	62	0	
0	70	0	0	80	0	0	59	0	0	78	58	70	0	0	75	0	68	0	0	
60	0	44	0	51	0	0	61	0	0	0	53	0	58	0	58	0	0	0	0	
0	0	0	0	61	0	47	0	49	0	0	0	0	0	48	0	57	0	57	0	
0	0	65	0	64	0	0	0	71	0	77	66	65	0	75	0	0	0	0	71	
0	0	0	92	0	0	99	0	0	0	79	0	0	0	0	83	0	0	0	0	
0	67	0	0	68	0	0	0	0	0	0	53	0	0	0	0	0	0	58	0	
82	0	0	0	0	0	0	68	0	70	0	0	66	0	0	0	0	82	84	0	
64	0	0	0	0	0	0	0	58	0	50	0	58	0	0	0	70	0	0	53	
0	0	0	0	0	0	98	91	0	0	0	0	0	79	0	0	91	0	0	101	
0	0	0	27	0	0	0	0	0	0	22	0	0	0	0	24	0	26	0	19	
0	0	0	0	32	26	33	0	0	0	0	25	0	34	35	29	35	35	0	0	
0	0	0	32	0	32	0	0	0	0	46	33	44	0	38	44	0	43	0	0	
0	0	0	0	0	0	0	0	0	0	0	66	69	59	55	57	0	50	0	70	
99	0	78	0	0	0	0	67	0	0	87	0	0	0	0	0	0	0	75	0	
0	55	0	0	0	0	45	0	0	0	0	0	0	0	53	0	50	0	51	0	
93	0	83	0	0	79	0	94	0	86	0	85	0	0	0	0	108	89	0	0	
65	56	0	0	0	51	0	0	0	0	0	0	0	0	0	0	0	0	51	0	
0	0	38	0	0	0	0	0	42	0	0	33	36	48	0	0	0	0	0	0	
0	25	35	0	0	31	0	0	0	0	33	0	0	28	0	0	0	0	0	0	
0	12	14	14	0	0	0	0	11	15	0	0	0	0	0	0	0	12	0	14	
46	58	0	0	0	0	57	0	0	0	0	49	0	50	42	0	0	47	0	58	
109	0	106	78	96	0	0	95	0	0	0	0	0	0	95	0	92	94	0	0	
0	0	0	0	0	0	0	53	0	0	46	59	0	55	0	0	0	0	0	0	
0	0	0	16	0	0	13	14	0	0	0	0	0	0	15	0	0	0	0	0	
0	0	0	0	0	53	48	0	0	64	0	0	0	0	54	0	58	0	0	0	
0	0	79	80	74	0	0	0	70	0	0	56	0	0	76	68	0	0	0	0	
28	30	0	30	0	0	0	0	0	0	0	0	0	0	23	0	29	26	29	29	
10	8	0	0	0	10	11	0	0	0	0	0	11	9	8	0	9	0	0	11	
37	0	27	37	0	33	0	38	0	34	0	35	0	38	0	37	0	0	36	0	
46	0	0	0	35	0	37	42	0	37	0	0	0	0	0	39	0	0	0	38	
0	96	0	70	0	84	95	0	77	76	0	0	0	0	0	0	94	86	82	0	
0	89	0	0	0	0	84	0	0	0	0	0	63	0	71	77	61	0	0	0	
0	0	76	0	71	0	70	0	0	0	0	0	73	0	67	0	0	72	0	0	
0	0	0	0	0	47	0	45	0	35	0	36	0	0	43	0	0	50	42	0	
0	0	0	0	0	0	0	0	0	0	0	0	0	0	0	37	0	0	0	0	
0	0	0	20	24	0	0	21	0	0	0	0	0	26	0	0	22	0	0	0	
0	0	0	0	0	0	0	0	0	0	0	0	0	0	33	0	0	28	31	0	
0	0	0	0	0	0	0	35	0	34	44	0	0	0	34	46	0	0	0	0	
0	0	0	0	0	75	74	104	0	0	0	100	98	0	0	109	0	91	77	100	
0	0	21	0	0	29	0	0	0	0	25	0	0	0	0	25	0	0	25	20	
0	0	0	95	68	0	95	79	0	0	0	81	95	95	0	0	0	0	87	0	
0	0	72	0	71	0	0	81	0	0	0	0	65	67	77	0	91	0	0	84	
0	0	41	0	40	41	0	0	0	34	0	38	0	0	37	0	0	0	0	39	
0	0	52	45	0	0	0	0	0	0	0	57	0	0	0	0	56	48	0	0	
0	0	0	0	17	0	0	21	0	0	20	0	0	22	0	15	0	0	0	0	
77	76	0	0	80	70	0	71	0	73	67	89	0	0	0	62	0	0	0	83	
0	11	0	11	0	0	0	0	12	0	0	0	0	11	0	0	0	0	0	0	
72	0	60	0	0	58	0	62	0	0	0	0	0	0	0	76	0	0	0	0	
0	65	47	0	0	0	0	0	0	58	0	49	60	0	65	0	46	63	0	0	
0	18	0	18	0	0	0	0	0	0	17	13	13	0	0	18	15	0	0	0	
0	0	0	0	0	0	34	0	0	0	29	0	38	41	0	0	0	30	40	0	
0	0	38	37	0	0	31	37	0	0	32	0	0	0	0	30	0	0	33	0	
0	60	79	0	60	0	0	0	75	0	0	0	0	0	69	86	0	62	0	0	
0	0	24	0	0	17	22	24	0	0	0	0	22	0	0	0	0	0	0	0	
47	0	0	0	53	0	43	43	0	55	0	0	0	0	0	0	0	0	0	0	
45	0	0	0	0	0	0	0	0	0	0	61	0	0	0	57	50	0	0	42	
93	0	0	0	98	77	0	85	0	0	0	105	0	0	0	91	0	0	0	0	
0	0	56	0	0	0	51	0	57	0	41	56	45	0	0	0	44	0	0	57	
65	0	0	0	0	0	62	0	0	0	0	0	62	0	54	0	70	0	0	59	
0	0	0	0	56	55	47	0	64	53	0	0	0	0	0	0	0	0	64	0	
0	45	0	0	0	0	0	37	0	0	0	0	0	0	36	0	0	0	0	42	
0	0	0	0	0	46	0	0	0	64	0	50	0	0	0	0	46	0	0	44	
0	15	0	13	0	0	11	0	0	0	0	14	10	0	0	0	0	0	0	15	
0	0	43	46	0	0	0	61	44	0	46	59	0	0	59	58	0	44	54	0	
0	68	0	0	0	0	0	0	0	0	57	0	0	0	0	0	0	51	0	0	
60	54	74	0	0	62	66	0	0	58	0	0	0	55	0	73	0	70	0	0	
91	66	85	0	0	87	74	0	0	0	0	90	0	0	0	0	91	0	0	86	
0	0	0	63	0	0	71	0	0	69	0	0	0	0	66	0	0	0	0	0	
0	0	42	0	0	0	42	62	0	0	0	0	0	0	57	60	0	0	43	0	
0	17	15	0	0	0	15	0	15	17	0	0	0	0	0	17	0	13	0	15	
96	0	98	75	0	0	0	0	0	0	0	0	0	0	83	0	103	0	0	0	
0	0	72	0	0	0	0	0	0	64	59	0	0	0	82	0	0	58	75	71	
28	0	0	0	0	0	0	30	0	0	26	0	28	0	0	0	0	25	28	0	
0	0	0	22	0	0	28	0	0	29	0	0	0	0	29	0	0	28	0	0	
0	0	0	0	0	43	0	0	0	0	0	0	44	0	0	52	0	0	0	0	
110	101	0	0	0	0	0	106	106	87	80	0	0	0	112	0	0	0	0	111	
10	0	0	0	0	0	0	13	0	0	0	0	11	10	13	0	0	0	0	0	
30	25	0	27	27	0	0	29	24	0	0	30	29	0	28	21	28	25	0	29	
104	89	103	0	0	0	0	0	98	0	102	0	0	84	0	0	0	0	0	0	
0	0	0	46	56	0	0	62	0	0	0	61	45	0	0	0	0	54	0	48	
0	0	0	0	0	0	0	82	0	95	0	0	0	0	0	117	0	0	98	91	
47	51	0	42	0	39	0	0	0	0	0	38	0	50	0	51	0	44	0	55	
0	66	0	0	59	58	0	0	0	0	0	0	0	0	0	0	0	0	0	68	
28	0	0	30	33	30	0	36	0	0	0	0	0	0	0	0	0	0	0	0	
46	0	55	0	63	0	0	48	0	0	0	65	0	0	52	0	0	0	66	0	
60	54	0	0	0	0	0	0	0	0	61	0	0	0	0	0	59	64	0	0	
0	0	79	0	0	72	76	0	0	71	0	0	0	77	0	0	0	0	71	0	
0	60	49	52	0	56	0	65	0	0	0	0	49	63	0	50	0	0	0	47	
0	31	0	0	0	0	37	0	29	35	0	31	26	0	0	35	0	0	0	0	
0	86	0	80	76	81	0	0	0	62	0	60	0	0	0	0	73	66	0	0	
0	57	0	0	58	0	48	48	0	0	0	0	54	0	0	0	47	0	45	50	
71	0	0	0	97	0	0	0	0	94	86	0	0	0	0	71	70	0	0	0	
29	0	0	0	0	0	0	0	0	27	21	0	0	26	0	0	24	27	23	0	
0	37	35	0	29	29	0	32	31	33	0	0	39	0	34	35	30	0	0	0	
71	0	87	0	84	74	0	0	0	0	94	88	0	86	0	94	100	100	98	0	
13	0	0	0	0	0	0	0	0	0	0	0	0	0	12	11	0	0	0	0	
0	0	0	0	0	47	0	0	56	0	0	0	0	61	0	0	0	0	0	48	
0	0	86	0	99	93	0	78	0	0	0	0	0	100	0	0	0	0	0	80	
0	89	93	0	0	81	0	0	0	0	0	0	74	0	0	0	0	0	0	0	
0	23	0	0	28	0	0	26	0	0	0	0	0	28	0	0	20	0	0	0	
0	73	0	0	55	0	0	0	0	0	0	62	60	0	0	67	0	0	0	0	
0	0	0	59	0	0	0	0	60	0	66	0	61	0	0	0	0	66	0	0	
0	0	40	0	0	0	38	0	0	0	37	50	0	0	0	45	0	0	0	42	
0	0	0	0	0	0	22	0	0	23	0	0	0	23	21	16	20	0	0	0	
54	0	0	41	0	0	0	0	0	43	50	51	51	0	0	0	0	56	0	0	
0	60	69	79	0	0	0	0	63	0	0	0	0	0	0	0	58	0	0	0	
0	68	0	76	82	0	77	0	0	86	0	0	0	68	71	0	87	0	0	0	
52	0	0	0	0	53	0	51	47	52	0	0	50	0	0	50	45	41	50	0	
21	16	0	0	0	0	0	0	0	0	0	0	18	20	16	0	21	20	0	23	
79	0	0	81	59	62	0	0	0	0	65	0	0	0	0	0	0	0	0	60	
0	19	0	17	0	0	16	0	0	19	0	20	0	0	0	20	0	0	0	0	
0	62	49	0	0	60	63	63	0	0	50	0	51	0	0	0	52	62	0	0	
26	0	25	0	0	21	0	0	0	28	0	0	0	21	29	0	0	0	0	0	
0	0	0	0	74	56	73	0	0	66	0	0	0	0	0	0	0	0	0	0	
11	12	0	0	0	0	13	0	0	13	0	0	16	0	0	0	12	15	0	13	
0	0	0	0	0	32	0	0	0	28	0	0	0	31	29	31	0	0	0	0	
0	0	0	0	0	0	89	0	0	70	95	69	98	99	0	0	0	0	0	81	
34	0	0	0	39	0	0	0	36	0	0	0	0	39	0	0	0	0	0	37	
0	0	48	0	0	52	0	0	0	0	52	0	62	0	65	0	0	0	44	0	
14	0	0	17	0	0	0	0	0	13	14	0	15	0	0	0	17	15	0	0	
51	63	0	0	0	57	56	0	0	59	0	0	55	46	0	0	0	64	47	0	
16	0	13	11	0	15	14	0	0	0	15	0	0	0	0	14	0	0	11	0	
0	71	0	86	0	0	67	0	78	0	0	0	0	0	78	0	0	0	0	0	
0	0	42	0	0	0	37	46	0	0	0	0	0	0	34	0	43	0	38	31	
0	66	0	0	65	0	0	0	0	0	0	0	0	0	67	0	0	68	72	59	
0	0	0	0	0	96	0	0	0	0	0	0	84	0	0	0	0	105	99	110	
0	11	0	0	11	11	13	0	15	0	0	11	0	0	0	0	0	0	11	13	
0	22	0	0	0	0	0	27	0	29	0	0	0	23	0	0	0	0	28	0	
0	73	72	0	57	0	0	0	0	66	0	0	64	0	0	0	0	0	0	0	
0	0	0	92	0	0	0	97	0	0	0	0	0	0	0	86	0	0	0	0	
0	0	0	68	0	80	0	88	0	0	0	0	0	0	94	0	0	0	88	0	
0	60	0	0	0	51	65	53	0	51	0	0	0	61	0	0	61	0	0	0	
26	0	0	0	0	0	0	0	0	0	0	26	0	0	30	0	0	31	27	0	
0	12	0	11	0	12	0	0	0	0	0	0	10	0	0	0	0	12	0	0	
0	0	0	0	0	0	0	0	0	0	0	0	0	0	67	0	0	0	64	0	
63	73	83	0	0	0	0	0	0	0	0	0	72	0	0	0	0	68	0	89	
11	12	0	0	0	0	9	10	9	10	0	0	0	0	0	0	0	0	0	0	
0	0	46	0	61	62	0	0	0	49	0	56	52	0	0	56	54	0	0	58	
37	0	0	0	38	0	0	53	0	39	0	0	45	0	0	0	0	0	51	0	
0	0	0	22	16	0	0	0	0	0	20	17	22	0	0	0	0	19	0	0	
16	0	0	15	0	14	0	19	0	0	18	0	0	0	16	0	17	0	14	19	
15	15	0	16	0	0	0	0	0	0	0	16	0	14	0	0	0	0	0	0	
0	0	0	0	0	0	75	0	0	0	0	74	0	0	0	70	83	88	0	0	
0	0	0	0	0	16	0	0	0	0	14	0	0	0	12	0	0	0	0	0	
0	95	0	107	81	82	109	0	0	0	0	0	0	0	0	0	0	0	0	0	
0	0	0	16	16	0	0	0	0	12	0	0	0	0	0	0	0	0	12	0	
0	0	50	0	0	0	0	0	0	0	0	0	0	0	63	51	64	0	0	0	
0	0	0	0	0	82	76	60	56	81	59	55	0	72	0	0	0	0	0	0	
0	0	0	0	54	0	0	0	0	0	73	0	0	0	0	0	68	0	0	72	
0	0	0	0	43	0	54	0	0	53	0	51	0	39	38	0	0	0	50	54	
40	40	0	41	0	0	0	0	0	0	0	40	0	0	36	40	0	0	0	0	
0	0	0	0	0	0	0	0	0	32	0	0	0	34	0	0	46	0	0	0	
0	84	0	87	96	0	0	77	84	0	0	0	89	0	93	0	0	0	0	0	
0	0	0	78	0	0	0	0	63	0	0	0	0	78	0	70	0	0	0	0	
0	0	24	23	0	0	0	23	0	0	0	25	20	0	0	28	0	0	0	0	
0	50	0	0	0	47	0	43	38	0	45	0	0	0	0	0	0	37	54	0	
0	0	0	50	0	0	0	48	53	0	0	0	0	52	0	0	0	0	65	0	
72	0	55	54	0	0	0	78	0	0	61	0	0	0	69	57	57	58	68	0	
0	0	0	0	0	100	0	0	0	75	98	0	0	85	0	98	0	0	0	0	
0	0	59	0	0	65	45	0	0	47	52	0	0	0	65	0	0	0	0	0	
55	0	0	40	0	50	0	0	0	0	0	0	0	56	0	53	0	54	0	0	
33	30	0	0	36	0	0	0	0	0	0	30	0	0	31	0	0	0	0	41	
0	0	35	0	34	0	37	30	0	39	40	0	39	0	29	30	0	0	0	34	
0	0	74	0	0	0	0	0	0	66	0	0	0	75	0	0	0	61	0	0	
0	0	0	62	75	0	0	0	0	0	85	0	64	73	77	0	0	0	0	0	
0	0	0	0	32	0	0	0	0	33	0	29	0	0	33	0	28	0	0	0	
0	0	82	0	0	78	0	60	0	82	0	59	0	0	0	0	0	0	0	0	
49	0	0	0	0	45	0	50	0	43	43	0	0	0	0	0	0	45	41	0	
0	54	0	47	0	42	0	0	0	0	0	0	42	0	0	0	0	0	0	0	
0	0	100	0	0	83	0	88	0	0	0	0	0	0	0	0	74	71	74	88	
0	0	0	0	0	78	59	61	0	0	66	76	0	0	0	0	59	0	58	0	
0	86	0	0	0	0	0	0	87	0	0	0	105	0	0	0	0	0	0	0	
0	44	0	0	45	0	0	45	0	0	0	37	50	0	0	52	0	0	0	0	
0	10	10	0	0	10	0	0	13	13	10	0	12	10	0	10	0	11	0	11	
0	0	0	36	0	0	0	0	0	0	0	0	0	0	0	0	37	0	38	46	
0	0	0	0	0	0	0	0	40	47	0	0	0	0	0	0	0	0	42	0	
0	0	0	82	0	0	81	0	0	74	0	0	0	89	0	0	0	0	0	95	
0	0	0	0	0	0	13	0	0	0	0	0	0	0	0	0	0	17	0	0	
0	11	0	0	0	10	11	0	0	0	10	0	0	0	0	11	0	0	0	11	
0	0	0	0	0	25	0	22	0	0	0	0	0	22	0	0	0	0	0	0	
0	38	0	0	0	0	38	31	0	42	0	0	0	0	31	32	40	0	0	0	
0	66	0	0	0	0	58	0	0	0	0	73	0	0	65	79	0	0	0	0	
94	0	0	0	92	0	0	0	0	0	0	89	97	0	0	0	0	0	0	0	
0	0	0	0	0	0	0	78	83	0	0	80	0	0	0	82	0	0	0	87	
0	0	0	0	0	0	0	56	59	0	0	0	0	0	51	62	64	52	0	0	
0	17	0	0	0	0	0	0	15	17	0	13	0	0	0	0	0	15	14	0	
0	0	0	86	96	0	0	0	0	0	0	72	0	0	92	0	0	100	0	0	
0	80	0	81	0	0	96	0	0	0	77	77	0	0	89	0	94	0	95	0	
0	56	0	0	0	47	0	0	48	52	0	0	59	0	0	50	0	59	0	0	
89	0	0	79	0	0	0	0	0	0	0	74	87	0	0	0	0	86	0	0	
14	0	18	0	0	0	0	0	14	0	0	0	0	0	0	0	0	0	0	19	
0	0	0	88	0	0	0	99	70	0	0	0	0	84	0	83	94	0	0	70	
0	0	0	0	0	0	0	0	0	0	0	10	9	9	0	0	0	0	12	0	
0	77	0	0	0	0	58	0	0	60	65	0	0	0	0	0	66	0	0	0	
0	0	0	0	0	0	30	0	0	0	0	0	0	0	24	30	25	0	0	0	
0	0	0	91	0	0	0	0	0	102	0	113	0	95	0	0	0	0	0	98	
0	0	45	0	0	0	0	39	0	0	0	0	0	0	0	0	0	0	39	0	
0	0	0	0	0	13	13	13	0	15	0	13	14	12	14	16	15	0	13	0	
0	81	0	0	89	0	90	0	84	0	0	66	88	0	0	0	0	0	85	0	
27	0	32	0	0	0	0	0	37	0	0	27	0	28	32	0	0	0	0	0	
0	36	0	0	0	37	0	0	0	0	0	41	0	0	0	0	39	28	0	0	
0	0	0	77	86	87	0	0	0	0	0	0	0	0	0	0	61	0	0	70	
0	0	0	0	0	0	32	0	31	0	0	38	31	0	41	0	0	32	0	0	
0	0	28	0	0	24	0	0	0	0	31	29	0	0	24	29	0	0	0	0	
0	0	0	0	0	78	0	0	0	0	114	79	0	90	0	0	106	86	0	0	
60	0	65	0	0	0	0	0	0	70	74	0	77	0	0	70	65	0	57	0	
40	0	0	0	0	42	0	0	0	0	0	0	0	0	51	0	51	0	0	52	
0	0	17	20	0	0	0	20	0	0	0	0	17	0	18	19	0	0	0	0	
0	107	0	88	0	103	0	0	0	0	0	80	0	0	0	0	0	83	0	82	
0	0	0	0	0	0	0	43	0	0	0	0	36	0	0	43	0	0	0	0	
0	0	57	0	0	0	0	0	0	0	0	0	0	58	53	64	0	0	48	0	
0	0	0	0	0	0	82	100	0	0	71	0	0	0	0	0	74	76	0	0	
0	0	46	60	44	0	0	0	0	0	0	0	50	0	50	0	0	49	60	0	
84	0	0	106	0	94	0	0	79	0	0	0	103	0	0	102	98	0	0	73	
37	0	0	42	0	0	44	0	0	0	0	0	0	0	34	0	46	0	0	0	
0	0	0	98	71	0	0	79	0	103	78	0	0	83	0	80	0	95	93	0	
0	0	0	0	0	0	64	49	0	0	58	51	0	63	0	60	0	0	0	0	
83	0	88	0	98	78	0	0	0	0	0	0	89	0	90	0	0	0	0	0	
39	0	0	0	0	50	55	0	45	45	0	0	0	0	0	0	0	0	0	53	
0	0	97	0	0	110	115	0	109	0	0	0	0	0	0	108	0	0	78	0	
0	49	0	63	0	0	0	0	0	0	0	0	0	0	55	0	0	0	0	0	
0	79	0	0	82	0	0	0	0	0	0	0	55	0	0	0	64	55	0	77	
0	0	0	82	0	0	0	0	0	0	0	0	0	87	0	0	0	0	0	89	
0	0	112	0	0	0	0	0	92	0	110	91	0	0	0	91	0	0	0	100	
0	0	0	0	110	108	98	76	84	0	0	0	0	0	0	0	92	0	0	0	
10	0	0	0	0	0	11	0	0	10	0	11	0	0	0	0	0	8	11	0	
69	0	0	0	0	0	0	0	0	0	93	0	0	0	0	0	82	0	0	0	
0	0	0	40	45	0	0	0	0	0	0	0	0	0	0	0	0	0	0	51	
81	73	0	0	0	64	74	81	85	86	0	67	0	87	0	0	0	83	0	0	
15	0	0	14	13	0	0	13	0	0	17	0	0	0	0	0	0	0	0	15	
0	0	45	0	0	0	47	0	0	49	34	0	40	0	40	0	40	0	0	44	
0	0	30	0	0	0	33	0	29	0	0	0	0	27	32	35	35	32	0	0	
90	86	0	0	71	0	89	0	0	0	0	0	85	79	0	62	0	0	0	85	
0	0	0	107	0	0	0	0	0	111	0	0	0	0	108	0	0	101	81	0	
0	0	71	0	0	76	0	0	0	96	0	83	0	0	0	96	87	70	0	0	
0	0	0	0	0	29	0	0	0	28	32	0	0	24	0	28	0	32	0	0	
29	0	31	0	0	0	0	25	0	0	0	0	0	0	0	25	0	0	0	35	
66	0	0	0	0	61	0	0	0	70	0	0	0	0	0	0	60	0	0	0	
12	12	13	11	13	13	13	0	0	11	11	0	0	0	0	0	13	12	10	10	
0	0	0	28	0	21	0	28	0	0	0	24	28	0	0	27	26	0	0	0	
0	25	23	27	21	0	0	26	0	0	0	0	25	0	0	0	0	0	0	0	
0	0	43	0	0	43	0	46	0	0	0	0	0	38	0	45	0	0	0	0	
0	0	84	0	75	0	65	0	70	0	94	0	0	87	0	0	0	0	0	80	
0	0	0	56	0	0	0	0	0	53	0	0	0	0	0	0	48	0	0	43	
73	70	72	0	0	0	0	0	0	0	0	0	68	84	0	66	0	0	0	0	
0	0	0	0	84	0	0	0	81	0	100	0	104	94	0	89	101	83	0	0	
0	0	0	0	0	0	0	56	59	0	46	0	58	0	48	0	61	47	0	0	
64	59	0	0	62	0	64	0	0	51	0	0	0	45	0	51	0	0	0	0	
0	103	0	0	88	88	0	92	0	0	83	0	111	0	0	0	0	0	0	0	
0	0	0	0	54	47	0	0	0	0	60	47	46	0	55	51	0	0	56	0	
0	72	68	68	61	0	0	0	0	63	0	63	0	0	55	0	0	0	60	59	
87	0	91	0	0	0	0	0	85	0	0	0	95	82	0	0	85	72	89	93	
0	0	0	0	0	0	0	0	44	0	41	56	46	0	46	49	0	0	0	0	
0	37	0	0	0	0	0	48	0	0	0	47	0	0	0	0	0	0	0	0	
0	0	0	78	0	86	0	0	0	94	0	0	0	73	0	0	0	0	0	82	
0	0	0	0	0	95	0	0	102	0	0	0	0	0	95	0	0	83	0	80	
0	0	0	19	16	0	0	0	16	0	19	0	0	0	0	21	0	0	0	0	
0	0	0	0	0	0	0	0	0	23	0	0	0	0	20	24	0	0	0	0	
0	54	0	0	0	0	0	49	0	0	0	0	0	0	60	44	57	0	0	0	
0	0	0	15	17	0	0	0	0	0	20	0	0	0	0	17	22	22	15	0	
0	53	0	0	0	0	0	0	0	0	0	0	50	0	54	0	0	0	0	50	
0	0	0	0	0	0	18	0	0	15	17	17	0	0	0	0	0	0	0	0	
0	0	0	0	0	0	87	0	102	0	0	0	0	0	0	94	0	0	105	0	
31	0	0	0	0	0	34	0	28	39	0	0	0	0	0	0	0	29	0	37	
58	50	49	0	0	0	47	59	0	61	0	0	51	46	56	0	0	0	0	0	
100	0	0	101	0	0	0	0	75	0	84	83	0	95	0	0	0	0	0	0	
0	83	0	0	0	0	0	0	81	0	0	0	112	0	0	0	0	0	89	0	
36	0	0	0	34	0	0	44	33	42	41	33	0	38	34	0	0	0	35	33	
0	72	74	0	0	0	87	0	0	0	0	0	0	0	0	0	0	0	0	0	
0	0	0	0	0	0	0	0	44	0	0	0	0	0	0	0	0	0	0	37	
0	0	0	54	0	0	0	0	0	0	0	0	0	0	0	0	58	0	56	0	
28	0	29	0	0	0	0	24	0	0	0	0	0	0	0	0	0	0	22	31	
0	16	0	0	0	0	0	15	0	0	21	0	0	20	16	0	0	0	0	0	
0	0	0	0	13	0	0	0	0	0	18	0	0	16	0	0	0	0	17	0	
0	39	0	0	0	0	34	0	0	0	0	0	0	0	33	32	0	33	0	0	
48	0	0	0	0	48	39	0	48	0	51	37	0	0	0	0	0	0	0	0	
0	0	0	0	0	0	0	54	0	0	44	0	0	0	0	0	0	0	0	0	
0	0	0	0	0	0	0	0	0	36	0	0	42	0	0	39	40	0	0	0	
20	0	0	0	0	24	0	0	23	0	0	19	0	0	0	0	27	24	26	0	
106	0	89	95	0	95	0	87	84	0	85	0	0	0	83	0	0	0	0	0	
0	0	0	0	65	48	49	0	56	0	0	0	0	0	0	0	0	68	56	0	
0	74	62	0	0	0	0	0	0	75	0	60	72	54	0	0	72	0	0	0	
96	90	114	109	0	0	94	113	108	0	0	0	0	0	0	94	86	0	98	0	
74	0	0	0	0	54	77	76	52	0	0	54	75	0	0	0	0	0	0	0	
0	0	0	0	0	0	0	89	0	0	0	0	0	0	64	0	74	81	0	0	
0	0	0	0	71	0	62	84	0	0	0	83	0	0	83	79	0	79	82	0	
0	0	0	0	0	0	0	0	18	17	0	0	0	0	0	0	18	0	0	0	
47	0	0	51	0	0	0	0	45	53	0	0	49	0	53	0	54	41	0	0	
0	0	81	0	72	0	0	0	0	0	0	0	0	65	0	0	0	66	80	0	
0	18	17	0	0	0	16	0	15	16	0	0	15	0	0	0	0	0	0	0	
0	0	0	0	92	0	0	0	0	0	0	80	0	89	101	78	0	96	0	0	
0	0	36	26	0	0	0	0	36	0	0	26	35	0	33	25	0	0	0	0	
0	0	0	62	59	0	0	0	66	0	51	0	51	60	0	0	0	0	47	0	
87	82	0	0	0	0	70	0	0	0	90	66	0	0	68	0	88	0	0	81	
0	0	20	0	22	0	0	0	0	22	0	0	0	0	0	25	0	0	0	0	
0	0	0	82	85	0	0	0	0	73	0	0	0	78	0	0	0	0	0	0	
0	0	0	71	0	62	0	0	68	78	76	75	0	73	63	71	66	0	0	76	
0	0	0	98	0	84	0	0	0	0	0	0	0	80	0	0	86	0	0	0	
0	0	63	0	0	61	50	73	0	59	0	0	0	0	56	50	65	0	0	61	
0	27	32	31	0	0	0	0	0	0	0	32	0	0	0	0	0	0	35	25	
0	81	105	0	0	0	0	0	99	89	99	87	0	0	0	0	0	84	82	112	
65	73	0	0	0	0	0	60	0	0	0	0	0	0	0	0	0	71	0	0	
0	0	0	0	0	0	0	0	0	0	19	20	0	0	0	20	0	0	25	0	
0	0	0	0	0	100	0	0	0	82	0	0	0	81	93	0	77	91	0	0	
0	0	0	0	0	0	83	0	0	92	0	0	92	0	92	0	0	73	103	79	
0	0	0	46	0	0	0	0	0	0	0	35	0	41	0	0	0	0	0	49	
0	0	0	0	0	104	85	0	95	78	0	0	0	101	79	0	93	0	0	77	
0	0	0	0	0	0	0	0	0	0	61	0	0	57	0	0	0	61	67	0	
14	0	0	0	14	0	0	0	0	0	14	0	17	0	0	0	0	0	0	0	
0	0	0	0	18	0	0	0	17	0	0	16	0	17	0	14	0	0	0	0	
0	0	0	0	0	0	89	88	0	0	0	0	0	93	0	0	101	0	0	0	
77	75	0	105	0	0	88	0	105	0	75	0	92	74	81	0	0	0	72	0	
0	0	0	0	0	0	0	26	0	0	30	0	0	0	0	31	0	0	0	0	
0	94	93	90	0	84	73	0	0	76	0	91	0	0	0	0	0	0	95	0	
0	9	0	11	0	0	0	9	0	0	0	0	11	0	10	0	0	0	0	9	
0	0	0	0	0	0	0	99	98	0	0	0	103	107	84	0	0	0	0	0	
81	74	0	0	73	0	0	0	0	71	0	0	0	58	60	76	0	57	0	0	
0	0	59	43	0	0	0	0	0	0	0	0	0	0	47	59	0	51	57	0	
0	0	0	92	88	90	0	0	94	0	0	0	72	90	0	0	97	0	0	0	
0	0	100	109	0	0	0	0	0	0	91	0	0	0	0	0	0	0	0	0	
0	56	0	70	0	0	0	0	0	0	0	0	0	0	0	0	0	0	66	81	
0	0	78	0	0	0	0	0	0	0	0	0	0	0	0	88	0	0	0	0	
0	0	0	0	82	62	0	70	0	0	75	71	0	0	0	0	0	0	0	0	
100	0	102	0	0	0	0	0	0	0	0	95	0	0	84	0	0	0	0	0	
0	59	68	0	0	0	0	0	78	0	0	0	0	0	71	0	0	0	0	66	
0	0	0	56	0	60	0	0	0	64	0	83	0	70	74	83	66	56	57	0	
0	22	0	0	19	0	0	16	0	22	0	0	17	16	0	20	0	17	0	0	
0	0	40	0	0	31	0	0	30	0	0	0	0	35	37	0	0	0	0	0	
0	90	0	0	78	0	93	0	0	0	83	0	0	0	0	0	0	71	66	0	
0	0	0	0	0	0	0	0	0	0	0	0	0	0	0	41	42	0	0	0	
0	0	0	20	15	0	14	18	14	0	0	19	14	15	0	0	0	0	20	0	
0	56	56	0	0	0	0	0	0	0	0	0	50	51	42	44	52	0	0	0	
21	0	0	0	16	0	17	0	0	17	0	15	0	21	0	0	16	0	17	0	
0	84	93	0	70	0	0	76	0	73	0	84	0	0	0	95	0	93	98	0	
0	0	98	0	0	0	0	0	79	0	0	84	102	0	0	104	0	0	71	89	
0	0	0	0	13	11	0	0	0	10	11	0	0	0	0	0	0	0	0	11	
70	0	75	0	74	0	78	0	0	64	0	91	81	0	87	94	85	82	0	84	
0	0	0	0	0	58	0	63	0	0	0	81	72	0	0	75	0	0	79	75	
0	0	47	53	0	0	0	0	59	0	41	0	0	0	0	0	0	0	0	0	
0	39	0	37	0	30	36	0	0	0	0	0	33	0	0	0	37	30	0	36	
36	0	34	0	0	0	0	0	0	38	0	41	0	0	0	0	0	39	0	40	
29	0	0	0	0	0	0	23	0	0	0	0	0	29	0	0	0	21	22	0	
0	0	0	57	0	42	51	39	42	44	0	0	0	45	46	0	0	0	0	0	
0	0	18	20	0	0	18	21	0	0	21	23	0	22	19	0	0	0	20	23	
0	72	0	0	0	0	0	0	0	0	0	0	0	0	0	68	0	83	0	0	
0	0	35	28	30	0	34	0	0	32	0	0	0	0	0	33	31	0	0	0	
0	0	58	0	0	73	57	69	73	52	68	0	0	70	0	73	0	0	0	0	
0	17	18	0	17	0	0	0	14	19	0	17	0	0	19	0	0	0	18	17	
0	15	15	10	0	0	13	0	13	0	0	15	0	0	13	14	0	12	0	10	
76	0	0	0	0	0	0	0	0	86	0	0	106	0	0	0	92	0	0	0	
0	106	94	0	0	0	87	0	110	0	111	83	0	89	0	76	0	97	0	0	
24	0	0	0	0	0	0	0	0	31	0	32	26	0	0	0	0	25	0	0	
0	65	59	0	73	0	0	55	0	0	0	0	0	0	0	72	0	0	0	70	
112	86	0	110	101	106	0	0	0	0	0	109	0	0	112	0	84	0	0	84	
19	0	27	0	18	0	0	0	0	0	23	0	0	23	27	0	0	18	0	27	
0	0	0	0	0	0	66	86	83	0	0	89	0	79	73	0	74	89	74	0	
83	0	0	0	0	94	0	0	99	0	0	0	0	0	0	76	75	0	0	0	
10	11	0	0	0	0	0	14	12	12	12	0	0	0	13	0	0	0	0	14	
63	58	68	0	0	0	0	0	0	0	0	0	0	0	48	67	0	0	51	51	
0	0	0	0	0	75	0	0	71	84	0	77	0	79	0	64	0	0	0	81	
62	0	49	0	0	0	0	0	54	58	0	0	0	0	0	0	64	0	0	67	
0	0	0	0	0	39	0	38	37	43	49	0	36	0	0	43	0	0	0	0	
0	0	0	82	0	0	0	0	0	0	0	86	0	0	0	0	0	72	73	0	
0	48	48	50	0	36	0	0	0	0	0	0	0	0	0	40	0	40	0	34	
0	0	0	0	0	0	29	0	28	0	0	29	0	0	30	27	0	0	31	0	
0	0	0	35	0	0	39	0	31	38	0	0	0	0	0	33	33	0	38	0	
0	0	33	0	43	0	0	41	0	0	0	36	31	40	0	40	0	0	0	0	
0	0	0	30	28	0	28	0	24	0	0	0	0	35	0	0	0	24	0	33	
0	45	0	58	0	0	0	0	0	0	0	0	0	0	0	0	0	0	46	0	
0	21	0	24	0	0	0	0	28	0	22	23	0	30	0	0	0	0	27	0	
29	25	0	0	23	0	0	29	0	0	26	0	0	0	21	0	28	0	0	0	
40	0	0	47	0	0	0	0	0	0	0	0	0	0	50	0	40	0	40	0	
54	57	64	50	0	0	0	0	0	0	0	0	0	49	61	0	0	60	53	0	
0	52	57	0	0	0	0	60	0	0	0	0	0	60	46	0	0	0	47	0	
0	0	0	0	21	28	0	0	21	25	21	25	0	28	22	26	0	0	0	0	
0	0	0	0	0	0	0	66	0	47	0	0	0	0	66	0	0	58	0	46	
17	18	15	0	18	0	0	16	0	19	14	0	16	17	18	15	0	0	16	0	
0	38	0	0	0	33	0	0	0	0	0	0	0	44	0	34	0	0	0	0	
58	0	45	0	0	50	0	0	51	0	0	0	0	0	0	48	0	0	0	0	
0	0	0	0	0	0	12	0	12	11	13	12	0	12	0	0	12	10	0	12	
0	0	65	0	50	68	0	0	0	0	0	0	0	58	0	0	0	47	0	0	
0	0	0	0	0	0	0	0	0	46	0	39	0	0	0	0	0	0	40	48	
0	0	0	0	0	0	54	0	0	55	0	62	0	0	0	0	0	63	54	0	
0	0	0	0	0	95	0	80	0	0	0	0	0	83	0	0	77	0	92	78	
76	0	0	0	0	0	0	54	0	61	72	0	54	0	0	0	0	0	0	0	
51	49	65	0	0	61	0	0	0	0	0	0	0	65	0	0	63	0	0	0	
0	0	72	0	0	73	0	60	0	0	0	0	0	58	71	0	61	0	0	0	
0	0	0	0	13	0	11	0	0	0	15	0	0	12	0	0	11	0	0	0	
0	69	0	0	0	0	64	0	0	80	0	0	0	81	0	0	0	0	0	79	
0	60	0	0	0	57	0	0	0	0	0	0	72	0	0	0	0	62	71	81	
0	47	58	66	63	0	49	0	0	0	0	0	0	0	0	0	0	0	0	0	
62	0	0	0	86	67	61	64	0	63	0	0	79	0	64	66	0	0	0	0	
0	0	0	0	0	0	0	0	63	0	0	0	80	0	0	0	74	0	0	73	
0	0	0	0	0	0	73	0	0	0	78	65	0	0	72	0	0	71	66	0	
17	16	0	0	22	0	0	0	0	0	0	0	22	19	15	20	0	0	0	0	
84	0	0	0	71	0	0	79	0	0	0	0	68	0	65	0	84	62	0	0	
30	0	0	0	0	24	0	0	0	0	0	0	0	0	23	0	31	0	0	26	
0	0	0	91	0	0	0	0	76	0	90	0	0	63	0	0	63	80	0	0	
29	23	0	0	0	26	22	26	27	0	0	29	24	0	0	25	0	0	0	0	
21	0	22	0	0	21	0	0	18	0	18	0	0	0	0	17	0	0	0	0	
0	34	0	0	36	0	30	32	0	0	0	0	0	0	0	43	0	0	42	42	
0	0	0	0	0	49	49	0	0	0	0	41	0	51	0	0	49	47	0	47	
44	0	37	0	38	0	0	0	42	0	0	44	0	37	0	0	0	0	0	42	
0	66	0	0	0	0	68	0	70	0	0	0	63	0	63	0	0	0	63	0	
26	0	31	0	0	0	0	25	0	0	0	0	28	0	0	0	0	0	30	23	
0	0	0	0	0	0	31	0	0	0	0	36	0	0	0	0	0	42	0	0	
24	23	0	0	0	17	0	0	0	0	17	0	21	22	0	0	0	22	0	19	
0	0	0	0	0	51	0	42	40	0	0	42	0	0	0	0	0	0	0	0	
0	0	0	47	57	0	0	55	0	57	0	0	45	52	0	0	0	0	0	0	
0	0	0	0	0	19	0	18	20	0	17	0	21	0	22	0	0	0	0	0	
0	0	15	17	0	0	0	0	0	17	0	15	0	15	0	0	0	0	18	0	
0	0	0	0	0	75	56	0	0	0	0	0	0	81	0	55	0	76	56	0	
0	0	0	0	0	50	0	56	46	0	0	42	42	61	56	0	0	0	0	54	
47	0	0	0	0	0	0	0	0	0	56	57	0	47	0	0	56	0	44	0	
0	0	33	37	0	0	0	0	0	30	35	0	0	0	30	38	0	0	0	0	
0	0	0	0	31	0	0	0	0	0	0	29	0	26	0	0	0	0	0	0	
0	0	0	41	0	0	49	38	0	0	0	0	36	0	0	38	0	36	0	48	
0	0	0	0	0	0	27	0	0	0	0	0	0	0	0	0	24	0	0	24	
44	0	53	0	44	43	0	0	0	0	0	0	0	0	46	0	0	0	53	0	
54	0	0	0	0	0	57	0	0	57	0	53	0	0	0	44	0	0	58	0	
0	0	0	0	101	97	0	0	0	0	0	0	98	81	0	0	0	103	0	0	
0	0	0	0	0	0	0	16	18	0	0	15	0	0	0	17	13	0	0	0	
0	0	0	0	0	0	0	69	0	62	0	0	0	0	62	0	0	60	0	0	
0	0	0	20	0	23	22	0	0	0	0	0	19	0	0	0	0	24	0	0	
0	0	0	0	0	0	0	50	0	0	0	43	0	0	0	0	42	0	51	0	
0	0	0	0	28	26	0	27	0	0	0	34	0	0	31	0	0	0	34	0	
0	0	0	77	0	0	0	0	0	0	60	83	0	0	0	81	0	0	64	80	
0	0	0	0	19	0	18	0	0	0	0	0	19	0	0	0	22	0	0	0	
0	0	0	0	0	0	33	0	0	34	34	32	29	0	0	0	0	0	31	0	
27	0	0	0	0	26	0	0	0	0	26	0	37	0	0	29	0	35	32	0	
0	0	0	0	0	15	0	0	0	0	0	0	0	22	0	16	0	16	0	0	
45	0	0	0	36	0	0	0	0	0	0	0	0	39	0	0	0	0	44	39	
0	94	94	0	0	92	0	0	0	0	0	0	0	0	89	0	110	0	90	103	
0	0	0	0	101	0	0	0	0	0	0	99	0	0	0	0	101	0	0	0	
0	15	0	0	15	0	20	0	0	0	16	0	0	0	0	0	19	0	0	0	
0	0	0	0	0	0	0	0	0	72	0	0	0	0	0	67	68	0	0	0	
0	0	0	0	0	87	0	0	98	0	0	0	0	101	0	0	0	0	0	103	
0	102	97	96	0	86	96	0	74	0	0	0	0	87	0	101	0	0	105	0	
0	41	47	0	0	0	0	54	46	0	0	0	0	0	53	0	45	0	0	0	
0	0	77	0	0	0	81	0	74	0	0	0	67	0	0	0	0	0	81	0	
57	0	80	0	0	57	64	0	58	0	79	78	80	58	75	0	62	0	0	0	
0	0	69	61	0	62	72	0	0	62	0	0	0	55	0	0	68	0	0	0	
0	39	0	0	44	39	0	0	0	39	0	40	48	0	0	45	0	0	0	0	
0	0	0	0	0	0	32	32	0	34	25	0	0	25	0	32	0	0	0	0	
0	0	0	0	0	75	0	0	0	70	93	70	0	0	96	0	97	88	73	0	
0	0	0	0	89	0	0	0	0	77	80	0	0	0	85	66	0	0	0	97	
0	0	26	0	0	0	0	29	32	0	0	0	31	0	31	0	26	24	0	33	
0	0	0	50	0	0	38	0	0	44	0	0	0	0	45	0	0	0	55	53	
0	89	76	0	69	62	0	0	0	84	0	0	0	70	0	82	0	79	0	0	
55	0	0	0	0	0	0	50	0	0	57	0	58	46	0	50	0	0	0	0	
0	46	0	51	0	0	0	0	47	0	0	62	0	0	0	0	0	0	0	0	
71	0	0	0	68	0	0	0	0	62	58	0	0	0	0	53	0	75	0	0	
76	0	0	0	77	0	78	0	0	0	0	0	0	0	0	0	86	0	0	0	
20	0	25	0	0	0	26	0	0	0	22	0	0	0	0	0	19	26	0	0	
28	28	0	0	0	20	0	0	0	0	0	0	0	0	0	0	0	29	0	0	
0	0	0	0	0	0	0	0	0	57	61	0	0	0	0	0	0	61	0	0	
0	26	0	0	0	0	0	0	0	0	28	0	25	0	24	23	30	0	0	0	
0	0	26	24	0	0	0	27	0	0	28	0	30	0	0	0	0	0	0	24	
0	82	0	0	0	0	0	0	103	0	0	0	0	81	0	0	0	74	0	81	
0	0	38	42	0	0	0	0	0	0	42	0	0	0	0	39	0	35	0	0	
48	0	57	0	47	57	0	0	0	0	0	0	0	0	0	0	0	0	0	0	
35	0	0	31	37	0	0	0	0	39	0	33	0	38	0	0	0	0	0	30	
0	17	0	19	15	20	0	0	0	18	17	0	19	21	0	0	18	0	0	0	
11	0	0	0	0	0	0	0	0	0	0	0	0	11	11	0	0	0	12	10	
0	49	0	46	0	0	0	54	0	0	0	0	0	0	0	0	0	0	0	0	
0	0	0	0	52	0	0	67	0	0	0	71	0	0	55	57	0	0	0	0	
0	0	27	0	30	0	0	0	0	0	0	32	0	33	0	0	33	0	0	0	
0	24	0	0	0	0	28	0	0	0	0	20	19	19	0	0	0	0	0	0	
0	14	17	0	0	0	0	0	0	18	0	13	0	17	15	17	0	0	0	14	
0	15	0	0	0	0	17	0	0	0	0	0	21	21	0	0	0	20	0	0	
0	0	94	90	0	0	0	88	0	0	0	111	0	0	0	0	102	0	0	0	
0	0	0	0	0	0	0	0	0	0	94	76	76	0	0	0	0	74	0	0	
68	0	0	0	71	0	72	69	71	70	0	0	92	0	79	0	0	0	0	0	
0	0	0	0	0	0	42	0	43	0	58	52	0	0	60	0	59	0	0	0	
0	0	0	0	77	0	0	96	0	0	0	0	0	0	0	0	0	0	0	104	
0	0	0	35	36	31	26	0	0	0	26	0	26	34	0	0	0	0	35	0	
0	0	34	0	39	0	0	36	0	0	0	37	34	0	0	0	0	0	0	44	
0	0	0	0	109	107	81	95	101	0	0	81	0	0	94	0	109	0	0	0	
0	0	0	0	0	75	0	0	0	0	0	0	0	0	0	0	75	0	0	71	
0	0	0	0	0	0	0	0	0	48	48	0	39	55	0	0	0	45	0	0	
0	0	0	0	63	47	0	45	0	0	0	64	0	0	60	0	0	0	62	64	
0	29	0	0	0	0	42	0	0	0	0	0	0	0	0	40	0	0	40	34	
34	0	0	0	0	0	0	0	38	0	0	0	34	0	26	0	0	32	27	34	
0	0	0	0	45	0	0	0	0	39	0	0	0	0	37	0	0	0	0	41	
0	68	0	0	0	65	0	0	0	0	66	62	67	0	0	72	0	0	0	71	
0	74	0	0	99	0	100	0	0	0	73	0	0	0	0	0	0	96	83	101	
0	0	76	0	0	0	0	85	76	76	0	0	0	105	0	91	0	74	0	0	
0	0	0	0	52	0	51	56	0	0	0	53	66	0	0	0	60	0	0	0	
0	13	11	10	12	10	0	12	0	0	0	0	11	0	10	0	0	0	0	0	
0	0	0	0	95	113	0	0	0	0	0	0	0	0	0	80	0	0	0	94	
12	13	0	11	0	0	0	0	0	0	0	0	0	0	0	0	0	0	12	0	
0	0	0	0	33	0	0	0	0	0	47	0	0	0	0	46	0	0	44	0	
0	48	0	0	0	0	0	0	0	0	40	38	0	0	0	0	38	0	0	0	
0	0	15	0	14	0	20	0	0	0	0	0	20	0	0	0	0	0	0	20	
0	53	63	0	53	55	0	0	0	45	0	0	0	0	0	0	60	0	0	0	
0	0	0	0	29	0	35	27	28	25	0	0	0	27	0	0	0	0	0	0	
0	0	78	67	63	0	64	0	77	0	0	0	0	0	63	0	90	79	0	70	
9	0	0	0	0	0	0	0	0	9	0	11	0	11	0	11	0	0	0	0	
0	0	0	0	0	0	94	0	93	0	67	0	0	0	72	77	84	0	0	67	
0	49	0	0	0	0	0	0	0	53	0	47	0	51	54	55	47	0	0	0	
0	0	63	77	0	0	0	64	0	0	0	67	0	0	0	0	0	0	0	0	
71	0	0	85	0	0	0	81	0	0	0	85	71	0	0	0	0	0	0	0	
0	0	80	87	0	0	83	0	0	70	0	0	0	0	0	0	0	83	0	0	
39	0	43	51	0	0	0	42	0	54	51	0	0	0	0	39	0	46	0	0	
0	0	39	36	0	0	45	42	38	37	0	0	0	0	0	0	40	0	0	0	
0	0	33	0	0	0	29	31	0	31	33	0	0	0	0	0	0	24	25	0	
48	0	0	0	0	37	35	0	0	51	0	0	0	0	0	42	49	48	0	0	
0	0	31	0	0	38	0	28	0	0	0	0	0	28	0	0	0	0	0	36	
60	49	43	0	0	0	0	0	0	0	0	0	52	57	0	47	0	0	0	52	
0	54	63	0	0	65	0	0	0	0	70	56	0	0	0	63	50	0	0	0	
0	0	0	64	0	85	0	91	0	75	0	0	89	0	0	0	0	0	82	0	
18	16	0	0	0	0	0	0	15	0	16	0	0	0	0	0	14	0	0	0	
0	0	0	55	0	0	0	0	65	0	66	52	0	0	55	0	0	0	52	0	
0	0	0	0	0	0	0	0	0	0	0	0	0	56	47	0	0	0	0	0	
59	0	0	0	59	0	82	0	0	61	0	82	0	73	75	0	0	0	0	0	
0	29	0	0	0	0	35	0	0	39	31	39	0	0	0	0	0	29	0	42	
0	0	90	0	0	0	0	0	0	88	0	79	0	0	0	0	0	0	0	0	
0	0	34	0	0	0	43	0	0	31	0	0	0	37	0	0	38	0	39	0	
0	0	0	0	16	0	0	19	19	15	0	0	0	16	21	19	0	0	15	0	
0	0	0	0	44	0	0	0	40	0	50	0	0	50	0	47	0	0	0	40	
0	0	0	78	0	94	0	0	0	107	0	0	0	100	0	0	0	0	0	93	
56	57	0	0	56	0	51	0	0	54	55	61	0	0	0	0	67	61	0	0	
0	35	0	0	0	0	0	43	0	32	0	0	34	38	0	45	37	0	0	41	
0	0	30	0	0	0	0	27	38	37	0	0	0	0	36	0	31	0	27	0	
22	23	28	0	0	22	0	24	0	0	0	0	0	0	0	29	0	28	0	0	
0	0	0	0	0	0	0	0	0	50	0	66	0	67	68	0	0	0	0	69	
81	0	84	0	90	0	0	0	0	0	98	0	0	0	0	0	0	0	73	93	
0	0	0	42	0	37	0	33	0	43	0	0	0	0	0	0	0	43	40	0	
93	0	0	0	91	0	84	108	0	108	0	109	0	107	0	86	0	0	0	79	
0	60	0	0	0	68	0	0	0	0	0	0	0	0	0	58	0	0	0	0	
0	0	0	0	0	0	0	78	75	82	0	0	0	100	80	0	0	91	0	85	
28	0	0	0	0	0	0	28	0	0	0	0	38	0	32	0	0	37	0	0	
0	0	0	0	0	0	0	0	0	0	0	0	0	0	54	55	0	0	54	60	
0	0	0	0	0	0	0	0	0	0	0	0	88	0	0	0	84	65	0	0	
50	0	0	0	45	0	63	60	0	0	55	0	50	47	0	0	44	0	0	56	
0	0	0	12	15	0	0	0	0	13	0	0	15	15	0	0	13	0	14	0	
48	0	64	44	0	0	65	0	0	0	0	0	0	0	0	0	0	0	0	49	
0	91	66	78	80	0	0	0	0	0	94	0	0	91	0	88	0	0	83	0	
0	0	0	0	59	0	58	0	0	0	0	47	0	0	0	62	56	0	0	0	
0	0	0	0	0	0	0	0	0	0	0	0	0	0	0	0	0	0	8	0	
0	0	0	110	0	0	98	0	0	0	0	75	0	91	0	0	0	0	0	0	
83	0	72	64	0	0	0	0	0	0	0	57	0	69	69	0	0	0	81	0	
23	32	26	0	0	0	28	0	0	0	0	33	0	0	0	31	0	31	0	0	
78	99	89	0	0	0	0	0	89	0	0	98	93	95	105	0	90	0	0	0	
38	38	29	0	0	39	0	0	0	0	32	0	0	0	0	39	0	30	36	0	
0	110	0	0	0	0	0	0	0	0	0	0	0	0	0	0	81	0	0	89	
75	0	0	0	83	0	0	0	0	0	0	0	0	77	0	72	0	0	0	0	
0	0	0	0	0	0	40	39	0	46	37	0	0	0	0	0	0	0	0	0	
0	0	42	0	0	0	0	0	39	0	40	0	47	0	0	0	0	55	0	0	
32	23	30	25	34	0	0	24	0	26	0	0	0	0	34	0	0	24	0	0	
0	0	54	53	45	45	51	52	0	64	0	0	61	0	46	0	0	49	0	58	
14	13	0	11	0	0	0	0	0	0	15	0	0	16	0	13	0	0	0	0	
69	0	79	0	0	0	0	0	78	76	0	0	0	82	86	72	77	0	67	0	
110	81	106	112	0	0	0	93	0	98	0	105	92	0	0	0	0	0	112	0	
0	0	0	0	0	0	0	0	37	0	0	0	0	0	0	0	0	0	0	41	
0	0	0	0	56	0	0	0	0	0	0	0	0	0	0	0	0	0	0	53	
0	0	0	0	100	84	0	0	94	98	0	85	0	0	0	81	0	106	0	0	
0	46	0	0	0	56	0	0	0	0	0	0	0	0	0	0	0	0	0	0	
24	0	27	0	0	34	0	33	0	25	0	0	0	0	0	0	31	0	0	0	
0	0	0	87	88	101	0	0	112	96	0	0	98	0	0	0	96	97	0	101	
0	0	0	0	0	43	0	0	0	0	0	55	0	0	53	0	46	45	0	0	
0	0	0	26	0	0	0	0	0	33	33	25	0	0	0	0	33	30	0	0	
0	65	0	0	58	83	74	0	56	0	0	0	60	0	77	0	72	0	0	0	
71	0	0	67	0	0	76	0	0	0	0	0	0	62	0	0	60	0	0	75	
0	0	25	0	0	0	0	0	0	0	0	0	21	0	20	24	0	0	0	0	
0	34	0	0	0	0	47	0	0	0	49	34	36	0	0	0	48	0	0	0	
0	0	0	0	0	10	0	0	0	0	11	0	0	8	0	0	0	0	0	0	
0	0	0	51	0	0	43	0	48	0	0	0	0	0	0	0	38	38	0	0	
0	41	44	0	36	46	0	0	42	0	0	0	44	0	0	0	47	36	51	38	
0	0	0	0	51	0	0	0	45	0	0	50	0	38	0	0	0	0	0	0	
38	39	0	27	36	0	0	0	0	0	0	0	0	0	0	0	27	0	0	0	
0	0	0	0	18	0	0	0	0	13	0	0	17	0	0	17	18	0	16	0	
34	0	0	0	31	37	0	0	0	0	32	0	0	0	0	0	33	35	37	35	
0	0	0	21	0	21	0	0	0	0	0	19	0	0	0	0	18	0	0	21	
0	0	0	0	0	0	0	0	88	0	0	0	64	95	0	0	0	0	83	0	
30	31	0	30	30	0	0	22	29	0	0	0	0	31	30	0	0	0	0	0	
0	0	0	0	0	0	0	57	0	0	0	0	0	0	0	0	54	0	0	54	
0	0	0	70	0	95	73	0	0	0	81	0	0	0	78	72	0	0	0	0	
0	67	0	0	0	91	0	0	0	0	94	0	0	0	91	0	0	0	0	0	
0	0	16	15	0	20	0	14	0	0	15	0	15	19	0	0	0	0	0	0	
107	0	0	0	108	0	0	0	92	96	0	0	0	113	0	0	0	83	0	0	
0	107	108	93	0	91	0	101	0	0	0	0	0	0	0	92	0	0	0	0	
0	0	0	0	0	0	10	0	13	0	0	0	0	0	11	11	0	0	12	0	
23	0	0	0	0	0	0	19	0	0	24	22	0	20	0	23	0	23	0	24	
0	0	0	0	0	0	0	0	0	106	102	84	0	78	91	0	0	93	105	0	
52	0	0	0	50	0	52	0	0	0	0	47	0	0	0	61	0	0	52	55	
0	0	0	0	0	0	70	0	0	0	0	0	0	0	87	0	0	0	0	0	
0	0	0	0	47	0	0	0	0	0	0	0	0	0	53	0	0	46	0	0	
0	0	0	31	30	0	0	0	40	0	0	0	0	0	0	0	0	36	42	30	
0	46	0	0	55	0	52	0	0	0	0	47	0	0	45	58	0	0	0	0	
0	0	0	41	0	0	0	0	0	0	0	0	41	0	0	32	42	0	0	0	
0	0	0	0	94	0	104	80	0	0	0	0	0	0	70	101	86	75	0	0	
0	0	69	63	0	0	0	59	0	0	0	0	0	58	0	0	0	0	57	59	
114	0	110	0	0	0	81	0	0	0	99	87	0	0	0	0	0	0	95	0	
0	0	0	58	48	59	0	0	0	0	0	0	0	0	0	0	0	0	0	61	
0	0	0	0	32	0	0	29	23	0	0	0	0	0	0	0	0	0	0	0	
0	64	56	0	0	76	66	63	0	0	0	0	0	0	0	63	0	0	61	0	
0	100	89	0	72	76	0	0	0	89	0	0	0	0	93	0	0	0	0	0	
0	0	27	0	0	0	0	22	24	0	0	0	0	0	0	0	0	0	23	0	
25	0	0	0	0	0	0	0	0	35	0	24	31	0	0	0	0	0	0	33	
0	56	51	0	54	71	0	0	0	0	0	0	0	0	0	57	0	54	49	0	
59	51	0	67	0	0	0	0	68	66	0	56	0	0	58	50	0	63	50	50	
0	0	0	0	0	0	114	0	0	0	0	0	0	0	0	0	0	106	0	0	
48	63	58	0	0	0	51	0	0	0	0	48	0	0	0	0	0	0	0	0	
0	0	0	0	0	105	0	0	0	102	0	0	0	0	74	0	0	0	0	0	
44	0	0	0	0	0	52	41	0	0	50	39	0	0	0	43	49	0	0	0	
0	63	0	0	0	0	0	76	73	80	78	63	0	0	58	0	0	0	0	0	
84	0	0	96	0	0	0	87	0	0	0	0	107	102	0	0	0	76	0	72	
36	0	0	0	0	0	0	0	0	42	0	0	0	0	0	0	0	0	34	0	
22	0	0	0	0	0	0	0	20	21	16	0	0	0	0	0	16	0	16	0	
0	0	0	0	0	0	72	0	62	54	0	0	0	0	63	0	56	0	0	0	
92	0	0	0	79	67	0	83	0	0	0	0	0	0	0	0	0	0	0	0	
55	76	0	0	54	59	0	0	0	0	72	68	0	53	0	0	69	66	0	61	
53	0	0	0	0	0	52	0	0	0	63	0	0	58	0	58	0	0	0	57	
0	0	0	0	0	79	0	0	88	0	0	0	85	0	85	0	80	0	0	0	
23	29	0	30	33	0	0	0	0	25	0	0	0	0	0	0	0	0	0	27	
90	80	0	0	0	0	0	0	0	0	103	0	0	0	76	78	0	0	0	0	
42	0	0	45	0	0	0	43	51	0	0	52	56	0	56	0	57	0	49	0	
0	0	0	65	0	0	58	0	66	0	0	0	0	0	0	63	0	0	0	0	
0	37	0	31	0	0	0	0	0	30	0	31	32	0	0	0	0	0	0	0	
0	78	77	0	0	0	0	82	75	0	72	0	0	63	0	0	67	82	0	0	
44	51	0	0	0	0	0	0	0	0	39	0	0	0	0	0	0	0	0	0	
0	82	0	62	0	65	63	0	0	0	57	83	66	0	0	0	0	0	73	62	
79	0	0	0	78	0	0	0	0	0	0	0	0	0	0	0	0	0	0	0	
0	65	52	0	0	62	0	0	72	72	0	69	0	62	0	0	0	0	61	57	
0	0	0	0	0	20	0	0	0	0	0	0	0	0	0	0	0	0	0	15	
0	105	0	0	0	0	76	0	0	104	0	80	0	0	0	0	0	0	79	0	
0	0	0	0	0	0	0	0	0	0	60	0	0	63	0	0	0	0	0	58	
52	0	0	48	0	0	0	0	0	0	0	0	0	0	0	0	0	0	0	0	
