350
50
18413	14413	17570	15781	22263	20434	16373	15071	12738	16301	10797	15834	12404	11764	13632	10481	18426	16625	17481	10968	10517	20954	18811	16720	18694	14478	15096	21236	13224	20169	11209	15417	13293	21250	12430	10619	22116	22657	21678	20943	17997	20973	12154	21547	11157	18746	10520	14277	18478	11854	20564	13265	21673	17760	15252	13731	14641	17664	17877	22647	13764	22676	11492	10360	19350	19470	12826	16479	18517	11734	18965	15495	11518	18049	20686	16703	21896	13611	19618	22441	16800	16666	14251	16108	13338	16346	21862	18438	18928	10796	20949	18514	13466	19318	11167	22139	11011	21936	19681	17870	19068	17952	22038	10518	13592	14645	20932	15243	13804	20122	22105	19749	22326	18505	20828	11835	19892	20032	16583	11799	21396	21962	14746	15142	17567	16171	14323	13976	13158	21604	20967	21145	16875	11480	16280	11810	14544	16523	15410	22023	21983	20482	14048	15913	20211	22021	12511	14630	11725	21509	10801	18266	19043	16039	20055	22123	10618	14864	15188	11144	14523	16261	16446	17387	15291	13713	20521	19176	11855	15718	12244	20440	11365	17190	18769	20838	21321	11954	10422	11030	18962	15204	12229	19184	16016	18410	13779	15219	18347	12580	10506	14367	17176	20900	17673	19521	15539	10671	12799	14056	22529	15286	12791	21922	12799	20671	12616	19880	12745	14991	10362	21792	20114	22030	12534	14647	11245	15988	15544	10594	21053	14428	11903	12188	11783	18229	10878	12832	16718	14857	16970	21386	21233	16929	11643	16439	11706	12160	11567	10960	19654	13164	19923	15284	16310	15151	12084	11130	10813	19077	13466	15327	15465	21072	21149	18092	14718	20535	18830	16816	15799	15770	16099	10621	14533	20995	21370	21993	22312	17935	21739	16934	18699	18083	21373	18833	18922	18959	19945	21486	15581	11885	13639	15038	14746	16357	17780	21008	18581	20193	14227	10958	20002	17022	14322	19457	16147	14110	10660	10383	13413	10337	14648	11367	12239	21446	21145	19751	12455	22472	16765	15461	21191	14382	15390	11008	11373	16796	20964	22433	16937	14409	18677	21329	22043	11591	12103	17733	22201	18658	15667	18553	19726	19124	13809	17501	15975	19785	12718	14824	16401	16443	16638	18667	18069	20441	11281	20172	14255	22087	
55	88	74	60	16	17	30	79	31	83	57	73	67	44	29	16	75	73	79	54	9	64	5	44	88	85	58	9	25	16	89	96	31	100	35	31	64	2	80	30	93	59	9	99	92	47	50	46	81	26	
62	70	79	15	28	12	44	14	53	83	9	86	67	93	31	53	4	67	30	79	90	91	73	29	62	59	29	45	19	88	6	70	45	26	42	5	87	91	15	92	64	88	90	48	28	97	18	100	32	56	
55	87	48	48	74	45	53	75	77	69	80	100	31	39	90	63	93	43	20	4	95	26	14	72	97	80	40	80	37	6	41	42	37	57	90	8	31	19	39	69	43	90	73	19	18	82	26	74	86	27	
7	99	11	88	45	86	65	95	64	90	19	54	21	18	32	6	95	8	11	30	97	68	40	17	33	55	12	62	56	5	28	46	76	49	22	12	21	79	37	48	57	52	73	38	34	30	55	42	88	11	
17	20	26	98	91	98	89	96	41	55	51	50	89	77	1	55	21	98	23	6	65	32	74	67	94	66	13	74	77	62	40	6	80	95	43	88	26	21	68	7	15	52	54	58	95	86	99	46	32	8	
55	20	8	80	61	13	60	62	58	98	27	52	65	9	69	25	87	68	83	13	89	30	29	59	76	27	28	27	33	74	13	70	42	77	31	61	61	45	30	62	43	4	94	85	26	61	82	45	17	69	
7	39	70	81	57	94	100	9	30	47	13	22	56	75	26	35	10	87	15	93	48	19	11	41	22	26	28	33	52	52	13	26	52	5	21	56	60	91	80	6	1	76	91	95	84	79	73	52	27	6	
55	65	37	96	74	14	15	28	23	20	43	10	73	72	79	54	49	25	79	96	38	72	97	39	68	29	54	1	66	89	72	8	12	46	8	73	16	78	33	32	8	43	53	45	17	43	57	68	56	35	
39	71	68	12	33	46	87	82	53	24	12	8	44	19	9	95	50	43	91	37	95	70	25	52	13	47	85	79	64	71	39	12	48	91	34	84	81	97	39	43	6	96	34	73	47	6	67	51	39	14	
22	50	78	61	62	21	87	70	38	18	83	22	91	54	96	46	71	95	72	83	59	24	65	28	79	49	96	75	1	27	30	7	5	27	16	15	51	52	70	34	57	100	8	22	100	40	56	39	82	6	
95	82	28	65	20	97	13	2	12	70	22	14	63	57	4	29	1	29	71	74	92	21	42	70	38	11	49	23	84	87	42	29	95	62	71	34	90	42	20	2	24	75	35	79	61	14	53	67	82	91	
45	41	14	78	15	70	82	66	17	33	19	22	98	26	76	79	59	23	28	67	10	17	70	12	41	64	29	41	59	6	69	78	42	35	31	15	18	47	56	4	77	77	83	90	63	14	100	79	9	52	
22	39	6	21	93	44	38	91	56	17	97	61	26	53	76	63	71	9	12	48	84	83	99	39	79	49	25	57	86	97	82	67	89	91	58	84	48	71	17	56	10	32	12	1	76	73	6	61	94	96	
79	22	96	97	47	78	96	75	39	75	12	57	86	41	81	19	33	83	94	33	65	32	48	93	21	43	1	80	38	90	93	82	23	18	33	81	81	31	4	54	31	37	12	71	74	74	84	82	17	93	
99	10	64	69	4	19	11	57	40	6	21	37	93	32	66	89	42	8	56	11	54	88	98	63	80	43	41	91	13	5	20	92	41	19	93	93	98	44	39	66	90	74	50	16	54	77	51	89	77	91	
23	8	84	94	8	27	66	63	33	46	20	75	69	60	1	17	25	7	33	17	30	44	5	93	67	68	68	14	42	72	2	81	27	88	10	2	97	52	79	11	37	16	86	46	13	76	74	1	27	92	
93	98	84	14	98	65	56	61	58	1	22	96	87	70	9	94	36	55	73	14	85	56	86	8	29	33	22	24	57	5	64	1	45	65	68	54	39	77	50	89	81	62	97	18	11	87	6	44	44	11	
15	42	8	57	60	54	97	17	84	88	58	5	95	70	41	7	20	91	56	7	26	71	29	83	89	98	60	1	50	36	2	43	70	12	30	61	82	13	70	42	9	53	93	13	73	5	14	28	49	6	
34	22	4	56	22	17	45	97	27	20	66	40	59	36	57	57	92	4	23	70	64	17	27	5	85	82	49	94	80	47	32	29	19	78	52	16	18	79	28	78	16	90	79	7	49	92	65	58	90	12	
98	37	24	14	88	35	64	4	68	99	37	97	20	44	10	20	83	52	4	49	26	7	35	98	4	62	85	25	53	49	80	100	66	52	32	70	63	32	68	8	69	58	69	22	32	85	68	82	55	91	
2	69	42	48	2	70	56	7	68	62	51	14	76	71	33	81	99	85	43	87	45	65	89	87	38	85	56	37	10	88	70	86	66	49	3	69	43	68	42	21	77	47	59	91	48	18	49	15	72	25	
38	95	48	83	58	77	93	59	55	39	10	49	78	16	82	59	56	40	90	96	66	58	76	35	46	67	25	22	12	72	27	18	81	49	40	11	3	98	64	33	57	79	1	67	72	89	71	35	67	31	
85	97	27	52	12	98	53	84	93	54	62	97	78	56	23	47	91	34	44	94	63	9	63	97	74	32	91	37	84	78	24	14	76	52	19	10	15	20	91	31	98	74	86	61	66	98	36	87	77	78	
100	88	88	5	44	87	77	23	19	20	7	52	32	63	20	81	32	16	96	100	42	52	42	32	17	62	69	63	12	68	85	10	81	76	15	51	42	91	17	9	86	24	59	83	21	54	81	43	50	34	
51	51	55	41	84	64	31	25	97	37	65	91	8	32	96	35	8	91	67	6	57	47	68	61	89	65	37	64	32	38	53	100	58	99	54	46	43	98	51	100	92	69	28	60	47	87	47	15	9	85	
3	77	19	85	85	71	82	53	50	70	52	3	17	30	77	85	30	62	94	51	46	65	28	72	53	77	11	58	33	45	47	6	1	4	83	57	1	20	55	68	46	53	29	14	13	14	51	65	46	39	
71	26	28	24	15	23	14	50	17	66	46	29	31	40	83	36	86	88	29	100	56	95	37	96	60	88	7	20	8	8	34	79	65	20	56	7	92	64	6	86	88	72	76	47	54	89	43	74	24	92	
25	30	68	80	49	80	46	78	59	93	56	95	97	34	25	14	35	73	33	100	43	93	59	73	6	58	90	68	43	73	49	72	90	55	6	37	34	91	1	79	27	54	87	26	8	6	59	81	13	4	
45	1	59	82	68	10	15	96	100	6	17	37	73	20	70	48	17	43	61	14	42	24	63	100	76	10	11	53	30	83	85	11	67	99	9	65	64	59	80	71	23	46	69	21	63	17	60	7	83	37	
19	39	97	84	14	4	80	73	21	80	63	70	91	31	70	93	69	57	2	37	68	71	84	45	72	34	48	32	94	57	16	24	19	54	1	71	22	18	40	55	20	47	36	81	16	28	60	44	33	71	
47	99	47	60	90	76	72	36	10	25	58	51	63	73	92	50	95	35	26	69	79	9	64	64	89	45	91	91	75	78	18	25	69	40	75	77	29	23	82	36	93	44	78	65	3	17	90	20	30	64	
59	61	3	2	78	91	17	81	91	37	84	84	61	37	48	93	10	41	76	86	88	98	96	25	29	6	48	52	82	58	65	88	49	73	1	16	56	44	74	94	38	9	91	16	17	28	70	32	2	44	
84	78	46	35	76	97	29	5	42	39	61	59	65	73	20	62	44	46	64	86	72	80	97	77	32	93	63	18	32	68	97	56	91	27	80	13	50	72	42	19	63	4	39	22	4	26	91	63	87	3	
39	33	80	25	82	37	76	96	96	31	35	52	39	25	19	75	86	50	90	57	77	34	21	34	48	44	64	92	78	84	67	9	85	54	26	1	48	12	25	70	35	91	89	74	63	73	72	77	32	14	
28	45	90	60	60	84	41	26	34	55	89	13	5	3	79	69	95	73	98	51	13	27	16	24	14	63	3	1	35	4	53	25	53	17	80	35	54	69	90	71	11	40	30	12	2	36	69	48	29	92	
80	30	7	40	97	58	35	87	86	84	78	39	56	55	12	46	93	23	14	72	89	81	100	8	1	21	44	75	71	13	29	99	87	53	8	47	58	23	86	53	34	76	53	80	19	28	9	92	20	15	
80	38	52	61	14	62	97	56	1	99	73	41	54	25	58	47	48	51	96	49	10	8	68	6	96	39	89	19	7	5	96	29	27	75	11	19	74	41	11	10	24	3	31	55	21	88	75	70	94	18	
31	69	54	35	100	80	23	42	84	54	26	23	2	8	61	57	21	62	9	27	29	53	46	94	75	33	3	97	68	1	43	78	1	17	78	61	38	81	35	30	92	11	45	75	65	23	24	22	58	1	
54	37	31	30	84	95	2	4	32	49	11	52	28	26	67	27	46	48	89	68	15	56	71	20	98	78	58	71	88	70	14	46	53	29	95	63	39	41	81	50	98	31	23	56	12	20	9	38	30	99	
51	76	30	88	50	62	79	37	97	75	58	68	6	10	59	2	94	52	93	84	51	100	49	19	70	77	93	82	26	88	13	54	19	18	29	10	28	71	41	47	45	86	72	45	69	8	30	89	94	73	
11	87	21	40	90	76	62	1	100	100	39	16	82	96	83	83	44	17	75	29	93	92	10	81	3	95	59	56	36	67	60	77	41	29	70	5	84	56	53	45	96	24	90	66	33	43	30	36	88	20	
31	74	1	46	45	63	53	75	51	72	51	50	48	93	14	2	49	80	53	2	46	50	76	69	38	80	72	53	39	19	60	44	4	93	90	70	48	61	61	7	42	74	57	91	14	26	45	13	78	5	
74	46	86	84	69	13	67	3	10	26	88	51	39	26	76	25	44	17	63	32	95	77	49	83	47	83	4	58	29	83	47	69	86	8	65	41	36	99	77	82	67	97	47	27	89	20	98	60	3	25	
80	60	58	35	8	22	18	55	65	48	47	46	16	14	82	99	18	44	70	35	90	65	70	42	84	18	56	92	89	41	65	26	32	53	86	94	77	14	78	80	34	31	60	51	18	32	14	17	30	39	
98	91	50	1	56	77	61	73	67	23	42	61	86	36	99	47	46	34	33	84	41	66	48	17	14	60	53	69	94	50	26	2	80	3	18	41	67	55	35	16	36	8	17	66	81	64	8	7	39	95	
75	60	29	62	36	96	36	51	93	19	88	75	79	34	9	69	78	38	55	69	58	50	55	55	48	52	21	7	26	20	99	84	20	71	72	56	23	32	37	14	80	32	22	59	8	60	8	52	33	47	
78	52	80	51	2	88	35	68	36	49	72	2	93	72	7	45	7	74	30	65	11	54	27	5	80	56	76	37	37	80	7	24	3	74	43	74	37	44	52	14	13	65	5	97	20	92	95	16	82	82	
74	14	33	91	15	90	3	11	91	45	85	45	44	24	5	47	86	50	2	73	42	42	97	20	31	72	12	43	63	15	48	84	65	73	64	57	99	89	91	57	7	90	78	1	8	9	66	18	43	88	
24	41	16	54	93	66	3	23	34	87	10	78	67	25	11	13	44	100	1	56	99	16	24	6	70	68	84	38	77	77	44	70	10	27	60	6	60	45	17	73	84	51	56	41	9	88	14	81	99	81	
15	97	44	100	86	55	51	29	76	73	34	52	12	58	51	25	26	3	17	88	15	70	92	24	41	42	50	93	69	2	36	74	5	68	98	10	84	22	43	32	10	78	45	7	69	90	23	40	39	3	
40	14	86	89	23	63	26	21	75	3	71	75	46	71	5	78	91	34	51	22	1	89	32	18	23	50	29	78	80	96	93	16	65	34	61	32	71	85	91	18	76	18	8	79	2	73	20	87	11	52	
70	93	13	75	7	61	88	24	3	14	63	27	52	3	83	45	20	28	67	73	38	76	54	76	62	66	59	98	24	8	5	31	64	4	99	30	21	73	71	14	97	63	95	83	53	76	44	34	84	30	
71	74	87	38	17	56	11	68	57	79	62	2	76	27	7	46	12	57	81	26	9	42	12	71	80	27	99	98	55	77	25	21	80	98	81	52	80	75	31	90	17	60	51	85	85	87	14	41	38	26	
14	90	46	70	44	57	7	38	67	87	83	41	54	8	20	22	81	64	69	90	90	17	44	1	75	24	53	46	46	33	97	66	67	40	34	98	86	17	46	6	2	9	51	79	32	27	51	82	69	22	
13	96	52	7	25	75	91	36	57	27	12	96	39	76	7	48	35	67	24	26	51	37	22	82	40	34	64	37	66	83	48	78	53	26	77	99	29	72	26	92	31	43	63	29	50	14	22	92	17	56	
41	32	59	52	11	77	89	40	99	28	92	92	41	83	36	56	21	4	10	91	76	11	69	97	97	59	47	4	20	50	55	83	15	62	89	84	28	16	94	17	33	13	88	40	92	91	17	97	34	12	
4	51	7	66	21	79	57	37	79	36	29	100	35	4	19	19	42	81	100	73	11	77	7	32	44	21	63	56	58	1	61	91	29	79	59	83	96	70	32	43	31	60	99	23	46	17	21	82	4	5	
23	71	52	19	6	54	85	96	38	36	31	59	44	81	86	21	37	35	61	38	54	83	17	94	97	2	90	55	85	8	42	33	66	88	86	32	62	72	69	87	23	88	13	100	19	3	59	34	20	52	
39	43	3	88	86	18	14	20	73	95	70	28	8	53	67	53	43	94	52	7	84	83	40	73	92	94	18	53	16	91	57	12	12	31	4	17	20	76	59	64	11	48	30	54	34	71	35	44	8	71	
97	6	55	33	35	51	60	48	68	3	6	78	65	45	20	39	25	57	32	76	61	21	26	68	15	69	36	5	47	92	25	20	64	42	37	55	73	86	21	9	90	2	61	95	34	33	61	93	82	18	
70	92	72	78	50	45	70	36	14	87	54	82	95	85	66	16	17	27	39	41	83	64	3	76	97	56	24	10	90	7	35	39	14	59	61	26	21	11	35	94	49	63	74	46	77	1	62	54	18	93	
40	84	64	36	20	26	13	91	62	61	21	84	89	86	76	79	19	58	85	35	45	59	6	94	97	71	89	90	53	10	93	61	100	81	90	92	48	32	88	40	51	23	24	17	96	49	2	16	59	66	
96	26	33	23	32	54	83	95	6	66	89	63	29	3	67	2	94	33	92	48	88	61	58	84	28	88	51	47	69	100	10	45	17	31	23	53	57	32	63	6	60	28	63	21	46	54	7	17	16	2	
50	7	58	25	26	84	20	68	95	25	90	22	26	92	18	37	38	96	95	31	37	45	41	68	15	15	97	14	6	98	5	80	16	17	28	16	65	13	44	16	16	54	7	39	77	5	76	71	94	72	
41	67	76	4	100	65	29	6	66	48	73	20	19	88	80	63	11	33	55	16	3	82	45	31	98	74	57	83	77	96	3	81	74	71	21	27	40	88	34	79	72	82	35	58	21	85	27	6	100	88	
49	87	57	3	61	82	72	10	78	28	14	18	73	96	56	88	84	10	27	93	6	48	65	11	39	89	83	70	36	85	75	9	67	71	23	7	85	56	71	98	73	42	87	78	6	70	30	76	47	99	
83	28	65	51	30	88	54	91	86	80	84	13	96	36	3	67	78	10	85	33	71	49	96	30	7	60	2	30	24	9	62	92	86	27	76	55	83	36	69	44	17	92	41	83	6	25	18	23	55	16	
76	15	80	42	20	97	90	85	52	80	47	73	51	40	74	17	51	51	73	37	92	30	73	22	72	62	32	44	45	41	45	20	15	34	38	17	39	51	60	12	46	2	93	70	8	44	44	10	46	59	
82	41	52	32	56	24	40	95	83	76	87	73	97	6	7	46	18	80	68	100	49	40	68	53	37	15	94	57	46	9	63	24	26	59	99	35	78	93	2	1	50	19	18	22	19	45	100	35	28	1	
41	56	99	10	97	68	37	37	45	84	94	6	47	19	52	69	2	25	57	60	8	80	9	84	80	44	75	99	90	12	6	12	13	31	56	97	7	57	35	79	63	81	55	83	93	41	41	10	52	90	
22	99	6	4	16	95	88	46	87	18	16	14	24	12	60	37	77	18	70	7	54	99	23	56	55	8	37	17	6	87	59	20	5	20	39	24	14	94	26	87	37	43	64	4	88	62	76	91	25	29	
49	82	100	67	68	69	79	42	61	97	93	70	54	5	51	73	46	68	23	32	48	77	62	1	63	72	35	88	78	9	71	24	6	23	65	70	14	29	70	32	95	60	82	89	88	38	9	47	58	39	
52	77	80	77	59	11	91	35	34	79	2	9	96	38	97	47	20	7	46	100	27	16	12	11	85	43	31	13	38	71	5	17	87	12	17	1	81	78	67	36	91	90	4	12	85	42	72	48	20	91	
19	96	7	20	29	82	45	93	77	27	3	11	11	60	2	30	23	14	39	100	58	44	40	37	61	38	35	49	78	94	3	50	58	83	27	58	13	30	41	62	36	75	78	75	94	100	50	43	35	31	
5	60	76	56	51	4	70	11	47	9	58	33	91	25	60	77	60	37	71	40	82	41	41	57	45	8	69	48	68	74	59	22	3	33	79	95	24	35	49	56	31	13	47	89	86	73	91	47	37	48	
59	23	12	81	44	74	93	93	47	90	78	60	71	5	21	81	68	10	96	42	36	98	7	89	79	61	76	64	87	14	46	74	77	17	8	100	19	27	19	55	31	88	81	54	18	52	100	57	92	76	
32	98	88	66	1	6	82	25	29	80	55	49	36	88	70	85	76	80	58	20	28	57	23	84	63	21	17	84	42	1	42	98	34	41	83	88	46	70	78	34	98	21	72	76	10	49	29	20	60	65	
75	58	34	99	19	93	93	41	55	78	5	45	58	3	34	74	22	96	83	28	86	19	17	98	87	70	31	8	89	38	33	65	5	47	57	22	8	7	22	9	91	57	4	6	24	47	98	62	21	22	
64	65	20	84	5	37	16	58	19	3	32	82	3	53	100	95	25	7	79	96	84	32	51	100	16	94	67	13	24	37	22	99	44	6	88	12	62	78	47	17	52	61	85	25	9	66	36	14	74	72	
11	7	96	33	35	36	70	6	63	10	44	92	82	64	89	13	95	63	70	75	41	77	66	1	19	62	25	7	7	13	50	75	83	61	58	47	10	44	58	28	31	72	22	87	83	53	73	89	41	72	
97	97	24	19	55	27	52	17	55	39	29	5	2	13	67	57	53	26	16	57	27	35	35	61	55	43	25	6	75	76	20	52	91	27	96	77	71	35	47	41	39	94	36	6	92	22	30	71	45	33	
62	58	82	93	87	67	74	48	27	62	85	53	23	92	84	59	26	34	21	9	10	10	48	64	84	30	87	77	36	55	84	47	28	84	86	54	41	3	39	51	32	62	99	42	36	56	91	6	55	27	
75	21	96	28	85	8	51	96	61	92	41	38	99	60	63	19	61	62	98	12	48	68	99	52	21	100	39	87	9	91	91	43	56	35	2	24	87	46	30	23	99	20	1	25	5	79	87	3	85	48	
5	62	27	78	11	75	63	26	8	4	18	52	17	21	48	2	73	55	25	66	41	32	91	55	63	98	98	25	91	26	94	33	53	48	39	23	70	77	45	55	15	1	81	43	81	52	90	61	97	3	
100	16	18	44	36	26	73	16	58	31	36	28	85	27	79	90	77	10	96	8	95	64	28	50	45	31	5	77	82	42	10	79	49	11	21	84	41	5	69	12	48	48	53	3	8	28	64	37	68	10	
34	16	49	68	7	100	37	95	80	91	79	64	90	19	38	29	25	76	19	1	87	99	11	37	43	96	74	25	36	63	72	59	45	53	48	21	11	75	69	31	68	39	96	34	63	84	69	11	30	48	
94	62	56	65	76	75	77	1	50	95	68	69	80	55	13	71	46	15	92	76	36	48	1	18	4	48	100	65	76	65	52	29	94	76	1	75	54	54	99	68	63	4	78	82	18	62	41	25	100	84	
98	82	14	68	81	75	33	93	15	78	25	60	32	48	59	70	45	69	38	78	20	95	96	7	29	57	44	7	53	70	77	97	73	47	64	29	79	12	71	43	69	64	16	30	27	37	33	9	2	66	
5	66	23	33	90	47	30	74	48	80	92	65	52	66	56	2	27	81	40	80	62	61	70	92	80	74	17	30	71	98	84	59	13	52	61	85	45	60	34	41	54	39	24	67	8	40	80	55	31	90	
77	82	10	1	69	58	83	54	2	60	32	81	98	20	5	83	57	3	17	66	42	91	19	1	31	37	33	7	74	89	83	35	72	72	76	4	62	85	23	97	100	64	87	42	45	96	5	19	5	94	
21	77	97	84	32	50	21	38	27	94	65	66	73	10	79	56	77	2	92	20	29	93	52	81	13	1	24	11	20	36	69	15	30	95	89	8	14	34	17	34	96	68	70	22	77	20	23	94	92	14	
46	40	66	97	19	50	93	19	26	66	42	24	82	74	74	7	54	76	21	65	65	88	52	35	6	73	51	89	98	93	54	50	58	44	30	27	81	10	21	98	39	37	44	85	50	32	42	94	72	28	
39	18	31	69	17	39	84	7	34	51	68	15	54	7	5	63	50	66	39	7	96	76	48	79	80	38	47	100	79	21	69	31	91	33	2	45	21	64	8	92	50	56	69	72	44	73	10	51	87	61	
14	82	28	31	30	22	91	14	19	41	89	48	16	77	28	14	83	85	100	32	81	72	2	67	6	29	31	24	43	89	37	22	49	82	32	81	59	72	98	58	81	70	35	18	30	86	38	28	2	61	
100	5	99	67	79	62	54	1	81	25	18	85	26	26	5	55	31	82	4	13	4	30	18	54	35	67	72	6	38	8	6	45	72	85	54	73	53	33	60	54	16	32	94	73	16	9	64	49	58	29	
30	6	98	4	87	11	66	19	49	8	80	49	62	14	78	11	32	64	76	85	39	9	18	86	76	16	98	76	29	14	51	57	97	85	50	68	14	9	65	87	14	91	50	12	57	42	86	62	17	89	
85	39	79	35	27	21	14	1	100	94	22	3	58	39	60	65	12	23	96	71	23	73	64	83	64	20	100	7	72	56	86	74	100	28	36	54	38	58	3	41	79	93	88	68	34	88	68	36	20	85	
100	69	91	67	43	35	72	63	20	90	20	51	12	24	22	99	37	39	6	8	84	78	28	70	89	65	42	55	69	62	93	85	63	26	79	51	38	27	58	91	64	69	21	42	63	16	36	16	80	16	
45	71	43	79	71	82	10	51	52	32	3	88	32	66	93	20	51	93	84	64	37	22	3	29	75	65	4	8	10	54	32	61	24	35	11	38	64	54	54	84	43	48	6	32	20	87	68	76	34	51	
59	78	58	35	24	53	90	94	93	31	95	3	32	2	71	78	65	75	98	73	46	23	1	71	11	90	26	19	36	75	8	74	87	28	2	75	39	26	81	42	85	96	24	68	88	19	72	67	26	38	
96	90	30	30	20	11	43	35	98	48	16	46	13	97	39	100	83	51	76	36	70	63	29	87	13	66	80	43	71	58	62	100	13	22	73	68	3	13	25	16	69	76	96	71	46	46	28	6	49	36	
85	71	88	46	70	67	61	30	55	57	69	97	86	62	38	46	58	1	58	63	76	58	55	17	36	85	64	35	16	83	79	65	39	22	75	23	49	75	50	7	33	95	26	16	55	49	92	8	93	95	
3	88	7	64	53	98	66	72	80	68	8	97	86	39	26	79	76	64	1	26	44	56	5	43	58	39	72	16	28	14	2	18	64	50	28	12	46	62	85	68	64	38	54	40	14	24	60	38	46	77	
56	13	91	53	29	38	41	79	86	42	35	37	33	39	74	54	41	57	96	66	63	63	45	27	50	29	44	48	70	92	47	10	42	3	21	85	37	71	8	37	91	34	30	13	51	28	74	41	46	32	
50	81	42	96	10	4	39	10	85	3	9	38	48	50	80	42	48	56	29	80	49	2	26	24	68	41	44	58	12	93	36	44	37	91	30	59	4	31	7	53	81	47	48	74	27	22	86	52	66	83	
76	59	12	55	75	73	33	85	19	3	45	30	2	78	71	94	11	94	29	55	85	57	10	1	81	99	71	92	73	30	54	95	18	52	3	64	68	66	43	73	4	38	37	12	28	97	45	4	35	95	
44	15	52	45	80	50	20	15	71	64	48	52	75	38	69	52	87	86	80	16	50	98	46	39	61	37	93	38	39	48	23	10	68	39	29	70	34	42	99	25	30	80	14	69	71	70	9	8	86	68	
31	62	36	15	14	87	97	42	75	16	11	66	68	35	77	41	86	8	48	92	69	33	55	22	69	8	71	65	91	18	78	45	87	71	19	44	97	59	33	5	42	22	7	13	33	20	3	28	35	63	
28	76	6	44	65	13	7	75	85	10	37	32	2	43	59	34	48	71	2	39	63	42	62	24	52	58	49	66	39	93	35	66	16	35	3	66	83	11	15	51	4	5	40	51	53	74	4	70	5	43	
59	9	92	6	96	65	55	85	21	25	33	20	90	75	86	76	74	8	41	17	79	92	5	66	63	28	84	42	22	25	5	72	18	54	31	91	100	68	9	91	20	100	93	80	49	73	44	67	54	81	
81	69	77	34	45	22	40	69	5	39	61	72	95	36	49	61	99	32	26	29	87	86	91	48	83	37	6	70	28	42	98	96	50	44	84	86	67	16	75	29	85	46	13	7	57	74	41	16	23	99	
22	23	48	96	48	75	26	39	3	4	12	98	81	68	3	59	70	37	94	6	41	16	51	32	15	58	4	92	5	11	37	3	31	99	33	61	74	40	2	27	23	37	99	97	99	11	4	69	1	49	
32	62	82	89	88	57	51	75	82	57	71	35	84	95	89	86	63	34	25	53	50	29	97	60	28	65	67	43	26	69	36	64	71	71	14	60	36	69	48	36	70	3	91	82	15	64	31	86	45	81	
25	76	65	63	1	90	68	91	22	81	46	92	32	98	85	31	22	91	97	4	80	48	79	26	36	45	88	38	85	81	69	86	70	21	2	35	57	69	24	29	20	46	53	12	41	46	27	57	60	96	
28	90	66	41	56	87	97	20	67	85	75	27	5	43	24	55	71	42	30	68	31	98	39	58	40	39	8	76	36	76	55	40	44	42	70	72	76	12	87	4	28	10	20	57	8	62	24	92	43	67	
33	82	58	78	74	42	11	26	75	36	33	29	2	42	19	63	2	28	51	88	38	97	52	59	35	81	15	67	75	2	45	86	22	35	7	17	44	22	76	62	80	49	21	73	67	68	85	48	15	18	
23	69	2	98	28	16	28	86	47	96	55	4	62	61	100	75	12	23	86	23	53	75	54	15	87	77	88	41	29	79	10	80	69	73	52	9	54	6	7	34	5	100	9	68	36	44	14	79	41	72	
58	74	69	35	27	10	100	26	71	31	99	27	33	80	97	79	82	35	34	90	70	67	77	45	55	18	69	76	58	49	94	1	39	4	57	47	20	87	13	16	93	62	100	54	74	6	48	34	4	80	
81	70	13	99	30	11	81	28	19	87	70	15	3	12	27	43	59	59	53	75	60	60	2	9	94	8	69	78	98	47	54	50	16	88	29	23	15	93	43	23	2	97	34	32	35	72	42	25	25	55	
38	81	58	85	15	99	1	29	99	39	52	90	84	54	68	22	2	9	68	98	70	80	93	14	78	82	88	12	22	82	12	60	86	87	9	29	21	10	99	44	91	59	52	2	69	2	72	92	16	3	
4	49	60	30	23	35	77	74	93	25	27	51	85	37	100	52	96	48	78	71	24	71	17	35	70	84	5	5	73	55	46	27	23	82	82	51	83	47	50	43	15	70	38	69	17	89	79	13	85	10	
15	64	71	14	94	91	11	1	6	75	23	9	64	80	9	46	74	76	19	24	62	52	51	70	54	74	89	56	20	81	24	97	31	21	89	70	84	78	14	84	7	28	81	89	40	38	26	7	46	89	
38	33	23	89	30	11	95	7	90	21	12	44	46	5	95	27	90	23	96	71	50	24	65	80	14	70	35	53	22	43	78	25	2	25	90	68	15	44	4	9	16	1	40	70	65	45	46	18	39	44	
83	75	24	81	55	47	99	68	8	53	29	46	18	71	33	45	62	31	2	84	40	24	72	57	87	99	79	41	96	81	61	98	42	18	72	77	74	49	18	34	12	44	60	23	88	64	9	23	86	48	
19	9	86	96	68	85	27	50	68	32	24	55	41	34	19	59	63	95	38	6	63	61	97	7	13	95	78	95	67	81	53	11	26	62	43	73	26	23	32	19	94	70	81	31	17	93	1	78	1	88	
84	42	31	81	5	2	65	95	48	5	2	27	100	43	18	51	33	2	72	46	70	76	4	23	88	51	89	5	24	87	20	69	69	79	30	64	78	62	81	73	30	87	66	62	9	91	22	46	99	32	
43	69	2	71	27	71	36	9	12	88	67	21	88	15	72	43	74	20	49	100	4	92	25	86	68	73	8	30	97	82	3	15	82	47	86	27	73	8	87	50	1	50	55	43	8	69	89	62	86	96	
49	4	62	28	4	97	77	38	69	60	34	58	29	4	39	71	74	47	37	44	72	71	27	87	59	43	11	37	40	63	94	80	4	37	67	72	11	68	19	21	10	10	61	38	80	53	74	76	15	8	
97	1	93	21	21	84	94	35	65	89	62	76	38	100	33	42	12	30	56	99	76	79	94	33	34	49	79	17	53	30	52	65	11	17	24	99	69	17	21	62	70	59	15	34	62	21	53	36	73	20	
24	40	91	56	31	10	43	82	71	55	51	46	24	48	23	43	7	56	16	49	46	94	57	47	77	70	20	47	76	14	8	76	66	93	63	85	73	49	14	92	19	25	51	72	65	66	59	43	55	97	
67	33	21	25	91	13	49	17	74	22	8	46	61	44	6	13	48	88	21	82	2	100	9	87	42	96	4	2	26	97	51	76	81	11	43	78	70	85	49	13	93	30	51	80	56	85	38	5	62	77	
19	70	95	87	45	4	22	46	65	17	16	98	50	98	78	14	55	2	25	53	18	95	52	93	2	39	100	76	25	25	76	52	56	1	18	3	53	40	98	89	70	49	3	54	75	22	33	62	43	71	
18	72	17	4	38	70	54	25	84	5	2	84	22	2	69	87	23	57	78	59	83	30	32	11	43	86	21	58	82	63	40	88	48	60	25	79	43	63	95	14	81	76	73	39	87	8	37	70	99	28	
86	29	98	13	63	95	76	29	52	65	15	17	26	80	41	100	45	63	66	11	8	61	47	7	14	5	18	35	86	14	66	52	63	17	72	23	69	65	25	32	3	57	85	10	22	3	61	39	96	1	
16	91	72	95	21	28	69	42	18	41	87	14	78	36	15	94	43	81	50	67	94	60	81	97	97	18	99	38	2	87	22	38	10	22	60	23	23	85	53	68	49	71	58	89	20	46	70	31	56	51	
3	21	72	90	59	2	17	7	69	93	91	20	84	22	70	59	42	29	60	39	53	47	31	61	59	85	12	15	75	2	62	32	21	23	30	14	85	38	70	32	93	2	89	77	63	1	29	97	82	73	
18	62	25	98	40	34	97	76	5	38	96	80	23	65	89	46	21	37	75	24	36	35	75	27	88	60	64	25	25	72	41	91	67	43	94	90	13	3	26	60	83	76	22	42	7	28	92	40	82	79	
14	31	54	49	65	55	15	36	8	47	7	57	72	96	60	83	58	44	41	71	42	64	64	52	61	66	91	40	5	31	31	75	61	80	21	96	59	1	29	38	39	21	28	63	27	78	32	99	84	34	
76	28	90	40	99	55	41	30	57	58	3	23	72	71	41	44	91	86	97	5	21	59	21	100	52	44	51	3	3	20	10	83	25	54	56	67	69	37	10	17	97	78	55	95	89	30	53	49	78	20	
66	35	14	59	36	42	50	90	86	13	73	90	41	67	57	20	75	52	91	15	39	7	12	35	22	2	49	29	65	72	50	85	96	85	68	62	90	5	100	30	67	29	27	67	58	13	93	82	25	25	
14	68	15	86	9	3	66	79	3	56	14	40	37	60	63	75	70	54	7	49	87	33	27	46	31	24	8	100	18	89	32	46	18	41	49	39	2	97	39	32	85	18	10	32	25	11	91	52	45	88	
31	35	7	8	92	36	35	47	9	59	69	77	64	1	18	43	70	52	15	67	92	50	11	30	30	82	56	95	47	90	48	79	28	26	62	1	84	49	73	36	50	72	46	71	36	100	61	46	29	15	
79	7	70	92	79	27	23	70	32	56	41	89	67	6	83	87	60	98	22	10	58	5	92	72	3	86	8	83	27	86	97	17	31	46	12	100	72	54	10	31	13	29	34	76	24	14	1	82	19	24	
19	21	90	83	62	45	53	25	87	15	28	65	63	51	20	54	55	87	54	72	80	52	17	36	27	4	72	9	9	81	66	44	81	61	49	13	62	27	69	82	23	87	11	47	40	10	98	39	29	47	
72	55	93	70	16	90	70	52	98	63	54	52	32	60	14	85	99	50	61	6	77	38	11	18	52	61	59	89	28	50	60	47	56	92	79	74	46	93	56	29	23	13	100	65	59	15	16	25	87	65	
100	22	66	63	94	51	63	100	72	83	79	73	71	32	21	85	38	4	95	34	23	65	98	58	37	94	95	91	80	90	42	44	89	67	79	17	59	59	89	21	50	92	30	34	78	25	61	52	43	52	
13	92	58	22	8	63	70	11	98	7	98	63	77	84	9	84	19	50	36	39	5	44	86	15	66	98	92	23	54	22	33	64	6	37	88	85	73	54	28	93	31	23	52	8	86	99	13	67	46	100	
4	16	21	55	93	53	80	69	22	1	64	41	21	33	37	26	90	66	42	25	59	16	67	38	24	61	48	15	21	61	77	92	86	40	80	3	4	8	74	91	71	12	33	68	88	6	29	5	84	5	
1	32	29	58	85	89	89	38	22	74	26	66	89	45	48	89	57	1	72	86	55	44	36	81	90	75	87	83	61	10	34	69	64	94	29	100	75	53	18	30	53	29	90	30	16	62	6	68	60	26	
72	91	42	51	10	15	43	50	40	12	70	66	54	48	81	96	67	24	30	46	76	4	67	52	46	54	48	38	16	6	29	20	96	32	58	71	83	94	85	93	40	96	52	86	97	63	35	86	72	12	
55	22	25	5	73	23	97	90	34	56	84	61	37	88	59	16	36	4	38	75	93	20	50	88	60	73	67	58	41	76	93	49	62	75	22	54	63	41	15	41	82	89	59	17	93	99	97	56	16	88	
56	94	24	60	4	92	5	20	10	6	46	44	1	22	68	38	19	47	11	17	45	65	56	97	34	85	34	87	63	62	45	1	9	60	20	56	4	64	55	6	19	5	32	30	84	18	1	83	62	60	
76	76	100	67	80	32	50	100	32	49	32	49	81	59	69	60	4	66	26	13	37	3	30	80	10	37	55	28	96	21	96	43	97	57	65	6	32	33	93	27	93	47	2	32	86	18	1	60	84	60	
14	98	35	69	27	84	28	36	43	41	95	3	57	23	98	14	95	92	52	29	92	55	54	7	87	27	32	73	65	99	48	25	81	29	92	52	37	95	65	57	99	51	48	16	78	3	85	14	13	87	
36	37	23	2	85	18	23	53	98	56	17	93	70	59	15	70	7	90	36	16	32	100	95	51	14	91	89	64	46	39	16	4	37	64	8	10	90	35	68	30	72	41	9	38	4	77	68	33	38	8	
40	81	75	23	23	38	59	93	13	62	54	84	68	9	68	6	13	49	5	74	97	79	47	40	86	2	89	6	68	86	1	22	14	46	70	52	94	8	56	29	70	32	62	60	5	17	96	47	50	15	
99	18	8	24	27	3	91	33	45	87	11	44	68	37	68	97	28	76	40	61	87	44	74	83	7	89	34	96	51	62	76	31	73	14	18	88	22	20	61	53	76	77	61	77	72	46	57	44	93	48	
15	96	41	24	34	1	11	10	31	66	17	13	93	47	62	70	66	98	50	21	28	63	69	44	57	5	1	31	80	26	39	86	91	17	16	91	56	50	76	74	43	98	36	53	48	38	33	62	9	82	
38	73	21	39	93	74	5	100	2	64	82	6	76	69	61	25	16	8	40	69	87	47	87	15	11	23	36	7	87	26	25	69	20	84	61	33	99	64	81	86	79	6	55	75	45	44	38	27	55	77	
82	74	13	10	49	91	98	52	94	84	56	67	13	90	36	99	69	76	23	26	35	36	96	6	34	50	21	19	58	28	53	38	73	58	5	56	88	51	15	60	6	23	6	49	93	78	38	4	56	72	
82	86	82	79	72	3	2	77	10	68	73	38	38	72	100	91	97	93	32	73	35	56	100	7	35	3	3	65	81	24	33	6	78	85	12	91	85	24	83	24	53	29	58	66	47	96	44	19	7	44	
78	87	91	36	52	45	76	23	3	89	32	21	3	36	92	75	83	3	72	88	50	89	23	3	8	22	24	70	81	63	34	45	96	71	72	88	80	72	92	69	72	85	63	98	67	97	93	26	24	96	
26	99	21	97	25	55	38	21	20	89	85	23	60	45	25	59	26	86	50	50	80	63	12	93	56	97	19	3	27	21	33	3	97	53	58	96	97	14	84	76	96	91	23	74	52	10	73	33	59	95	
71	67	70	90	43	53	98	98	49	41	28	54	80	8	97	34	69	63	11	76	1	4	19	49	58	69	56	18	20	30	33	69	100	39	25	3	6	6	86	21	44	78	10	37	6	46	92	15	6	3	
71	96	65	22	64	79	48	37	5	61	17	36	70	50	37	7	40	15	61	96	24	23	83	55	70	95	19	6	6	57	69	44	14	98	72	49	14	33	47	81	12	46	82	88	48	70	28	40	43	6	
90	68	25	5	44	91	88	65	100	27	23	13	1	44	9	66	40	6	61	3	3	85	73	93	7	77	5	50	64	31	96	18	96	69	8	1	98	81	28	1	100	98	83	23	92	85	59	51	4	15	
3	22	61	7	68	37	53	45	34	100	83	2	92	58	99	46	1	87	11	97	35	69	39	63	85	16	75	77	99	67	23	100	47	59	61	82	60	27	50	84	88	19	66	1	59	97	43	48	40	80	
45	86	37	50	10	15	84	10	31	56	97	92	74	86	6	23	36	20	92	26	99	38	77	94	41	3	54	70	91	28	67	32	59	74	48	38	72	99	95	14	84	84	54	67	54	1	4	64	17	11	
94	9	74	5	68	3	80	9	72	77	24	37	34	37	5	62	59	43	60	13	90	23	5	51	4	99	83	72	71	70	30	19	76	70	15	30	89	11	2	45	37	81	48	31	100	27	31	28	50	88	
73	4	98	23	9	73	14	59	98	30	43	65	95	85	31	11	35	15	21	75	70	66	7	8	85	65	31	73	80	26	79	9	86	73	6	89	58	92	82	80	58	7	68	17	29	26	36	53	17	9	
7	37	93	53	72	50	79	96	2	85	91	88	90	58	41	70	60	85	58	77	41	60	42	35	97	30	42	38	49	28	13	14	46	32	23	13	57	62	95	83	96	13	99	21	7	99	50	100	63	63	
60	23	56	63	51	50	93	48	42	91	13	83	47	86	94	82	61	79	17	65	17	87	2	45	32	9	40	12	98	17	76	65	61	53	25	14	3	87	25	54	30	33	53	80	13	28	67	98	52	13	
43	40	50	71	19	8	15	13	79	90	38	28	17	23	4	15	78	4	39	85	69	70	4	87	76	95	74	98	37	81	85	100	55	37	19	96	52	70	68	70	99	41	94	89	64	56	76	85	79	88	
20	83	10	56	56	54	72	15	64	6	34	20	94	55	9	66	71	30	15	34	7	94	55	86	61	10	49	74	10	63	23	84	25	22	41	13	74	11	14	46	89	10	46	94	62	18	92	3	70	38	
30	47	41	76	88	60	3	53	66	74	83	79	41	75	55	45	62	81	42	12	59	4	23	22	21	70	13	54	25	88	4	90	25	92	78	82	21	12	55	29	64	44	21	87	93	8	33	95	82	36	
38	87	46	20	11	7	60	6	19	57	61	25	77	54	38	91	17	57	57	7	23	4	52	60	90	69	75	93	100	19	15	97	35	44	95	41	68	78	27	46	97	48	86	81	18	2	14	6	56	19	
86	22	82	91	94	87	6	33	14	6	18	64	86	20	4	65	12	26	81	2	41	26	7	71	19	88	74	8	4	38	86	66	78	48	78	60	14	79	28	12	70	86	68	78	27	100	8	10	83	48	
5	97	78	71	57	100	12	43	11	46	70	28	95	72	87	92	28	27	93	81	60	69	36	35	55	12	76	72	8	16	79	96	67	33	75	91	99	35	49	6	17	92	81	54	65	85	49	73	17	65	
70	25	53	91	39	20	99	17	82	9	58	96	53	72	64	30	23	91	32	1	48	100	1	24	11	33	74	32	84	25	3	93	43	31	2	93	37	73	46	48	99	24	9	39	40	91	62	62	74	60	
98	51	58	14	92	21	46	24	94	16	93	96	13	87	65	12	47	14	21	89	57	60	90	68	7	12	59	83	99	52	36	80	85	64	63	100	36	64	76	23	95	17	62	48	45	70	50	66	75	23	
16	27	18	8	25	33	92	58	10	92	83	76	76	19	27	46	78	74	4	36	1	64	39	91	58	57	66	20	66	82	17	14	79	10	31	52	83	47	2	96	79	76	91	62	18	35	3	28	52	17	
85	20	29	22	87	70	32	13	14	65	43	38	49	6	1	27	23	51	51	80	67	21	32	8	72	89	42	76	37	71	67	72	89	2	76	11	92	63	17	21	98	84	67	2	93	47	3	27	37	66	
21	40	14	7	19	74	45	86	91	79	100	58	36	50	45	68	62	82	4	56	30	98	97	8	80	28	17	11	41	28	38	60	98	74	67	1	72	74	97	36	60	68	4	1	7	21	3	9	21	27	
68	12	68	78	60	21	85	62	34	98	4	8	12	97	89	67	43	31	7	22	90	73	6	59	12	41	59	24	35	13	90	78	24	69	15	5	5	56	41	39	100	34	14	10	64	45	12	45	54	97	
22	47	51	81	42	55	28	40	5	57	30	74	15	2	8	43	34	41	23	100	64	80	19	73	23	44	21	69	94	72	9	79	98	92	82	98	38	48	3	91	90	87	1	83	51	10	50	25	73	61	
74	89	31	99	40	94	20	80	29	40	66	51	11	32	98	12	51	11	23	21	34	13	93	41	79	36	61	49	77	84	62	52	88	14	73	96	56	5	23	55	55	28	70	24	59	88	70	78	100	61	
85	43	61	49	25	14	15	29	13	6	11	66	15	18	65	15	81	62	7	38	85	67	85	5	55	74	48	55	43	75	40	38	68	76	72	72	29	61	81	61	85	6	68	92	26	74	78	83	4	77	
77	53	92	82	27	45	77	19	67	17	29	2	50	87	73	68	99	78	83	3	71	31	64	14	60	60	75	53	65	64	48	8	95	35	61	27	8	23	1	20	100	37	22	72	84	1	62	56	18	93	
96	27	96	41	42	35	96	45	24	99	41	51	76	13	37	98	43	94	76	17	99	74	29	53	2	11	62	26	51	68	53	67	10	80	90	92	20	11	76	99	16	69	85	92	11	40	23	80	23	40	
99	5	50	21	27	79	29	60	77	60	17	21	72	77	100	76	6	89	7	25	1	48	78	39	51	85	32	22	18	48	16	84	67	66	44	36	67	7	45	75	90	53	93	18	88	29	74	93	18	39	
21	98	62	99	21	94	61	80	77	86	34	94	73	11	87	84	74	35	13	4	78	23	35	4	71	55	59	52	74	71	19	48	85	90	50	31	37	35	8	79	41	45	28	37	74	70	89	40	46	73	
28	14	37	89	15	67	99	14	90	4	72	16	25	25	32	100	47	3	2	78	54	35	76	2	99	22	36	72	23	19	69	43	68	59	13	70	3	45	85	69	30	68	75	97	69	81	2	67	33	48	
74	52	34	53	95	48	96	21	6	94	57	9	64	79	85	35	81	76	41	94	94	80	73	56	22	48	7	29	43	68	83	77	94	100	51	88	64	64	11	34	64	76	83	96	56	52	26	17	99	33	
45	21	47	98	59	3	86	66	14	81	11	20	67	78	86	80	79	49	12	21	81	85	24	24	10	70	81	74	34	56	8	81	99	84	26	62	74	73	70	14	85	53	70	78	50	15	57	62	63	94	
23	78	89	25	33	5	70	22	82	95	48	79	29	73	57	94	69	2	48	57	13	15	36	62	91	37	93	27	96	33	16	36	37	83	63	34	69	53	13	45	8	3	99	89	70	75	43	11	71	34	
56	70	85	62	4	26	53	30	50	33	76	91	25	36	56	72	77	16	44	64	10	33	18	28	17	66	19	71	54	50	87	65	21	57	90	6	45	65	43	30	75	24	53	50	45	9	38	73	49	3	
2	99	54	82	78	35	26	67	48	54	54	76	28	92	8	86	63	66	35	100	56	50	13	72	63	39	100	19	97	100	44	52	22	84	55	88	61	32	44	27	11	36	79	4	64	99	29	54	73	25	
72	55	95	39	6	24	29	98	87	85	7	58	71	48	14	6	48	51	49	65	87	54	46	40	36	2	22	60	41	84	22	27	73	54	70	88	91	1	53	83	73	74	99	41	85	2	20	19	83	71	
31	16	63	35	71	2	1	91	87	38	47	25	45	83	76	24	99	26	1	5	22	65	94	8	62	30	85	53	17	40	34	49	5	11	79	34	92	77	20	41	1	85	94	54	8	67	39	91	10	21	
63	12	5	27	56	58	44	98	18	63	13	50	94	91	76	11	34	90	92	28	10	75	67	41	75	72	13	18	41	85	35	80	1	74	55	66	37	47	48	5	73	25	50	94	77	99	56	18	25	18	
41	37	60	67	41	39	29	9	91	37	79	38	16	49	33	20	7	96	85	51	38	100	87	54	2	83	17	82	66	73	42	13	90	97	25	42	41	96	39	21	9	91	74	81	3	13	72	58	77	41	
17	96	33	23	41	96	76	88	67	47	35	56	71	43	72	17	36	79	41	20	34	89	66	10	63	49	53	98	29	69	67	43	21	61	11	2	61	21	13	47	1	5	99	86	96	53	6	18	89	6	
73	10	88	23	91	88	8	77	32	65	6	14	60	55	56	74	9	53	20	26	84	62	16	65	1	20	91	68	90	36	53	4	26	51	22	57	51	84	87	2	12	18	3	26	22	46	50	17	20	81	
35	34	97	99	26	42	94	55	30	85	8	23	68	4	48	19	99	54	42	22	1	62	74	97	16	19	1	98	3	23	95	83	68	95	89	86	66	50	38	27	81	80	24	42	42	90	44	79	31	3	
93	86	71	99	7	85	36	82	31	7	84	76	44	43	27	87	31	18	92	4	100	12	5	5	86	71	56	98	79	84	72	17	68	28	38	54	7	99	46	81	25	83	33	12	34	32	66	13	27	52	
79	23	55	24	63	90	27	4	58	13	71	77	23	40	61	63	62	69	79	100	29	56	81	52	59	20	90	14	82	2	15	10	25	25	87	16	6	38	59	47	69	75	2	89	31	38	1	69	25	91	
34	84	60	26	79	52	43	36	95	40	20	12	64	78	47	31	86	79	84	33	79	20	79	72	7	42	86	7	49	89	29	65	93	88	12	87	82	35	36	54	89	50	69	24	76	6	80	63	52	47	
41	32	67	58	50	48	80	45	27	68	100	30	96	40	82	89	50	11	36	68	58	13	71	74	62	48	86	7	82	46	90	88	17	70	84	10	12	93	75	97	34	69	79	64	68	65	38	1	38	45	
69	32	1	9	96	30	80	22	64	60	30	4	15	12	46	59	77	38	67	54	100	86	35	84	46	25	8	91	4	78	32	15	93	22	26	87	79	25	49	7	9	7	24	65	50	68	59	88	72	19	
86	25	24	90	4	14	93	12	100	71	31	13	85	21	2	46	65	42	92	56	37	92	56	53	80	56	24	44	80	20	80	45	12	56	74	73	57	86	46	89	46	60	78	38	46	42	74	28	21	25	
64	9	61	94	71	70	38	9	76	65	31	96	96	20	56	44	31	92	58	56	63	82	71	13	11	26	57	32	68	4	66	34	83	58	82	54	53	91	56	54	50	99	28	36	95	64	2	41	38	91	
16	2	34	83	17	87	5	84	58	22	27	26	42	22	93	67	6	42	34	14	13	26	1	49	82	32	36	8	3	48	94	2	85	34	83	48	50	42	43	65	82	20	77	58	63	92	99	90	85	53	
80	3	8	58	89	59	100	56	61	1	81	21	55	49	63	84	66	96	54	38	15	54	59	10	25	81	12	97	60	67	15	10	89	84	63	86	84	12	83	55	96	4	31	64	37	42	97	12	73	10	
35	37	18	80	14	53	63	86	44	45	96	30	40	60	90	46	16	50	63	31	30	53	47	92	15	34	12	83	74	7	25	37	16	3	59	10	66	85	65	82	81	93	84	98	45	80	47	45	28	88	
9	76	32	51	5	54	69	41	10	60	32	80	77	90	44	1	50	49	30	22	88	89	19	51	56	82	65	70	57	99	79	41	17	48	77	27	43	94	98	43	20	52	49	72	18	44	85	98	14	41	
18	52	71	44	22	79	6	78	77	60	49	91	71	52	86	85	50	32	17	29	74	53	88	28	52	51	67	39	25	62	80	70	36	44	37	95	25	90	83	75	5	3	84	68	26	65	24	65	27	99	
67	91	45	34	18	43	13	8	77	79	69	64	85	60	83	40	91	7	33	48	96	48	18	82	57	41	83	26	47	7	85	33	12	25	26	1	70	44	47	63	35	31	46	74	73	71	57	62	20	57	
22	69	9	63	29	4	95	83	7	81	79	66	90	19	59	91	1	21	66	65	16	64	60	28	3	65	98	5	51	4	97	36	39	19	47	74	99	4	60	36	78	80	52	38	8	16	94	63	28	10	
81	30	28	82	3	65	5	13	19	1	50	42	74	51	98	18	90	25	31	43	43	100	100	74	5	57	99	60	88	28	32	39	52	52	34	17	49	2	43	93	6	39	37	24	87	20	87	36	77	47	
77	9	71	45	95	13	85	96	18	65	92	89	11	30	70	34	33	96	15	64	22	83	34	36	91	77	57	79	63	95	5	64	30	16	3	99	7	52	47	69	15	20	43	61	32	53	88	66	67	70	
51	39	72	62	87	51	83	4	85	75	53	67	29	85	33	5	30	60	99	45	54	27	36	91	60	74	31	34	12	28	25	18	40	78	42	12	56	78	84	84	56	69	54	79	61	9	70	43	76	86	
54	50	77	60	22	22	43	72	16	49	10	90	41	47	98	99	100	15	42	53	55	74	38	39	34	7	72	27	74	24	99	100	78	24	93	99	10	32	77	14	66	25	6	10	92	89	74	82	36	54	
52	51	57	5	82	74	32	78	89	15	20	69	89	90	94	28	91	12	30	15	29	71	29	40	82	36	5	2	49	70	59	15	1	84	44	88	20	78	55	73	99	40	31	24	68	7	47	21	62	7	
11	46	48	30	23	25	77	3	47	71	37	73	99	85	12	6	65	7	69	70	82	22	44	59	74	64	92	67	3	69	11	32	74	73	67	91	37	63	89	38	34	9	85	63	7	53	15	8	65	26	
27	81	63	9	27	16	62	88	50	50	46	34	45	71	37	21	2	68	30	86	74	55	27	54	73	77	53	10	50	19	85	82	78	59	17	68	8	46	52	24	62	98	83	83	82	51	13	93	50	90	
33	80	44	56	30	71	14	15	28	46	62	11	59	92	84	64	34	85	2	71	47	24	83	20	39	83	49	35	10	67	92	99	44	82	71	36	95	52	52	42	42	56	7	91	20	47	95	70	73	97	
85	4	96	68	100	88	60	4	78	27	32	99	93	52	34	79	84	76	18	15	67	87	28	33	46	8	93	16	38	66	65	93	90	46	93	63	31	37	14	15	9	68	77	20	99	19	44	12	69	46	
39	4	70	43	38	76	48	48	100	45	29	54	10	14	7	88	77	42	31	67	88	91	93	41	40	39	39	85	83	73	71	7	47	91	3	67	43	81	92	37	57	54	63	51	80	52	85	8	32	65	
83	42	88	4	84	65	10	40	26	49	34	3	92	7	72	74	45	79	35	48	63	39	77	42	17	88	15	51	29	76	88	17	7	90	42	29	49	100	73	86	55	24	48	98	92	85	93	76	4	64	
29	79	55	60	68	83	55	9	28	7	5	48	20	11	52	4	98	44	58	45	7	14	3	35	46	3	89	67	32	50	22	73	55	76	68	42	31	30	19	74	100	65	33	72	48	86	4	39	25	27	
93	37	89	40	31	25	20	17	59	69	57	72	76	18	69	43	11	66	65	9	38	56	83	25	93	82	38	9	77	16	10	58	40	53	90	53	83	48	33	88	35	97	81	47	72	75	44	87	2	55	
64	27	21	41	100	36	23	4	1	72	22	18	63	19	95	9	74	22	85	73	17	18	8	44	63	5	52	88	73	14	64	69	15	62	60	30	43	100	18	51	94	93	21	95	12	93	63	58	5	92	
46	84	76	58	29	95	7	3	90	60	71	34	30	6	4	74	32	40	76	70	32	27	17	18	89	58	8	65	53	96	38	83	59	77	83	12	3	22	62	26	91	61	72	57	40	6	10	96	94	98	
33	51	74	23	19	19	73	84	19	21	86	55	25	92	97	64	80	37	96	85	23	83	94	25	32	96	43	45	6	39	88	48	16	99	13	19	90	95	55	13	37	48	88	6	14	94	18	70	83	38	
30	36	30	12	73	50	25	63	94	40	64	91	38	47	100	22	77	87	68	71	47	51	71	37	94	62	47	39	64	34	75	76	85	13	67	76	31	96	48	75	56	47	48	14	50	67	29	79	49	85	
38	98	96	66	52	79	46	72	63	54	56	10	11	58	100	46	65	65	6	90	16	47	1	60	19	50	14	94	19	81	72	61	25	55	81	90	31	65	95	25	94	43	1	65	16	48	71	53	1	95	
69	21	65	99	9	13	33	16	3	26	53	90	45	52	5	48	13	20	80	91	99	49	69	87	88	81	85	59	52	39	95	10	22	44	52	50	66	79	41	5	72	77	88	22	27	85	95	6	38	17	
90	51	23	13	12	42	88	53	83	55	54	1	14	80	3	75	53	22	67	69	89	87	58	76	49	40	32	75	61	89	33	6	72	43	42	21	42	41	56	91	46	53	46	23	69	100	80	97	66	37	
14	35	20	9	83	62	32	63	34	27	11	81	7	76	60	66	37	20	73	94	29	18	80	21	57	80	18	94	54	56	8	21	20	66	70	94	50	94	2	59	65	33	99	92	6	80	6	20	98	93	
16	89	27	74	62	79	71	34	62	11	61	62	17	100	1	91	73	42	45	39	98	49	13	77	27	61	3	35	83	8	21	65	76	87	54	8	39	96	30	38	50	26	67	89	50	100	83	79	55	29	
39	82	25	3	26	29	40	52	8	22	83	32	12	98	52	30	93	88	26	97	37	33	75	44	72	76	87	52	1	36	40	8	83	22	61	47	7	51	27	56	62	86	21	98	84	94	41	32	15	93	
13	55	49	48	75	91	10	23	25	86	97	9	46	9	11	69	53	54	19	92	25	90	41	37	31	12	56	93	34	86	71	17	55	97	83	3	33	25	46	99	84	35	20	82	88	38	42	50	19	52	
83	92	16	98	50	48	65	82	59	76	17	63	93	69	82	98	12	6	79	28	79	33	4	33	27	81	73	77	77	5	47	18	77	77	26	50	30	56	100	19	27	60	71	7	1	69	92	89	69	55	
86	7	40	19	43	15	83	69	7	85	98	89	96	82	36	64	27	44	54	63	29	34	6	4	75	42	92	56	53	50	44	37	75	99	94	16	82	19	62	47	88	99	71	69	94	25	54	61	35	2	
27	34	68	39	46	5	99	66	51	79	4	12	84	25	10	66	37	46	21	82	44	58	13	30	46	29	41	81	82	61	15	77	88	99	52	49	8	99	12	54	41	2	54	60	94	86	1	95	99	97	
80	46	18	81	71	68	55	63	5	32	31	48	73	43	8	51	37	80	59	61	76	60	12	3	83	28	38	72	4	2	43	19	100	51	81	38	47	77	11	83	27	17	66	97	62	5	91	49	99	49	
74	5	51	12	94	76	41	3	37	26	20	29	65	26	43	42	36	86	23	100	13	13	16	21	14	69	82	92	74	14	34	76	37	84	89	14	1	27	48	24	70	81	95	43	92	98	90	64	95	23	
76	55	41	92	53	84	57	14	75	60	26	31	59	81	39	91	39	49	30	75	94	80	73	56	20	40	86	76	42	62	79	85	75	38	57	73	89	97	34	75	32	94	51	51	10	87	78	56	45	75	
61	57	40	13	41	62	32	41	40	69	22	85	15	50	89	20	7	21	44	1	46	79	85	2	82	88	45	18	60	51	47	28	54	21	17	16	26	98	14	93	82	47	73	82	39	31	79	49	21	19	
9	91	47	46	17	20	89	19	42	98	1	85	80	18	56	29	27	32	38	51	91	70	70	46	56	4	93	83	3	50	9	60	47	11	53	83	50	11	72	87	99	54	23	6	74	33	95	58	41	59	
45	99	38	75	97	63	56	5	30	98	14	24	66	53	89	60	33	86	55	64	66	98	33	16	55	2	54	39	80	99	1	44	73	7	72	34	89	63	75	39	8	9	59	50	69	22	36	84	20	42	
49	95	36	22	83	13	35	100	41	77	7	58	20	86	5	32	57	2	3	73	37	61	93	88	82	82	78	3	63	84	99	24	92	47	82	93	8	78	10	65	51	64	49	53	81	36	83	16	100	59	
29	83	86	29	60	43	23	51	35	48	11	12	16	97	91	89	35	10	88	42	31	1	96	94	68	17	35	96	5	94	57	12	92	50	86	1	92	25	14	64	67	22	94	71	74	14	96	15	62	35	
21	41	62	54	81	39	5	98	7	20	30	88	26	95	48	93	22	39	79	23	85	6	81	3	95	15	34	15	6	48	60	94	27	11	70	6	10	46	84	56	91	13	71	8	52	68	86	95	99	4	
19	62	61	37	68	85	67	50	15	33	61	37	60	79	47	90	33	78	79	39	14	67	49	33	1	57	25	19	28	4	43	60	17	10	62	94	3	76	36	35	93	87	51	57	24	43	41	18	35	32	
81	18	84	21	17	89	51	22	80	61	29	31	97	73	87	73	3	93	42	96	94	79	2	87	7	9	49	5	89	35	70	67	4	61	68	20	98	39	9	83	97	34	77	52	30	9	51	94	94	22	
25	82	8	42	35	30	7	22	65	48	92	85	36	24	31	22	21	83	69	97	20	8	3	4	91	7	26	36	38	59	42	49	74	82	12	38	42	4	76	50	32	19	73	10	43	80	41	30	83	40	
73	25	89	53	68	64	26	100	92	24	84	89	48	18	95	61	10	30	30	84	82	76	46	29	72	57	6	52	7	92	75	38	26	37	78	63	9	35	67	98	55	45	35	46	8	48	76	95	80	34	
64	37	39	7	35	51	51	74	49	97	100	92	2	35	14	2	5	75	87	63	34	33	62	72	44	31	14	37	86	77	67	16	69	16	6	78	57	27	93	8	4	10	82	90	51	6	93	36	49	11	
10	20	77	2	80	80	70	84	53	56	81	13	86	97	26	66	89	49	8	57	1	11	10	26	14	23	91	39	90	9	43	85	30	6	81	64	98	44	83	84	8	58	96	21	25	46	72	18	37	9	
11	10	96	34	14	18	52	3	77	35	2	42	82	99	45	46	64	44	23	42	58	49	57	66	51	36	41	84	6	94	45	71	27	17	23	31	72	99	45	19	42	10	94	7	15	43	98	94	77	29	
83	54	79	37	72	86	48	7	60	86	82	5	55	77	47	72	45	56	45	20	40	39	7	94	5	30	52	98	77	29	100	73	28	61	39	42	21	95	71	94	81	76	12	50	52	94	95	36	46	67	
5	73	76	5	72	31	43	85	59	34	16	55	52	90	26	44	35	2	70	51	89	74	70	31	67	18	68	16	28	31	29	22	31	86	92	36	21	80	84	100	59	8	93	5	80	62	67	88	77	89	
76	85	52	38	67	79	74	88	78	63	36	44	20	80	8	29	18	29	21	12	78	54	35	68	33	39	65	34	60	78	78	18	94	7	93	89	79	100	20	25	6	83	42	28	63	3	30	9	82	55	
23	14	44	77	27	50	6	41	21	12	34	2	63	40	74	2	29	45	85	25	48	87	18	49	2	98	23	53	100	74	5	63	58	86	69	52	32	80	26	24	97	71	41	48	61	48	61	33	58	39	
35	36	59	17	27	60	4	33	85	95	27	10	5	80	42	42	14	12	6	72	53	25	71	46	51	7	12	71	94	39	62	17	47	69	14	50	90	45	69	77	56	96	29	42	96	7	73	11	7	42	
61	30	94	10	56	39	55	69	62	80	10	35	6	40	12	8	29	10	11	56	51	38	61	22	31	33	85	24	32	35	49	78	69	47	98	70	98	14	63	29	65	82	39	14	37	83	89	92	78	7	
39	73	38	87	46	42	66	87	76	84	84	71	9	10	59	4	63	23	75	99	8	81	83	27	8	43	86	33	9	10	96	44	66	3	48	60	79	29	75	47	68	21	73	89	29	77	18	72	29	15	
98	89	41	23	85	100	37	67	64	93	72	1	72	11	33	78	35	58	46	53	7	93	56	42	31	74	19	70	89	11	83	17	10	38	34	51	51	28	45	9	70	80	50	59	55	87	23	59	83	43	
54	88	18	46	28	33	69	25	60	32	75	69	57	26	89	70	80	65	65	75	43	67	80	26	83	27	50	41	67	30	11	45	32	10	73	66	69	54	82	54	4	58	37	86	30	66	45	68	91	68	
20	45	38	15	56	73	83	1	23	30	39	6	70	55	26	96	44	51	59	45	49	88	72	93	92	87	22	90	18	82	1	60	18	82	34	5	43	83	32	26	94	1	60	24	43	29	5	24	12	39	
75	19	29	69	55	37	15	89	3	73	85	25	63	47	67	67	28	65	68	26	82	3	44	89	94	52	46	88	58	75	63	5	86	68	66	50	18	37	41	97	85	21	54	74	50	35	84	23	14	99	
41	92	56	80	9	19	55	81	30	16	93	30	93	67	59	60	88	2	92	94	61	6	28	64	64	70	56	31	95	8	80	88	53	79	46	59	86	5	97	30	77	61	40	72	7	79	55	39	2	7	
80	61	23	98	35	59	91	20	96	43	30	22	10	90	82	4	16	93	26	50	22	45	100	35	48	86	15	34	31	26	100	63	55	42	35	47	56	90	39	91	5	83	31	4	85	38	85	96	98	88	
42	45	77	98	49	15	86	58	36	65	39	18	58	80	62	92	62	12	85	68	49	18	37	63	45	31	78	45	3	99	98	98	2	72	55	87	4	42	46	76	97	45	25	89	33	85	13	19	26	46	
61	28	93	99	67	96	28	20	60	97	61	68	88	33	31	100	92	38	78	20	37	30	34	85	34	90	65	15	94	80	8	86	71	35	74	94	91	97	44	26	95	57	64	76	14	51	15	88	72	2	
17	17	89	11	87	34	2	48	78	26	59	86	46	63	44	79	32	30	26	83	64	44	44	67	3	8	89	63	96	86	24	58	1	67	55	10	9	81	62	67	78	83	32	98	35	94	57	77	35	97	
6	73	67	7	64	43	51	65	99	33	73	29	19	11	41	66	5	23	56	56	44	27	52	69	8	31	31	85	31	70	88	47	89	86	40	88	5	79	61	58	100	73	5	45	78	91	82	76	30	45	
96	25	72	85	74	80	54	48	43	32	31	30	27	99	51	44	79	99	14	45	73	16	16	49	7	48	64	58	1	20	44	73	1	94	63	74	97	24	5	66	43	20	70	53	20	35	90	70	86	91	
33	88	7	81	43	79	52	42	86	95	9	88	78	7	53	10	34	4	59	26	67	53	56	23	6	60	70	1	23	88	72	54	98	30	67	7	49	32	71	22	100	14	49	32	84	45	41	55	93	62	
79	23	17	29	69	3	39	3	10	7	87	26	54	16	43	72	40	67	70	27	54	70	6	52	97	71	36	91	64	55	47	10	61	68	100	65	24	14	18	55	8	27	41	9	59	47	95	90	93	42	
11	37	47	58	48	73	61	85	27	48	25	71	94	89	90	26	35	83	22	96	37	22	64	99	63	69	20	52	78	37	81	31	52	84	55	45	17	69	84	19	71	21	38	5	31	14	35	77	8	57	
21	79	32	30	12	26	51	35	80	78	9	42	36	45	38	45	40	82	50	57	38	83	100	16	24	98	50	79	47	15	78	14	38	83	89	36	16	73	25	40	89	11	2	12	78	12	88	45	23	7	
28	80	32	49	70	42	10	30	36	52	60	49	72	30	47	15	35	23	76	71	25	18	2	75	67	28	7	71	91	63	81	49	77	10	6	56	54	9	33	19	71	80	91	100	88	35	80	73	45	98	
22	15	8	4	86	32	7	51	6	76	4	28	51	23	69	43	32	4	48	28	37	23	32	85	40	5	95	8	26	44	39	98	20	63	57	36	14	86	22	16	41	96	56	21	27	37	22	3	16	60	
66	11	74	40	91	66	89	13	32	83	34	3	82	83	65	37	70	52	66	78	8	35	62	13	46	76	59	85	98	40	96	53	44	73	4	5	17	98	4	90	9	42	8	14	83	44	89	25	68	93	
31	88	55	97	99	23	44	77	57	52	4	30	44	76	38	31	94	94	71	34	33	14	4	21	13	32	99	94	53	76	92	100	6	36	47	68	68	36	89	59	88	9	95	78	63	87	24	1	20	20	
13	3	7	76	67	7	68	98	29	75	52	6	4	16	94	82	67	89	66	78	91	10	77	20	67	13	91	8	98	3	64	37	95	9	40	85	19	37	53	45	21	55	16	93	84	87	8	21	90	78	
73	86	32	69	8	36	67	91	97	25	76	57	18	37	67	35	28	59	51	1	4	93	65	30	5	80	35	59	67	92	87	33	52	14	60	28	19	97	81	96	84	87	96	87	80	51	72	38	50	35	
22	42	16	52	99	20	14	74	79	80	100	71	26	22	50	28	98	27	10	32	45	36	86	9	14	15	58	50	51	55	70	60	64	51	41	21	4	73	68	47	58	99	41	71	69	96	94	8	36	61	
38	60	39	49	73	69	9	66	64	43	38	95	32	98	79	74	90	88	8	64	27	32	34	68	35	48	73	79	96	51	36	74	15	89	87	96	44	8	79	69	23	79	63	48	64	25	38	6	30	31	
84	93	85	30	92	40	31	93	91	72	51	63	30	65	14	14	60	68	34	34	41	52	62	46	52	79	76	32	83	95	86	14	49	89	65	3	33	69	89	40	71	53	35	69	19	81	65	22	74	79	
9	15	34	43	22	69	25	27	63	25	27	41	43	94	67	5	25	79	83	10	77	60	57	76	8	6	78	22	54	88	89	72	69	86	16	76	46	16	98	11	100	21	51	93	42	14	46	21	58	49	
84	21	67	62	87	73	14	24	48	40	28	75	12	17	45	46	68	83	89	89	83	26	46	55	10	56	82	8	41	46	85	68	2	61	43	96	94	51	77	88	42	38	89	35	94	8	3	58	88	100	
12	34	87	42	44	73	26	81	19	99	51	12	64	56	20	90	95	51	10	95	7	78	44	70	98	11	33	68	40	46	97	61	83	33	11	7	18	37	94	75	70	97	20	81	83	96	44	72	21	53	
57	65	93	88	8	43	73	34	70	45	88	3	33	6	81	9	53	44	76	22	76	95	5	3	37	39	65	36	99	68	27	70	57	98	11	23	58	15	92	24	93	15	9	82	59	74	89	21	5	54	
9	17	7	49	56	6	40	99	65	87	31	45	26	7	24	8	17	7	87	95	88	89	35	79	99	2	53	5	99	71	55	15	88	25	92	98	12	86	7	2	69	25	4	69	39	8	69	86	50	73	
62	44	54	29	74	65	89	46	18	43	13	98	87	80	71	65	5	53	17	10	64	14	100	90	7	9	97	57	98	99	32	73	16	74	40	29	34	29	39	61	75	31	39	79	79	79	96	68	92	78	
75	35	84	28	9	86	44	35	35	77	12	90	70	68	55	50	53	67	83	52	44	58	65	15	92	32	4	20	84	79	69	87	50	5	81	64	83	80	43	17	99	30	7	79	51	37	56	87	59	8	
35	42	32	10	51	42	96	13	33	85	41	57	20	46	59	57	19	69	41	4	51	30	42	16	76	63	46	72	62	52	81	5	50	33	63	59	14	61	83	18	30	35	53	78	2	74	80	15	4	15	
34	55	35	47	23	76	6	15	9	78	92	64	1	4	33	86	31	5	57	24	92	80	53	5	91	28	41	41	49	90	88	1	47	92	83	45	12	89	78	85	76	75	31	93	57	35	33	90	60	17	
3	80	70	75	60	10	7	9	35	66	58	86	69	54	98	40	4	2	85	72	71	100	66	97	36	61	47	21	47	58	10	25	95	85	73	14	99	38	37	37	49	24	57	93	90	26	36	86	24	96	
24	82	59	62	81	93	35	42	25	72	14	31	72	26	97	92	63	48	17	56	100	42	22	38	57	91	40	96	44	83	94	9	23	17	8	50	7	22	25	61	3	88	20	77	71	77	93	59	11	70	
54	7	96	69	62	83	22	50	52	69	39	48	82	23	80	10	84	22	10	63	74	93	51	57	98	90	64	3	86	45	95	7	48	10	10	75	45	88	76	28	5	79	68	59	78	23	3	37	44	8	
43	5	19	68	99	59	23	90	41	90	1	7	2	30	30	61	10	32	21	31	3	72	23	83	13	63	90	92	8	11	44	20	37	53	70	65	30	58	17	23	24	90	84	9	25	46	26	32	43	27	
7	43	42	19	76	68	89	68	49	20	16	84	33	41	9	23	5	15	91	12	48	65	70	20	98	12	67	2	59	73	44	60	94	5	90	94	78	45	42	45	6	94	59	47	55	35	58	50	74	1	
81	65	28	14	66	57	30	82	37	84	47	8	28	45	39	51	2	12	91	52	52	32	30	4	76	32	52	41	67	79	95	57	60	52	15	98	34	47	84	84	53	17	3	41	92	11	74	66	93	76	
19	54	32	29	12	43	13	8	59	73	98	70	58	69	45	95	12	70	28	96	88	86	40	65	34	49	18	100	96	88	32	80	13	44	27	1	64	3	24	83	7	24	100	99	23	75	11	7	68	10	
34	77	88	57	31	32	45	89	70	68	77	4	49	4	69	39	16	77	18	80	71	5	21	63	3	53	21	64	91	89	76	24	73	25	49	67	68	60	34	91	94	87	58	54	31	19	30	84	9	50	
24	70	25	62	24	34	20	36	52	76	76	31	76	46	97	39	59	90	98	30	95	64	19	41	48	30	21	86	80	50	51	76	56	71	62	78	32	59	47	64	87	4	14	13	51	34	91	85	26	98	
79	62	19	94	58	28	29	73	23	53	54	35	17	77	5	83	68	20	57	37	63	67	68	91	10	3	32	75	74	91	76	67	75	17	89	41	6	62	53	80	96	59	27	63	19	38	84	7	37	90	
8	41	28	91	5	32	30	59	94	82	95	47	58	74	58	92	86	44	40	69	40	97	59	30	24	86	97	7	27	45	70	32	86	25	88	95	82	76	95	27	57	94	40	10	40	97	8	24	85	18	
23	91	84	19	86	82	10	81	27	98	86	2	75	28	90	14	69	50	49	18	84	43	87	76	24	2	11	18	13	92	57	53	96	81	46	98	12	21	1	52	18	88	36	84	69	99	12	15	81	46	
29	11	34	31	95	22	96	4	79	16	68	10	68	17	86	9	59	33	27	40	55	30	9	19	70	98	78	6	43	7	17	81	16	55	43	6	36	49	40	67	73	76	78	34	80	55	2	59	26	78	
82	24	75	72	75	96	2	53	32	48	66	49	53	73	73	4	61	70	13	4	70	3	43	82	53	56	49	88	37	28	21	35	82	44	11	61	21	87	68	60	73	62	59	75	47	49	32	62	100	14	
72	59	33	87	58	21	13	10	27	13	65	25	86	61	93	62	57	9	88	28	22	30	48	28	99	95	39	53	98	85	29	21	6	11	11	61	10	80	83	69	61	3	44	78	36	62	38	28	54	51	
46	14	39	78	14	60	54	97	54	42	44	82	75	60	52	87	17	29	7	49	100	42	94	11	13	25	56	97	96	82	86	52	1	9	15	19	33	15	90	45	99	88	16	11	21	90	94	38	96	60	
81	18	5	80	64	62	96	20	98	76	6	52	84	1	91	37	66	69	78	87	68	79	63	77	27	84	10	58	58	43	29	86	83	81	50	73	5	60	100	30	90	61	64	57	24	15	85	88	27	46	
27	10	44	15	19	7	63	63	41	4	20	6	27	4	85	32	91	47	44	87	13	36	25	65	24	3	27	37	87	16	56	72	67	56	68	48	22	92	78	62	73	51	96	58	34	75	76	65	95	72	
5	97	6	35	68	53	97	85	60	38	34	40	30	66	94	38	88	48	10	60	100	46	21	17	53	58	28	24	71	79	36	52	9	26	34	36	57	42	54	88	33	12	94	40	44	53	10	7	44	61	
3	52	23	33	58	5	98	91	19	40	1	73	95	34	68	83	34	62	97	98	20	87	5	83	69	63	18	56	26	51	75	11	6	25	14	92	16	9	87	67	51	76	18	46	62	2	94	53	27	52	
64	43	82	45	77	1	92	19	87	2	59	1	13	97	4	48	9	43	83	11	20	23	100	48	95	100	34	79	91	2	14	57	4	46	82	13	98	41	33	81	12	19	36	24	85	96	68	4	15	58	
7	83	42	26	73	39	26	40	15	28	60	67	83	43	36	31	21	32	59	6	90	89	69	36	91	28	14	60	49	93	10	60	92	86	44	64	13	93	25	70	20	51	96	66	1	90	47	72	58	33	
1	25	97	44	57	84	66	58	20	19	82	25	41	24	100	68	62	56	94	19	24	96	68	87	90	91	19	92	93	94	8	35	5	54	19	13	97	95	10	100	15	80	85	28	26	76	52	70	76	45	
23	91	79	28	87	19	29	11	72	58	4	75	47	46	2	74	56	26	26	3	80	78	9	24	58	40	52	96	26	18	15	2	40	47	63	74	15	62	94	72	77	9	76	43	5	64	66	96	38	78	
4	43	42	55	6	11	85	17	79	12	57	30	48	24	18	87	71	47	95	77	63	97	33	82	80	80	73	74	15	53	29	26	12	54	68	34	5	77	32	26	35	5	39	11	95	35	63	77	19	58	
79	60	8	85	24	26	53	17	99	53	15	8	27	94	49	73	40	57	2	34	48	51	19	10	25	57	17	84	12	47	41	23	27	46	96	11	13	7	6	38	87	66	76	49	61	68	36	40	47	4	
87	71	64	86	100	9	22	52	22	49	38	91	94	57	6	11	90	28	50	3	17	77	1	64	54	92	95	99	15	98	83	94	46	52	96	43	19	39	99	68	63	33	44	66	54	78	92	70	49	63	
66	5	36	23	62	92	49	77	23	1	45	90	55	87	59	21	39	46	84	87	80	69	39	66	67	93	16	5	68	74	25	23	74	21	84	12	50	81	8	74	74	54	9	61	73	80	2	96	76	34	
77	93	48	4	94	3	76	60	98	58	24	17	69	89	71	72	50	35	99	51	22	76	8	99	9	56	58	9	48	71	69	59	49	47	43	15	17	29	75	14	36	61	60	30	24	20	36	91	97	33	
6	14	27	6	21	45	66	25	37	51	62	19	63	88	19	90	65	32	41	53	98	72	88	37	82	83	29	50	32	28	54	99	21	66	6	10	37	62	23	17	46	21	8	88	87	2	79	18	68	71	
48	10	14	10	32	11	4	86	20	92	3	46	24	78	56	98	87	64	18	85	42	83	28	72	42	2	54	95	92	75	67	41	61	64	23	71	64	10	49	87	26	32	78	21	78	65	79	84	41	68	
55	13	7	75	34	98	18	63	56	77	88	58	35	39	51	3	60	60	4	62	47	74	74	37	68	43	58	9	14	93	87	50	74	9	22	48	23	31	82	49	71	70	70	16	100	50	35	44	90	49	
89	98	35	74	82	46	65	19	76	9	46	78	89	64	31	2	9	59	62	42	80	14	59	12	10	48	49	49	72	29	14	70	79	50	60	51	69	78	46	68	15	14	16	84	54	91	19	81	13	63	
26	40	49	90	64	53	52	6	29	99	69	27	62	24	54	50	74	12	45	27	70	21	28	28	23	45	37	37	61	2	98	21	96	77	24	83	9	58	8	93	43	54	78	33	1	71	11	34	39	99	
16	64	79	27	38	5	23	82	37	37	12	85	48	92	64	39	33	79	4	8	61	64	50	54	96	70	28	39	71	37	23	96	86	36	98	46	39	50	33	7	98	50	63	13	69	39	26	54	2	37	
40	94	67	25	71	32	64	85	74	18	75	97	5	25	50	68	35	54	95	20	24	21	11	65	35	34	86	26	89	90	51	95	90	25	47	33	80	8	71	55	2	62	82	55	68	46	2	59	79	41	
40	23	26	13	11	93	83	60	44	18	66	50	94	68	12	21	98	99	14	89	49	81	8	90	73	50	6	60	29	88	4	9	78	20	29	62	78	76	95	65	9	81	79	81	42	44	45	18	83	84	
63	75	77	91	21	86	50	26	18	6	16	8	66	76	85	23	77	35	37	80	91	90	68	84	58	65	2	92	11	67	38	98	77	52	77	40	4	94	33	26	12	62	40	48	4	74	5	94	76	89	
61	98	24	38	26	96	38	25	74	56	16	29	68	8	66	98	19	10	50	28	64	97	5	46	75	17	39	48	54	49	86	70	66	50	81	78	11	90	65	24	55	54	48	83	49	28	93	76	17	8	
88	61	5	85	20	13	90	97	75	58	18	53	27	12	13	82	81	42	70	38	92	62	37	83	77	20	25	25	83	42	30	69	78	32	39	40	89	60	51	48	1	78	52	26	76	41	9	66	74	24	
70	15	78	79	7	18	58	47	15	18	16	39	63	55	12	44	68	12	51	19	16	7	86	95	84	36	69	68	7	3	46	86	99	97	93	53	47	7	26	83	4	78	32	100	66	53	16	65	14	52	
54	67	41	86	83	11	10	4	98	95	4	18	14	52	65	62	13	4	35	77	1	62	49	26	27	45	34	76	51	25	22	14	52	13	76	76	27	43	97	4	14	14	44	64	28	9	96	89	21	88	
44	32	85	32	77	36	57	86	9	67	6	20	54	54	8	11	68	43	38	19	82	59	26	6	14	19	71	10	41	58	9	1	44	50	63	54	87	33	32	23	75	92	6	9	94	27	94	52	56	29	
16	85	73	45	99	38	49	90	58	71	68	53	77	79	96	87	3	6	45	93	25	44	64	45	9	15	48	93	86	63	78	53	46	98	48	89	58	70	28	9	39	72	69	58	32	95	61	76	54	76	
90	45	62	27	53	47	4	26	38	10	73	16	65	13	94	30	55	71	86	48	74	34	95	59	50	57	89	64	92	27	52	70	29	68	31	38	64	45	14	94	10	41	47	17	44	79	10	68	13	21	
21	10	57	51	40	39	44	38	71	37	40	24	11	5	43	93	73	35	64	13	95	32	28	47	11	14	37	2	27	12	11	20	62	81	92	72	20	85	100	89	10	7	49	31	30	15	80	3	91	61	
65	50	36	23	79	95	74	92	63	6	60	76	8	3	63	74	40	35	16	33	88	2	42	3	60	86	92	44	60	33	45	51	26	83	57	8	68	48	54	77	33	94	7	89	33	54	39	95	5	6	
41	85	100	66	16	96	7	5	61	54	71	68	51	28	49	66	12	95	21	76	76	33	57	44	50	93	86	11	59	35	39	75	39	5	46	77	86	93	23	79	84	19	75	46	84	5	83	79	89	58	
84	47	74	62	37	12	52	44	38	61	53	76	37	61	90	21	58	29	12	44	33	77	92	27	1	56	77	81	22	28	6	30	24	31	87	8	73	30	59	14	29	44	8	89	42	8	3	27	88	18	