350
50
6993	8035	8997	6618	9567	8503	8873	8114	9434	10266	6561	9329	6606	6584	7188	7220	9784	7517	7873	7918	7592	7803	9347	9655	8187	9059	7610	9037	6759	9997	6373	8557	8426	6694	9899	8313	9186	8995	6227	7046	6981	6264	9214	9846	9192	9720	7137	8084	8000	8063	7475	9009	6979	6732	7114	8690	6704	10107	9831	8346	10137	8157	8602	6733	6932	9600	7363	9101	7674	8537	10030	7981	7108	6711	8291	7098	6939	9160	8914	8773	8034	6559	6815	9420	10228	7852	8302	7684	9636	7071	8676	6165	9090	7503	10122	9240	9004	9696	6667	8171	8678	6369	7760	7358	7920	7778	8766	6963	8197	7112	6625	10103	9356	10101	7997	8887	7284	7614	6969	7212	7036	9245	9024	7893	9558	6426	6481	7689	9138	9746	8792	7857	6925	6418	6214	7840	9896	9291	9260	8198	6232	8416	7531	8851	7648	6853	8824	6183	7923	7151	8273	9971	7755	9043	9400	7698	6510	10055	6385	10179	6256	10010	6311	9530	8758	9081	6862	10100	7673	6520	10257	6542	7982	8224	7406	10067	7126	7117	6906	7330	8895	8176	7941	8451	6593	6644	10191	9052	8582	9722	7051	8450	7816	8246	8034	9491	7494	7117	9953	8715	6481	6609	9992	7042	9407	8423	6965	6550	8220	6373	7878	9176	6241	8873	8694	9582	8939	9995	9538	8306	9330	7605	6532	6622	9275	7922	10256	7187	8061	6184	6304	8593	9813	8036	8565	7618	7820	9427	7758	7586	7576	9918	8964	7605	7620	7999	7926	10092	10233	10162	7442	7006	7766	8512	7822	8882	6411	10004	9080	9315	6472	8413	10156	8547	7111	8833	7934	7284	10091	10171	8063	10209	6266	8228	7199	9861	7664	9002	10026	8824	8291	10085	9872	7792	8355	7561	6534	7162	7644	8848	8631	9290	6245	8296	9886	9507	6619	6579	7811	10250	8012	8117	6989	7406	9789	9807	7637	9902	8511	7688	9951	6741	7411	8147	8231	6178	8696	6609	7330	9882	9395	8630	8734	7775	10193	9118	9081	6306	6634	6622	9770	9497	7044	7464	8590	8658	7540	8338	6927	8939	7488	8658	9651	6923	10156	6389	8104	6986	7735	10143	
14	27	82	27	48	85	45	31	47	89	9	100	16	79	23	78	68	56	43	72	8	21	19	41	49	72	76	62	65	80	97	44	4	4	70	7	36	99	50	61	82	37	30	45	69	45	47	16	100	24	
60	93	31	13	56	98	4	95	4	45	62	85	42	80	62	20	63	63	54	52	56	42	88	28	96	80	72	82	2	4	97	88	3	13	93	52	81	60	91	34	86	76	90	33	25	26	78	64	95	2	
34	33	99	88	20	73	54	69	39	94	1	55	15	66	65	39	29	47	28	27	6	8	1	94	43	23	33	59	24	39	70	84	65	20	59	38	66	49	69	80	93	25	55	61	95	96	13	34	31	96	
74	29	78	98	52	43	20	95	50	33	58	64	64	22	91	81	62	58	46	94	27	81	61	61	71	89	57	27	80	9	49	87	43	20	70	52	60	67	29	27	55	78	17	69	21	79	17	74	80	43	
14	12	35	42	82	22	49	81	9	21	72	29	90	96	3	82	75	80	66	11	87	37	21	1	24	1	57	69	5	44	27	11	54	72	19	34	99	72	85	58	37	58	64	10	20	88	69	22	22	58	
32	22	18	80	17	85	82	18	58	59	74	25	68	10	88	5	28	30	66	11	73	17	13	28	3	18	62	18	1	75	70	24	40	50	52	53	9	90	79	96	80	68	1	42	7	11	65	8	27	5	
43	79	99	31	90	37	5	72	98	29	2	2	13	81	93	44	29	89	55	53	86	20	49	63	22	8	98	15	71	40	6	35	98	55	45	50	5	6	56	42	67	53	23	92	77	97	15	57	97	62	
11	87	54	94	62	67	28	24	39	46	23	25	71	98	8	57	89	99	76	67	13	51	65	12	60	57	20	2	47	43	11	85	27	81	20	33	86	52	72	82	72	59	71	52	52	73	56	42	4	83	
7	69	4	71	47	17	53	40	34	92	54	55	32	10	49	2	2	67	58	43	61	62	86	31	98	73	96	40	34	6	59	80	81	74	25	29	26	67	87	6	44	26	19	52	33	26	18	93	1	40	
86	14	62	33	15	69	19	4	74	83	43	85	17	47	67	58	45	100	71	52	95	52	5	27	47	91	91	64	71	72	2	10	48	94	99	53	36	5	84	25	73	86	88	53	38	15	16	11	2	12	
11	48	52	95	10	83	61	31	93	93	39	35	72	50	93	62	55	71	76	97	74	82	5	33	85	23	75	95	59	37	4	45	32	24	81	85	79	45	8	35	32	20	49	56	59	45	38	47	68	21	
2	31	3	82	98	12	58	47	79	72	15	55	30	31	77	34	49	94	69	29	51	64	11	93	23	83	98	96	73	32	36	30	31	19	17	97	4	11	36	18	94	8	81	96	29	51	48	24	69	23	
68	14	77	85	39	97	79	41	3	18	56	50	15	13	22	98	97	66	91	22	59	65	60	43	39	8	21	42	4	27	98	98	98	44	90	61	35	58	30	34	71	38	19	87	18	72	80	35	56	88	
53	35	73	59	14	91	54	50	94	87	63	68	40	73	13	27	17	62	22	40	85	38	86	99	59	79	17	100	57	21	38	27	98	43	33	8	86	44	74	98	10	26	99	58	42	28	98	34	5	56	
35	46	46	11	9	58	48	15	39	80	49	74	23	14	60	43	100	59	2	72	28	39	98	47	44	99	99	68	75	1	19	13	14	18	13	83	88	85	26	34	71	82	97	38	20	40	90	30	44	100	
83	18	30	76	59	90	91	80	50	28	95	28	48	7	8	38	79	63	52	65	4	27	59	66	88	86	75	62	59	2	43	57	48	6	76	27	64	48	86	81	80	66	44	80	97	11	73	25	35	36	
14	97	62	39	4	80	54	14	63	3	61	59	82	94	7	32	43	21	54	65	36	71	17	68	40	83	95	100	75	40	65	63	68	93	52	62	66	63	72	47	95	45	8	3	55	15	68	73	94	3	
41	35	6	8	37	48	33	31	90	51	85	81	49	83	93	80	97	44	64	42	65	37	12	40	33	35	62	63	34	79	73	33	7	6	16	36	61	45	8	78	50	43	83	86	62	10	48	99	87	82	
73	33	1	60	90	99	90	60	13	21	3	78	6	84	3	76	47	94	54	24	82	47	62	56	57	31	76	35	78	6	86	25	26	41	94	21	36	1	52	84	25	10	69	74	5	42	53	95	36	4	
27	78	2	20	37	71	3	31	57	26	9	69	26	74	15	60	2	51	92	85	13	14	22	89	20	49	61	8	49	65	79	81	36	25	52	46	3	72	24	43	65	28	50	70	9	81	89	74	28	6	
31	59	87	60	36	59	40	61	50	98	54	38	27	27	83	12	47	37	10	44	32	59	58	61	92	9	10	50	56	54	23	70	59	91	9	32	7	58	9	43	30	40	1	20	93	35	14	10	34	71	
27	72	45	12	87	22	11	94	71	37	79	63	81	54	16	14	35	41	84	62	1	6	43	79	96	67	45	86	23	17	94	87	45	44	90	75	99	87	65	53	7	49	81	51	41	95	73	27	38	3	
22	89	86	38	13	71	10	86	9	49	47	60	40	90	74	51	3	58	38	5	93	24	2	43	44	57	89	56	36	91	15	31	85	94	29	2	46	87	90	37	69	83	67	90	19	48	44	83	25	12	
42	3	18	61	10	31	4	10	55	27	41	31	82	42	45	72	91	38	31	14	49	31	69	37	14	85	10	95	7	32	7	25	43	85	48	30	57	74	58	27	16	25	60	37	75	56	80	56	29	65	
42	50	73	29	7	48	59	50	24	28	34	93	7	26	70	32	69	14	37	86	61	16	91	93	96	63	50	91	77	19	92	74	33	9	16	48	42	42	23	16	6	6	17	61	92	82	47	100	55	9	
16	30	23	72	49	100	85	27	84	70	32	73	28	37	43	20	5	51	89	34	68	42	34	54	67	34	34	100	93	23	60	23	30	24	14	80	100	44	95	11	74	15	48	69	78	100	92	22	35	56	
22	29	4	11	18	63	17	11	15	25	22	10	20	81	84	36	61	13	1	46	29	61	37	51	33	96	80	87	85	73	73	32	71	20	87	36	1	84	20	91	25	40	45	49	57	21	55	84	50	36	
56	56	21	86	12	5	8	85	66	96	6	42	56	99	25	90	16	54	59	36	47	78	62	71	67	1	72	93	91	41	23	100	11	50	37	62	57	3	98	2	64	5	27	13	89	29	32	11	36	28	
100	98	93	73	29	79	87	8	51	65	7	28	81	45	60	31	79	26	49	75	37	54	97	66	98	84	50	45	97	42	39	51	67	17	71	83	40	67	2	84	63	16	91	21	82	3	40	27	80	80	
87	53	66	89	83	9	55	66	88	23	80	34	59	38	33	1	15	14	16	74	3	23	60	40	2	44	44	92	36	95	4	90	91	67	35	91	36	39	15	87	19	89	4	25	79	35	6	24	79	74	
84	80	76	94	75	45	66	75	40	20	77	16	51	88	99	53	3	85	65	41	79	85	31	21	45	44	25	11	25	23	38	73	82	5	3	43	25	53	82	43	1	86	37	100	52	67	72	46	33	34	
74	72	31	16	84	48	41	6	69	64	65	99	85	23	53	6	60	93	10	2	19	28	19	75	35	81	72	86	88	83	98	40	63	68	36	47	6	53	83	19	27	18	29	19	37	35	49	81	21	42	
12	40	16	63	40	63	36	22	6	67	50	3	81	45	28	42	43	61	95	67	25	77	64	21	57	12	28	25	30	65	52	66	98	32	82	31	70	15	50	11	86	98	76	46	68	30	57	82	85	54	
22	75	74	63	86	53	19	71	15	9	64	33	17	17	15	57	96	67	72	83	34	64	73	28	8	53	57	13	38	54	75	37	26	14	99	52	47	14	20	54	73	4	25	99	74	24	94	7	8	58	
67	11	87	20	63	72	6	68	52	54	50	100	11	34	17	70	25	6	45	36	97	83	99	29	97	18	76	92	48	88	38	42	34	31	56	50	85	10	54	36	65	51	70	39	74	83	76	82	33	75	
23	75	20	44	9	5	71	80	72	3	76	22	77	9	9	63	32	47	99	84	51	4	15	40	69	65	26	38	52	42	65	100	72	14	90	86	40	54	46	18	7	16	55	43	86	100	88	17	53	33	
99	2	21	19	31	97	15	51	14	65	67	91	19	11	25	62	43	24	50	100	27	1	20	64	48	99	96	8	22	92	99	56	12	33	6	31	48	37	69	43	65	44	12	23	51	25	63	56	47	35	
16	69	31	40	46	61	1	53	8	79	21	76	100	89	98	13	68	91	9	14	89	68	92	72	49	84	75	51	9	58	3	62	36	87	78	82	14	93	41	83	93	7	54	46	26	35	49	41	91	52	
65	22	28	27	88	55	9	70	64	85	36	57	45	11	28	83	98	16	51	26	79	79	95	41	46	68	96	20	90	81	78	69	75	91	33	97	31	18	96	29	45	12	57	70	40	52	31	87	31	67	
76	100	8	46	25	79	80	97	74	99	79	59	52	96	7	94	49	33	81	97	80	63	8	8	34	38	86	19	3	30	20	2	7	34	4	3	65	74	99	78	69	52	6	68	58	92	34	41	13	67	
80	43	6	21	98	35	74	31	16	10	24	47	21	26	54	21	27	84	69	25	100	43	33	87	96	61	60	15	38	81	61	4	54	23	85	8	16	47	29	44	95	89	93	70	93	82	25	34	19	34	
61	89	42	16	67	36	4	59	42	27	11	2	20	31	11	13	2	78	25	86	94	99	21	81	30	38	7	53	20	18	5	17	33	70	38	7	14	62	20	46	10	88	50	31	16	7	42	9	11	37	
43	83	12	45	24	76	75	87	38	61	38	98	91	6	50	25	62	18	66	50	66	68	88	63	61	36	69	70	21	17	35	44	46	58	71	56	67	31	89	57	72	67	71	75	69	91	45	63	44	36	
56	14	97	37	22	17	57	22	95	34	6	59	69	6	69	19	4	36	47	62	51	90	1	72	6	26	11	76	24	44	72	42	66	94	100	29	78	17	60	33	2	89	35	70	77	87	4	65	88	11	
94	53	64	27	26	13	28	5	74	78	61	79	92	3	22	56	96	84	43	31	99	53	99	2	32	99	95	96	1	83	48	37	68	51	48	13	54	71	15	41	96	29	1	33	8	76	93	95	37	6	
22	28	11	5	85	16	1	11	27	100	67	49	51	96	64	66	44	94	2	61	40	42	99	74	60	19	81	5	98	28	11	61	43	82	42	51	57	52	29	82	50	14	68	29	13	95	11	74	16	16	
94	41	74	91	87	73	24	4	32	27	97	4	36	84	52	63	42	91	8	7	90	5	9	4	28	77	92	68	68	13	45	29	60	5	79	48	48	99	48	7	37	65	98	94	64	68	17	48	75	66	
24	53	34	85	21	89	28	36	94	78	28	86	34	83	41	88	16	49	52	41	60	96	31	32	53	98	78	75	26	12	6	54	87	41	1	42	72	40	6	40	68	11	17	60	6	29	83	64	41	8	
51	100	55	93	8	31	60	42	98	28	87	33	13	74	76	96	7	10	19	79	60	9	9	82	94	67	4	23	41	45	3	13	81	92	1	70	18	51	62	79	71	16	28	91	80	82	64	22	56	37	
89	79	44	54	59	32	51	2	90	17	79	82	49	33	61	47	35	52	70	74	47	87	83	90	98	65	98	75	18	98	33	84	80	64	70	75	3	28	12	24	51	70	68	67	19	8	92	9	65	14	
29	68	49	72	47	68	65	39	66	88	3	81	5	29	59	13	9	60	72	64	33	56	88	39	84	30	50	59	58	37	69	83	21	93	46	67	14	29	19	96	93	95	78	2	23	60	65	51	90	88	
44	60	6	85	28	84	16	39	73	81	26	2	95	40	27	94	63	30	64	18	71	23	93	10	97	71	20	83	6	61	97	26	40	64	52	64	14	67	56	1	16	47	46	90	62	13	86	10	70	46	
11	44	48	5	90	85	10	74	12	15	61	72	74	28	27	49	28	8	11	50	7	65	100	6	51	2	58	85	97	64	81	28	3	78	3	32	13	12	61	73	98	89	79	67	23	41	18	15	22	95	
6	97	78	15	44	83	55	53	42	90	16	72	57	14	20	58	5	95	2	21	91	7	60	51	78	81	4	99	70	90	54	71	4	75	87	78	60	81	57	70	45	12	54	38	3	68	73	85	45	84	
4	82	36	91	63	62	50	99	33	23	88	26	80	42	30	52	60	17	56	77	38	96	67	90	83	53	69	84	9	22	35	93	71	3	26	18	54	96	54	60	85	28	19	3	86	81	31	96	29	36	
37	29	62	88	76	9	32	100	53	77	5	99	5	17	68	32	88	55	63	41	20	52	94	13	56	28	91	22	74	78	35	76	1	66	75	16	15	12	88	49	96	95	73	8	8	53	62	57	42	48	
3	1	49	16	49	70	41	33	49	67	46	70	28	19	41	98	6	64	92	88	95	61	83	7	57	7	16	98	32	2	7	19	70	92	12	43	99	77	55	79	43	79	54	46	63	86	49	10	69	33	
91	81	56	84	48	11	33	17	21	53	64	33	94	65	43	44	49	79	51	3	30	52	94	86	25	82	5	35	7	63	58	34	61	86	30	56	67	33	10	22	36	18	51	54	10	62	82	3	74	17	
67	6	41	63	50	79	8	55	27	66	98	95	51	93	26	48	35	5	64	22	32	72	94	95	93	8	59	61	34	27	67	6	71	32	7	53	97	17	70	42	8	16	95	21	8	53	76	65	47	45	
7	57	74	79	49	90	100	76	38	90	24	90	80	42	41	17	94	86	50	17	100	24	36	62	70	32	74	69	74	87	1	84	8	41	42	22	73	9	89	81	41	54	62	78	37	77	15	86	14	57	
60	66	8	83	7	19	88	96	73	8	53	14	86	14	26	5	78	41	61	57	84	82	56	32	41	92	29	12	89	51	22	82	7	10	21	2	24	42	12	57	17	54	15	98	52	19	66	7	56	42	
28	46	17	79	68	84	37	48	21	100	15	17	21	9	8	63	90	66	99	26	98	36	96	5	35	44	6	71	76	29	82	94	7	84	28	10	56	43	8	75	45	46	5	74	57	9	9	100	85	60	
50	2	97	31	85	71	55	6	14	32	51	84	95	31	55	85	67	53	94	19	95	15	6	5	26	5	22	80	93	63	94	74	5	43	57	15	42	78	90	93	96	53	31	6	68	49	45	61	87	23	
53	1	23	27	76	86	6	78	54	48	71	56	30	95	98	60	21	39	7	66	24	61	35	72	2	61	4	12	74	29	54	77	97	52	97	82	2	48	29	54	36	64	90	48	22	16	72	3	27	30	
3	87	10	22	68	18	93	37	42	44	57	4	38	9	88	13	7	64	97	2	36	79	96	8	30	71	21	28	77	61	8	92	36	9	75	38	91	10	80	52	52	35	31	5	19	53	81	99	27	74	
46	10	29	92	7	83	1	22	99	27	71	62	92	5	96	14	13	21	58	53	86	48	37	40	52	53	83	82	28	6	10	25	5	87	64	18	89	21	50	62	48	7	20	74	3	26	53	96	90	36	
81	45	75	96	33	75	97	68	26	7	74	3	96	45	99	98	57	73	5	80	52	16	79	66	98	3	61	88	63	67	42	1	28	68	60	91	10	23	63	74	50	79	62	37	4	76	25	61	82	61	
64	46	19	73	25	3	86	94	79	2	62	49	74	81	29	98	98	57	69	29	67	95	66	88	29	30	39	72	48	43	70	77	22	27	94	85	38	18	75	32	69	54	70	81	62	99	66	97	92	42	
44	5	48	57	92	64	8	84	88	5	5	66	9	1	78	64	53	70	91	12	60	40	34	6	91	14	55	23	85	17	88	24	3	23	63	89	54	74	26	73	18	58	3	1	47	6	78	19	3	9	
78	91	48	81	75	99	10	14	68	77	84	100	80	3	47	22	90	18	86	25	6	52	83	28	19	71	88	52	13	84	87	48	11	58	51	57	89	49	95	61	90	36	23	76	7	11	6	5	28	77	
30	63	66	49	17	28	1	52	95	90	18	75	80	94	25	20	89	8	66	48	98	49	77	24	18	63	51	1	49	37	97	98	35	74	21	71	38	84	66	71	87	57	75	38	88	23	74	86	91	13	
92	66	53	86	58	20	43	71	42	56	73	50	35	14	59	83	79	100	47	36	3	4	44	82	10	41	51	71	32	64	93	93	49	49	77	94	31	52	31	96	55	86	9	36	2	61	67	52	45	95	
26	39	70	83	100	82	95	84	42	39	94	68	40	5	14	19	70	11	64	1	70	25	8	25	22	56	78	77	31	83	19	92	43	59	95	87	50	62	48	88	67	94	75	8	83	45	60	75	13	85	
97	98	9	33	67	35	9	31	64	99	34	19	94	4	46	81	78	51	44	18	31	4	64	64	10	1	82	50	54	92	73	81	39	27	52	85	41	5	100	48	79	69	62	40	63	19	66	99	89	58	
94	33	51	10	4	43	56	61	5	95	58	24	98	78	69	24	64	35	87	50	56	58	65	27	13	66	9	2	19	26	66	44	64	81	63	8	92	90	88	6	26	94	32	98	19	67	36	75	65	25	
5	11	75	75	83	18	91	54	14	96	1	84	20	97	81	24	64	27	64	26	2	57	30	100	29	20	49	57	63	18	35	87	41	57	83	78	14	86	8	4	55	20	94	13	32	56	27	13	99	26	
90	36	16	32	6	5	97	71	85	66	37	43	8	41	86	82	43	11	60	77	84	51	3	67	59	65	51	12	43	89	55	86	72	71	66	55	54	41	81	11	7	31	22	92	81	98	79	7	47	79	
43	40	47	72	24	11	43	7	98	5	27	80	69	17	46	44	9	48	80	79	21	73	76	99	46	57	6	57	99	81	23	55	6	25	31	82	81	98	75	20	66	32	35	6	19	55	80	34	23	39	
99	27	50	71	39	33	13	84	92	5	76	78	31	73	12	81	81	34	31	55	66	98	15	35	81	73	31	63	74	82	6	53	33	34	100	90	22	11	93	67	7	19	81	98	61	31	42	63	47	21	
27	82	10	51	78	14	38	79	74	31	63	95	76	20	12	88	95	97	36	22	30	56	78	66	32	70	40	94	2	25	88	76	17	57	84	1	56	15	34	9	65	73	13	43	71	68	73	16	57	32	
76	73	34	48	87	1	94	47	26	89	14	21	71	71	45	35	48	85	23	39	57	38	65	33	23	60	51	30	63	82	1	14	17	82	89	95	76	67	74	10	9	6	22	10	71	14	49	47	46	55	
20	38	53	29	79	79	25	45	95	39	34	93	38	35	18	82	47	99	45	99	26	66	13	2	91	51	70	56	63	99	1	75	61	14	24	36	60	7	85	59	1	30	49	91	77	69	21	20	32	14	
49	19	50	49	94	95	5	4	58	84	16	78	24	25	30	22	32	99	4	39	100	30	90	39	76	60	17	61	51	58	38	46	5	37	91	19	42	70	70	32	34	27	34	43	4	97	80	69	94	51	
54	23	1	48	2	4	91	21	58	36	16	71	29	51	84	56	37	64	78	73	10	97	2	50	36	31	17	100	35	12	88	11	97	35	52	68	97	64	81	36	91	94	6	47	38	38	17	63	25	97	
57	16	71	65	77	60	37	57	18	55	89	61	48	88	66	76	47	7	56	61	37	5	4	13	93	92	70	67	93	37	35	57	67	76	19	4	79	1	49	10	47	97	9	77	66	80	39	75	18	49	
80	36	59	67	80	46	35	21	100	50	56	47	92	11	28	91	39	80	39	56	76	59	27	75	27	71	92	75	39	86	24	41	90	35	56	99	99	23	70	68	74	50	12	49	68	53	95	65	40	65	
93	48	20	45	63	53	50	9	34	49	36	92	62	93	28	2	44	20	34	52	20	76	6	82	21	89	80	2	51	67	46	30	86	40	78	90	42	10	53	5	56	67	43	99	58	81	56	85	46	86	
54	16	88	6	82	12	4	2	88	5	18	28	7	47	71	31	41	90	37	35	82	27	83	83	20	43	73	43	56	33	95	91	23	74	62	32	59	59	37	11	1	34	45	44	88	92	8	63	97	19	
100	36	54	94	97	41	72	85	100	82	30	97	29	72	2	64	13	40	63	92	55	29	70	88	19	76	77	40	66	13	29	26	67	32	55	76	34	74	48	12	65	65	2	27	95	100	45	97	93	35	
91	31	52	60	93	95	55	47	83	69	21	1	12	37	59	56	42	95	94	3	44	39	26	24	15	78	49	89	3	65	38	30	9	50	79	93	13	5	5	45	34	59	56	82	22	55	77	58	41	24	
30	38	1	6	76	53	32	5	54	90	22	32	66	56	55	73	42	8	19	99	51	24	79	90	63	54	26	61	6	98	52	88	54	79	5	81	38	13	38	64	79	94	43	43	78	58	37	76	10	76	
44	81	9	98	86	45	42	51	89	9	14	53	40	63	37	16	86	57	69	25	35	13	4	31	2	15	60	92	32	85	7	54	67	85	27	49	46	7	1	48	68	33	51	13	45	79	7	26	22	56	
60	79	49	13	15	69	31	46	77	32	90	80	13	90	12	69	87	21	66	63	53	58	18	42	51	83	75	14	51	75	35	24	34	24	25	25	6	17	56	7	79	63	28	92	69	20	49	18	4	22	
78	99	24	34	90	21	29	79	9	100	10	21	91	35	45	77	27	11	79	22	1	48	100	87	35	1	73	70	93	44	23	25	32	4	42	66	27	33	86	36	95	20	88	6	3	89	83	18	41	35	
44	68	82	94	53	16	71	43	80	54	3	86	25	67	98	68	47	87	71	16	2	98	54	8	43	67	29	13	69	89	72	65	17	83	13	47	38	80	65	1	4	75	86	8	23	48	68	83	86	64	
57	87	42	28	74	49	93	26	72	60	56	99	47	67	25	29	2	86	36	21	17	13	14	27	93	3	62	32	51	43	12	8	15	36	54	98	16	82	12	95	82	10	32	19	13	11	100	10	52	66	
10	96	97	67	40	92	19	88	20	50	80	42	87	65	72	33	67	98	10	95	33	75	50	69	16	85	34	67	84	68	62	19	7	74	46	3	70	39	5	8	9	93	7	76	82	23	50	22	96	30	
57	29	47	57	17	71	60	97	99	8	25	85	27	53	56	42	74	12	46	28	39	34	71	18	3	45	74	7	65	26	35	11	27	77	2	20	67	75	51	19	15	7	80	81	36	54	70	97	62	37	
72	10	53	65	85	47	61	47	48	82	30	42	63	71	62	81	4	33	30	67	6	79	10	40	13	15	74	83	44	53	63	72	7	21	24	24	59	65	94	83	99	53	51	46	42	56	74	38	18	52	
80	59	75	69	31	83	96	86	20	77	55	35	97	65	70	89	75	63	36	20	35	56	26	62	32	88	16	25	44	94	65	26	39	92	44	46	46	16	10	32	51	52	64	86	57	12	37	30	73	59	
90	26	37	71	39	91	71	97	12	50	24	47	24	88	71	31	27	29	44	18	42	28	37	99	15	60	4	62	39	49	33	17	31	60	74	34	54	62	61	77	40	18	38	48	34	65	88	67	75	2	
34	71	88	92	44	86	34	26	72	17	71	39	12	66	98	63	40	51	97	35	91	9	93	30	77	98	89	69	45	21	70	15	44	58	51	77	33	56	30	67	64	28	79	86	14	64	65	41	49	32	
100	9	45	51	46	2	6	50	43	4	46	38	27	79	26	63	43	78	62	31	95	80	53	100	71	60	90	95	39	63	36	87	2	23	1	37	57	63	56	9	6	61	36	89	93	71	47	74	83	26	
81	8	4	77	82	88	13	23	33	69	58	63	55	29	51	53	36	77	68	55	33	31	47	21	8	74	49	31	99	78	97	96	39	61	14	82	66	99	26	27	83	24	96	38	82	70	4	17	19	59	
3	37	10	24	93	55	99	17	9	64	91	65	21	96	78	42	66	36	88	92	91	9	26	22	55	50	12	27	25	70	14	47	69	79	31	47	28	21	92	70	19	39	54	24	96	78	36	76	83	92	
3	77	46	99	92	53	75	24	62	16	83	7	84	81	54	68	12	11	93	68	15	12	58	88	40	50	73	31	46	67	71	16	36	15	88	15	57	35	26	50	68	56	60	61	83	79	32	2	37	79	
90	33	42	48	37	8	20	36	11	83	37	97	18	91	82	19	70	63	41	10	11	82	85	65	41	5	62	33	58	95	62	65	75	42	92	8	1	60	84	78	75	100	33	21	97	12	7	56	3	39	
13	48	65	38	91	67	22	50	69	13	69	75	11	34	65	10	28	51	29	69	46	73	39	90	52	73	62	89	46	40	58	29	82	45	58	100	83	83	5	49	45	68	87	83	82	4	32	41	60	61	
29	23	38	20	85	98	10	63	49	46	6	40	61	4	6	25	92	13	78	39	1	90	28	19	15	75	40	42	8	30	43	50	46	76	12	19	1	8	16	78	80	20	62	76	98	30	89	36	1	89	
14	60	28	3	49	66	40	22	22	71	82	59	77	56	55	45	40	73	86	43	75	80	56	63	62	18	11	57	76	54	53	100	49	75	12	55	36	86	30	6	35	61	1	98	7	41	64	11	17	84	
44	67	88	10	65	41	23	89	2	28	62	83	47	85	61	12	88	55	14	32	39	26	56	35	69	10	24	98	16	19	55	58	88	81	49	83	73	34	31	64	28	71	84	51	16	47	50	2	96	47	
99	34	100	94	32	70	48	43	63	44	85	79	89	1	39	26	52	92	33	36	45	68	6	7	27	13	27	51	33	79	87	17	6	96	32	35	81	91	60	37	7	22	78	63	73	22	25	82	81	7	
78	55	93	78	11	44	19	53	77	28	51	75	17	90	43	3	35	91	92	76	81	19	81	3	35	10	81	31	82	66	19	73	25	14	72	24	74	78	34	78	99	72	63	27	53	29	16	12	93	15	
23	55	49	5	58	85	28	20	7	38	54	38	42	13	75	48	52	86	85	97	93	25	56	42	49	71	66	36	23	61	71	75	2	10	56	3	55	90	63	59	68	57	94	94	23	26	10	8	71	95	
92	75	59	54	45	61	8	46	39	53	60	60	19	54	29	73	54	7	34	69	80	57	97	1	62	70	29	87	94	58	39	36	99	78	43	55	97	15	63	92	58	61	17	100	68	48	73	29	52	100	
3	99	48	7	52	88	23	42	24	49	77	77	34	44	71	59	1	43	73	54	53	52	21	78	79	44	33	68	73	13	19	57	16	82	72	67	8	35	55	23	65	41	90	57	8	4	29	61	34	58	
70	94	39	68	33	64	28	36	12	37	41	13	77	40	70	50	89	59	61	60	40	67	6	66	45	4	80	57	50	15	87	70	15	12	4	86	4	17	40	94	84	96	55	68	11	99	10	58	69	69	
29	84	68	65	96	8	40	40	40	91	72	42	52	73	70	53	49	51	55	72	85	13	13	95	67	69	61	74	25	89	13	46	47	30	40	50	79	25	54	98	49	47	89	52	66	88	29	23	95	12	
14	7	32	65	44	2	97	58	24	97	49	53	58	5	73	22	60	92	95	52	50	28	39	19	54	44	10	63	17	93	86	19	16	36	41	97	6	98	38	28	58	84	62	86	71	23	85	84	45	99	
78	100	72	92	11	52	77	6	13	73	96	98	85	22	5	13	71	36	10	78	49	25	77	43	89	51	53	42	81	45	16	21	59	57	49	67	36	41	25	15	47	18	56	37	73	74	30	30	75	81	
52	50	64	46	52	71	99	36	39	70	79	31	2	46	63	88	90	44	57	33	24	37	29	26	24	74	56	31	53	21	100	11	7	37	85	38	12	54	10	58	94	75	17	74	42	99	11	34	90	29	
85	29	58	27	24	51	57	34	55	46	38	57	89	81	36	76	83	3	46	66	82	60	17	92	55	5	82	47	18	13	25	39	5	79	68	29	40	74	45	11	16	79	61	47	83	21	82	19	2	92	
98	70	21	9	42	20	70	57	75	95	96	19	53	8	67	86	54	78	30	2	13	59	2	87	4	40	14	39	70	30	55	7	72	21	78	2	33	21	64	65	82	85	52	23	18	84	97	2	72	94	
95	68	17	98	98	32	58	27	11	19	8	89	25	4	28	59	51	60	88	21	55	66	72	2	88	73	43	28	87	34	37	90	78	34	46	10	10	76	19	32	1	22	88	89	66	89	85	16	83	33	
37	11	84	96	22	67	2	92	36	14	1	39	21	66	70	85	22	44	62	81	95	24	1	86	83	37	2	19	20	11	59	95	44	46	11	96	17	40	84	82	88	32	73	25	56	11	5	36	100	12	
99	14	98	8	29	24	50	55	28	4	67	54	14	48	5	43	16	7	49	23	25	18	72	86	9	52	28	4	65	26	67	88	89	41	50	28	94	26	29	77	8	5	18	43	25	20	50	86	1	71	
19	54	6	56	43	93	82	33	86	14	74	23	44	13	16	31	81	68	2	60	43	54	77	34	23	65	17	67	39	22	88	32	35	12	7	25	40	84	39	29	31	95	5	18	85	91	87	53	27	51	
54	68	96	50	40	55	90	96	57	69	68	62	17	36	13	14	1	32	86	6	94	57	26	95	73	33	75	88	30	79	33	38	48	72	76	41	74	85	84	2	59	35	64	79	51	30	76	15	57	60	
84	17	33	83	90	48	41	12	33	38	91	81	52	31	74	68	55	19	23	89	28	36	84	100	87	14	71	63	57	13	41	70	23	92	13	24	1	79	15	30	10	37	38	36	44	70	20	29	85	91	
5	88	5	43	36	24	31	68	81	86	94	40	11	97	71	19	59	50	94	99	48	85	92	43	58	18	78	32	69	5	4	75	6	50	52	55	65	95	21	11	4	50	34	71	23	56	81	98	69	83	
61	11	37	4	96	82	59	5	30	37	98	22	31	6	82	98	67	94	66	27	17	71	82	9	34	17	28	35	90	46	9	94	53	6	26	38	72	41	71	77	83	42	80	83	68	33	62	6	5	69	
80	61	9	46	79	17	55	32	70	1	16	94	18	8	80	65	2	67	2	73	40	15	30	42	83	68	99	15	41	99	77	81	93	65	22	93	80	33	68	5	91	97	61	84	1	1	6	56	100	97	
3	95	38	1	70	73	72	32	93	31	89	52	54	19	37	32	14	36	87	13	52	66	28	41	7	76	38	100	57	38	99	60	23	85	52	18	10	10	6	8	100	70	43	95	65	61	87	84	73	63	
26	17	92	84	13	30	23	41	77	84	14	59	22	15	44	90	92	53	66	65	38	6	53	36	12	6	94	72	66	66	24	25	41	8	84	68	71	37	58	65	36	83	17	53	39	46	79	16	89	93	
60	91	19	12	68	47	75	17	86	10	41	53	21	38	97	47	29	63	26	9	44	49	5	80	64	48	66	66	76	38	92	26	23	80	92	86	45	36	80	11	42	19	24	44	53	81	80	99	36	56	
94	74	97	8	42	8	10	58	61	14	14	91	72	42	94	62	100	69	64	49	46	22	22	33	74	67	41	98	96	30	24	72	90	32	15	69	77	52	68	86	32	54	7	77	20	33	20	7	77	76	
92	46	65	37	42	76	93	75	40	96	70	8	17	76	21	63	80	75	10	49	9	24	28	78	99	59	47	93	54	23	53	98	75	3	95	92	77	59	31	48	36	47	49	2	48	69	91	22	54	82	
10	87	63	56	45	4	69	67	85	17	59	58	56	5	43	7	67	76	61	84	80	92	49	88	99	82	59	96	98	40	85	62	19	7	15	50	26	77	28	93	85	100	4	99	7	41	10	62	82	31	
84	41	80	40	30	18	8	22	99	36	37	27	2	98	48	98	11	68	57	68	20	95	20	42	68	72	22	27	70	83	10	48	94	10	15	52	67	100	82	93	23	11	97	67	17	90	77	5	53	58	
70	75	21	93	82	41	35	42	15	64	4	2	93	71	97	59	16	13	76	64	50	73	97	80	64	21	25	50	57	22	100	59	42	23	41	73	83	98	99	12	91	24	72	63	42	96	58	46	56	37	
8	100	58	38	92	41	17	28	4	6	11	95	70	96	97	61	23	84	56	18	61	26	55	59	18	26	39	69	98	16	57	63	48	66	76	66	89	32	31	3	15	97	30	21	40	87	1	69	41	38	
56	3	29	66	3	98	71	63	37	89	97	6	84	57	12	81	92	37	75	29	78	35	2	79	77	50	43	36	69	49	3	13	56	59	22	53	30	45	38	61	57	6	92	41	48	10	49	30	14	34	
46	49	23	94	90	22	85	83	70	37	59	33	51	51	49	95	63	48	24	80	14	22	93	21	79	34	5	42	41	61	73	38	5	46	28	24	88	7	56	71	70	75	74	78	57	56	50	18	84	49	
70	62	74	60	8	87	10	88	57	99	4	86	16	36	64	14	49	45	90	33	64	20	51	21	65	68	29	98	94	40	27	95	46	25	77	4	35	10	97	94	51	52	85	82	14	14	42	86	39	55	
69	11	52	83	77	37	26	12	5	11	35	73	38	64	27	79	62	99	78	44	8	35	79	100	64	89	58	58	66	33	45	27	82	65	34	69	70	73	97	48	57	92	49	30	73	71	83	11	55	100	
11	99	70	79	79	68	56	13	57	59	70	68	9	14	71	35	94	36	11	69	62	39	90	3	31	26	97	73	80	86	61	81	79	34	66	87	33	8	6	20	42	8	97	39	69	41	59	75	88	94	
39	53	53	76	42	69	97	79	80	64	78	44	72	25	95	58	40	5	70	98	94	45	64	97	97	36	59	12	51	52	39	4	49	43	44	75	84	80	84	6	3	78	33	2	58	33	46	36	91	71	
63	44	30	85	95	21	29	88	7	8	36	47	44	80	96	45	59	78	17	91	47	28	51	87	96	53	76	18	86	80	76	12	31	76	61	98	26	75	57	61	37	85	87	57	66	88	90	57	62	57	
80	18	64	66	19	4	13	68	63	8	41	57	12	43	37	53	63	12	69	55	57	62	68	77	56	90	43	42	2	61	65	6	40	43	32	42	12	79	27	92	40	44	7	84	72	68	92	59	47	14	
56	63	10	36	15	93	82	71	80	12	58	33	26	49	99	14	68	83	38	2	75	51	11	82	50	30	86	81	51	5	56	59	40	96	5	68	87	21	85	37	54	16	44	35	47	36	92	39	9	13	
16	2	88	42	62	92	7	14	45	64	12	29	65	61	94	58	39	82	90	24	67	40	12	26	2	20	76	42	85	93	15	61	73	47	96	43	63	58	84	8	94	88	22	95	84	4	11	52	17	39	
23	40	15	46	69	64	34	28	5	69	80	14	63	56	41	44	20	7	65	77	59	37	39	15	71	95	53	32	5	83	53	41	84	86	96	36	15	5	98	89	73	48	9	4	51	28	64	40	80	62	
4	63	80	75	41	94	95	44	49	54	9	58	66	30	62	56	62	2	6	75	9	23	64	33	38	30	100	10	91	20	89	16	97	40	64	48	22	64	75	88	76	44	77	85	85	84	44	17	48	53	
70	50	44	39	7	6	65	22	47	37	78	7	56	50	44	49	99	35	58	52	39	97	76	40	85	73	47	24	12	17	69	12	6	59	32	32	75	77	22	74	54	43	91	66	85	24	30	45	43	66	
87	76	58	67	22	41	26	34	96	6	43	77	26	14	82	84	65	91	89	81	73	45	99	65	3	99	76	74	20	95	26	21	1	41	48	23	18	15	16	81	83	28	9	97	2	10	37	56	89	90	
13	80	15	57	83	43	96	47	25	11	63	81	47	33	53	43	74	15	4	91	90	28	68	25	78	52	61	64	81	58	11	93	57	62	77	97	26	16	56	91	20	25	91	100	74	88	51	65	41	19	
50	61	4	91	18	74	12	94	52	55	92	26	93	55	77	42	23	16	70	27	82	50	48	81	19	63	48	20	62	81	5	39	60	85	33	88	10	87	71	53	6	75	22	47	56	19	74	62	48	28	
76	19	76	84	91	21	43	94	79	17	13	52	63	4	72	84	75	38	26	18	6	32	37	30	89	59	80	15	94	90	81	13	24	36	52	89	23	63	45	32	46	18	84	31	58	72	55	43	46	62	
57	60	68	15	41	41	85	51	100	64	29	21	81	12	17	25	28	3	16	4	87	29	1	15	17	57	81	24	12	12	83	82	2	43	1	59	98	43	70	65	12	78	14	75	44	33	77	34	34	2	
38	13	15	52	64	48	11	61	65	71	78	6	43	21	68	39	43	99	70	85	75	94	67	53	33	2	95	48	47	13	3	100	50	41	57	81	27	12	21	59	91	49	20	3	3	5	68	56	30	48	
1	29	1	83	76	79	12	75	94	90	88	13	81	51	11	10	26	12	51	52	62	60	83	20	41	44	62	62	25	43	93	92	21	52	21	27	7	33	24	94	35	59	85	86	16	49	72	24	15	53	
68	65	5	60	11	73	73	35	37	19	69	88	55	97	39	45	77	74	85	80	88	89	41	19	39	87	69	26	81	59	1	27	80	100	80	46	91	25	83	48	68	6	39	18	38	4	50	12	80	24	
94	75	66	12	70	96	77	72	7	52	83	70	45	71	61	56	74	91	85	18	70	16	13	56	78	97	59	31	29	74	13	27	75	64	68	45	15	82	40	98	3	39	16	89	89	37	51	84	32	59	
98	21	68	37	51	1	42	31	28	71	35	64	30	85	28	78	46	94	97	32	93	24	40	35	13	22	59	90	66	89	59	4	83	28	40	74	82	76	91	64	52	96	11	27	54	53	8	41	1	94	
73	66	22	11	9	29	5	54	63	7	87	24	13	66	35	63	84	53	25	18	95	79	33	54	81	26	77	36	33	65	77	4	34	66	30	20	7	47	16	46	92	84	70	97	16	78	97	74	31	65	
21	64	29	97	69	68	52	36	65	90	72	48	64	13	100	82	44	16	40	58	65	35	19	27	37	64	41	59	58	36	45	65	29	54	80	79	52	38	16	45	51	25	58	82	96	32	26	23	8	63	
22	66	69	35	3	58	84	35	25	18	49	51	22	70	31	29	39	26	70	43	45	59	40	1	79	44	56	3	1	67	89	29	73	15	37	36	82	11	74	71	59	53	49	47	90	65	28	31	6	77	
6	35	96	93	7	29	79	2	67	91	44	52	72	81	25	90	76	5	79	37	44	85	93	52	81	79	12	95	41	4	91	10	38	45	6	80	97	72	64	14	3	90	8	82	65	90	12	13	87	86	
99	100	98	40	35	91	14	29	82	71	11	95	9	42	42	80	98	65	25	46	95	24	78	20	81	26	94	28	81	47	66	99	30	75	12	52	50	34	62	3	27	68	100	50	83	30	85	23	77	7	
77	17	91	67	55	27	81	15	6	66	84	91	5	40	43	56	32	89	62	37	85	38	9	26	92	18	45	69	32	35	28	82	9	2	30	68	40	83	58	45	68	80	82	86	92	83	92	49	74	69	
53	43	87	94	20	46	88	50	35	93	44	50	24	75	48	72	47	40	87	88	99	76	69	46	42	11	8	78	13	72	24	62	60	84	18	59	86	97	11	98	100	76	75	84	15	90	90	47	34	84	
92	69	20	33	15	42	41	84	31	51	24	60	40	90	80	82	74	47	65	10	4	15	95	31	75	25	39	41	2	100	43	92	100	77	72	3	37	47	63	61	36	4	30	61	49	27	70	48	95	98	
50	79	32	55	82	9	91	39	13	60	22	56	82	44	97	92	37	39	82	41	99	40	89	18	13	36	48	98	40	81	68	81	65	64	77	77	33	1	64	69	38	89	58	89	16	8	18	20	31	57	
19	7	49	56	55	49	43	63	5	79	61	70	23	89	66	88	44	38	26	36	29	36	100	88	87	28	72	44	42	92	3	37	38	30	21	82	93	28	69	30	59	98	62	93	38	43	44	39	57	97	
46	85	18	33	65	28	57	50	29	99	93	67	33	24	48	94	30	32	57	65	25	42	17	35	27	16	33	89	22	68	62	16	89	53	59	35	82	96	88	88	29	9	41	31	37	27	79	87	98	59	
96	46	27	18	58	22	1	96	77	2	55	90	23	58	55	89	74	90	84	91	68	22	69	99	100	96	62	17	81	98	56	54	56	34	74	89	31	40	86	78	82	81	31	85	25	88	56	79	80	23	
87	28	56	87	3	84	30	99	86	32	26	16	43	47	77	66	48	3	57	25	40	96	5	54	72	98	75	71	7	46	91	36	88	36	81	66	47	68	38	7	23	72	3	34	6	9	95	59	13	19	
24	62	80	73	51	73	32	34	98	75	36	57	14	9	69	57	45	98	69	44	74	10	19	1	24	44	98	47	40	4	17	12	92	89	83	20	66	18	98	67	40	68	73	13	53	97	94	47	16	71	
100	92	34	28	51	50	20	42	83	10	39	71	89	70	92	95	79	40	46	97	90	33	69	23	62	58	7	31	9	78	36	23	26	84	59	4	30	10	44	24	28	85	13	3	44	97	24	20	61	23	
29	41	59	30	71	11	50	72	71	20	43	33	14	47	91	80	36	9	1	38	67	89	13	96	78	23	77	9	60	57	76	48	100	11	91	23	54	5	94	76	33	49	9	11	33	86	98	29	98	43	
40	56	82	35	23	10	48	29	66	36	41	50	30	83	88	92	4	39	45	81	58	29	78	79	2	26	44	34	6	68	22	28	56	48	1	64	50	31	30	96	72	23	77	93	88	86	68	97	50	72	
91	17	15	30	87	48	99	5	67	37	34	25	30	16	93	64	58	79	97	100	26	74	42	30	51	33	71	4	61	66	12	77	62	90	44	16	35	72	62	87	96	93	58	16	90	85	24	16	5	84	
72	1	34	93	100	29	16	70	59	72	33	64	5	75	45	81	34	65	92	40	34	28	93	51	11	45	16	39	58	83	17	85	92	54	48	57	58	8	94	52	90	15	94	84	81	49	50	72	80	91	
26	22	41	97	90	11	84	8	67	8	37	5	88	89	81	20	57	46	7	66	76	82	58	46	1	44	21	48	6	45	86	50	96	61	93	77	90	27	26	87	46	49	32	87	31	5	71	98	44	18	
24	20	28	13	17	69	55	91	40	84	61	85	62	35	61	78	81	65	67	2	45	55	2	47	52	100	82	44	4	27	89	7	67	99	81	49	77	75	3	96	85	34	87	78	29	80	71	70	79	73	
64	91	5	73	31	11	34	76	95	17	26	84	67	25	76	46	41	46	8	46	37	57	38	39	72	14	12	56	74	13	46	26	95	2	28	92	71	79	51	13	46	39	94	85	47	57	77	17	80	13	
35	51	96	100	11	2	28	80	46	74	13	55	22	63	44	93	96	50	9	14	8	73	30	25	71	86	95	69	75	86	43	8	44	49	61	77	52	93	84	68	75	84	26	25	31	37	66	74	47	78	
74	6	42	81	63	92	29	81	71	1	60	36	46	43	76	89	61	66	38	44	93	70	48	76	46	26	77	16	85	6	75	92	43	71	24	27	81	57	47	5	32	69	5	68	72	80	31	7	70	72	
82	52	25	81	23	78	1	38	50	82	98	5	36	100	37	53	58	65	40	41	12	30	28	67	65	95	77	34	66	31	6	26	29	78	72	96	67	57	15	18	22	30	68	33	41	96	22	22	78	13	
18	65	19	67	6	66	78	44	88	69	99	74	33	87	56	47	46	13	53	19	8	100	46	69	33	7	60	66	9	74	54	53	12	52	70	68	8	11	64	58	99	3	1	43	61	38	73	47	79	31	
62	10	94	93	61	24	98	96	19	84	57	31	89	30	38	28	76	23	71	27	28	92	77	5	4	29	44	91	24	32	24	48	85	14	82	84	86	33	39	19	4	13	67	43	15	55	35	17	56	60	
27	13	56	16	59	94	97	16	83	84	83	19	53	69	19	54	78	36	24	46	4	47	58	4	87	86	1	2	61	48	35	48	4	45	16	13	51	44	27	75	23	81	61	88	61	96	67	95	83	89	
61	31	8	2	81	100	9	62	47	9	94	50	47	94	26	76	62	83	31	77	98	67	54	73	99	86	60	34	44	35	92	59	65	66	41	59	32	29	74	1	85	78	33	54	34	43	10	35	28	36	
46	68	74	42	13	76	70	21	84	90	70	18	96	38	88	46	59	44	27	12	63	59	82	75	96	92	46	82	71	30	32	98	14	44	73	38	80	36	83	67	87	72	73	22	81	96	64	80	90	34	
41	56	6	16	36	32	23	98	40	34	17	42	74	11	23	83	75	83	83	22	76	61	44	90	89	66	30	80	9	89	32	57	5	59	77	83	78	41	75	9	81	63	53	30	38	28	32	14	14	93	
93	32	24	4	49	55	64	9	19	10	23	9	54	95	9	7	96	95	73	63	29	60	42	72	78	30	89	17	68	19	86	76	28	89	31	62	19	80	48	47	20	87	90	91	96	79	1	76	27	13	
17	19	87	90	4	1	88	55	78	61	33	31	41	26	49	43	36	65	87	79	1	15	1	86	74	99	66	93	87	31	82	26	41	96	70	41	56	31	72	94	35	56	94	34	88	27	66	71	10	7	
10	69	91	90	25	58	23	12	43	72	29	24	14	48	7	44	18	53	94	82	16	11	75	13	91	64	96	51	30	77	57	44	64	67	93	86	51	34	69	21	78	3	48	99	26	23	10	79	92	70	
21	13	2	49	95	55	34	8	87	62	41	90	14	99	44	92	90	55	31	17	25	34	91	23	24	87	63	17	79	79	74	36	51	21	5	26	76	22	5	6	47	11	43	67	51	58	69	65	73	89	
15	90	88	71	72	24	92	10	17	25	75	86	66	99	4	44	96	38	82	66	52	48	14	38	24	91	70	70	74	8	42	21	46	11	37	67	82	46	49	76	24	70	91	9	89	6	5	56	43	56	
56	54	98	76	87	72	18	71	6	49	17	45	1	21	65	16	35	70	53	82	44	85	66	97	55	18	87	8	93	73	8	28	29	67	34	84	24	31	6	43	28	74	75	1	67	98	6	15	26	44	
84	76	90	25	72	83	26	48	21	54	8	50	49	79	12	99	20	17	36	24	13	70	36	86	47	4	61	100	100	97	39	65	49	26	53	73	13	27	96	97	76	98	4	78	17	11	98	59	89	73	
97	47	9	42	65	92	51	81	14	15	71	26	84	23	89	78	60	95	8	58	91	30	53	94	38	90	61	1	66	70	44	99	36	85	9	74	80	62	24	63	62	71	40	44	55	25	17	31	94	46	
19	30	67	74	78	98	77	58	25	4	75	70	56	96	41	13	75	8	82	30	26	82	52	32	24	68	28	89	14	37	96	70	56	22	17	19	94	67	96	91	48	51	67	9	68	14	56	95	12	14	
1	94	37	70	36	3	33	93	62	47	35	97	66	1	73	43	64	21	64	61	78	39	62	49	69	52	94	58	85	84	73	86	4	18	55	62	78	28	76	89	99	48	3	67	60	61	68	26	63	100	
75	39	12	91	98	84	88	79	17	82	88	21	55	48	88	26	100	95	44	90	52	4	64	53	11	50	93	62	87	32	5	39	30	65	96	72	80	14	16	83	91	92	85	38	99	47	84	10	12	7	
13	11	61	62	64	36	22	4	38	3	19	47	11	85	56	1	37	51	28	78	27	71	40	46	52	54	93	60	54	25	53	37	69	53	93	64	90	87	72	38	25	75	99	85	36	51	97	13	47	33	
58	90	77	65	57	53	23	79	70	86	96	89	1	26	5	14	38	87	15	10	64	12	43	56	8	85	67	11	19	67	48	62	80	40	6	99	9	75	90	11	8	56	38	84	60	16	20	35	79	83	
94	21	74	37	37	13	72	16	26	6	9	32	71	22	100	94	36	24	29	23	3	36	31	23	43	58	48	52	24	93	94	85	68	54	47	78	12	4	62	68	65	40	73	79	50	36	19	97	74	3	
24	62	70	32	7	69	4	21	10	79	31	5	57	98	56	52	98	47	29	74	94	64	71	79	38	77	32	65	33	69	5	13	68	8	57	64	51	3	49	48	5	45	67	29	36	6	65	76	13	13	
7	59	30	47	62	57	50	1	69	10	35	6	3	47	8	26	86	85	21	58	39	79	18	99	61	60	98	68	80	99	47	93	24	81	77	92	90	69	78	25	21	12	12	82	19	10	60	38	40	39	
24	96	67	15	49	90	54	31	1	22	72	10	29	56	14	54	87	99	39	75	9	25	58	49	46	46	91	22	10	11	56	60	7	5	58	25	22	72	93	17	1	81	95	10	53	24	72	80	59	91	
28	100	52	79	54	40	14	24	38	17	16	70	33	68	68	98	72	39	81	96	34	29	47	33	83	15	88	69	47	50	35	24	5	31	34	66	94	41	91	20	62	43	5	86	24	74	47	17	100	53	
89	19	37	21	86	46	55	54	70	16	48	45	3	74	55	21	3	67	70	49	44	13	48	61	73	85	42	77	29	29	65	26	29	97	76	82	59	62	12	73	7	40	41	33	98	49	92	85	31	64	
81	98	37	59	64	48	89	43	57	67	46	28	27	81	6	88	27	41	3	100	39	29	78	68	51	73	97	80	65	5	4	42	35	64	29	91	59	93	92	89	98	22	75	34	73	5	44	52	77	69	
48	56	2	94	30	80	59	12	26	26	56	25	34	86	46	59	74	18	68	2	89	3	49	7	37	95	28	51	88	50	20	73	22	3	51	54	82	5	6	86	54	73	79	53	49	82	38	36	22	25	
7	93	59	14	56	80	100	83	46	33	3	45	59	100	46	89	20	11	23	27	88	22	95	32	81	62	1	21	41	87	19	76	74	97	51	7	19	85	76	100	17	31	75	2	2	36	40	41	22	77	
12	78	62	33	11	41	42	88	60	91	94	42	4	8	52	60	85	16	97	56	23	72	61	89	9	87	68	5	16	60	57	82	78	43	40	23	6	67	73	33	16	84	44	71	12	37	4	45	50	26	
8	17	44	52	33	14	31	66	81	73	81	25	4	67	23	60	93	85	31	99	22	60	81	95	45	81	76	55	79	24	6	75	27	79	88	20	19	78	87	10	75	42	39	92	29	91	15	17	51	100	
83	58	66	99	86	18	58	22	20	31	6	87	84	52	86	44	49	83	39	18	45	89	91	55	91	91	78	22	95	53	100	40	2	86	16	42	83	49	54	80	67	9	99	36	85	98	77	2	65	73	
45	32	90	75	78	92	28	32	80	46	74	60	85	64	77	57	15	47	44	87	11	81	33	13	54	88	78	4	47	32	21	51	23	86	31	42	91	75	42	100	47	61	32	80	7	22	38	66	42	34	
62	30	13	89	31	38	48	73	6	16	2	4	46	2	91	6	95	65	96	63	16	56	75	81	23	9	27	50	62	40	4	89	49	81	54	9	67	62	44	37	80	27	7	74	17	39	100	85	29	22	
65	54	31	38	40	32	66	93	63	76	74	28	46	60	39	41	36	84	46	34	86	38	82	85	84	89	52	100	33	80	3	91	77	86	62	60	5	55	55	28	91	17	41	8	41	61	84	16	67	95	
64	83	100	50	63	88	11	84	19	53	7	9	4	51	21	35	81	15	13	4	51	64	43	77	75	85	97	68	59	11	63	65	15	13	98	58	48	86	27	85	27	90	72	59	41	85	92	18	53	69	
89	50	87	3	12	50	36	89	56	24	57	33	50	52	88	5	70	65	27	81	27	5	33	28	9	76	44	76	94	89	39	67	43	75	67	96	46	21	28	77	91	34	93	92	60	58	67	17	94	85	
65	26	63	47	38	15	33	74	62	9	37	41	96	30	67	76	62	47	53	61	100	33	8	67	1	98	33	19	31	83	28	48	95	25	47	3	91	21	93	28	64	69	42	9	77	55	35	64	18	12	
97	31	46	67	46	56	36	62	17	14	55	15	11	96	21	35	47	54	82	46	69	79	42	44	34	63	28	17	6	65	48	97	1	82	7	17	78	99	73	100	67	58	9	98	69	88	16	64	91	69	
49	14	74	33	4	25	49	15	92	65	19	19	36	62	46	55	67	45	9	58	9	25	48	8	59	97	9	94	26	71	61	9	75	78	55	57	82	2	30	15	7	28	98	77	36	16	68	76	57	42	
75	58	58	55	30	58	63	52	19	100	64	66	1	20	89	16	91	84	27	68	25	51	6	9	48	9	74	22	66	64	54	24	48	90	57	8	94	42	80	81	73	6	16	13	10	40	63	32	92	11	
10	17	94	53	18	87	59	95	44	91	91	26	77	35	31	6	63	4	26	32	59	76	25	25	37	25	46	96	17	58	5	99	24	44	3	88	67	20	2	31	13	90	57	58	93	44	59	25	52	65	
20	40	48	9	13	84	52	68	25	2	15	52	7	72	78	46	25	61	71	42	32	27	15	35	33	44	15	48	2	28	21	13	81	17	87	25	59	25	59	59	19	64	66	99	7	21	7	24	42	18	
46	61	85	7	58	93	45	58	99	69	62	62	89	73	17	54	15	48	66	5	22	68	61	74	24	9	50	96	63	76	43	44	1	66	83	7	16	85	79	63	48	56	72	37	91	71	48	78	64	77	
20	93	79	13	38	16	91	21	10	17	18	5	25	62	41	18	27	81	38	80	77	11	9	86	100	27	87	35	99	59	61	90	90	72	36	67	99	60	10	98	97	63	65	15	94	35	67	57	3	93	
40	3	42	44	75	62	47	70	56	95	5	3	30	38	30	41	70	54	47	67	74	32	52	81	19	10	62	65	74	100	80	25	10	26	30	91	85	11	45	67	94	80	6	56	89	52	73	12	30	49	
45	87	17	40	50	79	13	97	51	91	54	40	9	69	4	76	59	72	23	91	60	87	23	24	54	4	52	38	38	10	32	77	14	59	21	65	98	30	1	85	87	95	92	45	25	35	52	31	2	95	
16	83	90	58	80	61	4	71	27	77	24	77	65	18	31	10	13	79	35	73	58	82	9	94	71	62	44	44	51	18	92	58	40	96	68	75	25	25	23	20	20	30	16	65	87	100	32	58	65	78	
34	8	78	1	59	46	68	12	66	32	70	19	18	46	15	65	56	97	39	55	83	54	29	31	79	44	28	6	10	9	94	86	2	1	77	55	90	50	54	96	73	50	47	65	28	35	4	52	53	47	
22	88	65	14	50	94	63	95	86	67	19	56	62	52	76	81	89	56	61	40	98	88	32	62	93	41	27	90	18	46	88	10	94	66	58	81	73	7	99	16	30	69	66	86	77	55	28	43	71	23	
40	92	62	41	89	47	87	81	79	65	13	61	23	38	96	29	58	74	83	36	1	15	1	47	18	69	92	97	61	44	99	72	2	19	4	84	77	96	78	71	5	1	89	40	55	45	89	21	69	52	
62	22	68	19	8	88	2	70	7	8	13	5	69	22	30	76	79	21	8	17	86	51	82	32	93	50	11	11	55	87	3	13	85	84	79	65	31	32	99	38	64	44	54	14	97	94	16	54	35	35	
80	30	2	10	49	77	16	87	52	77	95	74	81	94	25	17	97	7	21	69	50	15	52	89	85	18	20	10	58	84	16	83	72	69	88	89	100	46	95	70	73	51	32	29	29	70	48	93	69	10	
100	42	53	30	7	52	42	33	96	95	62	38	61	2	46	85	73	82	86	39	11	49	99	4	7	3	84	57	15	60	22	56	58	44	65	1	8	69	94	36	3	73	44	24	6	2	47	38	60	33	
18	43	93	98	91	71	85	45	88	8	86	42	69	39	57	20	100	35	80	2	40	70	38	72	25	91	81	71	3	6	19	38	64	35	13	17	41	51	47	10	93	17	11	42	3	69	28	68	29	30	
93	42	15	40	19	19	35	27	10	74	25	81	94	44	50	82	89	34	74	8	98	51	58	15	41	38	2	67	75	36	83	71	63	4	86	17	85	46	12	59	16	53	7	66	96	51	58	39	84	4	
48	67	60	24	50	73	17	82	25	72	69	23	48	32	50	29	51	35	95	83	2	51	13	24	24	81	8	10	31	49	7	7	53	22	78	87	42	3	78	8	16	34	53	82	69	78	62	88	43	93	
28	64	58	9	13	83	35	59	83	23	68	46	11	49	14	26	16	98	18	53	59	21	100	18	41	16	51	61	50	76	27	52	83	24	41	76	23	1	83	48	45	43	25	53	97	65	86	100	59	18	
67	12	89	7	84	4	15	78	53	23	11	14	100	40	80	98	21	36	45	24	93	8	86	77	18	81	9	16	59	27	11	10	87	7	93	26	62	85	30	76	95	95	86	52	94	46	59	26	75	11	
76	76	72	15	72	81	18	30	35	88	55	55	98	36	85	5	90	16	5	68	10	66	52	96	64	64	72	26	81	45	86	61	9	59	10	57	35	64	57	90	13	94	28	94	66	62	74	10	96	89	
71	75	48	60	60	37	77	53	29	98	27	98	48	86	31	49	80	39	81	86	22	40	22	75	67	22	79	56	75	69	21	38	100	40	11	17	10	16	4	46	95	44	96	27	61	27	26	1	39	79	
84	59	60	46	88	97	92	77	26	84	18	64	72	28	14	14	32	50	52	18	68	98	32	12	11	75	34	60	73	44	25	6	90	46	74	67	82	53	55	63	11	17	40	18	49	3	19	60	17	22	
94	21	37	92	34	12	14	89	81	3	45	85	60	68	14	62	27	47	21	64	44	49	61	27	84	93	49	84	1	55	41	51	2	91	26	34	29	19	65	16	27	13	12	7	48	23	41	73	37	22	
66	75	76	66	25	87	5	89	64	67	33	92	52	2	99	80	94	60	78	73	48	5	4	85	37	71	77	46	29	97	82	15	25	59	4	10	69	70	63	48	81	24	67	76	64	95	66	33	47	30	
72	75	65	6	50	53	82	14	17	24	2	4	96	40	49	15	13	41	80	54	26	48	82	7	41	26	64	99	43	83	33	32	39	94	39	71	14	92	100	47	20	59	59	14	74	98	37	70	18	83	
68	16	69	6	46	42	73	78	9	37	25	51	49	81	37	60	13	53	49	12	43	61	22	67	66	2	65	81	31	76	72	25	60	36	78	80	45	30	65	78	27	82	68	47	35	18	57	69	51	8	
19	67	55	22	42	78	60	89	78	68	20	13	56	18	5	93	43	66	47	52	4	89	15	60	84	71	77	9	24	79	36	92	95	47	79	73	81	35	49	54	80	30	38	85	86	80	72	72	65	100	
17	64	55	86	41	46	43	12	6	48	95	15	73	63	55	81	50	32	23	98	11	21	94	23	63	25	11	89	50	54	50	55	13	99	70	61	42	69	73	48	99	57	61	63	86	82	85	39	1	97	
35	38	95	72	3	97	20	92	12	92	50	27	14	46	90	65	82	16	28	8	61	46	77	81	42	75	20	9	79	28	58	39	67	42	18	36	47	86	78	71	4	96	100	78	79	24	98	48	7	71	
77	95	50	61	9	96	97	66	39	8	39	96	43	8	51	9	70	95	22	17	52	74	33	73	51	94	78	80	81	11	45	57	38	12	41	39	6	100	12	17	30	42	76	28	74	28	3	54	11	82	
84	4	3	40	80	61	73	66	47	47	79	93	76	22	30	94	94	14	27	21	9	71	98	78	5	49	64	3	21	6	68	83	47	50	35	33	57	60	59	86	34	92	29	8	66	24	44	27	26	8	
74	13	42	34	69	83	54	24	21	10	85	7	43	35	82	49	100	45	8	35	17	47	93	25	60	49	62	40	38	48	11	35	96	54	98	80	89	27	54	56	50	5	61	13	6	26	17	81	94	94	
14	14	81	44	86	94	100	85	94	57	44	46	83	95	87	51	96	44	25	80	48	86	48	20	93	95	96	95	40	19	58	26	84	91	2	74	82	85	70	60	75	79	63	63	32	78	86	37	90	26	
64	15	82	98	9	64	12	38	25	35	93	21	78	11	63	22	51	35	60	25	87	96	1	21	64	89	7	64	78	73	63	90	13	4	15	10	24	21	31	40	74	87	81	37	88	47	27	28	23	25	
5	77	62	92	51	14	89	69	14	22	91	43	36	64	100	25	11	82	77	52	43	14	95	47	63	4	65	58	86	95	28	48	10	47	4	22	86	4	50	99	16	9	2	62	58	39	72	53	41	13	
49	96	27	88	8	61	56	50	30	96	82	72	100	4	76	77	14	37	50	50	29	24	35	71	30	67	12	73	99	66	87	40	14	68	44	1	6	26	38	90	52	38	90	71	93	99	13	49	92	66	
71	23	78	44	52	44	41	24	17	85	67	47	35	41	43	58	37	10	52	91	40	31	45	87	19	70	81	38	37	85	31	13	58	12	19	8	3	53	46	27	20	60	87	74	81	30	3	35	32	82	
77	57	55	65	67	76	8	10	56	28	72	44	18	59	4	17	46	18	84	12	1	94	5	45	88	33	28	62	55	42	39	1	86	77	31	77	22	61	32	97	34	80	51	27	39	61	85	53	20	27	
48	23	9	70	85	54	17	8	89	32	55	1	49	65	51	55	76	39	59	25	97	100	49	2	14	70	72	54	59	50	77	40	6	79	15	28	10	62	47	84	82	72	56	9	37	84	15	45	54	11	
74	79	42	52	56	8	9	53	93	49	67	50	19	13	26	59	12	66	59	11	66	51	34	55	5	40	61	83	94	56	89	46	4	61	39	52	30	10	92	91	71	32	33	12	20	53	36	35	38	10	
46	5	85	96	80	91	44	45	62	3	70	45	59	81	37	32	93	60	68	25	26	40	71	68	64	6	26	21	18	65	76	11	17	11	35	12	61	29	11	51	61	96	99	22	5	46	2	85	42	2	
83	69	83	94	54	97	49	18	50	27	16	98	53	47	51	65	66	91	30	61	40	61	66	30	5	50	21	59	75	34	56	68	14	60	43	88	77	36	61	48	77	33	29	70	43	23	61	61	51	28	
42	13	59	55	64	87	83	41	61	25	78	23	37	12	16	18	91	93	89	79	55	8	64	54	15	9	65	71	90	61	80	16	66	53	92	92	29	61	100	61	38	42	76	23	24	52	66	65	24	23	
38	95	69	27	35	55	90	28	84	49	16	89	66	55	74	87	58	3	14	63	90	26	20	93	82	28	83	70	61	23	43	26	66	32	24	47	86	54	27	33	7	41	50	35	40	43	48	61	72	99	
56	17	60	4	35	53	53	63	18	11	19	18	60	95	9	12	24	22	85	18	57	17	91	59	34	52	57	79	77	59	43	66	75	60	86	14	68	85	90	76	62	86	77	75	92	57	100	36	54	23	
66	70	69	62	35	39	45	56	87	67	59	5	77	68	75	44	16	27	62	40	43	44	82	68	94	23	65	80	67	79	85	34	38	79	11	41	84	47	91	29	25	10	98	61	74	45	40	35	65	66	
17	61	2	68	80	96	47	90	14	72	34	95	69	53	77	70	86	14	30	74	14	17	84	12	8	29	30	11	41	12	21	6	93	76	8	78	87	73	36	7	80	79	17	13	39	91	31	18	57	29	
8	35	88	27	98	80	9	49	35	61	27	71	42	72	5	5	44	30	70	64	79	7	13	86	32	40	15	76	17	49	44	28	99	76	20	34	21	23	29	2	77	62	32	19	57	41	28	57	38	6	
27	100	16	23	71	17	86	57	96	45	24	41	26	36	30	67	51	76	27	50	5	6	37	63	75	77	62	42	93	29	65	15	90	75	6	92	17	36	85	24	65	55	11	25	38	71	73	5	53	52	
12	73	81	19	91	84	54	84	28	56	91	7	45	91	23	48	30	50	26	46	29	77	90	74	5	80	74	38	46	14	31	30	90	5	8	38	12	24	53	88	91	15	69	66	41	98	22	41	87	36	
78	87	11	27	19	83	7	41	86	34	10	44	24	38	97	59	48	99	68	60	36	54	63	2	32	72	65	23	18	41	98	91	62	40	22	65	84	78	85	91	82	42	74	71	4	71	88	52	66	78	
22	44	51	60	23	52	44	78	73	81	73	98	4	55	74	25	49	54	99	72	78	67	30	34	90	98	74	85	39	1	38	87	32	3	30	99	19	53	26	26	64	14	83	28	66	73	18	1	71	38	
61	87	98	55	55	74	58	57	71	3	48	26	48	82	51	44	87	78	73	42	56	49	85	90	76	9	65	89	7	65	65	35	52	62	25	95	40	13	21	3	65	10	29	48	86	53	29	48	18	17	
75	9	71	66	27	4	12	84	4	49	59	54	3	39	33	51	8	78	25	90	67	19	59	57	21	88	51	32	9	74	2	50	86	96	66	89	27	78	87	59	4	2	4	44	51	24	52	20	69	46	
9	36	33	15	87	58	81	70	50	90	31	57	2	27	36	96	92	15	68	58	26	7	8	98	77	50	71	35	35	49	100	92	47	68	96	26	18	89	86	20	97	35	30	7	63	10	28	52	61	33	
76	20	89	61	78	87	20	26	21	100	96	33	61	61	54	94	83	16	52	94	33	65	15	18	36	14	13	76	32	62	40	20	25	64	69	21	99	23	85	65	55	18	28	82	85	52	1	11	63	74	
24	79	42	33	33	24	74	41	62	16	92	73	54	42	31	17	90	51	72	59	31	99	19	68	8	18	73	11	19	5	53	15	100	13	51	54	89	81	65	31	3	35	18	84	87	54	60	35	11	77	
21	51	24	99	57	4	96	78	99	39	94	49	13	83	79	32	19	60	29	55	25	100	15	52	95	46	81	100	18	97	22	91	92	57	40	75	8	58	35	13	5	88	72	8	49	45	93	33	24	84	
6	50	66	43	54	100	74	61	35	14	61	11	47	47	47	36	59	77	6	37	51	88	4	61	56	35	14	97	8	78	66	61	82	9	94	31	63	26	80	83	5	17	87	11	42	66	72	48	74	94	
80	25	51	83	80	11	7	72	3	63	21	95	65	26	25	17	11	12	68	92	5	17	7	22	41	57	96	32	71	55	81	52	55	82	28	91	87	47	43	49	60	89	63	73	61	19	13	95	15	9	
75	72	14	21	13	29	13	35	32	90	70	22	86	18	51	47	54	19	47	25	42	86	72	51	97	68	15	79	30	4	98	23	75	56	41	3	53	27	39	60	4	54	15	13	4	97	83	33	86	88	
57	54	36	93	71	51	20	98	7	46	69	44	47	31	41	48	90	23	16	96	97	71	100	99	70	94	54	35	62	30	65	35	80	96	19	68	36	18	60	45	38	63	29	54	47	88	29	64	36	94	
47	2	15	35	40	64	22	36	68	15	93	6	13	7	52	64	41	97	90	6	79	57	29	74	20	12	76	22	78	37	25	77	51	2	64	45	78	53	79	6	81	59	78	3	34	70	77	20	8	58	
3	96	73	44	23	25	58	36	8	41	9	12	72	89	89	42	59	21	100	35	65	77	39	30	14	43	17	100	32	82	88	15	88	97	68	81	80	63	65	82	11	28	28	49	62	95	81	58	64	9	
24	40	30	22	94	28	92	21	33	90	63	15	2	23	4	43	24	8	84	37	73	46	50	44	20	21	52	14	4	72	84	82	2	66	39	16	7	94	99	11	36	44	85	39	33	25	56	95	36	26	
37	97	23	61	86	24	57	16	69	14	93	98	72	39	19	72	81	34	45	6	18	63	61	84	85	25	18	54	95	42	28	4	61	95	61	2	73	82	91	36	8	17	41	38	26	6	92	82	65	54	
86	81	26	3	28	42	20	93	56	31	16	96	60	72	1	85	41	80	62	8	58	97	37	97	98	84	89	36	71	85	17	56	13	79	97	34	39	67	18	17	1	67	59	100	23	25	18	22	28	49	
98	67	75	29	93	76	74	14	49	8	40	32	87	20	18	94	99	36	80	20	75	23	65	62	10	20	42	23	99	62	91	97	23	3	46	76	84	30	34	99	40	27	13	40	44	29	100	62	96	64	
17	78	60	86	18	5	1	50	73	89	45	64	10	56	72	35	53	96	88	88	2	96	41	27	40	89	77	67	67	57	47	51	1	31	11	36	89	72	8	11	6	11	83	88	69	94	78	58	64	61	
53	27	62	54	76	64	2	25	96	20	34	92	5	6	67	83	35	51	62	32	54	50	65	40	56	94	64	18	67	45	28	58	97	79	52	8	14	26	12	54	30	73	23	21	22	16	29	52	13	63	
83	40	4	40	5	91	30	45	97	76	63	45	78	86	11	25	70	84	71	23	19	50	31	17	66	33	41	41	86	71	92	55	53	41	73	82	14	45	90	7	76	54	81	84	30	60	52	99	71	97	
6	95	2	49	67	41	2	61	3	22	21	86	93	60	30	69	17	3	14	43	42	45	20	77	36	64	80	9	50	86	69	49	26	6	73	53	31	37	76	74	44	74	99	57	5	66	32	47	40	55	
58	96	12	26	54	10	36	64	12	74	6	23	35	35	80	47	78	25	34	99	43	79	94	88	66	59	88	9	35	88	91	19	34	73	45	20	10	54	84	38	87	13	89	98	98	34	66	38	95	95	
6	21	65	26	79	33	52	81	72	79	70	93	63	100	62	12	10	97	31	53	78	19	54	96	40	51	43	20	24	22	36	55	1	99	12	100	22	55	72	25	58	16	28	51	95	33	92	11	93	30	
64	88	14	14	41	8	70	73	16	50	41	71	44	63	89	33	62	29	39	74	20	7	17	12	57	44	71	77	12	35	100	92	67	79	81	10	60	47	59	7	20	74	50	84	96	39	63	21	99	76	
42	90	75	59	90	11	65	38	22	17	39	12	60	59	3	85	63	67	7	26	59	48	13	30	28	83	1	68	36	65	18	45	39	76	99	25	88	9	14	91	23	66	24	34	21	8	45	6	41	24	
60	72	92	42	14	46	97	20	2	100	42	67	19	80	32	85	36	65	95	51	27	51	93	64	50	57	50	18	73	79	89	95	78	26	50	86	99	36	26	74	73	47	33	31	12	63	20	44	13	50	
60	38	83	52	99	77	35	2	36	67	75	81	80	71	7	43	95	30	1	7	27	47	24	88	82	65	12	15	95	57	40	69	9	18	19	19	51	96	27	52	88	39	46	26	78	20	71	92	60	75	
12	52	60	70	94	62	85	74	45	96	47	6	9	22	32	93	32	66	6	41	9	55	36	16	90	71	45	87	80	56	48	72	80	56	28	1	57	76	55	67	43	5	60	49	97	24	93	16	73	96	
65	58	95	25	28	82	18	8	39	92	27	32	32	26	13	89	80	24	20	99	28	57	47	82	12	19	61	5	26	93	55	1	75	17	34	38	35	25	49	71	10	32	85	32	55	92	76	14	12	48	
21	65	57	53	3	3	79	27	43	8	34	78	45	62	29	19	7	34	46	32	11	32	6	83	12	80	32	77	90	81	63	12	33	70	18	71	69	84	31	61	67	89	92	81	70	48	64	87	25	17	
71	93	37	1	70	94	50	16	47	40	38	30	18	77	61	77	7	25	7	82	32	84	39	22	43	59	14	20	63	75	37	57	43	98	70	29	39	92	20	94	54	91	55	88	8	34	41	12	39	33	
88	91	44	36	49	90	3	26	20	24	53	59	20	86	11	40	61	5	48	82	29	80	79	91	40	75	8	100	46	63	51	12	94	44	22	36	70	93	56	41	87	98	9	46	87	1	46	14	68	57	
24	43	65	57	15	54	45	96	40	18	77	85	99	82	9	15	18	76	56	45	58	21	74	68	50	66	82	63	42	14	56	53	91	32	1	20	30	45	82	48	70	58	71	96	60	65	29	15	77	26	
46	74	35	30	95	51	38	78	83	97	8	39	100	98	69	83	91	78	58	80	21	15	11	16	97	77	31	84	58	95	43	33	60	21	81	86	24	49	85	65	1	91	79	87	81	39	72	6	71	56	
5	27	89	71	18	14	57	75	29	64	4	45	51	21	3	43	65	57	93	57	44	40	77	98	6	58	88	59	10	86	63	91	49	5	71	80	94	3	85	100	93	30	87	94	35	89	60	8	21	64	
90	57	15	39	88	36	61	54	19	82	88	88	69	35	35	86	10	92	87	57	48	25	80	11	33	11	22	13	1	100	57	78	62	20	44	28	44	87	40	80	79	71	6	51	74	54	82	93	7	50	
91	81	46	89	69	35	75	1	36	46	78	19	51	23	14	8	22	96	84	94	54	39	80	27	60	91	47	28	75	99	20	83	43	2	13	95	58	34	56	11	94	19	26	75	49	74	8	69	85	62	
84	67	38	39	43	92	41	100	39	51	73	30	66	10	27	76	14	7	66	40	25	27	10	36	62	94	70	58	64	43	13	69	52	80	46	87	97	44	36	49	85	31	4	63	18	41	71	86	48	58	
33	86	39	73	94	81	87	18	1	52	61	58	33	87	26	70	52	94	78	3	26	83	2	90	66	28	9	72	51	40	46	41	18	9	63	13	50	12	85	99	2	87	34	30	18	15	79	38	51	71	
30	26	88	24	88	64	28	6	29	90	86	75	72	14	1	46	71	48	77	66	22	7	100	42	77	65	84	74	18	50	59	30	4	11	94	72	28	4	28	27	24	70	40	50	24	1	82	35	43	20	
71	54	46	23	95	53	42	59	95	16	81	36	9	87	61	93	13	1	85	74	76	75	2	76	24	56	31	87	82	16	68	10	21	66	89	45	56	1	38	95	57	18	39	89	60	56	69	49	6	65	
9	52	51	86	23	63	94	7	56	24	42	32	42	37	13	67	67	81	24	25	32	47	25	82	95	67	85	56	1	90	33	92	30	31	4	47	11	73	49	45	94	27	22	25	69	60	29	99	75	58	
7	10	49	76	96	38	87	91	82	7	42	72	47	86	62	18	53	95	43	38	37	37	74	73	5	40	62	77	43	80	96	13	86	97	71	35	14	43	85	48	67	27	83	87	97	31	1	33	91	21	
57	78	49	79	56	6	93	25	40	24	29	6	90	99	12	75	40	62	69	80	91	88	78	41	22	64	26	84	28	10	76	66	46	4	21	92	34	33	6	26	32	78	52	48	5	83	6	88	53	88	
94	59	40	23	70	70	65	76	74	81	4	99	42	22	63	14	36	23	36	25	88	94	72	53	76	55	70	45	59	28	67	32	70	15	100	33	23	42	28	31	77	32	75	61	88	35	18	96	20	48	
21	17	2	80	4	4	56	51	94	81	33	40	96	100	22	12	72	60	34	83	32	79	64	26	68	75	88	100	80	27	47	67	80	7	30	36	79	23	47	38	74	99	59	23	12	89	20	37	91	9	
21	21	8	6	61	28	94	31	82	65	73	74	35	7	40	60	76	17	55	42	95	93	85	22	39	24	44	85	79	9	22	50	22	87	93	39	88	78	46	33	83	30	81	91	47	23	57	3	63	78	
1	33	46	71	88	87	47	43	80	63	61	67	64	19	97	12	33	44	62	95	1	2	74	45	46	23	91	95	24	25	36	78	89	7	36	3	26	45	25	32	64	86	72	83	51	13	25	29	81	25	
93	72	18	69	7	12	66	3	22	31	63	84	59	74	3	11	1	97	23	61	86	94	1	7	63	50	47	95	4	73	99	27	89	81	39	83	7	85	100	54	39	64	31	99	16	28	33	35	69	36	
89	16	13	83	50	68	32	92	50	91	55	80	56	33	51	70	88	4	66	70	61	86	85	54	17	52	12	1	76	6	66	83	14	100	61	6	31	100	20	57	90	91	19	89	28	64	78	61	74	8	
49	24	22	1	53	89	42	92	73	58	39	90	10	73	73	23	53	21	21	23	16	19	31	51	54	38	100	82	60	57	86	83	89	55	13	87	75	83	63	30	44	63	35	94	19	20	22	6	83	37	
52	46	51	81	69	89	42	69	66	86	88	33	98	34	92	23	24	24	34	74	66	41	90	84	85	61	1	16	1	83	17	14	18	67	5	71	33	88	85	24	24	15	42	43	65	78	31	41	99	79	
54	30	72	66	99	88	20	76	63	27	32	4	90	66	69	73	100	44	85	93	2	48	84	49	3	19	27	46	53	72	42	9	7	43	34	9	77	45	75	61	7	97	21	34	6	56	12	41	5	82	
19	17	37	85	61	4	44	66	4	85	73	29	16	60	9	35	39	36	49	28	95	78	28	46	55	49	41	1	12	36	36	91	64	35	50	84	79	36	34	68	3	53	76	80	40	66	23	49	5	81	
65	9	34	27	18	69	5	41	42	66	94	12	50	8	79	84	25	93	70	41	37	85	9	24	19	43	91	51	54	61	83	38	90	62	52	49	66	42	25	17	24	72	38	13	52	92	58	68	63	63	
73	53	15	54	93	86	27	87	4	29	56	69	59	69	13	64	17	23	52	13	52	95	74	88	84	71	94	33	25	54	88	45	35	46	20	87	8	42	99	33	72	1	27	98	49	97	41	92	5	67	
55	9	4	10	49	36	27	8	69	43	41	74	43	93	11	33	5	74	89	6	100	54	45	59	8	2	4	10	4	27	1	38	49	32	84	9	76	89	24	35	20	63	97	22	91	62	64	65	15	82	
55	9	68	75	33	82	89	60	7	61	49	48	95	31	100	63	77	55	53	73	85	50	30	62	17	58	16	8	65	32	90	53	7	95	11	70	2	40	3	76	74	66	46	38	88	83	74	57	50	24	
47	64	82	44	33	33	58	5	23	91	92	65	68	6	29	22	6	67	75	92	30	85	52	5	83	80	86	68	29	47	54	5	97	91	43	93	5	97	10	51	35	69	31	33	79	38	88	63	3	45	
35	83	92	43	24	23	72	62	6	98	19	41	22	4	10	32	53	65	67	100	96	46	98	4	77	43	51	20	35	2	19	35	22	52	61	37	4	28	41	69	69	27	95	27	70	38	67	19	56	15	
86	16	71	7	76	58	31	42	7	2	1	41	44	19	33	24	50	79	38	93	40	91	7	46	100	66	98	39	15	35	54	89	76	46	25	13	55	97	3	16	63	10	2	95	36	29	23	12	20	7	
7	54	41	17	59	85	76	96	88	54	74	15	6	21	94	16	78	7	41	87	11	91	33	45	36	90	25	52	6	21	77	85	22	12	34	39	70	15	57	34	2	44	34	43	29	33	43	79	84	98	
60	94	80	30	24	87	84	71	12	24	53	43	72	6	31	32	31	51	95	43	76	71	90	82	55	58	98	39	72	15	30	57	57	87	43	37	42	90	10	92	65	33	92	60	99	88	10	42	62	48	
97	17	57	76	81	58	67	49	45	38	74	32	35	20	1	39	41	54	83	86	60	26	27	19	11	43	2	75	71	36	80	25	44	25	23	94	89	74	71	57	62	22	89	61	53	87	76	20	23	62	
43	84	65	57	6	74	54	51	66	39	58	70	56	82	15	92	90	46	9	47	38	73	97	70	1	62	69	22	92	5	45	82	11	69	35	82	86	40	23	34	24	77	47	65	84	17	95	83	71	32	
19	7	8	41	55	50	40	22	100	52	75	69	72	74	72	1	67	16	16	12	77	29	53	15	49	7	75	32	78	3	73	25	82	100	94	56	1	21	80	52	98	70	74	89	76	35	6	20	38	85	
19	36	36	64	75	2	4	44	63	30	64	93	98	76	42	83	77	67	57	27	43	94	46	33	56	44	37	3	88	40	8	30	86	10	75	54	60	16	90	90	2	15	62	37	46	15	25	31	10	70	
3	6	93	11	61	59	10	13	43	55	90	52	22	6	81	83	27	6	20	63	12	21	64	92	89	55	8	45	42	30	15	15	75	81	43	97	92	34	45	79	89	7	76	24	5	81	35	55	83	12	
13	71	13	80	44	69	71	7	75	48	85	81	85	5	69	67	47	70	21	6	90	23	79	14	9	100	68	40	52	79	94	56	44	99	65	71	57	56	38	94	29	81	29	99	83	93	38	67	8	76	
64	87	94	32	24	68	45	1	100	78	5	60	65	12	62	30	75	65	36	62	32	53	51	78	34	14	43	83	93	71	72	88	67	54	27	91	44	4	37	25	78	8	37	51	62	39	62	74	83	93	
37	100	99	62	14	49	40	69	67	31	3	62	33	3	13	47	80	89	64	93	31	45	59	55	63	61	7	89	83	69	60	55	35	83	97	37	90	83	72	20	31	46	94	9	26	46	13	71	63	15	