250
50
3066	10564	10717	2761	5608	2746	5839	8736	5400	3730	5567	9208	4041	8868	6431	7383	4236	10044	8974	10141	1885	10045	8443	2200	8073	6279	2854	7200	3026	4128	7028	7965	10937	8836	6682	3152	3346	4067	7072	5759	4877	3508	10733	9424	9448	8268	7696	7687	9656	8570	7098	2088	8194	9462	8681	3673	5841	5720	4707	6436	10312	4166	10375	8405	8338	4365	9380	6734	6901	2741	7085	9319	5413	2186	6846	3542	9484	2115	2386	5242	9711	3202	5618	9991	2950	6501	8444	2973	3197	7968	6969	5985	10506	10789	10358	9702	3588	4370	6323	2033	5129	3491	9334	2329	5734	6429	7089	4125	8892	8203	2442	6408	6570	8349	9011	2893	10345	2400	3265	9757	9313	5538	8968	6040	3388	7495	8619	4660	6932	6740	4728	9726	5403	8815	6166	6966	1751	8827	1675	3737	7231	8921	3950	4656	4329	10118	3529	10433	6712	5661	6009	6568	2099	5320	6030	5757	2518	8747	9913	1639	2094	9511	3071	6781	5171	9507	7260	8812	5524	6862	5268	3387	8357	8137	6106	9013	9012	4250	4612	9063	5872	3596	8947	5732	4058	9607	8448	3256	6789	3079	3139	5593	3172	10866	10049	2320	10918	3623	1702	4262	7333	2902	9564	3044	10940	2757	1740	6134	9601	5596	9475	7383	2235	9741	2722	1939	6435	6622	3546	5101	9907	9992	8758	8584	7224	9137	6657	9165	9722	5958	5396	10012	4125	4206	2261	1643	8465	1688	5753	7713	6491	10192	6595	8217	8731	6964	4790	10182	7140	8437	
40	11	33	43	11	18	56	84	43	22	29	17	65	48	55	75	12	2	30	92	93	4	87	47	99	82	81	79	78	12	51	52	50	58	62	64	47	70	16	28	13	9	70	72	82	45	8	23	21	21	
52	91	22	80	21	60	58	20	53	43	49	96	65	72	8	7	7	21	47	14	42	88	81	4	53	78	46	73	57	71	26	2	85	65	52	58	53	19	21	18	31	44	49	35	86	21	46	58	65	35	
90	94	26	62	33	82	52	37	64	91	90	97	8	84	16	92	49	3	5	71	100	68	54	18	44	89	8	95	43	40	65	88	78	51	70	90	54	98	21	67	9	12	54	70	92	33	66	10	99	86	
7	98	98	36	45	15	67	70	80	84	22	9	68	26	31	30	80	50	21	82	1	99	27	98	51	46	49	44	87	24	8	75	95	23	19	66	10	98	24	43	10	61	52	44	70	60	93	76	73	59	
10	41	12	80	34	64	45	71	96	35	67	1	2	42	14	8	57	78	35	44	92	23	63	94	48	56	97	66	23	36	72	74	88	58	59	68	14	77	54	79	95	53	23	73	30	61	18	54	6	68	
92	46	15	77	63	37	68	77	11	82	6	59	10	89	20	93	30	38	25	56	56	94	53	71	7	36	59	5	66	1	53	10	35	9	11	24	91	32	17	69	3	10	43	97	26	40	66	83	95	77	
92	68	86	30	22	88	5	51	75	51	26	28	78	54	99	53	65	35	86	13	46	20	1	20	57	99	66	1	82	40	5	87	13	36	36	89	100	30	33	41	88	77	75	53	62	25	5	12	34	31	
45	100	49	44	62	40	91	21	86	82	17	55	98	85	54	31	57	61	30	49	41	94	26	62	98	33	76	28	55	33	47	86	22	5	68	82	79	68	10	17	49	37	18	93	91	99	53	79	59	27	
99	26	12	63	37	86	84	64	89	40	33	80	99	24	30	28	88	1	75	61	96	44	25	56	25	97	86	74	17	55	7	56	43	64	63	64	90	33	35	81	65	19	6	27	60	23	39	56	40	96	
8	43	54	59	93	69	75	87	67	69	24	86	25	7	39	98	41	78	75	85	57	59	62	97	27	65	67	9	77	69	2	86	67	2	8	23	39	44	99	59	100	54	23	52	95	26	12	84	29	48	
1	30	66	11	36	84	27	98	28	64	31	32	95	18	77	89	4	98	57	89	25	84	37	18	32	82	58	50	32	10	39	84	98	53	84	90	35	64	23	44	23	18	43	1	86	68	91	20	6	45	
49	52	74	12	8	58	40	59	10	5	13	85	20	57	16	43	43	87	5	100	14	36	100	54	15	23	88	33	99	73	99	30	24	19	65	69	30	92	7	16	8	4	16	50	52	5	27	92	81	32	
86	31	82	20	79	7	7	30	59	42	22	94	90	18	1	13	11	57	1	45	61	38	64	53	46	70	45	28	20	89	44	96	13	73	91	57	49	61	36	46	1	47	14	89	4	77	5	1	18	54	
1	62	3	63	50	43	54	34	47	91	7	30	87	86	18	17	89	21	71	56	76	83	64	29	61	30	88	75	68	84	92	15	95	98	3	78	93	56	36	63	36	23	19	8	71	51	27	32	6	100	
74	79	60	42	41	94	84	53	7	85	32	6	31	73	28	24	1	23	82	62	34	100	22	16	9	20	67	77	60	63	55	97	60	72	80	15	71	74	35	58	51	78	45	47	29	36	32	25	8	89	
60	23	33	17	49	27	48	65	53	91	36	32	31	30	100	27	82	79	39	30	99	10	24	27	65	28	76	89	17	99	6	21	30	86	68	12	95	78	29	41	13	57	66	37	15	27	34	87	75	3	
75	48	94	35	56	9	54	8	56	93	79	60	45	11	51	90	13	8	68	54	64	51	41	79	57	52	66	36	74	47	21	46	52	40	71	26	93	100	87	86	50	86	96	34	47	7	42	61	94	58	
11	3	87	96	38	100	12	30	29	13	2	55	42	53	93	45	14	39	5	78	41	99	33	83	28	61	4	5	79	16	76	38	99	38	50	81	13	3	30	98	31	33	70	9	18	61	62	29	40	95	
80	24	7	25	75	75	19	98	79	56	94	60	75	53	40	38	28	11	83	8	4	60	83	82	1	59	86	93	70	85	98	77	25	20	78	78	43	31	95	13	5	59	80	87	48	34	75	43	15	95	
73	77	23	98	77	62	87	7	42	64	74	32	69	34	72	47	59	14	99	93	66	89	84	67	85	81	99	36	77	59	24	41	14	7	70	69	88	86	92	5	39	76	75	15	69	79	69	93	61	26	
98	84	23	23	89	84	17	13	77	45	53	55	91	60	46	37	25	7	75	86	49	59	87	22	20	6	46	87	85	41	3	47	93	1	40	26	64	66	40	45	78	71	42	64	70	64	19	46	62	23	
78	3	62	24	56	82	2	4	81	100	11	82	11	50	31	17	77	25	24	19	76	29	41	50	16	84	37	66	88	49	52	5	23	96	5	8	71	26	58	33	86	21	58	3	21	45	55	83	72	57	
51	3	7	2	51	46	79	77	87	82	15	2	60	16	15	34	22	71	18	14	71	47	8	20	56	96	75	83	2	27	49	77	2	26	70	94	39	49	70	69	36	29	74	99	46	96	45	5	27	24	
37	93	68	22	26	30	55	53	23	52	6	51	15	52	100	52	62	23	80	76	59	48	20	24	42	75	66	63	84	8	7	28	30	1	24	64	52	46	28	69	24	80	96	37	57	64	41	93	36	95	
96	70	49	69	95	88	7	2	72	10	88	55	16	99	54	64	57	5	30	30	66	40	43	36	95	41	48	7	90	13	4	6	53	100	76	51	39	42	64	91	10	8	95	76	80	2	24	97	32	1	
39	7	81	62	54	25	23	97	42	93	83	30	35	40	63	63	9	73	49	10	16	94	21	2	25	10	95	54	14	5	57	39	87	65	5	34	40	93	93	14	75	43	27	12	57	73	83	81	50	84	
41	15	73	1	44	16	83	15	26	23	55	81	87	29	20	59	91	57	88	24	17	79	70	97	96	77	55	66	15	4	33	92	54	84	52	40	10	51	55	59	12	30	36	7	24	8	11	3	12	33	
97	41	98	55	27	6	39	98	72	72	7	9	26	72	46	45	82	80	47	81	10	28	57	47	4	56	11	41	71	81	60	65	71	8	37	81	33	37	73	95	8	31	52	97	28	62	95	28	94	27	
79	61	100	18	41	98	63	87	39	19	40	37	50	58	23	26	31	75	56	68	84	45	21	75	88	97	73	64	100	62	32	29	23	20	60	41	9	57	76	51	45	59	93	80	15	19	74	36	70	28	
48	94	30	73	30	22	100	66	27	45	79	80	44	70	93	63	8	25	81	50	63	87	10	5	37	84	9	56	52	17	40	10	43	23	39	55	6	81	15	85	87	35	73	16	89	74	99	74	44	8	
43	57	3	21	60	27	12	86	7	79	94	88	23	67	57	77	10	21	83	48	9	63	86	28	40	7	30	5	45	11	52	46	56	6	31	71	67	23	91	88	4	99	44	8	97	22	91	93	11	51	
51	11	100	36	87	82	60	88	42	65	30	10	98	6	46	78	40	44	49	17	80	55	14	29	53	72	33	72	26	21	81	78	56	45	54	65	88	21	35	98	4	96	49	84	30	71	14	8	83	33	
68	57	16	16	73	84	82	18	99	95	29	25	30	85	4	13	80	39	19	31	83	79	6	78	93	21	81	36	28	78	68	23	32	22	72	65	37	79	97	20	57	41	48	83	36	6	59	71	35	73	
41	63	47	71	44	32	47	87	65	13	29	26	63	87	93	14	51	61	82	32	74	92	68	41	13	88	49	29	41	61	19	9	51	31	88	18	22	14	92	24	80	26	26	38	93	88	52	64	89	24	
4	62	97	88	83	98	38	47	91	93	30	13	78	15	77	14	86	65	53	25	5	50	5	14	100	53	40	76	50	27	58	41	19	90	56	100	51	95	20	80	50	86	61	50	4	84	79	55	43	58	
55	99	56	61	5	29	1	62	45	92	78	87	58	61	65	38	50	59	18	90	38	21	89	50	30	81	33	40	52	61	83	45	58	13	13	28	24	38	50	8	7	65	70	53	26	99	99	30	85	35	
21	18	55	21	38	79	89	4	48	29	23	3	46	76	95	83	38	99	91	21	39	84	81	14	6	61	30	32	99	91	76	39	97	91	16	40	98	16	47	9	76	26	50	16	97	2	11	61	88	99	
17	73	29	35	81	46	10	75	70	2	62	49	46	18	75	97	48	56	41	58	74	71	90	32	27	99	17	77	57	41	16	29	98	4	52	58	80	58	52	83	80	16	6	31	23	61	81	100	63	61	
10	52	93	58	6	74	78	15	11	53	91	55	70	68	10	37	10	1	7	36	50	1	27	45	71	68	47	93	35	41	53	58	16	98	90	23	90	7	62	91	1	87	81	75	94	70	13	7	75	65	
50	54	63	72	10	21	14	92	62	81	54	39	95	67	42	47	5	12	50	11	68	20	33	36	1	10	26	66	50	67	91	2	53	75	98	64	62	43	16	35	22	29	48	88	48	22	42	100	37	57	
39	93	21	55	70	60	33	10	100	63	45	81	71	13	20	53	6	73	46	75	74	33	89	81	25	58	54	68	38	12	44	82	56	87	77	17	97	19	67	63	46	46	9	28	98	55	11	30	85	21	
62	41	11	21	31	20	86	97	38	68	24	87	41	97	47	54	25	89	18	74	2	97	88	75	31	3	25	32	46	36	76	57	39	34	64	38	25	68	30	29	7	97	64	84	99	3	1	81	88	19	
59	90	43	78	46	88	85	12	77	4	100	92	67	55	41	7	95	22	57	86	47	55	52	44	92	11	49	89	54	80	20	18	66	32	3	12	36	99	30	76	48	79	9	7	92	18	65	78	85	16	
18	75	27	51	46	13	13	27	80	34	85	92	8	62	5	67	5	43	67	97	3	31	3	18	64	78	27	74	39	32	34	62	9	72	52	72	45	20	1	45	37	6	21	83	73	90	60	62	78	54	
47	51	28	27	77	34	15	93	97	77	24	14	64	3	37	57	2	47	87	98	3	28	24	61	33	47	69	6	40	88	58	70	75	3	9	26	75	90	70	28	71	10	17	35	16	85	20	47	49	84	
95	92	32	91	4	46	37	4	81	79	71	17	90	51	50	73	35	8	73	3	94	49	62	80	44	71	53	56	81	98	64	65	72	62	75	99	95	95	96	99	29	40	100	21	27	99	61	59	76	62	
16	40	12	10	30	22	66	60	56	65	51	5	10	52	7	81	89	71	75	32	15	5	64	86	94	75	30	52	98	34	87	96	22	18	3	54	79	96	75	4	29	62	69	3	48	80	68	37	98	77	
78	69	48	23	70	75	41	55	67	92	41	46	3	29	76	10	8	14	60	91	98	72	93	98	84	66	32	62	10	33	1	38	98	10	92	77	65	33	49	39	14	34	70	23	44	94	35	36	22	11	
68	21	94	95	93	27	49	6	14	88	67	83	65	25	86	45	90	21	99	47	47	6	54	37	56	68	12	40	27	69	1	56	44	26	53	67	92	5	29	74	38	25	58	19	25	65	50	54	30	32	
55	70	83	37	80	97	69	60	92	29	49	36	57	49	74	74	100	48	73	88	92	62	46	14	84	83	91	31	56	6	47	19	49	17	26	15	92	48	71	55	52	37	69	12	60	79	88	59	93	61	
41	34	19	99	74	76	30	35	40	52	29	60	19	11	29	71	66	22	96	66	23	86	42	53	25	26	39	23	64	2	21	94	20	3	94	54	53	6	63	45	21	6	50	64	70	68	77	74	11	46	
7	63	78	62	95	83	25	56	78	48	24	49	8	97	55	57	13	35	12	77	31	1	51	24	59	53	70	76	6	35	93	73	49	92	87	68	28	44	49	36	22	10	34	74	8	87	11	57	77	88	
72	37	69	3	21	88	55	53	34	46	65	27	61	91	53	45	93	67	39	68	44	46	73	55	7	77	10	44	74	69	96	1	50	13	90	65	88	32	91	78	22	17	32	87	85	91	57	52	37	97	
11	3	32	22	89	15	1	85	36	10	49	59	87	97	60	5	94	16	83	40	82	33	39	54	20	14	57	65	7	82	56	75	7	8	100	50	88	15	20	51	39	93	62	93	76	42	10	94	61	97	
6	50	99	9	37	48	76	75	88	6	58	45	79	92	76	58	10	66	45	67	11	56	7	66	59	42	95	38	4	35	55	66	27	49	70	89	11	18	76	97	10	9	72	88	33	17	48	42	92	61	
93	71	69	5	58	64	8	76	86	28	40	58	23	93	85	77	82	43	2	8	32	73	73	70	18	98	40	95	35	61	46	74	21	18	32	32	46	86	94	67	98	92	12	73	94	63	93	27	79	32	
99	89	89	61	50	88	75	100	16	47	33	34	43	99	79	88	85	96	56	98	26	89	87	52	10	65	80	74	30	40	64	4	32	60	22	82	34	61	28	61	73	71	22	90	24	78	72	49	58	83	
6	26	31	18	17	67	19	95	77	39	49	11	97	96	79	45	41	19	37	92	70	82	19	43	62	75	1	6	65	59	26	6	46	64	56	30	61	35	19	100	62	86	71	87	96	37	63	95	89	24	
93	83	2	9	57	14	98	46	57	32	79	63	9	4	61	67	71	3	99	94	85	96	96	54	88	65	36	42	52	86	41	8	54	38	33	22	85	12	57	78	42	53	94	98	72	43	67	54	63	19	
18	20	89	75	22	100	63	94	52	17	59	24	4	49	95	62	80	44	96	41	48	58	80	18	48	89	28	16	13	12	41	58	15	30	95	3	68	91	27	75	33	55	42	39	19	88	9	65	67	34	
79	82	65	85	63	31	36	48	31	41	82	87	35	4	92	77	66	25	41	12	85	61	31	40	6	89	61	31	11	54	27	91	18	93	83	76	54	43	10	80	84	64	88	93	94	41	61	57	58	61	
34	58	10	55	50	44	100	56	34	47	34	39	100	54	92	8	60	59	88	60	82	75	33	56	79	6	88	57	41	1	23	11	22	42	44	12	57	29	19	52	80	69	36	34	35	1	76	38	38	79	
67	38	20	15	72	18	37	65	6	37	59	82	9	46	61	89	2	40	74	45	2	13	68	96	89	51	85	47	40	70	41	91	66	84	52	70	36	72	74	77	59	73	49	11	58	19	94	38	68	97	
82	31	34	2	6	88	91	7	17	49	48	68	74	68	29	59	60	99	10	72	36	9	78	56	55	38	8	55	42	43	97	94	17	17	47	11	29	71	56	17	100	1	63	72	29	95	71	72	88	49	
21	96	3	94	14	76	26	52	92	59	11	70	14	92	77	20	15	54	8	36	21	100	14	37	39	99	76	71	76	86	34	59	42	49	87	30	39	30	20	80	38	11	91	2	12	5	16	46	61	77	
47	35	43	76	46	29	28	44	72	10	1	16	58	54	94	61	31	76	43	12	4	92	72	69	54	34	60	96	45	92	49	47	82	87	98	67	91	89	77	75	55	40	70	26	75	50	39	92	15	58	
39	20	52	92	11	64	52	75	91	83	33	43	94	62	82	74	83	95	52	68	26	40	45	3	80	35	57	51	87	25	47	64	59	52	44	26	71	7	25	50	11	34	8	71	50	44	48	41	17	85	
38	57	14	62	46	53	96	11	37	51	93	72	71	48	55	10	70	79	60	85	91	97	99	68	55	41	21	43	15	99	35	63	69	83	72	40	44	61	56	74	2	32	56	70	63	27	1	94	28	74	
85	61	54	66	99	56	16	4	54	34	50	22	98	58	71	16	29	52	9	11	67	96	1	65	23	83	31	81	90	9	23	74	46	75	100	24	30	21	94	1	43	21	53	48	82	97	77	62	8	49	
93	1	5	1	37	12	84	4	18	57	35	59	66	81	38	42	96	52	78	37	45	62	25	32	58	79	86	13	29	67	27	62	30	43	18	63	73	22	74	48	98	63	70	51	80	34	52	55	95	42	
1	30	86	8	85	23	29	81	31	37	77	17	99	96	39	62	24	9	29	33	76	59	77	73	49	94	92	14	76	84	29	3	27	77	93	45	51	76	66	86	54	4	78	35	34	34	20	99	10	17	
84	74	15	9	95	23	47	97	39	40	90	74	17	58	54	7	95	72	97	100	100	86	16	48	97	86	37	36	55	8	36	17	73	61	64	94	27	17	58	71	64	70	71	49	58	42	52	100	84	75	
43	31	96	42	96	8	8	72	6	36	13	57	31	90	90	1	40	38	76	18	97	29	20	1	92	6	35	5	58	89	7	29	55	29	49	74	94	21	90	34	36	48	41	29	92	69	86	88	5	92	
82	57	1	86	67	68	20	23	13	13	82	57	70	98	41	84	91	71	32	29	33	53	19	60	70	21	90	38	70	7	67	31	15	27	24	57	71	46	19	49	39	43	4	40	34	37	58	11	83	82	
50	72	33	48	39	37	17	41	64	33	11	30	80	59	80	86	43	61	9	51	46	16	46	88	74	23	23	88	7	51	21	22	9	94	95	79	78	22	78	16	24	42	32	20	42	6	14	56	53	16	
63	34	56	27	46	55	10	45	13	83	33	73	33	71	91	41	29	42	11	33	33	83	51	4	17	28	96	29	86	22	72	43	24	89	96	64	37	64	5	97	43	42	29	71	81	71	97	57	57	74	
10	64	45	95	95	9	6	94	32	10	99	34	37	65	91	47	12	87	98	49	19	19	6	76	30	66	59	28	50	93	6	52	43	89	61	19	77	99	98	49	84	59	88	7	4	5	71	77	42	29	
91	60	83	4	56	83	18	6	92	14	92	96	11	91	70	55	8	35	88	69	48	9	32	12	21	19	52	88	78	91	22	3	62	59	98	98	1	52	23	66	40	65	85	19	16	44	50	87	99	39	
91	63	70	83	1	32	99	11	77	42	34	35	81	96	37	23	36	95	10	59	15	46	97	78	14	14	72	4	36	86	28	39	16	78	37	67	62	8	56	89	100	94	69	98	46	73	28	43	40	44	
8	70	13	75	86	17	80	35	37	5	75	29	71	58	66	63	79	47	29	56	58	25	57	76	22	6	36	75	29	24	20	43	80	41	80	6	67	10	8	38	79	15	10	73	88	34	13	18	81	98	
64	18	5	51	8	18	37	25	68	21	15	85	61	45	65	16	25	20	29	48	42	81	71	47	82	47	23	17	1	95	91	83	73	64	28	67	31	54	69	60	52	4	46	59	15	50	65	27	2	24	
96	85	46	22	97	49	23	59	1	72	42	96	10	55	8	88	94	34	28	19	77	54	97	95	63	93	5	13	35	99	10	51	25	43	5	23	47	10	63	94	30	79	20	76	100	57	66	12	99	80	
16	49	33	91	4	41	92	49	25	40	90	41	94	63	5	3	23	44	18	57	26	12	1	30	89	41	80	18	89	86	75	95	36	81	12	93	70	68	40	1	38	86	4	55	43	46	57	14	27	50	
16	56	33	50	89	34	72	49	25	59	64	85	84	33	49	56	98	20	87	75	97	39	80	62	5	29	93	14	37	86	60	7	56	14	99	23	49	11	64	10	71	90	24	10	22	13	35	14	86	72	
44	39	36	67	54	27	84	43	24	6	33	97	90	80	57	74	34	20	22	97	30	85	9	7	48	89	20	17	96	97	75	89	25	14	14	2	36	92	84	64	62	90	64	85	2	38	50	21	44	9	
30	42	5	85	89	100	59	78	39	93	52	51	72	50	6	31	69	75	71	22	12	49	79	57	84	55	3	52	72	77	31	33	79	8	93	75	19	42	26	58	73	52	45	20	95	70	63	96	24	33	
73	30	27	44	90	29	79	74	20	92	67	4	91	13	55	74	71	71	65	1	62	36	49	67	38	52	67	7	64	92	81	34	29	83	50	83	57	51	68	74	100	31	89	3	15	44	31	32	85	40	
50	30	28	48	29	79	12	96	18	56	75	80	29	52	95	100	57	91	88	97	3	51	9	45	97	13	92	1	60	86	50	100	55	73	27	55	6	89	70	2	90	51	54	96	38	76	97	50	85	80	
34	64	68	65	37	9	60	15	3	33	78	58	54	22	19	62	11	44	4	66	35	22	29	66	57	53	60	6	32	53	26	53	95	81	80	41	91	1	54	25	26	66	4	80	53	28	39	19	74	29	
84	40	50	9	90	14	34	41	32	60	68	83	30	100	11	98	90	66	99	1	63	1	35	3	41	100	75	91	70	54	57	51	36	7	79	19	36	46	32	26	71	67	40	63	6	2	73	96	81	92	
10	89	78	39	97	24	73	82	16	36	24	68	46	79	84	26	5	8	37	52	90	50	79	70	58	70	20	28	13	79	68	37	93	47	100	75	77	85	68	100	45	40	71	49	73	5	87	20	33	35	
72	64	46	34	40	29	99	30	98	36	10	81	100	80	37	60	36	82	33	19	78	45	100	30	39	74	13	49	34	76	87	59	27	48	32	72	21	15	11	23	19	74	89	59	58	65	52	13	100	75	
20	34	34	21	90	87	15	11	89	60	47	46	12	41	97	15	73	38	72	14	13	80	25	77	20	99	56	2	68	93	16	5	87	16	53	47	92	41	41	16	68	11	83	46	72	44	83	9	93	81	
25	27	93	81	13	73	16	14	42	63	36	89	15	63	79	28	35	54	56	76	20	34	62	2	30	55	54	34	94	18	9	25	96	68	12	61	39	74	39	41	95	84	24	91	35	82	38	8	60	89	
2	26	11	98	30	59	8	17	63	75	50	66	34	73	83	65	98	5	15	85	93	45	28	66	25	91	22	29	97	72	94	13	19	76	31	32	75	37	73	39	25	35	73	18	76	4	67	61	52	50	
13	98	30	19	87	74	50	83	31	14	88	12	84	99	67	65	54	48	44	14	11	93	86	84	99	77	39	73	11	13	43	83	61	95	46	80	49	37	30	60	25	85	38	96	60	37	77	81	14	47	
33	98	41	15	13	92	68	84	22	12	63	91	12	45	46	47	82	72	26	47	17	20	71	28	68	70	36	29	49	65	1	20	79	21	16	5	93	32	28	22	18	30	51	80	69	27	13	14	26	69	
62	61	82	61	50	69	94	55	6	92	53	9	64	45	67	43	22	27	33	77	36	11	18	10	89	78	97	72	63	44	8	66	32	1	19	82	45	74	29	50	50	56	32	56	8	93	28	49	76	9	
61	2	57	11	6	16	70	98	46	74	58	75	6	88	48	51	41	84	50	46	81	29	29	67	97	3	98	19	36	54	29	43	24	85	63	19	62	84	74	67	37	81	14	36	44	88	50	61	79	70	
67	27	51	43	88	83	29	96	56	70	11	95	65	85	92	4	34	73	62	29	60	26	64	88	8	41	89	41	15	43	88	45	4	2	39	20	52	77	82	34	60	83	19	39	1	55	52	39	57	50	
76	43	72	30	88	46	73	96	54	52	51	75	41	14	78	89	37	66	34	36	76	65	50	82	72	78	86	38	13	72	29	66	71	94	36	48	42	55	1	95	98	52	97	99	33	85	14	51	34	61	
24	62	6	93	19	80	24	32	2	81	4	86	52	76	7	25	62	63	30	67	40	21	25	98	27	19	77	66	43	85	15	62	99	69	35	70	21	81	79	44	65	98	75	66	38	73	42	58	41	72	
23	88	98	47	85	73	49	5	8	69	6	31	58	4	17	86	94	100	66	75	83	89	21	65	95	97	6	90	28	90	49	87	66	71	39	34	71	89	100	90	81	4	52	65	38	97	19	58	90	40	
24	46	27	63	52	22	55	69	84	99	11	95	42	32	73	23	87	33	24	82	54	73	71	87	35	5	26	29	29	40	95	99	21	61	50	93	70	74	65	69	4	12	35	23	61	48	28	5	20	82	
29	15	15	14	75	32	20	6	86	64	54	5	54	34	42	80	35	30	23	89	56	91	12	78	37	2	30	87	85	25	78	12	16	78	20	40	6	56	78	63	79	42	83	38	81	57	27	53	10	52	
89	100	79	25	55	86	51	36	54	16	70	45	57	39	62	89	40	39	3	77	87	8	61	80	90	38	62	31	78	14	47	65	80	4	4	66	93	65	5	5	21	18	77	79	11	70	87	90	79	67	
21	15	36	15	83	72	28	19	52	70	52	92	67	100	41	63	24	10	92	82	22	65	5	89	72	92	50	1	57	51	72	40	37	92	19	97	92	87	36	9	77	38	65	1	32	14	49	99	51	54	
26	43	23	50	59	37	90	99	45	17	86	67	88	40	48	30	39	2	29	72	35	49	32	55	90	45	53	92	14	3	17	96	75	94	22	70	20	86	39	69	23	92	28	63	29	15	72	55	6	23	
32	51	29	95	84	87	58	19	84	46	80	28	74	38	30	19	28	11	9	74	94	22	69	88	88	88	30	72	46	93	38	86	33	24	4	17	69	55	58	4	25	13	23	91	95	81	87	42	47	37	
27	54	1	28	26	58	13	17	57	88	29	70	62	62	60	66	29	99	94	32	37	72	22	57	50	72	74	28	51	25	78	87	62	91	79	10	94	42	95	52	11	100	98	17	11	56	36	31	56	38	
37	41	100	84	65	70	5	18	25	86	37	69	19	77	82	64	14	42	33	72	73	24	25	10	53	64	28	15	80	48	21	47	44	56	9	89	90	68	61	37	79	59	63	17	59	1	37	68	64	50	
58	66	31	87	65	84	12	44	62	23	4	23	41	52	34	5	85	27	78	95	25	2	93	57	58	47	85	26	62	12	57	12	44	32	97	25	29	53	15	91	69	7	18	39	16	93	95	65	4	24	
57	23	37	51	41	90	60	78	80	100	73	16	91	56	22	68	47	44	48	11	22	40	16	28	27	55	30	23	85	66	4	99	97	47	70	86	17	67	11	68	19	45	72	18	34	62	83	61	98	82	
87	17	11	28	75	89	30	6	49	12	33	89	78	56	17	92	30	72	36	4	64	14	75	60	39	68	27	63	73	85	17	100	43	93	84	94	28	32	22	6	22	42	38	68	78	91	79	8	55	39	
33	13	79	52	16	19	41	30	77	43	99	5	14	86	46	26	61	79	62	38	93	42	80	8	69	85	12	88	90	71	16	79	65	11	22	57	4	77	26	82	65	36	24	75	43	56	57	67	83	23	
74	25	30	81	39	22	66	78	48	20	3	85	18	52	8	16	70	44	99	60	24	17	40	29	69	38	7	50	74	30	11	71	69	52	11	63	96	8	40	34	11	50	18	80	97	78	57	46	5	65	
53	75	50	41	23	61	11	25	50	38	23	94	26	67	58	18	15	9	31	5	70	92	84	27	78	12	23	44	30	22	19	13	15	3	100	76	3	21	90	57	64	13	67	2	31	58	61	59	13	12	
6	64	7	43	7	94	72	65	98	99	63	67	9	19	30	3	54	55	42	51	97	44	87	98	98	61	47	91	6	51	71	45	69	53	71	28	78	79	35	47	57	57	13	5	84	54	37	9	73	27	
71	43	87	85	100	40	44	42	17	17	29	9	51	56	47	53	55	41	54	1	45	95	70	97	59	60	56	27	71	33	3	56	91	42	68	67	30	13	64	79	4	86	73	87	11	69	52	58	20	29	
49	67	29	71	36	60	98	60	49	86	61	64	72	18	74	45	10	68	51	18	50	73	90	52	88	78	4	86	78	77	97	86	34	73	57	65	89	53	48	33	93	19	34	65	90	4	62	98	37	55	
80	83	28	86	79	68	34	13	78	85	2	34	89	63	40	6	44	93	97	46	48	9	24	53	10	78	51	18	67	1	34	81	81	62	55	45	95	90	78	65	75	20	84	65	69	59	53	40	51	97	
57	72	56	20	89	54	5	21	31	81	72	6	40	92	62	36	23	42	81	76	94	44	36	23	68	20	78	26	19	39	85	45	3	31	52	99	42	26	31	88	89	25	30	13	57	20	77	11	54	31	
3	85	64	98	94	100	77	67	31	66	41	55	96	34	100	85	36	81	43	13	93	51	68	96	64	78	40	88	25	22	6	34	44	77	79	16	78	37	22	82	11	34	79	31	83	85	45	60	26	2	
62	97	95	55	92	57	68	5	5	7	51	29	67	32	9	15	36	26	13	93	92	61	70	37	54	97	87	48	68	47	63	100	75	2	34	26	68	83	6	51	23	79	46	19	59	74	24	61	42	94	
18	7	62	10	35	32	40	74	96	96	34	100	8	15	67	88	1	64	87	63	11	26	26	92	43	5	38	71	34	82	10	26	10	92	89	50	98	30	72	70	43	33	38	38	41	86	31	55	86	46	
22	100	89	89	2	24	24	27	91	99	5	44	61	66	99	38	12	17	24	89	43	84	5	86	10	43	63	58	68	41	71	26	29	13	14	52	96	45	14	53	38	97	24	15	25	97	90	12	54	60	
50	24	3	3	7	10	11	63	95	75	84	27	34	34	47	31	31	78	13	9	85	74	32	70	96	66	39	44	85	58	20	43	79	99	58	3	17	87	36	9	80	81	97	28	50	77	98	2	56	82	
14	64	53	11	60	84	49	67	47	67	80	97	97	44	87	28	75	50	49	24	13	54	78	24	29	1	88	38	86	84	75	31	19	44	80	10	41	73	29	92	2	67	68	24	57	55	21	78	78	97	
62	56	1	39	73	53	13	41	13	77	97	52	44	42	5	73	72	44	26	32	5	16	65	84	35	13	53	80	97	70	46	89	62	45	94	65	67	18	88	83	83	31	3	93	88	85	6	63	82	13	
100	21	63	14	5	98	63	14	23	40	100	73	20	57	98	78	18	1	82	71	1	1	55	13	56	9	6	81	17	18	9	41	79	65	12	64	96	26	32	52	84	69	89	9	96	24	66	69	32	77	
62	67	7	7	79	13	92	16	63	3	87	28	94	83	15	50	80	46	23	25	12	32	39	14	90	50	28	100	6	59	26	89	71	59	69	52	99	96	29	43	98	74	26	73	26	16	90	31	17	40	
78	92	74	33	74	38	1	24	30	84	5	15	27	95	93	4	58	28	59	6	69	36	18	71	99	22	40	47	20	22	90	30	61	62	81	9	55	17	89	5	71	66	93	31	89	20	30	61	52	63	
93	61	95	52	100	22	31	34	13	7	54	5	89	98	78	9	91	95	34	41	94	22	79	23	48	29	4	50	9	89	37	28	34	58	75	62	94	4	3	56	70	56	72	23	23	30	45	46	60	100	
43	14	22	55	41	22	90	54	95	37	73	50	7	29	8	69	58	55	17	48	56	24	80	79	89	86	24	14	85	26	36	8	99	54	53	34	100	20	88	81	16	96	88	7	65	15	38	43	77	29	
59	37	87	65	59	88	53	65	40	37	29	41	65	83	1	93	36	44	57	60	54	9	57	7	39	24	20	70	41	6	48	99	78	3	51	92	67	21	42	98	43	92	14	21	87	62	31	79	90	17	
73	78	45	66	39	15	32	66	89	20	31	60	68	93	5	33	62	9	9	43	70	84	23	68	89	35	37	63	52	71	6	40	63	95	66	4	15	25	93	3	98	29	15	83	18	54	40	62	91	9	
35	46	82	90	92	59	7	93	47	76	13	43	42	51	3	26	64	4	73	11	68	2	80	100	98	31	63	39	51	80	66	73	43	48	56	43	80	62	29	42	42	70	44	86	29	38	26	70	33	72	
31	8	23	34	76	76	77	36	49	17	81	25	74	73	74	94	3	36	41	70	26	68	45	90	57	100	69	43	21	18	12	42	44	15	47	72	35	37	48	5	5	75	39	90	61	67	14	54	67	27	
45	84	76	98	72	58	49	3	31	56	39	50	86	71	95	98	45	89	13	5	100	25	43	9	6	17	27	6	95	28	26	36	85	2	64	97	34	73	99	26	58	23	84	33	84	48	4	83	46	62	
75	39	16	56	59	34	35	100	33	27	95	38	88	49	74	26	83	68	41	8	67	13	60	38	21	26	82	84	20	63	98	66	92	37	79	36	31	76	47	87	97	57	36	37	95	14	46	58	35	56	
94	15	98	23	20	49	72	75	100	18	28	94	68	80	45	37	62	81	19	76	33	74	95	12	87	2	23	44	52	3	28	40	91	23	19	29	89	53	16	15	3	17	44	97	45	85	23	15	37	81	
66	89	57	10	60	97	60	36	80	18	68	66	79	44	26	35	40	19	91	100	91	72	2	73	18	55	39	61	19	88	70	4	100	83	50	97	83	7	15	71	7	76	87	55	12	27	88	33	54	92	
17	93	91	59	54	4	32	17	77	93	38	9	22	94	28	43	16	87	15	24	56	64	77	23	23	79	61	89	60	75	36	65	32	84	71	79	60	57	100	95	10	65	92	73	50	73	44	65	29	83	
61	22	31	97	96	29	12	48	64	67	23	93	44	67	69	78	40	23	68	3	71	65	8	63	99	13	6	38	21	60	31	42	86	62	35	83	4	28	7	75	71	40	49	100	20	40	30	31	68	73	
69	40	24	70	60	75	85	1	37	62	18	54	36	70	13	93	8	58	73	17	84	73	37	23	11	83	88	43	91	51	81	99	1	95	75	11	77	91	87	47	86	97	74	86	30	25	23	56	35	84	
7	57	39	57	25	73	72	5	55	45	96	97	63	60	47	19	68	60	89	1	45	2	90	69	13	9	65	18	54	79	47	53	45	74	87	45	8	84	94	6	9	34	60	81	57	3	35	90	83	47	
48	99	12	55	84	82	42	91	68	11	2	81	20	80	56	59	65	54	63	89	31	5	24	8	66	64	62	67	38	13	32	70	25	77	44	35	95	17	47	14	33	17	20	66	74	10	44	64	29	4	
79	62	37	94	54	81	72	62	36	77	76	19	58	90	11	33	7	7	47	30	2	72	26	1	20	33	77	11	44	8	56	17	50	14	56	43	38	81	2	39	95	49	12	67	41	32	19	63	77	79	
59	55	61	76	83	78	72	64	39	80	27	73	43	17	78	96	31	99	96	49	52	12	12	86	56	41	90	84	80	65	33	97	47	2	61	50	9	17	3	35	18	40	93	4	8	26	75	98	100	85	
33	41	89	51	19	84	62	52	48	100	48	42	66	44	20	56	22	31	81	39	98	7	17	39	78	12	87	73	59	49	93	2	34	26	49	75	4	23	30	38	91	96	95	93	72	44	82	82	46	71	
46	12	100	34	83	55	47	70	40	83	55	17	40	25	69	90	39	57	14	76	7	63	28	55	14	23	57	60	35	19	20	35	21	61	9	56	8	90	2	18	45	88	98	9	63	7	90	29	36	19	
53	3	82	18	100	20	19	38	34	93	74	82	13	5	93	60	85	4	33	72	76	56	100	17	29	72	81	78	32	55	88	38	85	54	92	20	82	1	44	42	23	84	90	66	74	73	20	33	44	96	
39	58	34	52	24	2	98	90	8	44	13	96	12	39	29	67	17	13	81	72	43	46	52	14	69	38	40	49	29	60	59	41	56	29	74	36	57	79	62	88	51	88	33	90	97	1	64	71	85	68	
36	70	90	58	58	99	94	46	25	53	20	67	63	37	58	95	29	2	58	82	87	29	17	68	75	92	1	53	25	83	67	81	22	97	81	90	85	100	41	11	31	23	60	37	45	69	65	91	62	8	
7	49	45	16	4	21	5	71	52	76	7	8	81	77	42	18	29	54	85	12	82	32	39	9	89	1	54	13	41	78	70	78	4	18	17	90	7	58	73	8	51	4	59	41	88	6	37	62	71	66	
18	71	85	85	16	75	15	42	94	34	98	45	84	98	70	29	93	32	17	69	11	100	66	21	93	67	98	43	76	23	62	41	50	53	14	23	9	99	19	95	28	86	89	7	65	18	46	25	67	61	
19	18	33	57	37	62	75	58	63	93	64	59	79	96	58	72	25	74	49	74	50	49	79	10	17	6	10	54	93	48	45	36	94	49	35	4	73	15	29	76	81	86	38	92	17	51	25	81	74	42	
50	6	28	39	24	39	27	10	46	83	92	44	38	55	19	79	100	80	56	19	40	74	96	78	67	7	93	27	40	72	8	11	9	16	44	58	100	94	11	13	35	50	45	58	67	54	64	4	88	37	
36	65	46	91	98	51	55	54	44	45	5	77	72	38	5	39	58	45	2	84	6	37	70	60	75	40	59	10	97	95	48	41	33	95	48	57	21	16	35	48	28	30	24	65	6	58	100	24	2	94	
83	8	93	30	79	85	23	38	49	37	80	1	6	74	40	2	100	90	45	9	77	66	22	7	12	48	43	83	40	32	77	49	51	55	99	66	20	60	52	3	82	90	71	45	75	31	17	32	16	97	
94	91	81	51	24	3	92	72	15	1	52	42	55	7	75	100	99	46	86	84	46	90	7	61	21	31	48	19	96	83	70	76	39	54	81	8	51	46	93	26	46	76	47	43	77	15	81	12	9	97	
2	20	8	51	84	82	79	35	4	63	81	1	90	12	95	11	44	8	44	67	53	36	58	50	18	41	57	72	52	43	93	75	27	95	62	42	80	25	89	11	1	99	42	88	63	79	24	6	68	85	
60	97	18	68	66	41	43	56	76	30	30	40	59	58	50	1	51	22	68	100	89	92	83	78	23	94	36	41	33	8	87	37	78	69	42	26	83	42	79	19	88	89	13	34	63	55	96	94	39	48	
33	57	14	85	74	65	38	24	10	52	71	12	64	27	99	18	85	55	13	25	69	78	16	5	60	49	1	100	20	91	12	82	63	83	92	74	84	40	68	31	48	52	37	40	99	81	41	81	17	38	
61	38	37	95	54	83	83	96	21	51	12	78	74	86	57	6	48	19	4	95	70	21	67	74	73	41	20	90	45	94	15	96	22	3	92	44	65	79	57	75	10	98	95	1	51	22	20	92	3	58	
7	39	65	54	44	36	65	90	93	8	72	99	63	91	89	22	23	15	84	3	12	76	5	53	22	72	88	58	66	48	71	4	50	92	49	37	13	48	48	88	12	54	1	35	54	22	51	72	4	12	
15	14	35	78	86	55	82	66	51	58	17	17	63	49	73	90	87	32	67	9	99	65	8	11	34	45	87	28	90	6	90	52	34	24	73	47	78	72	95	25	26	92	2	84	85	59	98	82	12	52	
56	5	41	74	42	25	93	74	73	89	86	56	21	66	84	97	29	42	53	97	13	50	19	30	57	70	38	77	31	32	32	60	86	12	44	98	8	7	19	66	25	20	12	27	18	100	82	47	66	7	
28	50	25	11	58	43	28	39	19	25	59	18	21	72	25	96	22	44	34	32	73	70	69	79	36	3	86	13	14	41	3	77	64	76	47	39	89	3	68	90	20	97	53	31	25	55	95	12	33	46	
81	40	39	34	35	61	25	44	11	80	35	96	17	77	68	49	32	30	80	87	36	65	27	69	68	77	60	28	77	2	83	67	41	32	18	9	63	1	37	86	64	88	72	83	42	19	92	68	64	44	
19	69	1	41	23	88	39	76	14	61	10	100	22	94	41	77	34	46	100	71	27	43	98	40	22	22	73	6	34	59	61	5	14	27	40	36	86	83	85	61	43	77	91	27	44	40	38	5	30	99	
2	84	47	4	48	50	52	85	60	28	38	74	73	1	92	42	36	9	89	55	9	82	73	48	76	92	92	47	26	11	69	23	30	93	41	36	33	48	98	98	10	66	91	93	83	85	3	93	80	54	
100	85	96	98	4	99	75	98	50	83	27	55	35	75	56	87	51	80	54	80	70	36	92	88	28	21	6	74	16	63	73	8	84	28	13	88	1	8	60	30	50	40	99	60	33	12	59	98	13	57	
96	3	44	26	28	54	26	91	91	46	20	36	22	45	99	16	11	40	4	2	59	69	69	40	33	14	86	95	23	92	60	63	24	89	69	47	1	10	11	61	19	47	25	97	42	77	99	60	24	59	
22	61	57	80	28	29	51	68	39	85	45	79	17	69	90	24	63	29	51	94	52	16	6	85	60	35	56	58	34	44	66	64	31	15	98	20	95	82	8	37	59	45	24	5	7	25	25	9	17	55	
74	29	64	69	96	33	75	36	94	79	49	32	38	86	83	49	84	34	82	98	93	1	29	39	72	56	48	57	45	58	87	58	28	32	6	58	72	27	42	92	96	70	84	61	22	72	96	96	73	55	
47	4	27	4	56	34	5	58	52	66	48	99	5	24	24	5	85	48	44	69	51	95	8	2	76	48	81	82	60	42	84	7	93	53	65	53	66	96	50	74	29	31	16	75	70	88	33	42	52	30	
59	22	14	37	84	82	54	84	63	91	34	25	91	1	70	26	93	20	4	94	38	8	81	8	11	43	52	40	86	23	2	23	95	15	61	13	85	58	45	37	98	88	50	34	26	40	69	29	30	41	
39	1	11	2	7	28	80	72	92	19	68	21	77	71	63	42	45	21	83	18	71	54	100	75	7	9	81	14	31	94	30	16	55	87	19	37	2	100	54	48	100	16	23	93	63	47	7	59	37	58	
55	87	48	55	64	68	77	42	3	1	41	82	77	9	62	28	16	34	55	8	43	70	58	75	55	91	93	46	3	88	31	23	85	30	88	39	68	99	1	78	100	71	27	78	90	48	86	97	68	52	
51	15	44	50	17	89	22	50	44	95	61	13	38	19	68	51	100	81	75	12	91	11	34	81	65	95	19	24	76	72	48	90	69	58	34	14	98	6	44	100	39	44	23	83	92	46	4	93	85	32	
29	66	28	89	28	77	74	72	49	95	99	32	34	86	86	52	74	5	94	22	96	55	46	70	65	12	47	11	3	39	42	20	56	35	64	9	61	95	22	76	95	79	44	56	15	15	72	87	7	76	
68	88	10	20	78	77	94	77	75	18	81	9	65	49	67	5	23	23	71	60	19	98	8	63	20	26	87	94	94	33	59	97	50	3	80	91	94	97	51	19	71	76	63	64	41	100	54	76	96	30	
53	85	20	58	69	93	56	26	52	77	11	33	41	52	46	19	53	50	97	86	10	43	50	92	80	2	55	32	93	65	47	86	60	74	28	100	93	82	1	40	23	59	82	8	42	36	27	42	37	70	
38	28	77	19	45	78	74	63	86	77	42	1	10	93	3	18	90	98	28	7	26	54	18	72	58	55	40	62	38	26	97	11	9	34	91	81	12	46	93	24	10	48	43	26	88	9	51	98	97	49	
56	8	20	57	64	87	87	49	90	54	92	79	55	26	53	40	25	26	26	9	91	1	95	31	18	99	55	41	29	85	88	79	88	90	93	38	96	18	11	40	33	52	74	58	91	52	52	10	83	15	
83	83	33	50	7	90	76	89	56	48	23	36	45	40	71	21	77	87	56	12	68	55	93	10	38	75	44	19	39	34	2	75	97	84	90	65	7	65	5	84	5	43	75	1	97	9	85	35	22	98	
95	60	91	98	75	94	9	90	10	44	89	28	54	94	7	31	41	80	51	74	78	82	88	86	85	17	16	93	41	27	100	64	71	89	8	49	69	87	83	18	43	35	23	36	42	28	67	44	73	68	
89	10	51	97	59	92	9	9	22	21	84	59	3	81	49	67	45	65	45	84	24	22	54	86	7	28	100	93	55	43	82	41	69	43	60	56	44	26	65	94	78	53	92	56	41	47	5	100	19	80	
59	95	68	20	13	83	54	99	100	71	68	53	70	50	32	19	28	2	40	7	24	75	94	72	74	6	49	60	18	34	46	3	47	43	22	78	47	100	20	72	41	9	23	97	47	84	16	63	58	90	
12	2	19	46	26	90	74	62	77	20	79	53	35	20	30	66	61	18	41	99	7	98	59	17	59	3	32	72	52	74	35	89	96	32	39	89	72	45	67	43	99	31	85	81	91	96	11	16	34	10	
38	33	64	51	21	68	32	97	50	83	69	27	31	84	1	69	29	77	79	100	63	28	9	94	40	80	15	69	74	59	56	76	39	42	83	34	27	2	22	8	36	23	89	77	95	73	3	36	96	69	
36	47	3	63	19	15	58	52	2	56	90	74	14	90	2	58	3	77	10	19	27	69	32	39	32	53	65	67	49	8	100	16	80	3	61	57	64	1	59	37	44	50	8	57	68	79	44	98	7	36	
36	87	66	11	86	16	10	60	56	93	57	11	64	55	92	12	45	84	98	60	72	15	26	19	63	14	44	20	39	72	25	91	3	35	78	68	57	79	33	81	70	91	16	25	63	16	99	44	94	81	
95	2	33	6	32	10	73	69	41	42	18	77	30	53	43	59	24	75	10	90	5	75	90	15	84	78	36	15	73	97	82	49	50	37	86	67	36	45	36	57	28	25	72	99	42	55	20	16	82	70	
17	53	26	79	83	33	90	52	74	57	31	94	13	54	77	80	83	94	13	23	35	29	43	100	49	14	27	62	31	29	54	92	59	8	91	4	96	27	32	79	30	38	35	85	27	25	14	44	83	25	
29	21	36	48	95	53	53	86	93	60	5	86	59	80	25	36	89	39	62	95	80	44	14	42	93	47	94	57	14	45	55	34	47	89	87	94	65	18	47	68	97	65	7	35	39	77	12	57	7	50	
96	45	74	83	91	42	58	83	18	7	54	1	73	35	26	56	19	59	1	81	54	4	39	18	29	93	55	26	23	30	26	79	95	4	24	83	87	1	30	24	37	96	31	32	21	81	19	29	45	49	
25	81	51	26	67	88	2	38	87	71	71	51	21	44	39	9	10	83	85	68	51	25	20	11	61	57	89	66	75	88	63	85	26	8	76	53	70	69	87	13	39	59	75	59	65	40	91	13	83	75	
26	86	11	70	70	1	81	98	77	19	38	92	52	2	66	2	22	96	86	83	76	25	32	39	63	29	23	39	97	83	63	99	7	82	44	67	21	80	48	81	90	12	48	76	73	48	75	58	43	54	
97	77	97	44	8	59	71	75	59	89	86	99	42	51	85	76	30	54	42	26	40	30	44	53	39	52	72	87	55	20	47	14	30	26	9	7	31	71	42	52	29	16	69	57	81	74	74	76	94	94	
34	82	54	72	61	93	42	7	78	94	78	83	4	55	58	31	5	11	83	28	27	54	87	19	40	65	13	67	45	77	7	74	31	54	10	36	70	17	82	7	100	61	85	95	39	41	99	19	10	20	
68	84	85	11	80	78	76	45	39	77	30	65	83	11	99	11	45	51	9	53	80	92	32	93	89	56	35	28	16	44	81	62	9	95	83	95	52	47	38	36	33	4	13	15	84	48	37	88	19	49	
24	66	52	80	50	9	73	16	34	60	19	87	10	27	50	18	95	17	42	56	68	88	36	1	42	91	17	53	78	84	9	64	69	62	9	66	14	41	89	78	34	71	60	56	20	72	56	12	3	25	
83	14	92	67	62	70	19	46	32	22	87	60	17	31	5	83	57	20	65	38	61	95	94	83	39	84	67	14	11	37	99	9	5	4	18	50	94	65	6	21	27	76	60	43	61	85	100	14	100	90	
28	61	83	73	27	7	1	31	41	39	20	57	79	95	33	88	36	33	86	93	19	47	44	66	30	24	82	64	32	75	33	99	11	83	18	70	6	44	36	84	64	93	9	34	50	50	86	2	22	22	
63	13	37	45	70	64	60	57	41	8	85	28	51	50	5	96	100	92	62	83	78	57	89	88	22	34	24	79	80	61	32	38	18	32	94	23	39	75	45	61	17	58	53	73	40	17	81	2	35	2	
82	3	8	90	6	100	26	23	25	28	26	54	5	16	16	13	81	80	29	25	14	19	11	57	34	50	84	56	97	19	96	10	14	72	53	49	35	68	8	70	80	79	29	50	63	8	93	67	48	3	
62	69	30	77	46	48	38	35	62	97	90	79	30	79	60	46	83	27	28	97	72	45	28	57	90	90	13	75	53	58	4	68	8	90	88	46	63	77	81	47	47	46	84	26	51	25	83	71	14	45	
72	54	47	19	12	21	7	97	42	95	72	3	14	40	81	95	14	2	23	92	85	43	8	87	81	21	45	14	1	82	9	48	86	70	79	65	85	74	70	65	21	61	96	69	1	74	40	18	69	82	
10	42	83	16	11	79	70	37	69	64	93	3	74	10	21	43	36	58	8	55	67	69	3	78	42	73	47	13	90	21	46	90	25	76	14	3	14	60	21	63	49	44	93	47	63	29	62	32	5	74	
50	43	81	57	25	65	95	88	90	90	82	91	71	94	91	46	26	75	73	41	85	99	81	76	94	15	71	32	26	61	95	91	86	56	89	58	7	58	14	33	27	26	9	43	3	23	52	7	73	47	
39	14	100	62	33	31	46	100	44	72	64	18	34	88	100	52	64	73	49	2	24	83	13	32	14	18	33	74	71	13	18	69	57	44	83	82	41	35	59	81	68	26	58	56	70	45	84	26	75	81	
39	62	24	63	60	8	81	82	85	6	33	21	32	32	67	74	36	3	14	63	99	27	77	2	24	91	73	46	38	14	86	40	42	12	80	49	39	42	43	30	18	42	40	89	93	67	8	23	42	83	
30	43	90	96	52	31	11	3	32	74	68	91	55	81	9	43	33	70	78	12	76	82	20	70	18	77	87	41	9	87	70	94	37	53	14	37	14	71	100	37	56	15	91	68	36	14	75	58	89	5	
62	86	2	86	15	40	11	46	9	63	99	38	68	22	53	23	10	85	35	9	5	1	75	56	28	100	80	25	54	77	28	85	35	18	88	14	58	69	85	59	61	80	99	26	69	68	67	36	76	66	
30	56	73	67	40	85	12	76	32	75	46	32	98	93	100	55	46	68	37	35	24	80	51	77	28	77	88	46	39	26	69	95	57	51	85	73	21	93	80	29	31	4	33	68	19	63	14	29	35	73	
74	84	35	76	99	81	97	91	25	84	98	77	100	74	24	59	52	19	9	72	79	27	13	27	80	47	81	82	95	65	57	84	23	21	44	14	28	54	16	48	59	25	43	27	40	97	80	70	20	69	
16	14	63	80	10	36	33	43	44	87	18	74	62	79	71	20	96	63	73	1	87	4	54	25	46	63	20	46	22	5	68	53	71	16	94	34	47	99	23	44	37	67	16	58	42	66	37	16	59	94	
74	63	11	90	57	56	46	25	25	91	91	6	6	64	29	72	42	78	46	62	63	53	63	63	80	7	37	78	74	8	19	78	79	22	80	14	98	1	55	5	100	92	74	46	79	57	59	82	85	35	
23	47	48	86	90	66	57	100	32	74	67	61	84	91	46	98	84	61	89	59	53	45	47	98	3	22	62	55	56	45	8	73	91	51	59	75	62	20	55	6	56	39	34	3	82	7	39	51	9	93	
25	43	92	41	26	46	55	58	67	42	32	62	5	94	58	49	55	65	89	22	36	82	83	88	27	26	59	3	30	79	34	49	83	81	93	38	56	65	54	7	34	68	19	35	76	41	25	93	81	13	
53	17	23	76	36	58	28	86	85	58	100	19	34	42	25	12	48	34	11	70	67	44	39	45	71	70	30	97	92	10	64	94	6	4	95	22	78	17	55	3	48	52	35	49	81	63	93	92	21	78	
26	66	7	75	90	51	62	71	85	83	52	6	15	94	72	33	91	45	22	55	56	61	56	66	31	85	41	81	15	90	43	71	91	48	34	29	28	27	86	47	65	60	92	61	25	14	42	6	4	59	
22	93	14	10	39	84	93	80	74	41	98	89	18	65	56	98	50	65	26	79	57	6	2	25	98	33	71	69	80	76	89	67	82	76	45	60	47	90	31	29	38	61	37	85	18	64	28	90	6	66	
91	76	9	59	36	19	49	55	11	88	19	46	55	60	48	75	95	89	49	71	64	64	84	41	4	92	88	24	72	84	96	41	62	51	98	18	16	18	18	39	85	16	64	75	73	20	12	90	45	38	
34	15	19	59	61	55	57	32	41	51	10	31	59	29	10	2	99	96	96	38	77	72	19	8	87	69	67	17	12	45	9	10	14	10	32	23	9	52	38	47	61	5	23	70	81	93	42	90	7	9	
42	36	91	18	18	37	34	88	24	10	30	92	33	74	20	48	44	6	69	60	68	89	4	94	49	31	93	22	94	42	38	74	23	6	20	17	72	87	19	42	83	46	95	10	95	64	2	22	5	98	
71	82	55	26	93	82	84	30	70	33	36	46	29	9	20	81	19	87	54	59	27	95	47	64	80	4	9	75	31	26	75	28	46	100	86	40	25	81	81	76	33	70	73	57	35	34	20	35	41	20	
18	66	14	60	72	88	3	4	18	69	99	55	18	62	17	69	34	25	63	56	53	62	49	1	39	93	34	69	16	78	31	87	4	35	4	2	73	36	30	70	100	70	19	7	10	6	3	23	53	92	
45	24	68	74	30	25	5	36	23	40	13	63	32	34	31	9	95	40	25	10	70	84	66	68	22	80	30	7	19	73	80	64	77	52	55	87	32	62	72	31	19	69	20	79	81	85	3	42	52	42	
59	5	76	60	58	16	61	75	69	48	74	4	35	79	34	61	98	63	58	63	73	88	60	83	56	54	10	40	7	5	11	27	63	3	50	33	52	30	9	93	24	53	74	79	21	89	64	20	40	54	
57	3	78	82	4	10	47	58	46	74	13	82	81	69	84	75	36	69	57	92	59	39	100	85	19	39	24	60	83	53	83	1	19	86	85	51	29	80	27	96	14	42	71	70	37	90	27	83	26	58	
14	47	24	18	9	45	4	99	12	72	79	34	83	34	85	39	27	97	34	22	37	16	31	71	18	82	28	65	55	75	55	18	99	4	39	35	73	74	22	53	37	19	9	88	58	73	38	20	71	87	
38	69	27	3	11	69	70	44	70	21	87	91	4	93	18	36	58	100	20	52	58	69	33	8	2	94	83	26	6	9	15	50	80	56	54	80	63	18	28	95	54	37	2	58	100	53	10	82	54	21	
85	97	93	93	16	63	55	79	88	90	64	17	90	81	20	18	85	11	92	77	77	91	35	41	36	94	15	95	50	41	24	11	14	68	6	49	86	19	38	25	64	52	31	77	61	39	38	92	91	99	
97	82	81	98	45	15	81	4	67	42	42	81	81	81	58	62	67	34	26	27	89	63	58	87	73	53	24	46	34	16	53	85	73	45	89	100	81	91	91	83	17	46	25	30	61	48	76	14	46	25	
2	50	18	77	76	59	99	32	10	89	28	32	60	50	10	54	34	93	12	55	74	15	74	82	70	83	21	25	37	99	4	73	61	68	4	3	80	23	66	29	81	19	62	80	9	13	94	77	31	87	
80	42	96	74	90	55	81	96	35	32	15	32	100	8	35	73	96	26	93	21	73	87	32	49	97	3	3	33	6	53	76	7	93	39	84	22	65	93	95	92	100	88	94	66	87	34	37	71	15	85	
93	84	67	73	92	60	13	48	55	7	22	3	49	92	32	86	20	9	42	53	81	56	34	12	65	94	15	34	63	83	52	70	15	34	39	82	22	93	13	60	85	73	14	20	14	93	47	72	44	77	
10	19	43	38	72	27	26	46	28	65	94	44	67	23	56	80	27	35	15	56	19	88	20	7	48	77	17	78	60	42	55	55	4	100	15	53	72	57	84	93	64	63	92	2	91	35	67	22	12	81	
99	20	74	81	95	23	86	23	86	28	61	87	9	60	2	32	66	78	13	28	54	44	59	40	1	20	26	53	59	46	21	92	32	20	40	89	55	75	86	80	33	36	13	54	20	1	31	77	96	55	
90	66	57	48	44	83	49	75	43	71	98	31	28	72	8	54	100	67	50	56	1	52	52	13	47	39	60	74	61	26	39	91	24	100	24	93	42	56	48	57	85	38	11	42	50	46	51	87	57	68	
39	99	79	16	20	81	66	91	59	65	7	93	62	55	52	60	92	5	76	2	91	73	64	53	82	35	51	70	19	45	36	48	88	74	63	27	97	77	41	9	3	49	30	21	64	83	32	77	7	50	
61	38	53	40	62	66	52	53	39	23	4	19	79	64	73	93	93	14	25	53	16	46	38	88	37	79	78	71	46	85	23	32	8	58	95	93	32	80	20	30	68	13	28	66	52	76	76	3	1	87	
31	72	3	3	68	37	79	63	67	84	90	19	1	96	25	33	57	77	98	48	42	89	38	74	48	4	40	43	87	94	17	29	22	15	87	37	53	37	53	94	31	46	87	14	10	24	13	11	65	55	
54	77	34	41	93	66	53	16	46	29	3	93	66	2	90	74	21	53	11	18	2	22	99	49	75	9	26	39	69	15	27	1	62	23	69	85	22	76	66	52	96	96	31	67	68	41	8	58	28	10	
20	1	12	21	35	47	15	43	35	1	86	46	32	5	58	95	76	13	62	18	40	21	36	10	85	20	39	62	34	87	4	15	13	96	17	93	35	60	87	57	29	10	53	82	54	71	46	53	44	1	
92	31	64	100	32	38	85	99	88	54	7	97	13	31	84	99	95	67	29	68	93	94	8	6	52	75	49	15	1	8	19	19	39	82	58	28	70	48	61	85	21	85	49	37	91	70	80	99	69	96	
77	20	54	98	81	67	61	57	55	70	68	24	5	23	73	64	76	10	55	10	50	3	41	98	66	71	41	95	11	71	8	64	76	26	12	14	63	10	56	34	95	81	62	16	64	58	12	97	3	12	