350
30
13161	2625	3295	13261	4705	7992	8129	9937	2910	6779	4787	3763	9435	7958	3077	7532	10452	11674	4210	3098	4157	12995	12879	4004	5691	11028	5238	4021	13790	4004	4109	12448	9170	13018	13629	13395	10356	2667	6065	8498	2707	7368	2737	9853	8769	6379	10133	6625	3376	4127	12810	2721	6661	6703	2934	12990	5186	2237	5638	2981	4783	8565	3163	8605	13150	6137	6716	12718	13353	2885	7519	10109	4182	7630	2765	9390	8885	10896	11282	7097	4030	3975	8502	7707	7068	10953	8942	12546	8267	4877	7025	9899	3329	7985	10338	13456	7483	4755	12160	9948	5800	9082	13199	10922	10273	3038	4402	4463	6924	11645	3029	7731	4868	13386	12481	10211	11987	4101	3986	2613	13160	2685	9394	5521	6291	2840	3383	2965	12430	8179	13183	8421	2901	7100	9957	8753	8582	6987	2189	7692	5385	13730	9410	3066	12567	11064	11391	7010	3823	9037	6422	8448	2755	9148	7748	4777	4064	8673	11232	7979	3349	4072	5762	4265	7477	3657	6261	3082	6850	3492	9331	6755	12126	13569	11040	7038	12559	11373	4622	11327	11728	10398	8921	9665	3733	8375	3928	9480	4228	8690	7570	7788	5306	3935	10444	10057	9971	2701	8548	6876	9309	6317	10392	11685	4884	10721	4238	5683	4500	5212	4319	5524	5174	13703	2120	11193	3787	2395	6611	8322	7897	12892	5440	12912	10290	7629	13225	7514	12096	5411	9398	11113	4852	11673	8597	7571	2235	7889	12858	4440	2278	7316	11720	12062	12203	9874	10104	7801	10753	11164	7659	12354	9717	10768	9939	5968	12694	3373	12852	6622	3186	10189	11182	8437	2516	10042	2185	13688	4459	10913	5503	4497	10354	8952	5337	10719	13004	10712	7620	7743	5301	13431	5773	7681	9691	6773	6394	12629	9310	3221	8993	10166	7496	12670	2412	4978	7826	9831	8056	12536	5372	5125	13786	2791	11940	13399	11911	9542	10859	13421	2860	9113	11896	5867	6487	2766	13183	8506	7661	7012	11161	7589	2242	13718	13253	5714	5049	8529	10968	13717	2642	8977	4145	2651	2245	3838	4476	12294	11801	9373	8499	12432	1983	11667	4189	3071	10349	4781	7262	3054	
3	57	76	12	78	6	77	99	88	35	1	26	64	61	61	57	28	79	9	8	80	49	26	61	49	25	97	32	52	21	
9	85	32	67	54	70	64	2	47	27	44	98	82	85	6	20	85	52	43	64	43	74	97	30	13	94	74	16	40	69	
91	49	40	3	41	76	28	99	66	97	94	63	55	2	59	97	96	43	59	55	77	66	51	74	98	61	33	81	30	33	
1	47	63	83	30	45	95	50	14	19	74	70	6	85	93	37	74	16	96	80	16	71	45	88	43	87	55	49	2	45	
8	81	92	53	89	74	18	35	6	81	61	13	95	3	79	9	25	70	53	11	39	30	48	92	4	62	57	54	62	1	
45	45	99	40	4	88	64	24	98	88	29	90	52	32	58	79	17	88	10	47	7	67	26	46	4	4	58	44	69	80	
35	27	95	81	84	68	13	66	49	86	23	5	68	20	2	86	15	84	29	17	7	88	27	79	33	32	92	78	57	19	
84	34	8	36	91	90	45	99	78	17	78	63	4	79	67	44	58	52	33	4	37	29	67	90	88	58	2	43	75	76	
96	95	42	50	34	41	81	51	56	44	39	85	56	13	11	91	20	61	1	71	3	25	65	96	37	28	46	31	47	87	
77	47	14	12	15	26	91	55	22	79	87	91	21	26	55	44	69	10	65	96	45	47	35	39	50	29	60	53	44	37	
52	22	78	33	96	31	6	23	73	94	77	31	2	2	30	12	21	14	62	97	83	100	35	49	61	36	34	77	73	90	
3	28	73	58	15	60	73	43	55	67	96	74	18	1	63	20	57	29	68	34	34	98	3	53	51	10	31	7	66	30	
11	44	30	73	33	57	86	48	21	65	32	47	97	14	23	23	25	60	72	76	81	68	83	51	99	58	4	26	17	49	
6	16	1	96	13	53	28	32	44	2	60	40	39	18	31	34	79	69	40	15	32	66	15	28	68	83	90	47	40	59	
10	55	19	3	68	2	25	63	24	47	1	18	58	37	13	97	76	55	83	51	55	57	75	27	97	82	4	9	39	79	
35	32	21	25	79	96	31	95	19	14	56	21	25	82	26	52	23	66	28	100	35	20	10	32	21	1	21	45	65	32	
56	37	1	36	85	55	67	42	4	86	33	28	30	19	45	67	21	10	70	71	6	94	47	66	43	63	74	44	55	87	
81	48	95	34	79	23	52	47	73	24	96	60	87	45	23	63	46	36	46	58	89	22	46	63	37	19	87	50	20	24	
34	28	42	37	57	6	46	10	96	3	94	67	14	81	84	14	81	22	70	41	48	73	48	93	8	35	31	45	70	69	
29	28	67	39	95	72	88	18	12	79	10	26	35	32	58	90	10	3	22	20	18	24	20	57	46	23	69	38	63	53	
13	73	54	51	28	45	43	13	76	60	16	74	8	21	9	22	22	100	32	92	33	31	48	14	100	40	16	14	27	4	
75	88	37	92	27	6	68	20	51	10	60	50	34	4	23	95	37	76	99	7	3	74	71	80	78	31	73	77	24	31	
3	66	16	35	54	32	69	20	2	91	37	1	19	33	73	44	9	55	47	76	74	78	56	57	64	45	81	83	66	51	
69	6	35	57	44	20	74	74	78	32	20	36	80	16	82	78	73	31	42	13	75	39	30	60	8	65	12	55	89	67	
55	69	82	32	82	12	24	4	1	80	39	96	79	84	16	69	18	82	6	65	15	79	65	24	43	76	59	32	81	89	
92	69	59	68	28	69	25	69	28	92	34	83	17	82	9	17	38	68	46	70	78	13	44	65	69	28	86	23	92	9	
12	82	37	67	43	10	2	39	65	67	38	23	69	97	62	70	9	67	98	8	29	90	28	4	64	87	48	86	26	79	
72	61	13	15	30	22	17	82	36	28	21	45	43	80	96	10	5	58	47	20	6	71	73	21	27	32	31	61	68	73	
27	94	48	66	64	24	35	90	36	1	91	87	34	46	38	80	100	88	61	56	64	10	28	33	33	65	78	54	22	3	
4	5	45	98	49	16	15	95	71	14	1	6	64	30	65	13	27	84	62	73	27	88	69	26	89	54	6	53	19	92	
31	34	41	33	36	96	90	18	85	68	19	24	59	68	82	38	97	91	24	89	59	82	83	94	43	6	73	86	37	40	
20	32	76	73	69	51	47	70	68	93	66	31	14	41	1	79	6	51	31	25	48	31	61	13	93	24	37	41	19	69	
15	10	83	24	94	43	86	90	24	77	62	74	19	27	51	76	63	63	31	78	88	65	26	86	37	35	3	47	71	73	
26	34	73	72	42	82	42	68	99	19	5	54	35	12	73	47	83	27	29	66	83	90	12	60	94	70	48	97	40	44	
37	96	50	97	92	62	67	84	98	74	23	49	25	12	30	68	31	38	19	83	24	62	22	21	65	61	95	37	51	25	
16	8	96	56	6	67	97	43	58	72	59	86	80	28	15	38	77	20	65	94	28	19	22	54	39	70	30	21	81	79	
99	19	27	48	81	48	65	40	59	5	49	52	44	35	100	44	99	97	86	59	16	63	34	3	41	68	61	1	10	93	
10	28	41	57	48	89	92	22	56	2	91	63	6	94	92	49	20	23	99	31	50	89	97	45	23	90	43	58	44	41	
30	35	49	56	19	94	39	66	4	78	68	28	57	59	29	32	60	60	87	31	31	57	45	29	90	90	34	24	39	5	
80	81	33	2	72	73	72	61	44	31	58	66	44	81	62	62	50	66	29	2	53	72	6	70	32	12	49	1	68	37	
81	17	93	77	83	55	62	28	36	65	88	48	67	91	90	14	57	69	34	57	97	9	81	92	30	40	51	87	96	31	
81	54	69	27	38	47	65	54	10	10	37	91	80	98	16	7	64	69	40	100	79	31	85	18	39	71	6	15	28	13	
26	87	87	84	48	95	6	76	84	60	13	46	3	100	9	73	58	19	87	77	52	5	15	80	33	66	3	33	31	19	
69	67	1	24	60	28	7	8	17	12	65	39	76	3	51	28	51	80	17	87	34	58	82	59	5	57	100	93	60	39	
98	53	66	37	57	52	31	76	82	81	27	64	54	53	14	85	98	89	62	42	87	19	40	21	62	63	47	82	68	41	
100	88	94	93	92	27	98	31	86	7	53	52	23	10	17	72	48	39	55	75	82	93	33	76	97	64	71	46	69	38	
37	51	26	20	3	93	2	54	99	72	72	87	45	88	26	89	39	62	7	46	26	51	33	82	90	70	54	75	31	62	
32	70	30	67	43	12	3	84	36	50	4	39	94	75	31	83	89	5	28	94	29	31	14	61	21	75	63	66	21	29	
12	94	32	89	87	36	70	83	68	73	15	61	30	47	12	15	26	57	98	26	10	40	57	55	15	27	32	47	29	80	
61	92	27	49	96	72	70	4	29	88	68	42	43	46	62	62	46	43	92	55	73	83	31	71	45	19	20	43	39	91	
32	78	99	19	37	61	84	56	63	21	52	24	66	52	7	79	57	1	74	82	37	50	64	73	61	64	53	62	18	84	
95	13	90	80	16	52	45	92	90	44	66	36	78	23	24	39	79	47	40	35	30	46	12	42	56	55	85	93	50	65	
89	99	36	32	88	55	51	25	2	30	39	5	4	3	55	61	94	17	10	53	8	85	8	36	15	57	67	54	13	38	
12	44	13	15	81	82	84	25	100	58	4	88	90	68	20	73	38	49	30	75	36	13	28	22	58	44	90	47	47	58	
73	76	22	57	61	34	34	11	4	64	18	63	90	8	34	29	76	3	89	39	75	79	76	56	39	72	88	49	25	92	
78	19	13	90	72	100	4	36	78	82	47	97	18	39	47	57	97	47	58	49	79	22	71	71	31	26	47	10	66	21	
53	96	76	54	2	60	62	8	3	77	81	69	80	100	70	75	6	28	34	46	68	68	87	27	54	72	86	82	30	64	
15	19	53	93	91	42	30	72	100	56	19	90	94	65	41	2	2	49	44	43	37	13	31	22	98	24	56	77	6	95	
36	12	17	89	50	41	3	29	6	11	100	57	5	84	50	71	38	82	100	28	83	48	27	100	93	71	8	20	4	59	
43	53	85	85	12	68	13	25	26	22	60	64	85	63	12	44	65	7	51	71	7	67	89	18	61	21	18	78	17	63	
21	66	27	54	65	64	97	81	57	57	8	95	43	19	86	67	83	33	39	6	29	53	25	11	76	51	27	57	92	7	
36	38	24	25	76	14	36	84	29	44	42	76	29	83	24	68	42	98	61	90	52	13	90	61	14	95	1	75	46	51	
20	25	81	70	25	37	86	61	26	30	19	59	73	47	100	88	96	100	99	25	79	29	71	89	25	81	90	43	67	44	
72	11	28	99	80	24	34	80	40	38	36	38	40	19	2	61	68	74	68	11	12	59	69	44	41	8	93	52	28	65	
24	36	92	9	63	99	63	3	53	12	100	100	35	96	20	6	25	37	11	71	73	95	42	46	57	3	93	59	25	61	
61	63	64	59	26	80	91	94	73	48	81	62	14	19	66	45	45	91	83	19	39	70	62	48	60	74	65	50	41	45	
22	50	81	28	26	46	26	25	100	57	58	42	14	39	10	79	37	75	61	34	62	78	98	29	7	68	42	68	10	7	
80	82	53	11	34	38	96	56	77	7	96	62	75	5	39	29	2	78	30	31	69	83	95	13	62	69	2	55	75	93	
3	74	89	1	62	87	28	64	3	75	98	54	7	85	88	96	42	94	84	31	97	5	30	77	60	47	43	75	57	10	
52	53	53	23	28	47	58	75	26	61	22	15	39	59	81	2	70	14	4	70	33	63	59	45	61	42	79	32	81	95	
7	36	74	91	61	7	44	78	25	20	50	76	73	17	84	77	86	91	100	96	99	72	12	16	9	48	39	95	19	46	
53	44	6	38	50	89	26	54	62	68	14	21	79	46	22	46	51	29	11	34	66	19	98	93	62	43	8	63	96	41	
95	91	66	99	25	20	96	69	42	69	92	4	47	28	52	94	80	94	87	99	65	11	64	99	68	99	11	16	90	91	
24	73	65	100	62	100	60	91	37	91	96	31	28	87	18	43	64	35	3	81	75	35	76	5	97	90	69	35	68	15	
57	84	72	76	32	29	13	53	25	59	6	53	74	99	44	31	90	18	67	72	93	51	31	51	94	3	77	87	59	22	
24	40	82	46	48	22	47	61	26	27	55	34	42	95	54	7	99	67	96	59	72	95	97	77	2	21	89	88	22	22	
89	57	54	100	10	33	15	72	3	8	40	56	4	30	94	94	11	66	35	36	40	22	48	87	6	57	68	87	51	51	
61	67	6	15	16	22	54	52	98	76	41	6	27	38	47	60	18	66	15	63	74	97	95	14	22	17	59	17	43	53	
90	79	26	33	54	45	51	44	98	61	75	75	46	19	93	34	81	38	76	67	32	62	25	22	7	96	77	45	39	8	
74	89	38	65	61	70	70	75	80	19	97	70	85	96	47	37	74	70	20	82	41	91	21	3	76	94	90	76	57	17	
72	9	39	25	44	100	16	68	88	9	11	17	75	41	24	58	22	75	41	36	2	10	92	73	40	3	100	15	28	20	
60	73	34	25	49	61	81	79	50	54	35	27	33	17	29	88	47	67	91	79	97	84	83	42	16	84	38	56	52	97	
78	39	45	37	43	86	51	55	40	97	28	97	36	86	16	16	22	75	64	18	21	16	79	34	38	99	7	37	63	32	
70	68	65	1	28	25	62	51	21	34	33	52	23	1	11	19	15	23	92	18	46	98	23	84	56	67	67	5	68	83	
56	78	75	69	85	21	81	42	2	5	70	86	92	43	19	14	73	36	68	61	44	86	19	79	55	5	28	29	85	84	
10	11	54	16	71	58	4	69	36	81	17	59	40	63	70	69	3	18	32	24	94	70	54	98	68	24	18	28	31	30	
31	61	51	50	91	47	44	2	58	66	81	25	6	50	8	84	39	34	73	38	93	45	97	100	70	25	37	87	61	30	
32	44	63	66	18	70	93	47	64	87	55	82	65	44	16	42	83	30	93	39	35	36	58	40	62	17	8	90	27	7	
77	14	31	10	59	27	43	75	84	68	82	10	71	42	90	100	38	27	5	44	46	91	100	14	21	24	57	2	55	67	
95	15	3	7	60	29	18	75	70	14	82	41	33	83	55	21	20	43	6	21	49	38	31	97	91	13	73	90	34	48	
70	82	58	30	24	67	87	68	58	43	46	71	2	72	35	32	24	44	75	11	2	69	23	83	3	63	34	12	2	9	
27	63	81	11	90	60	68	74	8	58	20	63	31	70	51	42	89	98	66	90	34	32	53	42	66	19	35	100	67	30	
88	24	53	71	84	85	24	4	10	39	57	92	62	73	88	74	34	12	78	34	39	89	31	23	31	35	51	45	23	20	
33	25	9	60	12	6	50	83	48	46	69	95	96	29	65	9	92	87	51	16	68	9	73	23	60	89	54	73	84	27	
81	35	84	94	37	14	86	19	17	37	11	64	11	6	23	92	28	9	22	50	97	68	8	5	66	23	74	26	82	7	
3	96	46	59	80	74	39	63	41	75	94	32	18	20	44	59	68	68	73	15	67	43	63	55	30	18	88	74	81	19	
25	12	80	44	72	9	89	38	80	59	24	51	61	2	33	70	26	70	93	6	40	67	24	85	33	45	48	60	78	12	
48	39	36	92	18	29	36	2	86	2	15	30	67	41	68	33	75	55	56	81	94	23	91	9	97	37	88	77	60	53	
46	25	1	50	13	77	54	74	34	58	54	18	100	82	84	51	34	65	25	7	81	58	99	95	6	86	98	94	6	72	
46	38	74	51	23	1	99	24	59	64	83	96	84	79	84	96	71	2	50	87	18	47	92	98	68	68	88	45	47	95	
57	23	69	66	10	81	52	35	85	15	33	48	19	40	75	16	9	31	7	28	78	40	50	85	26	21	97	46	59	33	
72	14	8	4	75	4	77	58	90	80	4	60	14	42	1	13	33	99	17	22	56	77	48	17	72	19	65	75	12	2	
61	100	8	67	21	61	93	34	66	76	90	55	36	95	68	22	4	40	72	39	41	80	61	13	61	64	95	39	37	34	
72	70	57	97	98	8	54	20	33	49	37	78	68	67	6	83	97	31	29	49	16	83	12	94	51	13	89	75	86	20	
13	100	69	50	30	77	93	30	60	82	91	59	24	63	95	12	84	12	34	75	92	67	94	19	55	27	36	67	75	99	
72	29	13	1	29	4	83	95	53	65	86	25	43	86	27	79	100	77	87	100	47	25	32	26	43	74	91	22	11	80	
30	34	35	21	99	89	10	60	40	5	44	84	76	4	50	69	20	25	72	35	74	87	34	14	8	56	10	13	36	96	
51	72	38	32	17	41	81	46	1	10	46	66	40	98	70	50	53	56	46	54	55	52	53	44	27	40	99	91	47	42	
1	43	15	75	51	96	18	21	11	80	28	8	63	37	25	56	99	69	79	15	17	68	53	79	75	66	92	67	4	65	
17	3	94	34	45	37	92	77	94	84	90	23	46	73	77	78	88	45	95	47	36	24	18	22	26	59	37	74	26	21	
44	15	88	81	15	17	67	19	55	83	60	41	61	36	45	91	93	50	27	94	82	44	15	76	1	22	94	22	81	17	
60	92	58	79	37	96	63	15	87	96	5	71	88	93	15	6	46	7	36	18	48	69	79	97	90	78	91	27	32	89	
95	71	58	34	7	96	49	10	29	30	96	58	74	48	10	30	87	47	4	34	52	48	64	76	3	21	17	53	82	45	
74	68	11	37	15	67	72	8	16	24	3	38	68	7	69	75	13	29	58	98	8	47	6	5	98	59	63	5	37	34	
39	37	14	57	8	43	60	74	53	56	39	75	66	93	57	62	62	64	43	59	52	27	77	86	85	58	78	1	65	16	
71	73	96	16	1	45	9	45	56	100	71	85	26	43	98	25	3	53	1	77	4	76	43	25	64	55	95	77	41	27	
11	99	26	32	60	46	43	6	83	23	98	56	70	40	92	44	73	42	28	27	100	31	58	27	44	14	56	21	62	34	
32	96	97	73	88	89	6	43	4	8	44	87	11	19	9	69	62	36	60	26	37	44	45	91	24	45	20	39	72	17	
35	1	4	11	16	35	29	36	80	73	10	2	51	70	58	26	72	21	67	12	22	37	15	76	92	74	80	55	76	73	
63	39	80	54	18	12	53	59	3	79	97	56	40	34	10	33	30	80	62	46	47	9	21	13	33	12	67	52	60	70	
65	16	14	46	85	67	41	76	92	93	45	36	45	62	35	36	69	65	55	49	100	96	48	99	10	65	45	53	68	44	
58	92	85	93	43	63	58	20	49	23	11	64	76	43	81	12	89	29	26	78	90	64	31	24	26	95	41	85	86	16	
60	24	24	13	78	57	98	78	28	91	28	9	82	76	97	47	31	80	60	25	19	16	27	20	18	86	44	48	60	37	
74	30	83	15	67	11	34	87	64	43	43	61	68	31	73	7	93	10	93	91	57	21	36	43	91	76	44	38	71	50	
7	64	11	39	42	94	53	56	85	89	56	74	72	12	69	23	50	14	32	9	35	22	53	9	7	56	38	56	14	39	
88	30	18	87	80	2	17	87	6	8	11	95	22	52	5	29	38	61	70	30	65	32	95	1	75	64	9	73	59	47	
52	47	79	57	26	1	50	90	55	74	9	12	35	63	44	21	51	98	90	57	88	63	24	86	82	7	9	54	64	42	
77	100	3	25	39	39	57	78	68	91	76	85	100	6	29	80	36	90	39	4	49	64	53	99	26	86	74	71	98	36	
40	37	47	31	33	35	70	22	34	67	69	3	67	1	79	14	5	57	46	32	21	37	45	73	11	1	70	67	20	77	
45	54	48	58	57	19	26	42	82	93	74	94	67	42	88	58	99	53	25	32	53	82	67	87	18	15	2	7	37	75	
39	59	8	41	46	32	28	9	88	11	92	77	90	61	61	36	69	39	75	24	94	70	69	41	68	46	12	60	61	33	
93	69	23	2	5	22	39	11	16	8	45	11	25	38	91	47	31	28	10	82	76	21	62	64	40	75	34	7	83	17	
20	71	84	24	29	44	10	9	73	77	6	87	44	10	15	79	79	7	42	73	80	75	33	25	27	31	44	12	97	65	
93	32	4	89	41	30	89	75	56	2	44	34	18	83	50	80	2	43	55	73	39	42	21	57	32	8	29	15	93	44	
10	17	11	93	35	33	77	88	3	35	34	92	90	17	5	95	52	91	36	11	11	53	53	21	42	20	17	29	55	89	
30	30	44	60	15	25	30	23	88	15	43	15	92	59	95	85	53	87	57	19	72	3	38	32	96	8	26	7	91	36	
38	50	33	89	91	95	90	94	1	59	52	43	49	61	37	70	89	23	78	88	91	39	76	78	21	72	62	15	23	13	
13	69	54	23	9	7	65	22	31	4	55	15	31	15	33	66	32	84	48	45	32	89	3	27	19	36	38	10	30	70	
55	83	2	54	26	58	3	33	98	43	37	97	96	43	69	90	77	79	99	47	92	90	99	46	61	62	82	14	67	62	
60	13	14	15	33	7	22	32	88	80	44	65	19	56	21	70	93	43	32	96	18	94	85	24	95	80	54	24	52	88	
77	18	96	99	63	59	40	33	57	51	73	26	76	91	92	2	24	1	13	59	23	69	27	51	40	39	70	76	90	94	
25	74	35	47	64	98	34	15	14	26	87	44	99	11	88	30	81	96	93	17	22	39	41	99	19	30	13	53	6	80	
98	57	4	27	2	92	74	93	30	35	5	71	18	70	39	41	96	91	19	35	12	75	95	100	49	39	50	36	4	13	
18	7	28	96	2	41	34	75	16	80	25	24	18	38	98	11	100	86	32	83	46	60	61	10	91	69	81	94	29	59	
62	91	53	31	51	98	35	49	85	93	66	70	61	37	20	91	22	78	21	79	53	20	9	47	15	32	50	91	41	19	
24	81	78	85	93	94	54	52	33	22	100	20	82	90	54	80	33	78	30	8	73	17	33	15	65	12	43	30	98	22	
3	23	64	72	90	20	50	1	51	45	29	72	23	7	3	79	86	13	36	40	7	64	62	62	69	83	77	12	11	65	
40	34	11	66	32	90	80	48	71	19	70	69	66	48	91	80	54	89	14	45	69	5	83	37	25	40	75	40	17	41	
79	80	66	13	79	57	69	84	78	47	34	82	62	18	94	41	38	44	39	89	60	39	27	90	35	42	33	40	88	6	
64	32	3	91	48	57	94	60	77	91	55	23	53	86	100	84	71	77	93	78	48	59	22	7	64	4	84	24	89	17	
64	100	4	59	34	91	42	81	9	88	12	38	32	6	71	93	75	64	64	25	78	40	53	96	63	15	92	40	96	52	
29	87	81	44	33	33	20	51	86	12	51	7	91	39	72	55	66	26	99	55	45	91	14	62	7	10	21	79	81	85	
82	21	22	34	35	60	53	5	100	17	1	91	16	35	86	99	85	55	48	76	4	56	98	20	15	56	48	23	100	66	
57	12	100	56	69	3	45	74	75	65	14	12	90	75	70	40	30	12	24	15	60	95	42	67	10	96	91	7	97	73	
78	96	5	85	52	5	6	4	46	10	18	42	93	37	39	34	49	42	10	60	92	75	78	99	87	90	80	44	46	78	
55	13	1	41	69	54	86	45	99	11	98	98	7	4	66	68	19	50	61	13	74	14	32	98	12	71	32	28	11	25	
81	9	9	9	86	23	50	61	95	77	49	62	80	67	76	58	54	57	80	23	82	77	26	36	35	75	2	56	90	88	
18	41	93	17	28	40	21	16	5	37	18	31	88	60	88	46	66	50	77	34	59	64	60	9	29	74	38	23	22	62	
95	74	21	34	71	93	61	100	63	46	52	1	37	63	83	71	44	70	29	66	48	6	72	98	13	35	3	68	21	87	
81	64	1	96	48	82	3	8	45	98	39	91	63	60	81	55	31	26	85	71	20	29	76	54	20	68	29	33	27	45	
11	37	18	97	83	63	35	5	70	7	95	55	50	78	73	13	26	15	65	17	72	85	5	4	66	38	87	25	66	33	
35	23	81	70	5	65	35	86	27	61	48	13	11	8	62	89	69	46	91	79	48	5	84	49	57	93	17	93	39	40	
54	16	22	7	47	9	49	32	73	79	76	46	11	25	76	7	15	56	100	33	40	9	77	12	22	2	57	36	25	33	
24	93	91	16	39	93	72	5	87	28	32	56	40	96	26	17	55	17	18	62	71	41	83	93	83	24	6	84	94	16	
79	45	75	82	46	16	95	63	64	34	91	47	67	32	88	87	56	43	96	16	51	43	45	21	77	47	28	92	77	38	
63	50	65	95	5	17	59	52	58	92	75	1	66	46	55	26	95	33	59	32	31	96	63	84	44	18	22	11	7	31	
97	5	69	99	64	26	13	22	41	11	53	42	5	34	47	47	92	57	44	87	89	87	73	64	75	25	46	62	64	55	
49	19	46	32	25	59	52	55	79	36	71	34	62	64	98	90	5	37	94	45	27	41	94	92	19	40	77	55	87	75	
94	72	14	100	26	64	49	68	1	78	66	11	1	10	25	98	41	52	42	64	99	12	41	27	19	4	48	59	30	16	
63	66	50	85	97	80	60	50	70	1	77	66	18	15	50	82	42	74	70	30	93	42	64	82	93	14	3	59	22	71	
65	100	26	34	13	40	24	30	91	40	23	74	43	69	66	27	11	43	69	10	65	59	27	51	66	81	99	14	81	68	
87	36	83	53	85	67	11	13	55	86	80	84	52	40	56	9	21	44	45	39	19	13	50	3	44	31	3	36	79	73	
83	19	71	34	56	69	9	43	16	4	82	46	10	35	7	92	69	90	76	73	84	66	64	81	96	51	78	90	94	75	
64	79	35	76	83	54	26	98	24	27	47	41	31	73	86	47	48	63	30	88	10	38	30	73	34	99	18	19	96	97	
77	28	93	60	57	82	18	1	6	37	12	75	67	77	58	96	31	77	41	23	83	58	81	75	55	60	16	41	78	48	
97	86	10	27	10	81	65	53	52	94	78	38	15	30	84	94	56	4	89	81	60	83	65	32	33	36	2	79	56	71	
81	8	12	56	74	5	68	46	71	84	44	67	95	3	33	26	52	99	47	54	23	19	89	93	12	17	91	86	85	32	
56	42	80	94	8	69	66	96	30	100	81	47	35	66	80	86	22	86	71	25	87	65	20	52	17	40	52	97	63	3	
87	75	78	96	71	29	82	52	8	38	65	25	98	87	52	54	28	93	97	21	85	34	67	21	83	40	43	52	10	32	
41	82	61	13	40	64	97	60	64	95	39	68	48	44	18	30	100	4	1	80	30	31	85	11	8	68	38	49	71	95	
6	61	99	30	32	4	19	66	44	64	19	52	20	25	65	17	35	76	72	7	34	56	53	5	4	70	65	19	30	43	
16	76	56	96	92	67	94	58	49	11	46	42	41	43	31	50	9	44	36	2	39	66	32	82	54	23	24	51	26	49	
26	88	99	38	69	29	62	30	12	36	21	98	82	22	60	51	73	86	80	65	4	61	57	98	69	68	77	52	71	22	
11	98	11	54	50	66	53	26	30	67	21	50	87	12	73	59	39	21	68	78	85	58	18	85	67	35	90	78	28	49	
16	74	72	70	91	11	5	82	7	31	2	43	25	64	54	31	90	35	71	64	58	70	42	40	52	80	88	23	12	28	
68	60	74	28	98	32	95	29	9	47	29	64	65	35	1	94	87	20	47	57	85	57	3	10	72	68	75	29	26	20	
20	82	16	19	9	30	5	17	69	82	15	64	10	22	90	35	95	6	10	33	2	60	40	36	87	47	10	36	52	92	
68	1	69	61	50	50	27	53	46	21	79	44	84	71	38	77	32	48	22	20	4	14	61	5	29	7	12	32	92	80	
42	5	84	55	87	32	4	67	80	96	6	3	15	91	83	47	94	81	26	95	70	7	8	95	73	81	79	35	1	15	
68	72	100	83	26	81	70	17	72	71	66	85	2	88	84	2	89	12	58	58	91	8	96	87	18	98	34	100	48	52	
97	51	91	26	77	14	32	97	85	88	4	54	28	73	83	63	14	55	86	21	1	12	31	37	25	34	90	33	85	5	
28	52	64	95	25	93	19	64	18	32	69	71	10	95	54	39	33	82	54	32	65	72	92	23	30	43	57	74	36	1	
11	61	43	96	85	3	40	64	67	77	86	30	31	40	54	64	78	89	68	60	73	15	27	98	95	46	54	2	58	82	
26	89	44	64	51	7	65	34	15	68	56	71	21	50	47	23	62	19	80	53	36	78	60	87	78	75	70	14	56	4	
67	87	88	76	60	34	40	71	28	47	36	75	19	44	89	64	67	98	15	8	82	93	18	80	26	34	33	16	69	36	
68	53	93	69	8	29	82	18	35	41	19	4	97	92	83	66	40	57	9	97	53	66	56	92	30	75	99	44	16	74	
44	98	7	69	14	59	30	3	76	89	90	31	3	67	100	66	70	87	6	31	61	2	75	20	15	63	17	34	30	5	
57	39	38	63	71	82	78	39	55	43	56	47	94	23	65	1	55	83	98	33	4	99	84	45	34	84	19	44	59	96	
90	7	95	43	93	69	43	40	6	44	42	84	78	20	69	58	11	72	79	69	79	5	31	90	6	12	44	61	76	100	
70	60	69	42	77	55	43	31	86	3	88	61	9	49	46	61	68	45	67	48	97	87	22	83	68	46	27	40	77	45	
34	23	95	91	79	4	56	84	20	42	48	45	82	25	31	50	9	49	78	56	79	97	43	41	30	22	79	24	18	16	
61	17	90	31	11	19	52	86	95	77	49	69	60	54	20	27	40	88	61	91	19	26	15	91	58	73	2	53	10	94	
19	82	84	47	87	69	30	35	38	87	63	21	54	59	34	35	3	7	27	54	39	20	43	55	60	1	90	64	33	85	
92	42	41	28	88	96	10	7	97	97	10	3	39	42	49	33	66	2	100	58	40	26	30	95	36	8	23	2	96	35	
11	3	35	65	64	97	77	12	91	44	86	25	60	35	7	6	48	89	36	88	53	22	86	74	62	4	16	12	30	68	
41	45	22	69	36	77	41	83	11	34	8	5	9	6	2	83	61	15	57	2	4	36	75	96	28	55	11	57	33	59	
30	77	96	93	46	20	73	5	93	34	7	88	84	39	7	87	68	51	3	14	80	22	14	6	46	25	88	15	97	95	
72	6	91	7	41	16	59	71	5	89	12	46	42	91	87	25	56	83	12	42	40	84	15	79	94	71	19	10	46	90	
85	83	48	73	1	39	65	91	30	13	76	84	60	68	49	47	30	67	64	69	6	63	90	46	54	77	54	17	16	99	
40	4	87	15	12	43	70	53	63	34	26	14	13	59	71	2	19	52	71	96	70	89	46	20	78	61	88	96	87	46	
31	94	64	73	59	8	46	66	25	34	39	99	8	19	25	98	46	99	2	88	14	68	49	46	46	23	35	27	99	95	
67	72	26	48	72	97	2	8	63	54	18	65	3	80	34	48	4	98	59	64	3	27	10	67	8	11	40	82	2	85	
68	7	53	26	34	66	75	70	64	87	13	82	17	34	75	10	54	98	24	69	55	53	89	32	52	4	85	17	82	10	
26	9	68	43	87	49	61	4	41	72	37	44	76	93	13	28	82	62	17	45	43	38	46	71	82	52	80	16	52	61	
50	20	65	18	70	90	92	1	78	70	96	73	57	4	64	89	16	36	59	45	65	37	1	43	17	78	62	27	79	65	
15	5	36	28	80	67	38	13	75	51	32	23	25	32	9	19	26	41	56	49	47	11	36	4	22	37	23	83	67	85	
81	43	10	75	59	49	45	51	35	51	26	85	37	75	71	98	20	67	38	80	86	61	98	48	63	47	12	89	88	50	
94	45	60	66	9	60	53	3	37	2	15	22	17	3	77	87	33	7	63	53	15	3	75	65	69	85	74	47	59	80	
7	90	96	13	38	76	14	15	76	9	44	94	29	20	4	19	8	74	68	86	58	8	99	71	16	57	26	89	94	62	
35	6	47	68	85	85	81	44	62	57	4	89	61	39	25	14	23	60	55	2	94	50	68	91	68	10	21	34	44	66	
42	25	94	75	42	2	30	46	2	66	21	67	34	66	90	87	44	50	97	67	15	87	81	4	4	86	34	7	21	95	
3	61	32	45	74	13	99	59	59	69	56	64	94	93	84	64	43	29	23	53	29	97	54	98	63	40	19	4	38	17	
70	40	94	59	74	9	95	55	95	58	56	17	47	89	14	44	91	10	36	93	95	22	5	19	8	56	28	42	13	82	
57	55	41	72	13	84	73	80	59	56	75	70	66	44	23	15	50	94	14	31	97	48	87	34	94	17	85	32	23	81	
33	86	99	4	26	93	65	98	29	98	53	79	57	19	87	89	75	47	100	81	30	57	60	100	22	40	50	89	60	50	
52	18	69	5	7	9	39	9	63	3	39	79	44	6	29	78	80	83	43	12	99	8	39	18	65	96	20	72	5	48	
83	85	78	2	56	57	54	78	14	27	29	40	93	15	84	31	47	74	60	44	11	66	12	40	59	47	63	21	93	34	
79	18	70	64	21	72	76	87	47	85	5	54	89	87	78	77	8	60	41	83	1	83	6	91	37	9	31	78	11	99	
50	10	72	41	10	64	59	56	56	64	27	67	86	1	81	65	75	10	31	18	8	34	36	95	4	98	6	9	12	46	
74	94	97	58	67	70	61	15	28	71	67	86	67	27	53	78	49	31	62	36	55	39	16	9	54	67	23	19	83	98	
84	89	25	8	32	15	31	74	53	98	23	22	27	76	71	28	21	99	44	82	10	54	61	74	5	38	3	75	30	19	
65	98	46	45	45	82	51	92	11	35	83	47	93	6	98	85	79	2	23	78	27	54	87	40	14	88	85	5	88	83	
33	84	81	97	19	55	22	98	44	79	41	49	22	45	49	5	89	89	61	41	18	31	64	21	57	47	64	59	33	47	
72	45	89	30	96	44	44	59	53	75	96	40	34	27	8	29	57	93	51	91	22	4	80	76	31	100	77	2	41	78	
1	48	77	3	99	99	3	55	82	2	43	71	88	19	88	93	53	86	44	32	85	22	98	12	5	32	11	41	1	11	
58	54	9	48	81	89	8	59	32	9	15	28	3	84	97	32	83	87	37	55	90	74	32	37	60	50	11	18	96	38	
78	57	13	6	46	37	21	25	7	4	43	48	44	85	53	51	94	77	83	60	9	27	38	59	84	21	9	70	35	59	
84	22	52	96	84	70	74	55	91	19	35	56	29	80	92	19	20	48	45	23	32	79	91	43	85	15	73	81	81	84	
33	77	81	64	63	65	35	93	24	96	44	71	72	63	19	74	100	80	41	90	14	20	61	24	75	98	87	62	81	56	
44	71	83	98	2	73	45	75	9	38	97	5	90	68	46	98	72	67	32	21	58	31	57	93	79	92	21	37	59	8	
31	6	99	73	83	49	69	97	28	13	36	83	66	76	97	88	30	64	79	58	71	92	23	63	28	41	82	90	62	57	
72	48	94	22	80	96	51	58	12	24	38	45	25	19	71	59	90	97	42	87	65	8	19	50	95	20	74	45	47	42	
100	6	57	68	86	19	53	9	27	56	69	81	96	11	71	49	25	52	53	50	45	22	90	47	2	48	40	71	38	57	
33	85	7	84	99	43	68	40	18	49	68	74	86	33	18	30	49	94	11	6	27	92	48	49	43	65	62	46	33	28	
60	9	83	69	26	42	45	37	46	53	6	12	53	44	16	85	14	96	18	87	82	24	12	54	4	75	48	17	64	2	
56	40	73	9	23	60	71	85	98	2	71	54	83	61	83	3	20	81	93	79	21	74	61	58	64	61	14	35	62	23	
92	76	99	94	8	40	61	36	24	66	19	81	41	65	46	23	77	86	68	4	55	27	82	17	43	15	98	23	21	88	
73	67	52	31	61	19	87	64	88	92	39	92	26	4	98	35	26	88	75	31	36	76	97	64	10	91	89	52	87	40	
15	22	4	95	69	30	46	81	32	18	78	35	41	20	95	92	29	39	87	11	38	78	9	58	14	91	93	85	36	77	
61	3	32	50	10	20	88	38	70	86	58	16	88	85	24	60	62	53	68	79	25	10	45	68	79	49	92	85	5	3	
87	51	9	90	52	11	77	17	75	22	53	78	75	47	58	79	53	73	18	85	92	82	69	69	99	42	47	90	15	99	
3	63	18	85	76	68	1	74	28	27	16	51	24	40	89	80	10	65	62	72	13	76	24	5	80	33	20	46	22	58	
61	64	25	95	72	42	67	95	50	29	14	51	18	95	21	96	2	57	48	8	57	19	55	3	34	27	53	13	51	25	
18	71	5	87	93	46	67	37	42	16	16	99	22	60	8	24	88	8	9	99	62	85	14	32	10	30	36	58	16	86	
52	26	60	85	14	50	11	75	88	37	22	65	59	28	71	84	32	12	78	76	3	2	22	87	78	77	100	11	89	32	
30	88	7	99	79	95	55	15	67	56	90	60	84	68	89	90	12	19	59	34	52	39	71	40	81	21	65	73	7	91	
98	9	86	25	17	92	15	35	86	17	30	76	100	74	62	36	55	83	31	26	75	66	77	78	95	63	77	6	63	90	
71	1	13	79	11	61	7	59	14	80	64	69	53	38	15	2	51	72	58	35	44	29	89	85	31	11	53	96	28	77	
28	49	87	64	29	54	65	30	18	53	33	42	37	62	73	57	2	16	99	67	38	97	1	15	29	71	96	93	19	42	
36	80	87	26	11	89	87	75	37	25	15	29	33	72	52	60	7	63	99	39	17	1	85	48	86	37	44	4	65	22	
60	82	87	78	38	44	54	77	72	11	54	7	81	44	86	62	50	8	57	1	12	49	70	43	33	95	14	12	4	67	
37	33	40	71	47	48	49	80	88	17	17	55	71	98	21	55	70	41	68	25	6	28	20	71	82	52	60	69	33	20	
96	45	19	100	18	42	69	79	57	62	40	85	98	27	79	86	59	23	70	77	37	5	23	16	71	86	36	75	90	29	
26	4	31	21	27	36	50	3	84	75	72	70	96	50	36	75	1	23	39	8	82	79	83	23	57	53	84	23	71	49	
94	61	6	75	38	85	84	94	83	42	9	55	71	35	100	67	99	72	92	23	27	75	7	94	30	26	39	37	48	65	
85	98	86	76	21	3	69	23	20	65	64	19	44	51	4	39	54	80	100	18	40	67	9	86	55	8	95	40	86	84	
21	44	33	38	25	13	49	26	93	27	75	81	32	74	69	9	91	18	15	25	96	40	68	98	89	9	43	45	91	68	
96	22	34	47	29	71	19	37	5	45	1	89	93	9	23	23	49	90	21	57	3	24	90	92	28	23	94	10	97	71	
26	88	50	93	86	10	43	92	17	39	33	24	5	100	31	60	68	57	33	68	53	94	91	89	32	52	8	16	70	60	
49	87	4	56	11	54	48	21	4	80	15	38	11	91	36	58	49	81	94	44	49	32	20	17	13	22	13	29	28	10	
84	27	41	37	23	3	27	75	59	20	99	8	56	79	51	41	46	57	18	59	21	30	11	85	20	68	59	13	75	54	
40	7	23	86	22	2	78	37	26	42	31	98	73	35	25	32	96	29	6	97	15	19	67	37	16	43	24	38	77	41	
1	88	28	70	94	9	47	2	58	44	21	52	45	99	28	10	56	95	23	77	10	76	26	27	43	63	41	37	75	71	
74	75	21	15	12	28	24	72	82	97	48	85	6	19	52	17	23	71	24	93	42	70	70	95	44	86	57	82	47	11	
84	63	13	73	10	50	43	71	62	53	99	84	28	98	61	69	74	97	77	44	54	78	95	57	19	59	70	40	13	46	
80	26	33	60	16	80	88	31	3	57	76	28	77	3	74	99	45	43	2	39	66	47	13	25	58	51	10	70	13	70	
7	83	67	52	73	61	64	32	21	25	10	6	54	79	5	29	56	77	2	97	100	90	22	84	14	40	37	29	17	34	
90	99	34	97	17	79	27	16	93	55	20	22	12	2	5	88	78	78	41	100	58	99	100	52	38	49	16	54	74	33	
35	60	26	85	82	70	22	5	88	26	99	62	41	43	93	93	58	36	100	5	89	14	23	33	4	76	63	27	22	22	
42	67	76	56	52	29	35	59	59	48	20	44	34	56	87	33	67	92	63	10	82	3	57	39	87	95	87	68	3	88	
83	30	49	2	77	32	9	69	73	97	86	35	55	76	11	28	2	64	81	75	89	95	42	7	98	73	27	97	91	81	
23	95	93	87	32	71	92	1	45	82	69	97	44	11	97	77	96	60	81	35	17	82	26	79	9	86	59	89	100	64	
31	25	46	97	91	30	64	71	96	76	16	84	95	45	57	32	21	55	17	22	61	70	87	19	86	52	15	54	81	37	
45	35	91	55	52	36	63	23	50	64	84	73	85	32	15	5	32	70	71	69	59	72	23	22	39	53	98	5	5	59	
4	46	87	64	25	84	80	38	39	56	28	76	73	8	24	20	90	17	57	11	61	31	62	59	98	68	51	18	14	30	
29	91	61	19	31	19	58	73	25	22	95	46	68	97	99	100	12	81	76	98	7	53	77	3	28	20	57	15	34	10	
4	21	44	78	79	36	66	80	86	35	42	95	53	35	72	79	18	68	36	89	23	43	36	10	74	99	14	82	20	92	
35	91	61	75	16	87	84	54	63	44	73	34	41	52	78	93	78	42	7	34	91	54	80	21	81	11	77	84	36	58	
51	58	29	84	97	88	20	25	93	6	77	19	56	88	94	78	83	17	54	67	63	22	79	29	86	78	64	96	82	76	
66	55	59	98	28	80	43	59	36	37	22	3	46	31	41	64	25	47	24	29	2	99	4	55	12	2	81	38	89	22	
56	44	36	66	99	23	74	30	53	89	55	7	80	30	89	16	4	82	22	22	4	79	56	50	66	59	7	4	95	1	
41	57	35	8	36	72	71	71	43	53	99	79	73	60	73	51	9	27	91	12	27	56	70	43	83	93	9	64	90	1	
57	43	91	87	26	39	11	46	21	5	45	28	74	33	95	57	1	5	92	28	21	78	40	88	16	23	85	66	11	97	
96	2	90	18	90	9	6	61	67	47	39	16	20	2	93	56	35	100	59	10	6	2	79	54	20	50	80	49	93	71	
70	90	65	51	12	53	73	35	23	49	66	27	61	23	43	84	88	55	13	30	39	56	3	40	25	64	83	60	46	75	
74	76	5	75	49	35	37	56	58	91	94	30	28	23	68	68	22	47	14	38	57	27	27	15	17	52	85	88	4	27	
42	85	26	9	56	86	3	78	74	10	45	17	9	82	31	64	87	23	95	28	45	14	4	10	4	31	64	59	58	53	
14	49	42	87	80	66	82	59	94	43	27	72	18	68	24	34	12	66	90	84	37	29	76	95	97	36	49	27	45	98	
13	41	4	11	67	16	1	6	63	30	94	33	96	80	43	12	69	68	63	35	93	75	52	15	23	94	90	3	32	2	
42	20	89	82	20	89	82	35	85	50	100	39	84	88	76	45	69	30	43	16	37	66	61	46	79	17	20	26	40	46	
22	33	20	87	94	61	69	48	95	31	63	85	12	25	52	91	57	56	27	20	15	63	42	44	100	74	89	27	23	6	
16	40	81	69	28	80	8	13	14	41	63	20	97	62	41	31	96	59	25	79	33	91	25	45	46	41	63	63	86	3	
9	51	94	1	69	42	96	90	82	25	74	11	87	43	83	96	48	99	19	52	61	56	83	69	83	49	74	20	50	41	
8	67	73	82	56	80	37	55	39	23	35	34	31	89	13	69	48	65	15	75	33	69	40	4	58	92	69	14	8	32	
4	66	23	5	33	18	93	70	36	91	52	1	58	31	19	97	32	92	54	13	42	5	58	44	35	20	20	12	35	31	
90	16	13	21	34	67	25	82	4	3	10	8	16	58	11	57	34	44	81	34	95	45	53	37	22	55	12	75	17	96	
100	42	17	4	13	14	77	67	6	98	95	49	97	40	93	43	27	5	27	30	42	42	98	34	90	21	61	16	34	16	
76	25	56	41	45	12	83	83	20	82	54	91	82	17	33	100	27	18	5	19	10	41	43	90	21	15	15	8	17	82	
57	70	8	94	64	73	89	49	48	90	63	55	68	88	86	56	47	76	47	61	17	97	49	56	56	81	58	85	11	50	
42	44	35	37	9	12	57	36	20	11	78	24	40	92	64	17	37	53	66	32	63	62	7	84	71	40	99	40	33	10	
83	3	94	36	16	95	55	1	37	76	69	84	90	1	18	63	82	9	73	36	10	9	69	27	86	81	58	48	35	23	
5	15	53	21	41	29	42	99	5	98	76	95	22	42	44	63	97	3	80	95	40	69	94	26	41	73	36	38	53	25	
74	10	63	92	65	62	57	33	54	80	4	55	17	44	25	50	46	79	7	9	38	9	91	59	32	76	38	35	12	57	
55	5	68	8	33	96	84	85	24	96	84	45	76	37	73	25	80	59	48	46	15	45	56	85	87	47	28	30	3	60	
35	93	20	8	18	51	69	47	95	51	32	8	62	78	29	23	28	95	49	13	48	84	18	36	52	60	98	18	85	36	
59	8	100	51	64	47	68	99	62	29	2	22	80	97	13	41	56	6	35	58	51	41	86	42	47	73	66	71	100	93	
1	18	14	56	71	87	58	23	7	40	33	89	30	61	74	27	57	70	29	93	18	74	62	64	51	96	64	11	61	57	
79	34	67	76	60	92	81	12	34	24	72	86	37	38	26	33	26	6	9	80	5	7	72	50	15	91	76	48	68	68	
15	61	26	40	73	87	68	19	35	84	79	29	41	78	62	52	54	6	58	77	79	60	25	81	62	48	4	20	38	25	
85	28	30	24	42	50	100	6	95	56	9	15	40	7	42	82	28	71	2	48	1	24	74	78	10	66	21	81	78	38	
61	82	79	36	27	90	35	43	28	63	80	34	47	69	20	13	46	91	89	99	75	29	89	71	95	77	65	26	57	13	
46	22	14	2	43	3	49	6	21	37	31	63	44	98	65	60	82	94	68	26	30	3	1	20	69	78	38	78	80	38	
44	58	71	37	12	91	6	6	56	18	24	86	78	91	92	8	48	55	43	84	71	32	70	16	26	93	93	47	95	77	
24	93	28	86	79	36	13	85	28	81	32	75	75	88	32	7	11	38	52	72	83	7	62	83	62	33	18	25	22	18	
53	47	51	98	26	13	50	65	22	45	1	33	78	29	14	75	55	47	72	76	5	80	35	77	92	77	89	15	65	91	
24	69	94	39	98	72	23	10	23	54	89	58	52	29	18	29	88	23	1	25	26	23	3	100	94	95	61	41	69	85	
75	68	75	19	98	77	84	49	78	100	95	27	10	39	39	99	94	31	52	43	20	29	10	95	12	6	9	52	10	26	
52	33	75	36	58	25	35	66	11	77	17	56	20	92	25	28	55	40	72	89	69	87	59	26	42	22	70	21	89	29	
28	13	21	9	15	76	66	83	76	86	64	18	37	2	12	51	20	93	22	9	33	60	9	45	58	59	23	49	85	21	
100	95	49	7	92	30	64	70	99	27	83	90	11	48	7	15	40	92	27	27	100	31	82	1	51	48	54	47	38	33	
35	33	67	8	51	41	14	78	11	3	63	34	16	14	2	57	64	24	32	92	22	52	76	93	45	74	82	64	78	86	
54	47	68	36	71	15	60	72	67	95	66	59	74	15	29	65	70	50	18	8	74	19	27	14	75	46	65	38	94	2	
57	49	19	76	2	62	53	54	44	86	66	91	58	26	54	24	71	29	32	44	46	98	10	28	9	86	52	6	7	58	
91	8	15	84	68	22	27	90	10	48	18	95	58	38	38	92	36	51	88	70	87	73	98	77	42	64	81	70	94	52	
58	97	82	67	67	17	15	98	2	57	97	13	43	38	23	73	76	48	56	28	20	24	16	81	93	80	28	63	100	92	
25	28	22	21	84	7	28	50	58	33	56	45	27	53	23	80	73	96	63	85	62	24	2	9	84	31	21	92	87	45	
71	4	97	43	26	98	23	89	5	63	78	68	89	93	72	60	11	12	54	72	11	98	7	47	66	16	38	95	42	51	
91	25	40	88	97	66	16	97	31	18	2	9	40	62	71	88	61	16	1	52	44	30	51	80	55	46	37	13	9	64	
86	45	76	3	3	49	45	35	58	89	51	37	18	21	89	84	42	71	79	92	36	45	54	63	34	28	74	7	37	45	
10	39	54	16	30	69	97	20	94	50	41	46	30	25	47	8	56	20	15	32	73	47	3	63	28	28	32	40	43	56	
83	35	36	37	17	56	4	3	9	62	29	73	70	42	25	4	79	54	52	67	69	14	43	30	32	2	43	46	39	17	
46	58	87	81	66	89	15	8	1	74	66	59	67	34	73	52	1	33	98	21	72	38	55	13	50	80	2	89	9	1	
67	58	78	17	57	57	62	40	61	68	88	38	45	25	60	24	99	54	29	11	84	46	95	61	97	74	11	23	35	73	
67	43	49	67	39	76	94	14	67	48	37	83	84	42	66	99	92	100	16	25	91	75	14	46	81	76	85	95	4	76	
100	32	92	85	38	48	38	17	99	81	10	87	94	50	71	22	93	47	79	81	11	45	72	2	57	9	73	39	82	25	
60	43	9	70	93	4	8	7	92	62	63	62	99	44	55	21	86	4	39	62	71	52	95	97	71	7	79	6	98	17	
21	64	72	19	22	18	11	42	53	51	26	70	75	38	28	19	13	96	23	99	60	61	49	61	95	64	88	46	43	79	
66	95	5	66	89	88	42	33	19	4	87	89	71	41	20	67	73	27	31	29	36	12	57	91	28	21	62	30	37	12	
4	50	67	70	7	34	17	21	18	99	23	59	45	32	69	13	76	82	90	99	43	24	36	34	77	23	57	8	66	81	
36	38	15	16	77	52	70	23	21	80	45	26	63	41	82	92	66	64	19	96	22	77	52	37	91	46	12	57	16	62	