350
50
7317	13816	6925	13065	12355	8900	12603	6170	8659	3167	11003	12204	10498	10098	12597	6339	12705	13231	3622	11631	4464	6452	4306	8373	10955	12433	5383	3090	3865	3113	9594	2974	8208	8571	11500	3973	4830	9844	12197	4740	11788	7364	7563	12182	12151	3048	3298	7413	6064	8940	13940	5144	9538	12480	6188	8056	11376	5105	10150	7736	14290	10476	5668	13421	4342	2160	11804	6108	5731	12612	5238	3718	9315	7326	2712	4775	12411	5651	13812	2483	14043	3554	7179	3937	11109	12574	11521	4727	6911	11838	5080	8558	9384	9691	6123	11177	11866	5616	11893	7236	14289	5609	6555	7541	9496	11814	13914	7610	11139	9458	12743	12687	4481	14400	6469	4390	14312	12274	9286	9891	3977	7412	11220	3922	4207	6346	12573	8959	6075	11581	10600	6158	10566	5316	10259	3806	10716	4997	10040	5984	7611	3117	3737	11342	3497	3239	4929	13919	5115	8023	4920	5820	11510	3976	13411	9424	13233	3126	12111	8835	8151	6695	13918	12708	5021	6720	2136	12827	13873	8414	10491	2425	12918	9547	13094	10680	8748	12565	2843	13803	12274	11943	7928	7505	3788	13870	9857	8326	13188	12204	2091	2223	10812	8768	10224	10587	13728	8103	9212	13295	9993	6622	10855	4300	12785	11585	3028	12285	14212	4528	7655	8748	8204	2276	7097	13092	7171	12456	12117	13515	4994	5673	2522	7068	3100	4826	7447	6920	8813	11036	13014	4227	5011	9155	7688	11426	4748	13952	7969	7092	10189	9619	9195	2104	8108	10118	7670	3886	13362	12463	7938	5543	13777	2288	6496	5882	7552	13068	8292	7477	5188	7990	11524	4971	7378	13350	10905	3678	10544	6068	10655	12560	8082	2764	4453	8256	8022	7904	6567	6300	4191	14420	10817	6977	2127	5509	4981	7703	5851	8516	10232	4284	10989	7121	6794	5639	3278	4346	6607	2946	14156	11625	4083	10718	3224	2451	9976	3064	9595	8530	4772	5122	13567	6663	10436	8049	6398	3498	11594	10920	13176	9755	5517	12790	2793	7482	4938	4281	6197	4648	6645	11174	11379	14238	3906	10121	12054	8775	12301	10593	7701	3404	7336	5469	3573	2499	9838	3834	12800	6299	
84	64	84	1	7	10	69	78	82	1	62	17	75	10	49	23	48	31	21	42	16	51	98	36	35	82	1	38	71	38	9	52	99	12	83	3	34	10	63	55	14	21	79	41	68	40	5	98	49	81	
64	77	7	36	65	76	38	67	23	34	37	49	98	55	28	90	43	71	61	92	66	58	3	45	28	62	41	57	44	4	99	59	50	53	25	47	60	13	93	47	27	53	52	9	67	55	78	74	36	97	
45	72	44	62	11	26	56	58	73	97	27	94	53	80	42	21	9	28	81	67	85	89	28	3	55	53	86	25	3	69	67	39	61	68	73	82	97	92	95	22	15	46	78	12	14	84	36	96	21	22	
30	95	95	34	24	9	55	70	78	26	1	5	71	19	5	98	37	71	15	50	59	59	85	43	73	87	26	42	59	56	42	73	21	96	98	2	95	10	34	98	27	10	16	36	20	23	95	85	26	21	
12	80	43	90	76	78	51	42	81	47	74	45	75	29	74	6	67	87	3	59	42	28	73	17	36	47	14	1	66	50	39	63	34	41	28	51	47	92	5	87	17	20	73	69	41	36	15	2	68	61	
95	22	100	2	14	76	98	48	90	67	78	16	82	69	20	67	75	89	29	78	88	20	14	9	84	99	83	46	80	98	63	72	100	79	98	14	7	7	79	73	16	98	6	9	71	47	5	72	30	68	
25	80	10	28	1	90	65	70	63	8	13	48	10	45	28	27	100	9	66	16	5	87	93	37	49	56	27	46	18	42	21	64	5	95	39	90	50	62	10	82	64	76	65	45	62	81	74	73	35	84	
61	1	47	77	53	90	26	86	80	53	86	42	58	69	13	70	100	72	79	53	44	97	91	3	94	22	66	58	16	40	8	88	24	46	20	61	64	27	74	29	68	95	29	13	34	87	59	5	77	27	
52	17	24	43	66	47	68	50	67	31	12	66	89	19	42	26	85	79	26	83	53	16	37	39	62	74	27	37	27	50	12	2	77	36	40	11	33	63	61	38	2	31	6	2	23	31	59	6	49	3	
70	56	41	80	40	87	98	18	95	53	70	7	3	28	8	16	18	56	58	12	55	36	6	65	24	12	22	26	79	38	63	25	61	7	38	56	38	86	43	16	80	81	11	31	8	29	44	90	13	99	
23	53	40	33	8	18	73	77	69	58	63	63	23	70	97	64	64	81	1	16	99	16	7	83	43	27	41	15	30	20	14	21	35	49	16	56	33	49	45	88	18	35	29	14	73	85	9	17	59	92	
5	1	64	42	83	34	32	51	75	88	56	92	43	72	19	64	86	72	1	98	14	54	94	13	54	9	99	46	60	21	83	29	36	2	29	94	99	23	9	13	40	36	56	20	55	62	20	62	65	85	
26	76	36	96	91	2	72	58	35	54	46	95	17	33	85	17	83	50	28	54	81	73	24	39	13	44	38	67	3	10	74	41	21	76	51	49	73	63	75	60	58	38	97	20	62	47	52	88	10	63	
26	45	23	42	75	64	50	29	12	27	56	78	43	23	89	63	82	63	75	9	14	100	93	52	73	44	40	13	47	91	87	63	31	26	78	84	94	67	40	71	31	46	84	33	9	54	34	82	34	1	
3	3	96	56	8	78	71	78	92	79	85	44	88	58	66	44	63	13	45	95	99	87	80	92	15	50	16	96	51	52	94	41	33	62	86	93	17	24	17	96	79	92	90	3	84	31	35	57	64	96	
46	83	88	25	79	95	95	99	17	50	31	70	34	75	9	52	8	65	79	25	72	37	85	100	93	64	37	41	25	41	36	51	75	53	15	57	79	54	93	56	73	56	63	9	7	8	49	92	43	16	
99	41	29	6	11	53	34	62	9	25	6	82	7	47	67	20	32	83	64	27	94	97	51	92	29	19	49	61	40	52	31	78	28	61	13	67	81	4	60	69	53	96	31	82	72	5	15	86	36	28	
53	38	9	99	29	76	6	27	81	66	37	55	67	72	60	98	83	54	38	6	26	99	22	45	35	58	99	99	69	40	72	45	94	76	65	43	90	67	67	36	4	73	68	74	7	10	36	94	32	60	
45	15	95	2	59	36	38	39	25	52	39	65	26	14	72	93	10	8	25	59	82	24	2	42	31	33	63	91	43	15	83	45	86	86	37	70	7	13	40	69	57	39	89	28	34	40	1	6	14	78	
34	89	13	48	45	51	94	9	5	4	11	56	93	33	66	78	31	33	1	95	26	7	75	89	46	88	72	55	30	94	66	36	25	30	19	40	81	89	94	31	62	27	17	38	53	11	8	51	64	59	
74	79	62	24	25	81	90	92	67	17	42	3	76	67	13	96	56	11	45	60	40	78	19	26	83	6	85	30	58	66	28	57	53	35	99	7	27	44	61	78	87	13	49	39	73	59	21	40	72	44	
53	83	11	81	19	57	77	36	45	6	81	86	27	72	59	15	68	56	69	61	57	70	48	54	99	78	8	1	79	52	13	3	3	90	55	23	65	66	10	26	21	18	61	75	70	92	10	42	85	85	
12	65	34	82	9	79	72	53	51	83	26	63	19	27	78	27	93	38	16	86	41	4	34	11	6	100	74	41	20	19	49	24	83	41	4	19	76	52	80	67	93	95	9	44	25	31	42	55	14	13	
89	41	73	23	39	91	40	27	65	83	96	26	40	13	83	27	38	74	100	65	69	85	46	33	81	2	62	7	42	48	77	85	58	43	53	64	23	31	10	27	75	22	42	16	22	10	83	10	66	27	
77	37	18	34	41	91	6	85	57	23	8	95	14	42	57	93	77	31	4	66	82	69	47	100	56	23	42	86	23	30	74	50	48	12	36	8	29	64	52	81	31	25	55	99	24	26	76	82	83	59	
36	96	45	27	28	98	34	53	30	25	12	79	7	2	100	61	69	64	83	52	98	15	1	34	76	75	79	29	64	88	56	7	4	86	4	73	75	37	65	93	96	25	34	100	66	32	66	83	92	22	
95	54	28	52	79	49	52	56	20	94	26	81	25	61	26	63	88	83	52	76	33	4	38	100	38	86	13	79	22	1	15	69	78	70	37	96	72	44	44	85	59	17	27	17	65	34	52	19	44	35	
33	13	18	24	31	77	47	85	64	70	92	66	81	52	65	5	25	89	84	70	95	22	77	44	88	44	97	65	67	10	40	6	96	87	96	68	38	95	53	94	96	20	43	57	65	85	9	61	1	15	
12	56	34	39	27	75	89	97	86	20	88	57	66	77	30	74	38	26	1	11	18	62	42	35	89	77	75	45	84	45	82	95	50	7	69	24	31	58	68	100	43	91	62	44	30	30	30	89	9	66	
47	93	74	89	93	8	88	56	51	74	84	65	92	88	86	2	93	78	81	96	20	68	25	97	73	20	60	47	100	87	72	34	85	25	26	29	99	24	44	53	67	77	23	28	65	93	4	100	83	15	
42	41	97	3	34	83	36	95	7	13	51	63	82	49	7	3	45	85	66	54	7	51	29	23	36	47	39	50	85	34	96	65	46	99	12	97	15	22	98	48	40	15	1	49	92	9	87	39	76	12	
60	61	70	59	77	46	78	32	64	36	2	17	74	71	98	26	31	31	62	13	41	19	50	40	79	17	49	88	84	58	32	18	3	94	75	16	82	43	23	98	94	67	25	34	41	91	70	29	83	76	
11	80	76	12	46	78	18	78	96	37	37	100	98	60	75	92	5	84	50	77	69	60	94	98	20	50	2	96	9	67	51	89	46	75	51	95	60	21	62	82	70	83	70	17	28	51	15	86	93	54	
18	72	29	34	34	25	47	5	49	70	27	52	77	20	95	77	45	2	42	59	60	18	5	30	89	77	47	50	18	91	13	42	56	18	41	39	95	81	63	16	52	15	11	47	61	5	32	90	70	30	
64	89	70	15	29	57	82	62	50	71	39	16	86	92	69	70	62	94	62	39	18	77	69	43	16	64	62	71	74	46	69	38	17	4	60	39	67	22	21	68	3	79	89	55	79	72	91	44	67	22	
32	10	58	58	36	81	67	71	94	33	87	3	22	52	14	4	1	98	37	58	62	3	41	91	37	94	4	79	91	24	54	46	7	46	27	5	74	73	60	83	31	96	79	45	37	62	86	85	77	36	
53	75	39	93	71	74	11	7	18	37	72	54	40	89	96	36	60	41	87	73	61	70	4	52	6	84	58	19	87	50	75	39	27	60	75	74	69	48	97	56	23	94	68	46	63	78	19	9	91	68	
62	51	8	52	3	85	67	56	61	41	88	99	95	28	62	75	72	98	82	84	36	93	67	27	47	72	82	41	2	34	46	60	67	91	6	1	73	65	8	28	55	10	84	36	40	68	60	60	15	31	
26	5	29	60	43	38	7	72	74	7	78	18	50	71	55	91	33	40	21	55	19	88	81	70	87	67	23	60	15	32	73	54	89	85	36	87	89	56	83	48	38	7	89	6	21	30	61	63	37	45	
7	2	37	55	14	30	33	97	65	44	20	83	97	60	29	49	72	93	90	36	40	65	93	73	85	84	71	43	3	33	36	41	52	47	42	73	61	65	73	36	95	100	60	82	21	58	73	75	12	87	
72	62	77	54	79	40	23	76	11	93	80	42	17	8	35	16	62	12	61	11	84	92	48	47	16	76	63	69	21	92	88	65	12	41	24	10	54	42	68	46	45	39	77	42	38	73	91	28	67	69	
88	69	60	78	70	43	67	87	22	30	40	80	89	14	29	9	47	91	100	18	94	96	72	17	59	4	30	20	14	87	77	67	46	6	16	5	11	85	85	13	81	90	69	72	62	9	87	29	42	20	
16	4	81	67	87	39	76	8	90	81	56	88	52	58	76	51	88	90	31	9	36	31	4	15	18	51	15	16	97	88	40	82	23	43	18	41	81	94	59	52	88	39	25	17	1	17	47	98	30	46	
98	90	84	92	41	83	66	51	8	88	14	1	2	30	61	75	100	36	39	47	23	45	64	32	89	45	76	48	64	4	20	93	88	43	88	26	21	87	63	61	65	66	39	10	24	77	92	44	33	11	
42	41	65	13	28	46	73	35	78	81	64	90	53	49	83	19	100	37	60	31	29	17	62	84	18	84	34	3	97	95	28	65	66	93	65	93	60	20	60	39	48	72	16	44	47	35	74	12	69	8	
53	39	55	10	38	62	42	16	94	50	78	75	6	34	82	99	87	39	10	46	89	97	77	4	23	14	37	73	61	54	40	96	81	43	1	82	87	10	49	29	97	25	57	30	94	93	59	31	75	18	
1	65	60	37	98	87	20	15	81	86	49	13	53	37	4	93	99	25	61	26	21	70	71	100	77	12	27	58	57	37	60	8	22	70	29	79	92	58	75	25	58	2	53	1	41	42	69	52	50	83	
69	99	84	13	73	9	100	70	48	83	34	41	53	7	36	9	10	30	84	77	89	85	64	45	96	64	36	99	3	96	25	53	80	5	12	60	98	51	10	59	10	61	43	46	47	22	74	76	74	87	
43	36	96	3	18	45	7	92	62	73	17	16	67	83	20	11	22	38	70	89	9	32	70	24	32	28	19	77	38	21	51	34	86	49	63	47	59	32	24	11	41	6	4	18	88	71	72	72	78	100	
47	51	22	44	96	42	45	43	30	8	1	43	29	48	73	60	88	53	45	38	92	85	88	14	40	20	70	69	78	33	89	29	19	29	92	54	62	27	19	21	23	67	7	95	53	91	11	36	4	19	
56	95	67	21	14	92	86	55	67	79	36	26	8	30	11	76	83	20	50	28	90	70	23	19	67	79	25	17	51	74	76	7	90	39	7	62	27	11	82	70	2	54	4	73	34	38	78	14	81	3	
51	32	86	75	37	42	66	50	8	67	91	95	2	43	68	5	83	90	29	19	54	28	69	100	96	87	13	13	11	25	90	65	62	68	33	95	58	30	57	14	18	73	72	48	12	18	30	32	72	28	
16	39	8	2	30	74	85	67	34	42	30	56	35	70	90	2	49	69	60	91	64	29	34	54	82	9	70	87	36	59	58	37	81	73	36	83	22	86	2	4	32	38	91	20	63	83	48	39	51	9	
98	46	81	4	89	19	54	79	72	69	67	27	33	17	13	97	11	74	47	94	34	75	88	42	81	93	38	70	57	25	49	8	14	30	74	1	76	67	66	86	46	45	23	78	99	7	94	64	88	92	
82	10	28	49	28	19	21	13	47	100	47	42	48	30	28	93	77	32	44	84	42	86	56	63	27	58	63	85	3	6	7	68	70	98	87	82	22	64	64	85	96	43	54	14	51	21	47	98	95	60	
100	48	49	59	94	34	20	10	41	69	14	29	88	49	28	73	74	21	88	96	96	76	13	71	24	2	53	100	58	23	5	1	12	22	4	14	90	32	63	84	56	14	96	16	37	94	42	2	7	99	
86	61	37	19	44	55	9	7	47	63	32	59	52	23	2	63	64	85	3	96	39	27	42	17	13	27	40	77	67	1	64	40	24	32	36	9	57	72	70	69	19	85	23	13	52	45	50	12	34	34	
27	30	51	90	36	12	26	100	68	85	30	40	80	59	55	8	81	7	40	97	75	67	52	15	67	4	93	36	97	3	65	47	87	1	22	24	86	71	89	46	74	21	27	42	48	56	76	15	86	36	
100	8	100	20	24	78	83	67	30	19	40	58	52	40	41	39	94	84	47	9	54	56	93	100	26	77	18	23	30	7	4	85	65	84	29	83	8	79	75	48	90	66	31	86	36	53	83	40	31	25	
82	76	65	96	44	52	64	71	100	40	5	61	15	6	86	6	53	54	72	96	26	10	73	4	85	87	2	53	35	63	18	2	62	63	63	8	27	21	48	99	59	77	36	84	38	15	30	56	73	68	
80	86	4	29	45	8	71	51	82	35	55	32	57	75	65	100	86	12	28	66	57	89	20	91	100	8	19	93	87	19	96	99	91	82	60	96	44	6	18	55	53	19	33	33	74	2	77	56	64	4	
13	58	39	19	64	30	23	92	41	84	66	80	37	60	59	91	27	13	79	79	11	67	35	52	92	19	14	46	92	39	26	56	32	84	13	20	32	30	73	20	17	97	97	26	18	4	34	1	21	1	
28	57	94	40	98	7	88	5	41	69	13	95	92	17	17	44	66	74	21	17	66	5	94	3	32	45	71	22	61	73	42	90	41	24	68	22	52	85	8	70	41	36	49	11	80	13	84	53	60	15	
87	5	62	86	53	41	39	29	34	45	81	46	70	28	38	13	94	46	57	12	75	58	19	12	17	12	5	45	31	38	22	27	42	99	67	27	6	9	11	68	54	43	28	36	72	74	7	10	87	35	
14	43	41	76	2	65	43	61	73	94	39	42	53	48	57	90	30	19	99	74	57	56	85	23	33	35	93	4	8	54	23	2	73	56	95	98	36	65	60	63	88	13	72	22	23	65	62	60	49	82	
9	64	10	88	89	35	24	11	64	5	73	33	34	47	28	58	55	57	87	82	9	59	50	35	76	49	73	19	44	80	65	60	48	71	22	60	36	64	21	9	99	81	1	87	12	60	17	82	74	55	
43	87	38	31	52	68	80	6	13	100	46	11	64	24	59	54	64	71	3	36	41	52	92	48	64	10	5	23	25	88	38	55	10	56	5	98	84	97	98	93	25	53	71	100	79	72	20	32	30	20	
76	18	97	36	23	37	3	44	18	1	81	62	64	85	17	64	73	22	31	84	24	23	59	70	79	86	86	28	40	90	31	8	48	11	95	37	54	92	29	85	16	55	62	16	3	37	11	87	15	99	
73	66	36	22	38	100	88	96	10	43	61	79	100	38	21	60	39	7	28	73	24	80	20	29	86	90	40	68	60	3	11	69	84	59	94	32	54	38	73	46	17	95	58	10	92	15	3	47	27	73	
72	53	41	27	11	59	20	49	90	98	54	94	49	6	37	53	43	6	68	34	69	41	21	88	39	62	80	43	11	92	52	40	97	18	2	76	25	70	74	87	4	10	100	40	24	28	97	16	8	15	
14	90	66	75	80	53	46	75	57	31	69	57	3	89	95	70	99	29	58	77	6	21	62	54	28	25	40	88	25	92	99	41	94	57	14	33	100	46	51	55	39	87	11	40	63	77	42	23	96	39	
63	81	15	97	81	41	87	33	8	81	78	4	7	82	82	39	20	85	28	52	61	71	59	22	76	79	13	39	96	7	27	10	51	75	51	88	8	48	47	51	47	40	8	46	7	49	22	91	48	93	
59	80	15	57	72	49	11	53	26	84	98	65	95	99	91	39	4	92	23	15	99	67	84	36	63	95	57	66	27	22	21	9	34	69	86	11	55	80	74	77	73	2	72	55	74	14	8	44	12	34	
41	48	52	71	54	81	85	1	97	74	81	89	19	71	37	81	77	93	2	31	27	8	19	55	25	47	8	14	88	48	58	66	6	15	37	52	99	24	11	89	51	25	40	2	82	8	99	6	27	30	
29	19	43	39	25	84	46	28	12	9	72	1	71	66	99	48	6	4	70	55	76	66	24	88	27	24	3	38	96	61	7	12	72	61	99	5	46	5	9	96	72	63	61	38	23	40	31	44	29	21	
24	2	7	9	5	44	38	67	39	67	49	89	18	91	89	79	83	78	34	13	67	66	42	90	11	86	34	18	47	65	98	98	28	32	29	77	66	88	39	96	99	91	24	59	98	87	55	94	91	70	
35	78	60	65	48	54	40	61	67	58	24	34	26	33	56	52	61	3	61	30	66	28	55	96	33	69	15	80	68	28	25	32	92	46	7	34	86	73	19	67	32	46	72	41	44	25	88	7	16	97	
28	93	23	30	32	55	33	40	71	18	45	5	94	54	40	40	13	30	23	17	81	97	84	92	35	39	5	74	15	81	6	44	86	16	88	23	16	30	27	23	1	9	23	54	18	65	13	60	64	21	
94	5	14	34	23	33	89	45	82	81	34	98	35	9	38	51	8	77	51	75	63	93	72	28	62	100	23	32	39	83	30	93	7	9	66	49	93	35	42	41	68	52	49	21	4	31	70	62	99	15	
35	29	32	52	83	14	40	73	43	64	40	61	62	43	39	52	39	4	87	88	36	71	76	89	74	51	8	26	51	31	50	11	30	24	74	31	69	68	54	5	18	6	35	24	95	83	38	10	99	47	
39	9	45	44	42	1	28	29	38	87	32	52	16	90	49	79	73	84	94	57	24	27	100	43	38	78	48	38	20	9	63	18	31	43	76	34	17	95	42	34	81	84	47	31	27	31	69	1	56	94	
57	11	89	74	45	100	57	6	20	50	75	27	11	44	90	59	70	79	78	81	50	87	18	61	12	92	81	62	20	88	99	69	90	25	10	80	18	40	97	67	94	73	61	94	78	42	87	55	99	79	
19	71	97	43	27	42	28	71	47	63	92	27	21	45	57	56	65	84	92	65	58	96	38	74	6	91	59	19	40	54	69	1	54	77	35	1	80	25	78	18	62	67	34	93	86	83	54	28	55	24	
49	17	35	6	100	35	10	51	3	68	12	7	17	73	20	13	23	96	43	87	26	97	37	57	50	50	6	73	13	28	1	39	77	77	17	85	12	55	42	58	22	75	9	91	16	90	71	96	30	4	
81	78	21	87	51	69	4	53	35	29	94	5	43	73	72	65	91	99	88	41	41	48	82	12	86	8	70	9	85	44	30	38	52	29	93	80	54	88	16	44	75	93	95	75	43	67	38	38	37	91	
26	20	18	9	7	42	41	89	15	53	57	75	6	53	8	44	57	83	66	54	66	54	71	33	42	16	81	68	87	94	32	78	6	30	53	80	82	16	17	89	20	6	4	10	50	39	100	5	9	16	
77	55	90	4	15	43	97	72	61	21	41	71	47	56	91	24	96	51	45	74	4	93	90	18	62	71	59	29	70	70	29	14	48	35	83	5	44	45	54	48	4	75	25	45	48	96	27	67	69	65	
96	45	35	9	57	5	90	83	42	92	59	75	79	26	11	84	97	54	39	87	40	17	52	78	75	29	99	46	42	41	63	14	91	48	92	74	92	43	65	70	12	39	2	31	3	14	67	49	42	41	
29	44	15	13	68	84	36	79	56	32	48	41	39	46	44	91	98	50	94	75	84	59	91	18	28	26	30	56	87	24	86	42	85	15	69	35	36	43	57	87	73	55	40	75	29	55	26	70	25	26	
98	7	66	80	10	16	62	24	71	42	13	58	55	23	26	29	29	47	58	10	98	85	97	92	93	67	36	92	68	70	88	20	70	8	50	61	6	61	27	67	19	77	59	50	32	40	16	40	53	76	
58	42	26	45	71	99	69	54	31	55	56	67	47	71	9	15	93	36	25	17	37	73	49	80	6	51	58	36	62	28	31	12	80	95	15	76	36	5	10	86	58	97	36	24	9	51	47	23	76	36	
20	89	4	35	23	85	7	63	33	45	19	1	87	12	89	29	47	29	23	20	42	28	30	20	11	94	26	54	50	97	98	97	53	22	35	26	80	38	86	39	14	90	86	92	77	95	69	4	13	91	
63	26	72	60	30	80	42	19	95	2	16	63	78	54	93	98	32	91	47	1	36	86	16	81	8	62	91	44	25	82	11	90	81	85	92	76	12	81	48	29	57	44	74	10	56	47	16	40	91	56	
30	49	22	60	10	19	74	98	50	7	82	27	46	92	97	34	77	82	100	83	4	46	1	54	88	94	94	14	7	8	7	21	20	72	77	71	28	94	19	13	10	95	86	4	33	4	25	86	82	100	
89	95	46	77	59	36	55	34	71	96	59	2	66	62	90	72	6	77	58	84	25	46	57	84	2	80	91	69	76	33	47	64	43	77	66	21	10	17	4	11	89	36	72	61	51	34	96	67	83	91	
45	57	17	66	13	14	18	23	52	71	56	42	95	26	96	42	13	65	76	52	96	73	69	77	55	65	42	67	78	89	55	76	94	70	66	64	30	89	39	3	51	33	67	54	30	48	55	54	95	86	
27	22	26	31	53	67	23	29	13	68	55	83	36	47	67	68	88	62	95	76	91	92	34	17	5	92	42	8	96	29	78	49	77	35	22	59	2	51	99	11	31	20	34	10	12	70	81	87	45	3	
27	8	23	62	53	23	61	51	100	97	63	33	85	7	85	27	43	96	99	79	17	5	63	83	1	42	40	63	16	49	45	63	77	80	2	89	69	92	24	5	59	22	73	86	97	6	55	58	83	46	
47	2	14	47	67	94	27	67	45	97	7	69	40	40	30	53	15	48	50	3	74	4	55	2	13	58	54	76	39	15	69	75	68	70	38	9	99	65	63	88	25	91	45	49	27	59	3	50	70	17	
72	73	91	73	7	71	40	70	51	40	31	13	57	15	5	38	45	4	10	87	46	20	46	18	81	78	50	75	46	60	96	75	20	60	47	17	17	76	80	97	45	9	72	94	41	61	23	60	97	85	
44	25	95	93	46	3	25	38	96	65	43	34	42	4	84	59	11	13	70	81	32	63	47	81	48	23	45	72	4	94	64	41	44	22	10	52	32	22	43	98	99	35	8	90	76	85	64	7	46	19	
34	61	63	44	27	46	89	96	25	71	54	97	25	2	44	98	76	54	83	1	58	16	39	18	91	8	87	3	69	78	11	67	59	6	11	69	14	82	74	32	72	47	95	29	67	38	78	48	60	71	
46	20	54	39	40	72	73	32	86	43	12	84	61	66	79	20	85	18	93	55	24	79	8	49	74	52	83	56	72	45	11	90	41	10	68	4	71	83	68	70	2	93	17	78	45	2	10	22	63	21	
8	21	5	10	89	94	56	28	76	3	48	38	62	11	56	51	100	37	46	63	23	95	86	40	15	53	8	37	51	44	95	62	61	26	31	25	4	62	25	22	55	65	25	53	29	48	50	78	4	51	
27	49	18	44	7	75	45	37	91	9	84	32	100	75	10	3	59	52	73	95	87	100	37	67	14	91	9	30	53	76	94	50	19	8	66	17	58	90	52	1	29	36	72	47	67	46	74	76	92	44	
51	3	69	29	48	74	24	31	84	100	65	82	41	28	72	30	11	80	48	79	91	54	53	7	64	63	57	11	27	57	80	79	24	55	17	78	21	88	59	30	16	13	56	83	73	65	83	34	33	60	
10	35	24	44	90	93	90	69	100	61	1	47	15	66	13	90	97	19	97	53	18	17	54	40	66	20	78	33	93	65	42	51	95	57	21	56	60	38	63	67	96	37	88	36	37	36	70	5	96	24	
25	48	94	2	27	66	7	84	99	92	89	93	83	9	76	41	60	18	80	63	79	74	16	29	35	4	30	50	79	65	21	65	62	95	78	70	45	90	58	19	40	90	2	17	32	57	44	87	25	93	
64	67	15	21	3	82	49	19	24	94	60	99	1	20	71	53	53	83	6	25	73	17	59	65	11	61	98	78	13	96	11	86	17	25	35	53	66	91	94	39	95	79	62	97	83	63	24	20	1	77	
86	97	72	27	76	44	38	76	23	21	16	72	19	41	44	88	81	28	89	3	92	10	61	46	71	18	36	75	3	35	96	69	47	47	47	45	65	44	52	40	84	1	6	19	57	38	41	85	82	20	
23	17	22	68	90	60	1	79	47	35	95	74	10	49	31	30	60	20	61	70	64	56	87	94	56	41	42	100	3	18	47	15	90	82	21	38	91	14	3	67	25	25	95	52	8	84	65	15	46	53	
54	15	34	55	74	41	61	47	98	86	18	70	68	15	84	100	86	33	22	27	59	28	100	28	7	24	52	20	58	86	5	97	94	63	67	95	19	49	34	46	59	96	70	98	22	34	68	24	69	56	
84	43	84	77	22	29	42	84	98	78	2	39	13	56	87	87	10	59	27	85	11	48	64	68	39	37	66	2	75	59	80	100	23	36	26	88	59	13	20	66	98	53	73	86	11	84	100	48	59	58	
37	84	47	66	61	80	99	96	42	63	9	61	89	44	33	3	64	3	3	70	66	40	1	21	26	52	15	89	53	97	54	28	23	44	16	12	6	48	20	64	74	72	44	37	23	59	50	70	13	26	
62	88	17	18	47	33	3	77	8	30	28	72	80	34	88	26	15	2	63	27	67	4	68	3	25	48	65	5	57	89	19	25	69	58	13	51	76	15	28	13	44	17	63	3	66	64	70	55	59	54	
3	13	1	57	15	39	65	4	57	28	83	38	61	34	74	74	7	27	20	70	5	28	50	11	53	7	90	36	40	21	83	85	5	39	79	39	86	81	50	68	100	68	1	21	50	50	49	28	55	74	
9	80	24	4	19	26	53	91	73	92	1	79	46	15	56	77	50	44	36	43	36	53	51	48	30	71	32	32	84	17	24	60	65	1	56	36	18	26	75	50	80	3	89	45	23	65	52	40	61	42	
4	51	47	25	25	86	33	46	84	6	93	38	87	91	8	67	56	34	82	28	87	70	23	65	72	3	12	60	94	79	56	81	11	49	81	2	97	85	21	29	16	62	6	90	27	12	53	87	61	22	
17	100	17	25	60	100	54	97	29	22	94	82	69	82	60	90	2	52	98	39	49	31	71	51	78	73	32	8	9	48	92	37	100	61	50	77	93	58	67	38	14	80	70	80	35	46	38	45	48	95	
15	30	15	92	25	91	80	90	100	3	82	13	50	32	77	83	30	78	69	15	80	100	23	59	47	40	81	50	14	99	26	4	97	30	65	74	87	63	7	43	35	59	72	21	21	72	66	87	56	70	
82	74	92	22	35	90	60	70	29	46	39	48	13	1	48	100	91	70	99	12	71	37	51	77	74	90	75	37	53	49	87	83	70	63	37	5	50	3	50	15	99	63	50	6	56	63	30	89	28	95	
34	48	6	80	69	99	80	11	63	21	96	94	40	36	17	38	81	15	85	31	67	62	3	8	63	97	72	14	63	36	57	94	1	44	66	80	16	4	76	54	18	33	24	100	89	37	51	82	21	84	
80	8	68	33	52	64	79	63	51	34	26	69	5	38	38	37	27	46	29	11	44	65	57	94	35	95	66	84	47	3	89	5	95	69	19	93	49	89	82	56	51	52	55	4	44	23	19	29	82	89	
51	77	61	66	80	41	96	59	60	63	24	36	50	38	10	51	93	44	94	19	38	47	100	49	42	48	91	73	49	86	46	23	36	1	98	56	71	24	48	25	20	49	47	44	100	3	24	93	69	28	
81	66	95	16	97	58	40	96	8	39	67	36	56	62	43	18	24	11	93	7	99	77	50	7	26	15	69	89	59	36	38	24	2	20	86	61	13	64	59	31	5	96	44	73	67	22	38	2	2	83	
96	69	29	49	13	91	18	64	20	46	55	20	95	53	42	46	24	91	85	2	64	27	32	50	84	56	55	20	98	69	90	1	10	2	87	29	32	43	22	32	49	88	74	90	44	74	82	85	8	31	
25	61	81	46	90	28	24	6	15	76	6	71	41	70	50	12	95	53	84	95	85	88	83	95	96	91	98	83	97	57	18	21	13	78	93	40	22	88	33	9	66	10	52	100	4	71	11	21	41	13	
7	68	99	26	84	9	24	68	77	19	60	56	16	11	100	44	40	48	17	13	14	14	43	45	35	88	24	64	73	63	88	50	94	72	99	68	45	37	80	69	8	56	37	54	48	70	5	2	21	100	
9	12	3	36	4	4	63	6	40	83	99	87	66	56	98	5	68	61	94	50	7	45	26	9	90	100	44	77	22	46	92	15	78	21	67	52	27	13	48	63	86	39	33	55	77	77	30	56	34	81	
89	84	66	47	75	34	78	17	14	28	10	21	67	99	50	4	7	5	9	99	14	6	93	21	3	44	92	8	57	2	70	27	23	36	41	27	6	22	52	8	53	32	2	23	17	50	94	49	58	1	
69	90	91	25	86	94	21	46	53	97	4	8	92	27	22	71	36	39	78	6	60	50	38	11	1	1	73	53	26	71	85	10	45	16	16	45	87	98	79	65	73	42	56	30	65	36	43	16	74	40	
58	57	47	99	29	3	78	55	22	84	7	15	88	67	96	9	35	33	10	51	54	20	34	96	53	12	97	34	76	62	99	87	20	85	51	84	69	58	77	37	9	4	44	48	99	69	1	2	1	92	
68	48	5	44	89	60	95	87	42	29	46	64	75	38	46	40	5	13	82	41	11	49	36	68	88	65	83	79	60	30	76	67	67	59	74	85	62	88	39	78	99	53	9	42	87	55	28	10	39	71	
78	33	62	47	66	17	35	90	37	24	92	29	29	42	9	32	85	4	46	85	100	97	14	68	54	79	40	99	62	22	79	19	47	25	86	37	16	83	29	70	94	93	38	37	36	36	91	92	47	75	
6	9	50	43	75	61	4	23	59	34	55	43	43	93	64	26	5	76	64	85	57	81	15	42	57	94	83	13	6	37	49	89	74	68	19	6	18	44	12	85	89	26	19	78	47	8	85	57	14	73	
43	32	51	25	97	90	31	40	62	71	43	47	64	48	56	23	96	65	23	58	66	42	97	40	78	72	2	53	50	52	79	91	45	23	90	29	70	18	60	18	73	50	83	74	50	71	27	84	27	87	
17	69	88	32	69	46	59	9	13	97	82	63	33	40	21	44	97	49	94	74	67	72	24	29	6	48	44	88	32	16	16	29	70	71	30	60	11	14	100	12	82	82	85	52	83	86	79	72	41	66	
66	69	91	49	32	24	86	77	68	46	86	33	24	38	99	84	78	93	50	14	46	41	5	29	47	96	3	44	83	73	37	88	11	77	97	94	19	92	91	44	27	3	75	1	71	47	66	53	51	63	
32	20	49	99	75	33	40	88	41	80	57	100	42	50	91	37	65	57	19	27	87	8	8	35	55	39	34	81	78	51	1	67	27	6	70	25	77	70	16	34	11	15	83	97	63	13	98	53	98	89	
69	66	32	7	80	28	53	16	48	52	86	78	13	65	20	49	77	98	95	87	14	52	1	17	99	96	49	64	59	91	19	41	18	81	83	53	98	84	65	53	6	64	89	60	3	80	21	26	47	35	
7	13	51	78	67	10	3	20	96	18	32	83	72	66	20	84	90	36	95	19	58	22	59	6	30	50	22	100	57	17	62	96	85	48	29	59	37	65	48	79	44	16	8	23	20	21	38	28	98	23	
92	63	70	49	15	59	98	25	53	79	78	2	16	74	99	74	35	56	9	9	48	72	79	24	13	72	46	61	43	3	48	55	89	61	8	8	42	92	24	93	11	32	52	64	7	6	10	46	35	46	
49	18	72	88	33	38	3	52	55	44	13	39	77	52	70	70	51	27	61	64	90	85	46	39	68	87	43	66	80	96	80	20	96	20	49	5	82	76	68	51	72	31	34	5	16	11	3	62	46	85	
57	21	18	60	38	45	36	57	39	67	61	35	3	81	59	95	64	90	48	87	32	20	40	83	1	8	93	4	36	24	12	12	69	1	79	4	2	59	87	60	19	62	4	47	20	47	16	74	61	99	
98	44	49	75	26	62	16	96	29	79	3	56	38	91	93	29	88	27	85	53	70	85	12	43	54	94	31	52	17	39	43	77	45	47	7	95	14	33	87	54	43	62	19	73	83	54	86	19	3	70	
66	64	56	22	57	39	51	17	18	40	80	25	67	58	47	24	30	24	11	63	34	8	47	55	82	2	77	88	61	74	32	96	58	91	35	63	1	20	30	29	44	73	95	19	51	65	6	26	69	70	
41	18	80	22	49	38	74	86	20	29	89	89	25	98	7	1	19	2	98	95	22	24	57	26	23	57	70	10	72	35	13	4	53	67	60	99	54	65	57	82	82	64	99	43	78	93	91	22	40	33	
11	13	54	69	87	86	94	28	57	95	38	56	80	63	11	83	13	81	59	68	79	60	2	35	77	9	32	26	21	46	49	54	8	58	47	10	48	56	8	74	3	9	43	22	24	45	4	35	89	50	
60	56	69	5	93	31	67	45	75	69	40	31	18	61	68	59	18	69	36	54	36	86	55	33	72	94	29	16	38	100	45	26	45	13	39	16	35	98	73	1	37	19	26	98	39	54	77	78	79	43	
28	9	20	7	20	35	54	57	14	3	41	51	45	69	99	1	84	5	79	27	54	16	98	1	88	31	26	35	26	21	38	7	86	67	71	35	62	71	64	24	30	98	61	66	61	76	3	58	82	99	
47	67	28	15	79	66	69	80	12	7	19	31	97	14	55	87	71	14	3	90	23	34	59	58	66	23	72	86	32	98	94	40	32	14	71	14	48	91	43	58	49	73	63	89	54	90	62	41	72	45	
22	25	96	53	20	2	45	3	68	76	57	14	64	82	96	18	17	20	19	80	19	42	12	39	75	17	3	40	17	16	96	75	57	3	95	73	61	14	6	86	43	60	43	72	17	94	70	79	56	27	
50	65	36	74	94	14	79	75	33	46	12	14	37	9	3	37	75	14	65	44	78	57	1	94	52	18	63	60	59	51	38	17	45	1	70	59	10	6	9	62	27	64	22	49	58	97	14	29	38	20	
45	4	12	100	54	72	41	71	94	75	35	36	70	62	54	74	25	65	94	24	4	16	64	29	7	51	91	45	99	72	32	65	51	69	76	1	19	26	62	29	84	53	43	90	16	26	71	92	42	28	
2	83	13	16	21	52	7	63	41	10	28	46	48	45	63	81	61	48	25	29	62	67	91	17	95	20	100	57	36	94	93	43	8	94	91	78	65	20	47	43	83	98	27	22	23	88	94	44	78	31	
6	91	84	34	55	8	76	85	1	95	34	43	81	74	8	74	1	56	64	97	32	61	59	70	81	59	42	43	90	27	56	40	4	63	65	59	100	78	42	95	58	70	95	29	46	45	18	39	15	46	
77	24	54	4	85	37	31	4	31	91	31	62	48	69	70	33	39	44	32	96	15	11	67	98	96	67	56	47	74	8	13	82	60	16	83	70	46	60	78	95	65	35	28	46	23	11	62	30	34	71	
38	42	93	47	82	86	58	2	17	32	33	100	81	36	64	69	76	74	97	54	79	58	62	6	26	41	75	62	46	22	75	95	92	13	40	68	14	31	47	4	62	20	71	37	15	20	36	51	70	42	
64	84	50	8	86	64	3	70	14	19	96	14	80	50	47	17	91	91	33	17	75	67	63	91	86	42	16	84	18	10	86	17	42	68	65	51	47	93	68	23	74	81	92	52	64	47	41	80	54	82	
67	17	98	16	19	92	94	40	96	20	47	69	28	54	99	75	53	79	99	3	65	53	6	48	26	20	36	71	93	37	4	62	99	96	20	100	66	33	34	56	73	55	55	27	82	23	70	24	6	74	
43	32	69	77	84	23	93	42	3	85	7	42	89	1	73	4	87	94	72	88	64	18	72	58	71	61	18	8	63	87	68	9	23	45	91	76	1	9	99	81	64	31	68	60	24	23	91	84	94	2	
35	95	61	57	28	36	16	25	87	7	54	89	46	44	31	33	70	95	70	11	56	38	14	22	45	71	98	1	10	65	78	52	89	57	26	2	83	35	11	46	25	32	91	3	1	28	3	12	82	44	
25	35	86	54	46	54	89	70	69	62	46	66	22	99	1	39	76	86	86	40	67	32	49	9	92	57	53	1	19	27	33	95	20	90	17	8	45	93	34	64	63	82	75	96	57	27	67	73	51	42	
94	76	95	65	60	78	45	29	81	91	6	48	64	87	30	86	84	20	94	88	97	75	80	90	27	52	56	44	21	52	10	8	73	7	99	4	41	94	9	48	21	13	36	72	47	21	50	33	33	47	
68	59	78	40	88	68	93	20	38	85	25	35	34	18	95	33	78	86	58	24	12	95	65	75	27	23	88	62	94	45	15	86	41	6	60	8	26	47	20	77	69	12	78	44	23	13	42	98	27	21	
60	50	53	4	67	70	41	52	25	40	98	36	89	74	79	5	7	45	3	10	14	86	58	14	8	67	97	33	1	80	36	99	80	70	1	58	35	84	86	34	30	48	18	23	24	85	47	7	68	29	
99	93	38	1	62	5	79	53	97	19	70	2	92	86	31	94	97	95	35	89	15	73	6	44	29	22	94	34	2	42	74	52	63	82	12	65	81	28	86	18	85	14	53	19	75	24	11	46	51	100	
94	48	26	99	91	50	29	53	83	73	97	15	38	20	16	16	17	9	61	50	57	40	41	64	61	32	61	30	100	64	42	13	94	11	63	69	54	52	33	36	81	96	83	7	58	55	49	84	87	55	
94	66	53	63	68	15	15	76	22	1	61	2	21	25	75	20	16	65	97	100	78	94	88	33	1	77	13	91	21	29	19	11	16	97	69	92	87	14	42	26	24	7	41	26	9	78	36	3	19	97	
57	7	23	51	10	55	94	60	65	77	64	42	64	78	9	92	30	100	42	13	78	100	31	97	67	17	98	66	33	79	51	1	100	52	44	32	61	71	94	67	59	74	79	68	32	43	2	24	96	20	
94	61	66	49	98	96	51	69	49	33	80	55	37	40	29	77	39	64	64	29	32	86	22	62	39	4	91	83	65	95	61	53	27	11	57	67	79	5	88	92	93	78	48	28	48	2	76	87	27	75	
48	19	34	83	67	29	85	98	67	64	19	32	48	62	45	19	10	87	23	3	54	8	34	48	69	84	100	5	8	53	45	96	52	65	20	98	85	81	29	47	44	42	25	89	15	73	70	39	92	79	
71	43	9	55	43	43	28	97	54	90	25	10	54	57	21	34	7	48	54	38	55	4	62	60	93	47	55	78	47	29	77	54	64	56	97	83	64	15	71	31	15	26	58	55	31	93	8	30	5	30	
33	32	14	70	22	51	76	13	89	32	40	48	48	61	35	51	43	58	9	66	1	39	35	9	73	52	77	39	76	98	22	12	63	10	31	99	79	39	74	21	75	55	35	56	94	88	14	11	54	58	
62	53	79	63	12	60	67	25	12	29	92	19	59	43	69	34	99	97	49	35	31	31	1	30	34	17	15	63	25	97	23	78	77	80	24	34	88	28	72	67	74	3	34	17	14	47	59	79	82	21	
4	39	37	30	90	5	65	92	15	52	88	46	22	24	77	6	13	71	49	90	50	31	25	99	86	53	80	24	23	34	14	79	74	40	27	32	97	92	72	48	8	62	18	73	10	17	58	40	78	84	
29	45	98	37	46	60	41	25	43	51	35	3	100	32	49	18	83	76	9	65	22	51	16	35	26	67	25	94	83	42	14	72	7	23	44	66	36	26	100	74	88	82	50	3	14	91	74	39	29	29	
46	65	100	70	68	57	19	97	90	3	88	26	69	20	5	78	51	66	19	43	70	78	93	48	6	66	2	19	52	61	36	85	62	96	13	74	1	50	96	4	10	9	78	56	52	5	92	92	14	48	
35	56	68	53	32	55	27	37	79	32	46	30	22	63	43	25	88	36	60	76	54	9	73	88	29	47	27	94	83	73	59	86	46	12	16	57	75	86	16	76	31	96	75	80	48	9	8	85	72	27	
97	35	87	10	50	33	86	65	19	39	36	56	47	19	35	61	48	85	84	2	60	56	14	28	15	34	21	96	8	71	32	23	73	67	79	78	94	49	67	31	9	85	57	100	71	51	4	52	1	70	
21	39	30	66	54	98	4	7	94	23	28	43	56	100	56	52	15	65	43	57	56	15	34	64	96	96	57	48	75	37	24	88	41	10	78	8	48	28	32	1	63	18	86	26	52	36	23	8	72	96	
15	89	13	37	94	97	47	55	64	41	93	71	72	49	93	5	40	96	63	89	51	5	73	31	31	7	48	9	57	91	22	74	13	94	62	72	41	96	53	20	84	27	21	7	6	6	25	90	35	62	
37	7	70	1	11	42	47	39	94	1	50	98	35	79	20	34	3	44	88	59	97	57	40	63	43	3	98	50	76	7	63	48	77	56	54	58	11	57	48	39	58	94	2	65	74	67	6	85	2	31	
6	77	13	61	90	74	62	17	27	10	83	76	10	14	61	65	29	33	52	9	84	86	29	72	20	64	98	70	20	37	99	59	23	26	76	52	23	46	3	9	78	56	77	94	41	32	38	12	75	75	
58	54	37	25	17	21	19	11	61	98	97	95	1	10	25	73	9	78	64	32	11	39	46	94	87	31	7	87	25	27	33	20	99	80	20	64	52	27	22	56	13	36	51	76	87	14	54	74	78	10	
66	47	51	72	33	73	33	38	40	80	13	93	1	93	90	98	80	77	84	80	60	92	99	46	82	13	6	54	14	75	96	51	19	69	9	70	47	78	35	40	55	25	59	43	33	9	91	47	97	99	
84	69	71	50	59	68	72	52	77	64	62	10	22	27	44	44	89	1	8	33	3	39	52	51	94	63	43	70	7	91	84	31	42	87	2	98	29	17	86	53	91	30	17	1	57	90	95	78	19	32	
39	4	48	14	10	100	17	88	2	71	90	22	86	39	70	26	8	46	40	85	70	92	7	90	53	60	51	22	59	44	44	32	75	94	72	20	93	29	100	8	38	93	34	58	82	50	100	82	50	41	
18	40	55	56	56	32	3	90	98	27	55	77	31	71	56	44	74	88	49	8	81	62	40	6	83	44	82	58	82	51	98	70	84	27	54	49	38	99	57	80	36	40	36	77	67	22	31	37	49	28	
6	22	72	41	50	71	22	52	30	19	89	31	29	59	55	69	63	87	24	80	64	9	50	20	87	8	59	59	56	92	86	24	77	69	53	89	71	36	84	78	4	55	14	22	30	73	44	62	61	1	
55	21	30	47	69	52	26	99	35	57	96	69	69	38	57	63	78	100	64	39	46	48	13	51	69	24	94	16	58	84	8	35	43	17	20	50	69	50	5	40	43	93	24	67	79	7	24	31	66	20	
45	7	30	13	98	55	88	41	21	31	99	83	50	49	70	14	54	66	71	54	7	89	51	46	18	22	92	47	38	12	10	47	92	57	5	49	35	82	23	78	20	100	66	89	13	15	88	10	12	29	
39	27	48	65	48	95	68	12	77	49	43	63	73	29	37	93	84	62	33	7	48	38	9	44	52	6	7	20	20	57	33	65	84	64	77	53	41	22	68	53	2	79	65	51	87	69	72	11	26	81	
31	73	58	31	12	23	46	15	26	66	58	55	10	88	64	83	78	1	61	11	22	99	27	84	14	61	55	17	46	92	35	64	4	85	66	65	61	37	32	74	43	67	65	58	98	99	79	30	65	22	
57	46	42	44	9	83	81	90	50	78	66	10	59	95	57	11	7	51	97	25	89	16	19	54	75	70	7	92	77	75	85	92	98	14	46	21	100	74	41	48	17	8	97	25	94	83	31	87	37	100	
67	62	91	52	93	68	91	47	6	46	49	19	20	51	75	2	61	2	48	31	51	61	68	13	61	89	79	67	96	9	30	27	27	67	10	71	90	67	88	97	21	32	34	87	83	4	99	99	23	98	
94	5	53	68	88	52	39	41	99	9	58	38	82	47	41	95	10	35	17	24	11	81	36	10	13	29	20	20	99	98	73	59	78	22	68	23	31	35	68	9	86	100	55	2	8	75	80	40	51	85	
64	22	73	7	95	26	16	25	9	31	26	90	61	74	31	87	4	93	23	24	46	11	14	55	56	88	46	32	23	35	90	38	1	62	59	40	96	19	16	79	64	34	53	69	47	72	84	80	49	59	
59	32	26	54	5	19	66	52	50	36	58	54	77	87	86	57	26	93	97	15	31	23	28	90	71	32	96	19	59	57	74	18	4	24	18	34	26	61	19	10	100	10	80	9	60	4	56	36	98	31	
14	28	25	15	79	24	91	75	81	22	75	52	34	79	93	16	94	35	87	77	86	45	90	75	90	50	80	33	31	38	72	72	21	64	9	39	28	25	47	97	85	26	48	75	66	66	34	77	80	32	
47	89	68	3	39	57	100	67	74	99	16	21	14	85	49	15	36	6	17	46	90	99	96	17	87	12	91	15	1	25	62	87	8	49	99	94	85	82	28	90	75	2	97	54	60	90	85	65	8	54	
22	4	93	82	13	16	97	27	10	80	43	32	82	53	17	30	46	92	85	78	100	86	10	17	43	21	17	58	79	85	68	48	52	80	50	51	39	88	79	59	11	27	76	21	40	70	67	37	11	35	
18	74	49	62	3	98	6	20	62	14	33	35	8	78	49	19	74	10	88	33	28	24	61	34	87	66	96	68	96	97	24	26	82	1	18	64	72	73	21	62	44	32	11	65	64	61	87	30	99	65	
80	93	36	15	11	97	34	91	66	68	89	67	54	30	97	90	57	79	30	50	6	75	79	38	32	14	17	41	73	88	79	26	44	47	88	2	96	23	45	76	24	77	74	29	97	78	2	77	21	30	
87	11	61	98	57	12	75	10	93	90	48	28	89	1	17	13	67	30	33	34	19	49	2	92	26	92	86	64	56	97	78	80	48	15	70	84	34	82	76	69	65	3	83	54	23	2	41	51	49	21	
22	67	23	90	90	100	64	90	85	48	39	86	99	32	10	97	99	4	41	29	28	99	50	5	84	29	97	42	70	56	7	75	44	71	97	30	35	77	52	86	90	51	52	84	66	27	71	70	97	38	
75	88	83	92	10	46	91	84	45	36	62	65	8	68	66	12	50	55	43	87	2	69	31	60	16	30	66	47	19	23	95	84	8	41	50	35	54	3	74	13	24	99	86	53	16	51	35	68	62	99	
76	83	68	53	72	26	70	67	98	10	41	21	8	51	77	25	96	99	34	78	36	73	9	49	16	34	88	53	82	31	82	48	57	9	51	80	7	63	76	38	64	75	17	6	34	64	93	27	47	47	
48	2	16	86	97	5	36	61	78	79	22	7	31	41	64	95	98	18	64	51	16	87	76	40	24	97	53	62	37	86	84	30	41	31	83	37	5	87	37	27	35	12	51	18	98	68	33	63	100	62	
6	32	91	62	56	42	33	89	28	97	59	94	49	89	2	48	39	77	69	19	18	62	3	9	48	97	46	70	59	23	94	33	25	13	24	10	29	57	11	54	4	36	80	92	40	52	65	63	19	20	
47	24	84	38	22	6	76	95	4	40	94	74	61	79	49	65	57	81	33	99	19	39	10	60	92	73	13	40	9	12	92	43	16	26	51	64	26	13	80	72	74	23	49	3	30	74	37	23	52	25	
9	23	17	69	59	64	55	84	82	58	61	57	58	89	74	54	40	87	45	20	87	7	29	14	91	87	73	20	81	86	93	96	10	22	56	47	43	56	2	21	19	3	89	88	52	64	40	36	83	97	
6	91	8	90	9	62	45	93	7	43	7	18	83	49	94	27	84	49	40	59	35	33	53	62	11	20	39	37	51	1	16	19	28	67	37	26	28	65	97	76	97	98	71	45	46	38	27	11	45	31	
11	11	26	18	73	8	86	97	20	44	67	81	84	19	28	65	50	34	68	74	86	80	50	66	66	59	26	21	86	82	77	23	97	62	18	30	22	6	22	86	25	83	67	10	43	2	17	80	7	48	
82	93	12	38	21	54	15	16	86	58	51	91	15	32	24	78	25	71	5	8	69	83	21	15	50	23	52	12	2	84	48	14	93	73	33	73	9	95	73	34	13	8	12	26	88	44	1	37	29	96	
82	57	25	11	6	68	36	55	82	32	84	22	99	93	95	22	62	96	59	50	31	98	9	34	69	14	20	19	19	34	85	11	72	82	32	18	8	32	66	44	8	83	62	21	67	62	51	96	72	7	
61	6	10	54	2	100	27	22	32	94	51	75	17	74	51	5	77	80	93	61	98	30	16	27	27	79	44	9	97	3	94	97	48	76	65	14	36	70	99	55	38	83	55	81	18	94	54	34	94	97	
56	75	15	55	98	64	68	74	1	37	36	4	16	43	4	1	84	55	77	12	6	59	50	76	70	89	54	32	72	68	59	98	27	55	18	59	54	33	68	60	95	64	43	10	85	14	52	46	87	15	
11	94	79	15	73	40	18	47	60	100	57	93	98	39	66	49	26	89	93	12	5	67	65	22	64	85	3	65	64	5	28	99	45	86	54	49	8	20	6	20	41	64	15	86	79	100	70	68	83	89	
30	18	53	2	32	57	14	44	32	44	57	98	92	74	6	58	75	20	53	34	19	84	72	37	11	12	15	90	64	86	50	6	90	8	82	48	100	27	79	53	93	84	92	71	98	72	41	85	96	30	
98	80	31	32	99	89	71	25	66	42	11	42	10	89	4	77	56	65	58	7	14	29	62	10	76	97	98	90	17	41	78	20	31	31	93	69	40	36	73	70	37	19	2	40	64	90	10	59	34	91	
75	84	47	43	74	35	62	75	77	87	21	2	87	67	34	37	43	15	80	50	59	78	79	8	64	45	37	59	58	29	72	37	4	60	74	15	22	60	48	32	52	88	63	46	2	90	85	24	100	4	
75	52	24	71	85	23	55	91	70	50	100	98	21	93	81	52	61	19	58	77	76	19	73	80	69	52	4	47	58	94	67	83	55	16	23	60	98	6	67	71	28	19	1	19	26	26	23	89	47	78	
89	66	35	16	23	16	90	100	87	33	21	28	27	16	15	67	68	45	2	22	24	45	94	21	31	82	27	78	33	15	39	68	82	96	58	28	18	12	94	74	49	83	36	82	48	78	23	81	30	13	
30	67	84	37	73	15	68	17	62	70	95	88	15	16	61	26	25	89	6	49	70	57	98	72	64	88	82	58	19	86	37	44	57	60	36	33	89	62	99	92	63	95	75	80	23	2	8	2	59	55	
69	71	27	35	50	14	59	55	61	62	10	63	75	3	6	50	4	85	87	21	18	16	55	28	23	78	81	55	63	61	31	14	20	86	97	95	27	60	70	69	2	8	74	42	87	47	44	8	42	9	
31	57	26	35	62	17	72	82	80	58	23	29	54	76	8	67	28	26	60	2	42	92	4	27	62	6	75	21	84	37	39	85	8	33	34	36	100	88	37	6	77	45	44	21	90	80	11	50	92	17	
87	71	16	64	48	67	92	90	98	59	83	62	17	55	23	15	58	43	84	42	17	79	3	100	39	39	43	92	43	37	80	60	56	36	27	99	99	87	55	79	73	83	44	36	30	28	1	72	25	22	
21	59	91	43	57	61	79	76	65	3	48	92	2	50	20	6	7	89	4	62	9	11	75	7	16	40	63	75	90	71	67	74	14	93	25	55	10	15	93	15	52	30	6	44	89	81	41	29	80	4	
94	81	86	75	38	32	94	80	38	33	56	85	25	42	64	77	65	85	2	2	67	26	45	19	26	85	95	48	89	92	69	88	81	46	85	11	51	47	14	89	6	100	85	85	49	9	62	20	40	18	
43	14	46	69	31	41	54	73	91	52	42	20	91	62	62	74	79	13	63	33	64	27	53	42	86	44	94	93	1	5	62	52	15	94	33	92	42	94	65	29	69	90	86	78	57	26	15	96	8	23	
80	57	71	79	97	85	85	39	25	54	63	94	26	1	69	36	87	34	55	2	70	37	42	64	13	71	76	54	1	56	83	36	67	77	11	59	89	23	31	46	14	92	29	26	11	91	27	86	27	22	
93	16	10	46	43	77	25	41	50	97	66	14	88	1	44	40	5	5	12	11	92	44	41	43	75	15	78	63	81	42	27	72	24	14	61	71	26	33	30	70	76	83	35	42	73	14	92	81	18	83	
83	70	56	13	95	84	72	52	68	72	94	54	22	89	62	99	30	88	64	38	46	80	50	16	19	28	61	27	47	25	60	87	52	83	32	34	70	31	85	5	9	87	97	21	3	67	64	3	59	38	
51	99	97	31	58	79	10	72	46	40	6	86	89	34	100	99	49	91	70	39	75	19	11	92	94	96	19	90	36	83	21	26	2	25	15	23	85	27	85	89	89	7	22	66	6	70	43	31	57	68	
7	2	100	14	64	83	58	84	78	29	25	22	22	24	50	28	41	93	12	96	1	10	26	32	4	58	58	68	28	55	25	52	100	51	12	88	44	71	33	39	42	47	28	31	2	62	52	18	22	18	
11	97	100	76	59	72	23	43	37	25	36	11	44	30	74	61	57	15	7	83	33	69	37	94	83	46	33	40	82	10	15	17	53	15	5	45	62	34	4	90	80	68	80	4	24	93	66	40	78	45	
96	56	42	32	41	8	76	32	18	19	35	19	82	43	4	16	23	90	80	79	31	58	71	47	7	3	96	31	18	40	14	5	32	46	14	38	93	20	37	78	97	24	28	62	96	92	24	40	44	94	
28	16	48	96	37	41	96	40	10	36	79	50	97	100	22	18	74	50	89	47	42	100	39	46	97	56	35	98	68	4	41	58	90	8	53	41	52	56	58	13	38	3	8	98	57	9	54	55	18	79	
83	95	13	43	48	37	98	23	87	33	89	100	67	95	22	69	4	19	36	22	38	81	72	27	72	51	16	89	1	52	10	92	87	60	16	75	60	16	8	82	46	8	32	100	63	33	50	66	18	45	
51	97	14	70	23	6	43	15	95	74	16	19	88	5	70	26	61	93	43	66	24	58	16	76	40	51	48	13	69	14	67	24	7	66	96	69	24	38	4	36	7	73	37	80	56	85	59	69	8	19	
100	31	64	75	6	25	49	74	25	92	46	84	83	49	60	41	27	31	28	25	44	98	62	73	84	72	91	52	39	51	57	4	64	21	65	60	35	84	93	71	82	39	16	94	55	3	9	58	83	72	
7	67	59	25	66	38	59	47	40	77	54	23	57	23	4	12	86	39	29	23	98	16	88	37	88	17	29	58	99	82	72	75	54	68	56	80	19	7	49	72	20	82	4	28	1	78	19	41	4	42	
22	47	88	65	95	86	39	77	10	73	21	4	37	83	83	34	46	64	16	95	22	25	18	43	48	94	26	99	43	10	18	100	56	3	82	45	37	96	15	48	60	99	12	41	51	8	29	71	51	17	
50	96	29	2	92	84	1	42	18	41	40	86	48	46	79	77	92	63	33	94	34	57	1	74	51	37	22	21	44	87	99	20	5	80	4	10	70	84	38	80	3	87	10	99	33	12	51	92	28	1	
83	20	86	83	9	27	67	63	90	60	3	92	26	92	64	91	65	71	50	70	92	5	58	46	85	43	31	36	35	13	95	19	70	29	27	54	21	73	31	16	27	27	2	97	77	89	4	53	11	22	
100	24	51	3	1	52	27	77	24	54	5	40	92	52	61	88	87	51	30	20	60	19	39	87	55	15	2	10	97	64	24	13	61	77	64	50	97	67	34	24	12	5	42	17	14	13	4	79	66	9	
88	61	16	23	65	70	97	61	62	91	11	100	70	8	40	13	36	10	56	81	37	70	14	28	34	23	51	91	31	100	31	11	5	82	8	3	76	70	85	51	25	5	8	13	97	85	18	68	29	38	
34	8	97	65	72	66	77	78	89	50	57	61	24	92	47	55	89	65	75	43	94	1	66	68	47	32	37	38	43	27	66	75	33	89	10	25	47	62	76	40	8	33	79	85	54	42	39	43	56	36	
100	12	21	32	67	33	82	62	2	72	38	29	25	54	97	93	5	28	21	61	43	8	86	59	77	13	1	98	64	96	55	75	20	63	82	64	20	92	61	86	90	9	91	65	42	94	18	15	42	17	
94	10	98	19	92	22	15	95	16	51	63	55	74	63	38	46	15	19	24	76	28	60	80	82	63	74	13	7	33	76	16	100	91	56	68	47	96	95	38	100	19	43	34	50	47	11	89	74	76	21	
85	56	23	21	34	41	87	51	89	91	25	23	52	46	52	49	89	9	57	25	75	7	3	69	32	98	54	54	42	25	43	96	18	41	81	79	97	49	62	40	80	34	20	31	11	92	40	40	4	58	
35	37	37	12	29	73	74	8	21	56	96	42	14	70	44	80	32	24	97	81	61	36	54	13	91	1	85	35	39	82	65	87	81	33	19	23	28	52	29	75	17	5	86	31	8	72	94	60	1	18	
46	30	26	89	38	94	57	61	99	40	52	29	29	28	44	90	97	64	3	55	27	87	58	17	79	62	62	31	6	8	9	5	35	100	70	96	14	32	80	65	10	34	2	37	65	52	67	63	32	70	
26	82	57	16	6	35	73	70	35	81	25	90	72	1	42	9	74	8	24	72	69	92	11	7	34	64	46	70	89	83	67	95	40	84	63	28	66	27	1	51	7	53	5	10	2	100	26	93	92	28	
68	47	78	51	24	16	12	68	56	31	43	58	26	2	58	64	48	74	90	90	28	70	78	82	6	12	5	75	29	96	47	10	1	78	7	76	5	79	21	10	83	24	60	72	19	70	64	77	74	97	
75	45	52	52	66	6	99	80	83	71	75	81	33	60	39	79	99	26	44	81	64	53	26	75	64	85	36	94	11	30	59	28	63	40	3	88	12	61	60	34	33	14	71	23	13	33	55	48	45	89	
63	68	69	58	91	52	74	35	51	79	24	80	79	86	42	51	44	32	77	87	73	37	48	3	10	11	22	39	78	76	81	77	17	53	79	93	91	59	7	36	21	49	96	36	69	81	44	80	73	4	
40	25	31	88	16	16	62	49	65	39	98	41	86	32	93	10	62	24	49	41	72	78	86	37	93	59	20	11	49	55	17	86	4	18	35	26	21	7	86	54	15	43	60	11	86	19	12	80	2	19	
92	83	76	28	68	95	50	62	84	63	78	31	39	24	89	10	93	30	40	5	18	57	19	14	68	42	53	32	27	67	8	47	58	7	20	30	72	84	71	10	67	13	2	89	34	29	37	47	20	17	
48	18	82	5	92	69	83	81	2	90	24	38	5	81	93	74	99	3	87	83	32	16	35	27	33	37	28	77	10	75	41	43	13	29	81	56	20	73	25	62	96	40	21	26	40	94	48	86	7	45	
82	83	80	50	11	59	33	11	83	6	90	43	87	4	1	98	2	85	58	43	72	9	42	55	72	25	82	60	85	82	31	28	13	91	31	28	78	53	4	70	91	19	80	3	96	33	71	61	16	80	
33	51	59	35	92	34	60	97	17	54	70	41	51	3	14	26	70	23	73	40	98	3	79	84	3	6	18	5	78	32	76	42	42	16	77	42	44	2	2	66	54	56	82	83	48	95	6	22	56	55	
93	43	9	23	4	31	2	5	6	33	72	100	17	86	51	11	79	21	41	14	49	19	21	44	3	62	93	8	91	26	15	98	94	72	79	73	59	56	40	55	23	67	100	31	57	44	99	62	72	53	
71	46	83	8	66	100	25	77	55	22	54	1	44	77	87	27	93	18	67	18	1	14	41	99	3	69	99	59	93	42	24	7	67	6	21	51	60	5	48	61	97	91	61	24	12	69	44	97	82	54	
87	40	90	39	37	58	16	32	26	89	10	80	57	40	9	25	11	28	91	43	79	90	80	50	64	83	57	1	91	59	24	100	8	10	31	90	97	13	72	16	4	7	100	54	55	100	22	63	34	82	
68	100	33	76	56	6	97	83	86	54	14	80	40	3	52	79	68	29	17	72	97	94	85	98	80	96	56	25	73	4	4	23	22	63	34	73	76	46	74	43	80	58	59	17	97	38	76	63	67	17	
97	82	14	15	100	63	40	87	59	38	79	60	69	23	3	22	12	71	85	32	96	95	86	96	25	14	7	4	68	41	13	21	48	29	40	4	65	16	38	60	19	55	100	71	8	18	81	65	5	2	
22	3	44	85	25	4	72	5	30	28	49	57	11	5	86	38	88	64	77	86	5	1	49	80	41	100	35	9	47	85	61	34	24	75	82	73	85	66	18	14	67	63	72	18	89	37	38	74	67	73	
19	15	40	46	20	4	53	40	93	62	13	75	33	77	22	38	58	35	28	20	37	52	68	90	26	97	91	87	36	39	80	86	53	59	13	85	61	10	31	8	63	4	9	30	83	77	41	62	3	58	
83	55	62	21	26	15	29	29	86	24	22	75	26	36	26	90	65	55	59	68	19	50	54	29	89	46	82	23	3	93	28	46	50	12	84	12	80	70	35	14	58	22	44	65	100	30	69	92	7	50	
58	39	1	37	11	93	23	23	7	40	25	51	31	14	2	83	51	3	14	16	28	16	17	55	58	28	89	54	92	63	19	11	60	71	11	66	10	18	4	58	43	93	19	34	89	94	78	12	69	64	
59	37	26	63	90	96	30	24	80	69	91	16	53	34	26	2	25	62	60	88	45	54	84	85	93	18	65	31	91	94	3	50	89	48	81	47	24	25	31	52	53	14	45	79	31	65	73	60	67	76	
5	53	79	12	30	60	49	54	2	83	22	76	73	11	26	88	75	24	87	18	41	48	83	2	13	92	45	1	77	59	4	85	20	26	60	38	92	100	86	70	27	23	25	56	60	79	33	21	27	15	
69	56	49	91	40	25	39	9	56	91	72	6	50	94	11	84	60	37	85	27	96	71	51	39	20	84	2	82	23	41	84	4	77	21	49	94	91	51	49	1	99	36	49	95	63	33	21	68	75	17	
34	99	69	37	66	31	1	62	92	31	51	66	30	38	42	96	45	14	97	24	53	51	75	89	57	9	48	59	22	84	18	86	71	18	88	25	48	15	31	43	85	31	20	43	78	31	12	65	49	44	
15	65	42	54	59	53	3	21	53	56	21	2	23	55	37	20	33	71	54	19	44	32	91	72	76	42	78	59	58	16	80	16	97	71	92	23	93	83	52	91	73	35	57	54	47	37	80	84	79	85	
27	87	43	85	80	37	11	63	9	63	69	35	64	4	90	18	59	83	91	88	27	70	48	32	2	38	63	44	55	26	95	54	90	77	3	9	76	94	63	30	86	46	55	12	37	17	36	54	85	73	
38	25	7	99	64	12	61	15	69	92	26	2	47	42	49	59	67	65	66	4	15	96	53	78	48	39	40	7	74	7	92	47	89	5	32	4	50	62	72	13	78	99	64	5	95	90	95	19	51	62	
90	13	94	39	91	91	99	7	24	61	37	81	86	72	67	88	97	5	82	2	5	19	28	81	49	71	96	14	100	57	39	64	49	60	76	64	10	82	78	12	47	9	54	56	56	29	69	90	56	7	
83	73	64	89	75	59	68	71	100	7	19	86	86	84	1	70	77	2	57	13	78	48	75	17	47	89	74	15	60	74	20	7	17	45	83	39	96	55	15	17	54	41	90	34	19	89	61	59	63	11	
7	7	10	12	83	92	38	14	94	38	75	56	60	90	97	15	33	52	89	92	94	61	99	62	34	42	33	94	3	31	42	76	73	53	7	5	51	80	39	40	54	23	20	5	2	28	80	5	15	74	
69	94	14	92	74	93	55	66	95	70	57	81	70	7	95	6	21	26	68	64	60	54	73	7	73	41	31	87	68	66	63	15	76	87	94	39	10	34	39	77	41	36	13	89	46	43	52	81	26	76	
33	69	8	18	54	43	79	34	91	16	9	72	45	48	67	99	60	70	35	60	55	57	78	64	18	28	16	48	50	61	13	61	50	57	82	73	83	96	56	6	82	58	96	26	61	13	20	60	47	92	
72	26	55	5	82	78	76	58	71	12	33	89	98	83	32	29	78	35	29	45	91	33	63	42	68	58	44	11	35	100	95	52	40	60	75	33	3	53	49	30	45	53	73	76	13	52	99	26	87	96	
43	86	42	40	50	89	7	22	60	8	29	51	54	35	53	69	32	67	57	14	59	81	22	15	79	95	13	73	81	29	96	26	58	26	37	4	17	5	43	2	7	36	44	48	82	65	18	35	26	47	
32	41	82	40	27	69	90	83	72	58	13	55	85	71	93	87	73	55	96	89	51	7	16	88	37	26	44	5	42	17	41	27	88	63	55	24	32	11	80	42	85	17	39	63	33	53	46	6	20	71	
77	27	49	70	52	23	89	23	13	58	23	52	43	75	52	61	72	38	55	64	52	37	68	63	11	50	11	71	100	33	17	87	8	95	3	55	12	63	1	76	70	66	56	50	81	74	24	68	83	78	
58	80	48	97	54	11	90	51	87	1	20	32	72	85	93	56	22	50	26	95	93	26	3	8	31	2	87	21	73	69	99	27	48	36	36	17	1	78	41	43	24	95	56	81	66	100	97	64	63	69	
56	70	5	16	8	5	35	73	75	25	39	98	87	59	80	33	22	54	84	79	42	38	81	81	37	74	47	19	40	63	25	55	97	3	99	87	90	15	48	4	43	10	32	45	70	36	51	2	42	30	
100	35	75	90	10	65	78	16	37	80	1	84	56	75	79	71	56	86	62	36	46	15	71	17	32	47	33	9	5	100	66	30	65	66	30	92	61	29	74	28	25	74	16	48	47	25	61	19	78	58	
42	5	1	99	22	97	89	95	16	18	32	10	96	5	16	95	8	75	77	30	7	46	73	41	81	64	34	25	39	53	88	52	59	98	80	30	42	17	26	33	16	94	66	41	68	68	10	44	13	9	
99	5	37	16	12	75	47	31	100	23	38	43	27	17	47	29	44	55	59	57	32	52	91	54	86	29	50	98	25	41	61	4	61	64	10	3	42	20	25	38	71	95	18	26	58	5	51	52	51	98	
86	13	70	99	55	5	17	36	42	37	59	11	75	7	93	96	53	84	36	72	82	61	21	40	72	100	65	68	22	61	55	62	15	94	71	71	78	45	31	53	79	90	31	83	83	8	20	65	79	48	
36	78	45	67	67	86	24	28	51	60	17	88	3	25	25	21	38	16	91	59	42	96	27	28	77	87	23	32	64	12	78	1	54	39	96	11	74	87	33	38	39	37	5	4	38	40	75	33	43	33	
81	22	11	5	85	86	58	55	42	45	41	56	30	63	72	5	77	37	49	25	89	21	73	57	59	18	99	38	8	81	29	75	93	97	46	51	85	61	53	20	93	52	61	90	91	66	44	77	87	78	
46	6	16	32	18	79	62	82	20	28	49	29	9	45	31	37	96	28	93	16	60	17	37	96	32	85	5	57	94	10	84	56	65	63	70	90	59	63	5	82	31	94	7	56	66	97	56	85	60	59	
6	77	1	82	43	62	55	89	96	97	13	10	81	84	50	59	40	80	99	71	84	46	57	96	73	57	55	37	85	70	80	93	55	35	14	53	88	70	28	26	71	63	67	34	52	61	92	78	50	48	
66	67	7	41	16	71	21	38	99	23	96	14	43	5	4	45	60	69	57	81	43	96	21	42	90	89	27	77	25	35	52	7	3	17	86	72	25	34	8	20	92	66	23	25	81	95	48	24	20	71	
42	96	89	77	20	39	86	36	94	11	29	70	35	32	77	86	43	84	93	75	72	39	100	24	57	2	74	94	16	57	95	2	44	54	48	23	22	72	30	88	100	30	32	49	20	62	74	43	7	61	
28	60	38	45	57	12	50	31	45	55	71	89	6	7	70	33	99	62	68	71	67	6	47	91	3	65	59	2	100	59	15	25	30	34	9	2	69	93	8	88	61	60	6	31	96	30	37	51	16	3	
78	82	13	7	98	39	59	39	39	19	83	5	13	38	95	16	74	85	10	83	98	40	38	17	51	59	25	19	69	63	68	29	56	64	53	55	73	11	63	16	78	45	70	53	52	1	16	3	4	89	
29	48	42	40	35	61	64	11	76	23	96	65	20	99	92	93	43	71	47	29	20	70	29	77	27	78	93	54	79	69	53	17	39	9	22	33	57	52	39	90	51	92	59	92	31	51	53	54	11	22	
58	7	84	99	75	73	42	57	5	76	68	63	56	91	28	34	76	49	53	79	2	64	75	78	5	16	57	97	93	51	52	30	96	46	52	30	35	60	25	67	64	84	59	11	33	43	54	46	3	12	
19	55	11	63	89	35	89	52	48	26	49	99	34	67	14	38	67	15	57	23	2	88	53	37	26	17	87	22	42	18	55	31	96	22	59	83	57	18	72	49	49	6	37	28	94	58	20	62	18	33	
26	17	23	100	65	30	38	59	1	90	91	75	46	7	70	46	69	82	63	83	27	100	2	79	60	82	40	79	80	89	38	90	57	57	56	85	99	99	57	95	45	23	68	95	46	28	71	22	98	85	
12	88	32	33	44	63	2	20	49	57	18	76	5	19	99	23	92	29	61	17	44	56	67	11	12	4	83	71	77	71	37	79	27	94	72	18	5	56	30	12	70	70	16	71	45	77	32	60	39	15	
69	99	52	52	3	58	31	82	43	5	9	38	9	14	54	61	43	63	13	29	93	46	21	50	14	10	27	51	71	76	27	32	43	96	31	68	67	83	3	62	70	84	35	99	68	8	57	53	45	14	
90	32	24	22	92	78	10	19	66	51	64	45	7	68	16	100	26	67	59	17	78	25	64	54	67	53	4	38	22	34	88	57	53	90	38	55	42	88	59	12	22	18	89	1	49	13	25	42	77	87	
61	7	75	6	86	48	64	26	38	50	55	69	91	18	17	5	33	71	99	64	74	92	100	15	60	47	45	59	18	91	20	45	36	14	84	90	53	91	27	73	23	50	81	27	78	61	88	56	92	15	
65	45	26	53	51	34	22	47	4	100	48	57	86	31	34	12	65	17	38	94	6	72	47	10	48	77	83	88	70	98	76	42	9	17	44	77	72	94	53	30	59	29	78	85	1	15	83	89	47	73	
76	58	94	31	29	66	20	89	46	43	63	63	34	24	71	21	15	33	3	38	65	88	62	45	77	65	86	42	97	49	33	1	57	74	31	83	22	19	87	36	16	6	61	60	94	44	63	48	83	81	
32	39	100	79	85	44	23	20	59	33	71	8	92	92	29	21	1	86	10	31	54	91	50	98	52	73	68	2	65	42	51	72	91	95	37	23	19	27	2	17	30	86	85	96	66	89	98	68	34	28	
13	32	50	29	12	79	22	64	52	10	29	96	78	42	57	29	84	6	78	94	7	59	9	77	99	59	66	89	29	71	4	20	81	12	21	29	75	47	51	70	24	96	77	57	83	19	52	92	84	76	
96	48	38	89	98	56	59	55	75	39	42	79	32	2	97	29	38	67	18	39	14	8	43	99	1	22	41	19	46	63	12	47	24	94	6	90	94	52	90	58	44	35	19	25	85	40	79	2	87	25	
29	32	82	67	55	76	62	41	86	46	50	45	75	97	37	37	25	83	91	69	4	54	96	29	95	36	71	27	75	16	78	84	5	42	21	15	84	94	94	14	9	96	24	69	15	65	29	85	23	27	
79	89	92	44	24	23	67	24	49	80	68	18	40	26	47	23	93	98	41	38	99	94	59	52	72	92	6	58	14	47	29	23	40	67	31	44	91	68	88	93	20	47	73	23	22	38	69	70	54	35	
17	4	52	84	43	85	42	97	52	46	27	33	85	8	54	40	78	82	30	70	68	34	29	97	37	5	95	5	88	16	56	24	86	4	94	40	26	57	30	96	95	61	22	56	39	60	96	18	75	2	
46	86	76	28	71	32	41	5	48	14	31	32	47	39	7	62	42	70	31	19	75	25	5	1	75	28	47	95	36	87	45	62	12	22	38	46	82	74	99	28	91	57	34	29	68	32	19	19	77	31	
38	11	63	48	88	28	82	66	71	70	39	12	96	32	72	39	40	46	45	77	57	43	56	22	39	57	59	28	47	27	56	34	85	60	24	54	81	67	58	86	84	78	66	33	17	98	41	46	22	77	
88	19	93	83	93	4	95	6	51	31	95	54	3	40	69	85	34	60	55	9	40	6	65	53	72	68	81	60	5	8	86	76	85	4	21	43	73	96	62	4	75	23	53	82	13	63	42	92	13	10	
12	6	83	47	1	68	9	9	42	31	18	37	88	69	55	64	83	85	89	94	6	18	53	59	93	6	51	68	18	77	29	72	90	77	65	29	86	36	24	27	39	38	6	99	44	71	61	56	59	34	
53	94	99	55	4	74	68	35	54	70	64	25	94	44	56	4	83	76	23	6	57	68	92	24	66	12	28	86	13	66	57	79	95	97	24	59	45	76	16	95	27	39	9	10	63	48	13	33	54	13	
24	68	47	56	6	44	62	44	71	9	66	5	22	72	70	2	70	15	83	53	57	21	47	93	38	95	40	34	95	74	16	65	5	53	26	91	66	68	33	16	62	22	20	10	29	32	50	12	34	48	
24	67	94	67	61	4	93	31	72	77	70	100	28	60	94	26	21	48	42	80	84	99	47	95	20	45	86	38	28	29	21	18	69	59	13	98	85	93	75	61	53	80	37	51	66	28	23	97	55	81	
86	78	94	17	32	91	56	2	37	36	17	58	44	29	14	44	82	94	7	36	43	13	21	73	29	27	31	100	36	11	48	20	33	74	9	45	78	58	66	97	53	36	52	8	24	20	48	16	52	48	
85	59	13	8	58	10	13	97	41	7	81	53	12	69	100	93	47	9	6	36	29	75	44	10	87	85	90	72	60	42	58	70	46	38	60	53	95	74	86	89	35	84	16	47	57	13	89	76	96	88	
95	51	74	6	49	97	96	99	76	3	30	71	16	82	89	2	15	46	5	74	81	98	73	67	6	58	87	10	82	78	16	11	79	22	70	87	40	97	74	62	28	71	36	23	26	19	83	32	68	74	
9	45	61	84	35	92	23	86	2	95	46	66	34	59	53	54	37	41	24	77	35	87	97	74	49	98	71	32	66	59	66	12	70	49	24	68	21	98	50	75	96	82	30	23	49	65	68	41	36	20	
38	65	16	87	44	46	38	71	16	84	47	69	15	24	99	75	98	37	51	25	74	4	61	58	64	44	32	14	33	69	75	99	54	55	72	80	35	65	65	95	10	56	6	95	79	64	52	37	48	41	
67	15	91	93	80	90	65	42	21	42	16	10	8	83	77	6	80	82	46	42	88	99	83	38	94	24	78	74	30	77	67	96	30	12	7	100	37	19	29	39	27	35	41	26	32	100	42	38	34	13	
60	32	62	86	49	38	29	94	91	87	77	64	86	80	21	61	32	24	5	64	37	75	30	34	92	69	92	7	19	38	52	93	68	27	34	41	4	76	3	97	55	23	87	91	64	36	42	7	88	1	
58	20	51	2	81	28	8	79	77	88	12	55	72	45	68	59	50	20	29	87	76	71	64	92	96	81	95	72	14	99	1	8	62	59	17	87	100	60	89	85	21	52	55	4	49	93	68	97	48	58	
85	20	80	12	71	93	86	80	7	57	82	86	8	58	79	29	65	11	79	24	90	6	3	34	16	62	63	61	82	51	64	68	18	37	15	63	85	14	83	65	58	27	6	20	50	6	67	54	5	68	
79	64	25	50	50	99	96	72	10	77	32	69	27	37	55	15	54	20	75	32	62	34	42	81	71	54	80	45	78	36	32	68	33	78	67	12	31	34	30	40	9	70	48	40	63	30	7	45	38	31	
66	13	39	17	83	83	79	41	57	8	60	54	23	33	42	14	44	78	61	56	83	35	98	69	67	90	93	89	68	32	81	96	42	12	79	67	38	59	55	37	47	65	57	60	38	100	79	72	44	24	
3	7	54	93	37	6	36	85	33	30	13	95	63	64	44	74	90	64	100	1	42	1	24	26	8	87	19	20	86	4	13	13	62	55	77	11	3	14	8	29	94	48	2	67	40	39	71	31	25	17	
91	64	4	90	71	41	46	43	93	59	78	13	54	98	89	98	16	52	98	27	45	66	83	14	77	96	33	73	81	6	85	58	68	68	27	66	79	99	1	10	66	96	36	54	27	20	82	56	69	43	
40	84	14	79	1	76	63	42	36	74	88	11	13	48	20	95	15	90	45	26	98	50	31	24	16	32	51	10	84	78	66	73	70	20	93	90	46	57	67	81	14	97	64	46	99	74	69	95	93	27	
75	90	56	1	62	49	41	5	3	90	80	40	72	98	48	76	68	60	12	59	79	2	100	51	40	100	80	49	70	78	6	40	82	95	91	76	15	95	6	83	16	67	5	42	81	35	55	92	29	90	
85	58	73	9	100	97	5	53	34	14	10	19	22	98	89	86	13	65	30	95	74	28	84	40	36	14	23	69	92	12	79	17	48	8	5	18	87	46	4	71	89	35	11	59	25	69	24	48	29	36	
29	100	82	50	56	95	97	11	60	45	79	79	24	21	81	39	13	62	7	61	41	12	14	5	24	2	23	22	24	2	39	32	17	73	34	15	39	11	57	13	87	74	59	39	81	20	58	58	19	87	
76	57	78	21	27	45	37	15	42	28	34	11	40	73	83	92	6	37	100	50	30	28	31	32	94	39	74	68	47	48	28	51	79	1	34	33	90	99	68	30	29	62	8	76	23	56	97	48	44	85	
62	69	75	92	53	57	66	28	33	61	13	70	27	29	72	11	87	72	9	41	69	44	52	97	4	35	77	54	14	47	65	77	5	10	96	66	45	52	77	56	99	35	15	60	85	7	82	55	71	51	
37	71	24	16	98	10	92	69	83	17	68	9	54	83	69	6	45	36	33	84	51	76	19	62	10	30	56	90	5	56	80	72	71	14	51	70	76	78	48	96	19	71	81	68	69	25	51	78	16	18	
76	85	31	41	48	56	47	72	76	91	9	85	64	26	55	23	99	94	13	81	56	72	59	19	53	72	37	76	5	38	50	52	67	50	79	6	48	67	72	50	63	41	31	68	32	94	76	77	53	42	
59	100	7	94	70	41	70	83	56	62	45	84	33	6	28	37	80	27	91	86	26	7	17	84	79	79	51	44	69	81	27	28	83	16	1	97	16	92	99	76	92	58	39	6	97	73	17	71	39	63	
54	44	45	64	24	78	30	47	43	35	12	69	70	34	73	15	46	55	57	6	91	43	85	94	16	81	17	73	25	38	79	73	24	9	61	15	51	96	32	49	92	15	30	98	63	4	39	81	56	81	
47	91	80	86	43	49	62	76	16	55	74	91	45	19	95	88	2	34	46	23	5	17	37	18	93	54	22	46	12	1	54	29	35	34	80	25	44	53	21	48	60	92	19	44	3	64	69	30	89	68	
43	60	37	32	75	72	14	49	92	32	42	65	72	89	66	95	93	92	37	91	93	41	64	83	49	77	37	72	56	20	40	45	57	21	88	28	63	91	55	21	53	1	98	62	47	93	81	15	98	33	