50
30
1043	2934	641	2838	721	1212	2381	2882	441	517	3093	82	2035	1583	1691	2564	1829	1160	2915	119	537	49	3652	1910	1857	645	3378	3168	914	3490	2010	90	2946	1820	3078	670	2502	881	2757	3143	3790	1592	3736	2813	2838	223	1885	859	2554	3082	
10	59	1	11	65	27	84	53	90	29	70	1	38	64	6	33	20	14	64	15	96	89	75	64	28	41	80	57	66	9	
52	25	45	99	88	76	84	22	92	62	31	32	74	79	5	54	57	35	14	77	63	67	46	59	7	71	80	72	34	65	
52	76	73	29	76	11	97	63	2	36	7	71	60	57	74	63	39	29	23	30	70	14	38	32	38	32	8	100	32	52	
55	60	1	84	22	14	94	90	91	29	82	21	76	44	97	35	7	79	47	72	92	99	72	77	37	90	64	5	46	31	
70	41	43	68	25	31	85	46	24	94	53	29	95	67	39	25	43	8	82	1	96	50	99	46	35	82	29	25	24	11	
85	19	60	17	65	65	95	7	95	19	22	48	88	22	19	5	34	32	82	36	75	58	9	21	21	5	7	10	4	20	
25	26	84	98	54	68	58	79	39	90	27	55	80	39	20	68	41	3	92	63	80	91	36	27	70	35	84	33	71	5	
70	60	82	62	97	77	86	100	32	90	42	46	4	100	19	18	94	28	54	69	39	89	89	58	83	40	17	26	57	16	
39	75	58	33	18	73	74	41	70	31	65	29	49	31	92	28	95	100	75	64	61	50	98	60	39	38	5	79	49	20	
54	66	61	93	19	27	64	49	60	53	6	92	6	79	60	91	4	38	97	66	48	42	71	32	87	100	47	45	61	77	
20	32	36	22	14	96	22	33	58	21	96	50	76	30	75	75	35	59	98	58	45	59	20	27	2	40	18	13	11	8	
81	20	44	65	9	48	12	84	59	42	48	60	16	50	44	6	61	1	92	59	78	42	95	87	15	87	79	39	1	76	
11	69	64	43	93	12	23	36	100	22	40	48	86	72	52	44	58	94	24	97	4	2	91	68	32	21	81	90	35	31	
38	45	12	84	80	36	94	55	74	5	57	39	98	46	36	8	30	100	48	83	95	50	6	90	31	43	77	97	84	9	
12	59	28	52	60	25	71	37	34	65	4	98	93	27	83	31	67	52	71	63	27	76	74	1	87	14	38	1	81	15	
11	14	57	4	65	5	85	76	47	40	58	100	100	88	53	44	69	3	56	31	93	56	91	88	32	43	96	53	96	100	
31	39	69	80	28	87	39	90	98	35	88	85	69	12	93	72	13	11	47	60	90	10	7	76	19	51	10	19	39	74	
34	27	44	98	86	82	89	66	35	67	96	16	47	69	26	36	61	74	83	12	31	4	62	93	21	98	71	9	20	25	
80	36	29	95	71	82	10	97	12	41	33	75	55	46	45	37	47	1	27	46	4	97	52	38	72	23	37	73	93	22	
44	8	40	86	99	43	96	49	8	4	77	50	8	28	36	64	74	87	8	22	59	64	53	79	66	66	30	81	54	30	
11	63	35	65	1	58	11	37	36	19	70	82	72	67	32	18	84	26	96	67	42	4	69	34	36	35	44	93	52	90	
66	73	35	18	13	47	98	78	75	68	40	75	5	14	92	11	69	12	23	2	45	79	42	43	17	85	96	7	82	28	
62	10	60	83	58	88	73	55	27	59	49	57	89	66	40	82	42	34	82	55	64	74	22	75	55	21	7	76	5	99	
94	78	94	39	21	18	55	89	77	43	42	4	33	48	99	5	27	71	32	32	26	68	99	39	2	59	89	9	88	89	
69	82	14	56	88	16	28	11	86	50	59	15	52	5	75	14	18	68	34	67	82	36	55	48	1	9	28	87	9	71	
54	35	29	88	96	72	91	19	56	73	90	13	23	28	28	43	66	52	27	95	52	59	18	20	15	68	29	9	13	65	
37	56	46	51	55	15	18	40	59	64	75	93	92	37	42	89	95	89	44	89	38	91	91	36	74	93	50	80	23	78	
43	52	54	4	47	100	53	26	73	76	56	7	49	33	99	93	61	57	37	100	93	77	99	25	82	89	95	7	96	11	
6	70	71	58	98	44	90	73	61	45	78	97	53	42	41	34	100	66	95	44	97	25	40	92	87	30	76	10	29	49	
87	65	84	52	23	44	65	93	50	86	49	62	68	20	29	2	5	13	68	55	29	12	75	2	58	41	15	1	43	93	
35	49	52	21	46	5	93	25	9	57	48	81	19	31	2	66	72	62	93	63	58	75	18	75	28	56	67	55	28	1	
77	35	80	74	15	37	63	26	47	65	41	33	50	30	9	70	54	56	77	31	51	55	7	52	87	99	72	3	31	91	
3	53	88	32	35	30	94	45	90	24	21	80	31	6	68	28	87	61	23	13	45	62	21	36	37	29	33	1	81	48	
59	35	50	47	9	83	85	62	5	57	65	22	21	39	7	49	59	98	55	50	25	62	88	45	40	28	52	62	22	49	
85	83	5	97	12	36	93	89	17	55	57	57	7	59	24	60	52	25	26	90	47	46	99	28	24	7	41	31	38	19	
90	64	74	92	70	15	66	37	12	52	28	32	54	11	19	86	75	15	11	87	17	79	31	25	2	41	79	18	52	23	
63	85	44	18	94	45	99	53	20	31	60	75	25	56	99	56	87	69	92	26	84	75	23	67	6	23	14	28	86	84	
95	54	81	59	62	34	50	4	83	2	16	63	50	63	20	29	86	9	79	88	63	69	29	20	84	85	6	45	31	21	
89	52	89	56	26	51	90	87	4	18	58	80	28	43	16	22	33	91	6	64	47	38	45	68	64	41	84	87	97	54	
75	53	35	6	47	34	16	88	48	4	77	26	5	31	62	43	12	62	92	22	46	89	25	26	65	100	61	46	50	56	
76	83	83	56	83	72	80	71	51	10	22	63	47	55	50	24	60	2	13	91	35	41	87	30	29	74	23	96	53	33	
58	1	76	25	15	67	97	12	90	25	15	71	72	93	50	24	67	57	94	20	12	22	5	6	7	10	60	18	87	34	
30	87	27	57	61	40	52	23	51	29	78	33	74	40	25	76	79	37	70	54	69	64	27	66	54	14	78	28	99	10	
96	48	39	85	22	85	27	48	93	63	26	65	39	8	77	99	82	45	85	89	24	65	24	63	91	39	42	1	67	59	
13	13	59	20	86	91	53	75	4	38	60	26	10	99	62	36	55	43	11	83	79	65	37	66	31	10	61	56	36	41	
37	55	50	6	55	87	34	59	76	42	56	60	92	54	99	52	34	86	23	85	53	27	27	38	60	61	92	63	12	35	
12	50	47	46	40	80	35	34	4	31	91	26	77	28	52	91	98	83	36	97	79	48	16	65	54	70	94	79	46	43	
41	95	53	79	49	36	97	44	18	100	75	38	44	96	96	21	20	82	19	88	43	89	2	70	82	35	43	12	81	78	
61	38	64	56	49	23	94	7	19	16	95	75	83	3	27	47	74	83	99	74	81	5	27	57	57	5	1	28	35	5	
10	40	40	96	19	42	100	11	25	17	83	33	27	99	24	34	78	100	5	19	10	13	13	10	55	72	88	18	95	86	