350
50
6300	18131	10257	4082	7596	10263	8580	3227	14054	17635	13022	7045	6689	8153	4718	8873	12648	4671	13983	15656	10559	7048	9263	9320	6807	3852	10520	4090	13071	12822	10440	1197	14621	480	536	1624	4887	2514	12069	18286	17210	6108	11723	15050	14687	18462	435	3208	7529	3979	15374	8232	6941	11706	963	16135	7673	16929	4627	13439	9430	13087	770	15504	17387	17835	13232	1279	4019	16303	17000	13093	5716	18510	207	13024	9863	2072	12383	6337	1788	1146	10887	14219	4502	10104	12548	5120	4835	9537	17256	10679	68	16325	14585	3746	12000	8220	16025	16384	13362	7186	4064	10059	14656	13349	11244	3879	4451	8489	5874	1093	552	10145	12080	5114	7676	12754	950	10495	17779	11466	8435	8196	7276	10381	7432	11875	1985	14909	17706	4589	5426	12642	9056	8563	1271	7732	16087	151	2812	10541	10652	12581	15072	927	15645	8686	3697	138	15519	6126	6807	17814	7290	9343	8158	18375	17949	16163	15646	18495	12196	17131	10157	2804	10919	3608	12889	2733	17766	5334	1438	16336	8941	14890	6742	11371	3402	15676	18574	16005	11437	17486	3649	7640	88	8431	9262	5411	18589	16501	12774	11522	15864	12245	2980	11070	6378	4486	337	2048	13775	13888	7604	13279	10076	5720	17717	16677	16941	17116	5138	18094	17647	9695	18171	18607	4876	9395	9264	9186	8923	17731	15261	17148	11552	4431	16756	3490	9947	16115	4530	11998	14724	11233	2058	5396	13190	6390	2976	3995	8346	4330	10973	8756	6239	18139	1053	16364	15501	7129	17627	9382	15635	10996	13802	14506	4551	8485	11167	9380	16601	1721	7197	4209	7029	11068	13651	13329	7211	5853	16919	9748	8126	6253	10484	16287	4409	17851	11723	6504	1613	6151	17287	2297	17885	11054	5215	13343	3943	2173	3329	9370	1786	13452	5522	8909	8880	18058	7386	18362	8180	16682	8113	7677	13263	14792	16852	1633	1155	16810	13107	15901	1958	1938	1961	848	3289	300	11101	16700	3940	871	11819	10034	14707	5788	12139	2972	14272	9167	15031	18398	3277	425	5882	2135	5871	3486	7398	7670	3265	18621	2240	18077	12425	18251	13477	15912	
31	71	67	3	98	54	23	11	57	59	9	85	84	51	89	21	23	42	99	51	71	64	6	7	30	36	26	65	92	14	85	49	71	62	55	56	4	81	97	35	80	74	75	51	77	44	46	76	9	47	
28	25	13	60	5	24	36	14	17	47	91	18	46	5	3	71	1	36	53	36	48	51	93	26	64	25	8	19	81	39	22	12	71	26	83	73	78	43	82	54	100	11	89	76	84	78	100	93	64	86	
35	3	91	67	38	62	2	85	56	10	46	4	13	27	60	57	86	72	51	25	66	74	52	72	56	77	35	86	41	61	2	22	23	82	9	47	14	20	63	36	33	14	12	64	40	19	25	99	13	37	
20	85	40	80	94	74	95	76	54	50	12	48	65	37	73	86	60	5	80	26	67	10	84	90	70	16	70	57	88	8	35	66	49	86	17	67	91	87	43	90	19	91	9	65	100	1	21	44	67	7	
51	95	77	64	86	65	32	55	75	45	70	17	5	66	74	45	66	22	56	7	67	2	27	32	33	65	49	62	89	97	28	69	100	31	2	83	49	28	30	82	37	31	85	38	62	63	2	31	14	17	
46	56	71	56	95	97	96	35	48	42	80	100	7	61	60	29	98	79	17	30	18	96	46	97	43	55	25	93	9	62	47	16	63	85	88	64	61	13	16	7	31	41	81	23	43	2	17	70	63	88	
65	89	68	99	99	69	48	33	98	9	41	10	7	70	55	69	85	99	84	8	19	47	25	35	62	51	42	65	20	26	45	76	2	87	73	95	1	7	2	11	65	76	16	97	95	22	14	11	63	99	
40	10	39	62	52	78	73	80	81	73	74	58	33	32	70	69	47	89	65	14	99	4	95	74	21	98	70	100	80	40	55	67	30	51	18	100	33	99	51	25	7	1	39	16	63	75	43	43	23	88	
12	32	31	7	41	99	13	38	47	25	36	11	27	69	72	63	5	44	79	4	13	9	38	76	38	38	17	48	29	83	56	100	69	38	85	88	35	56	21	94	2	4	10	6	76	35	5	80	57	20	
1	75	59	74	63	75	47	52	21	21	66	27	20	34	73	53	42	93	95	70	43	96	65	35	78	35	35	60	90	37	40	91	3	72	73	73	40	28	3	75	47	93	28	76	10	2	69	33	78	44	
20	75	48	24	28	4	58	33	68	3	5	72	27	59	83	31	21	75	97	17	99	12	13	86	21	96	41	17	8	77	67	41	93	23	73	11	36	87	15	62	71	85	51	24	99	66	38	63	52	62	
34	75	87	60	80	50	83	15	48	93	50	20	76	59	80	77	30	38	97	49	60	9	75	93	49	31	43	92	57	58	97	31	20	85	77	2	57	63	85	29	88	46	62	38	68	50	28	16	96	43	
73	42	48	91	42	79	39	37	57	57	26	81	72	92	95	83	34	10	97	27	32	94	35	94	20	43	1	43	69	32	22	11	84	10	80	49	68	57	83	85	45	20	27	74	73	69	68	58	85	48	
99	73	59	32	87	55	6	90	28	44	17	33	29	80	11	84	2	50	80	5	63	19	19	78	34	55	81	1	21	48	12	67	5	57	37	29	60	52	13	71	99	33	67	38	6	42	89	85	6	90	
40	66	79	86	98	68	20	20	59	41	3	44	56	6	6	62	69	34	91	5	38	17	57	70	100	82	14	36	13	23	28	90	42	48	54	34	11	66	51	41	53	55	36	88	14	95	35	97	89	63	
37	39	88	99	43	89	77	14	84	56	36	97	50	98	13	21	31	13	93	87	91	65	91	24	10	73	44	54	73	99	65	93	76	78	77	26	90	2	44	97	19	46	67	94	1	88	12	21	72	74	
87	85	95	17	85	43	88	46	59	88	45	30	100	66	5	51	29	46	30	97	29	8	89	3	74	93	51	61	30	46	61	69	44	52	17	99	29	21	2	2	31	95	19	80	25	87	44	85	72	48	
87	39	42	37	37	74	83	58	20	45	95	60	100	53	23	22	5	88	100	80	52	91	89	61	14	64	9	28	30	11	44	57	83	68	77	89	74	59	78	46	71	93	63	90	13	81	91	65	2	40	
58	58	13	12	21	60	89	25	49	23	22	60	92	40	32	3	10	84	84	7	100	100	12	87	25	27	44	12	23	92	48	85	46	6	27	17	73	55	50	32	79	70	100	65	69	1	48	37	100	54	
20	22	47	53	97	33	4	27	59	3	100	51	75	30	89	89	6	8	47	1	50	79	63	31	62	61	36	84	36	43	89	47	5	57	78	29	26	66	58	9	40	16	14	32	14	60	96	86	35	42	
4	37	85	90	99	32	29	85	61	72	98	66	2	24	31	18	7	38	44	45	75	56	93	13	61	61	89	36	58	90	66	23	63	97	98	13	18	65	41	74	23	87	31	32	46	60	65	62	6	80	
39	58	77	16	44	57	49	6	20	95	48	9	25	10	100	98	75	23	84	84	58	68	5	90	29	41	13	45	38	98	6	47	47	19	20	1	38	14	89	70	23	51	24	63	5	12	51	52	50	21	
91	7	60	7	100	81	79	69	74	82	57	85	95	15	49	66	90	86	40	50	5	1	7	94	26	90	72	90	6	55	1	37	70	17	49	35	9	99	65	71	86	88	96	35	19	53	71	67	9	12	
37	34	24	80	79	91	74	37	60	56	15	95	52	25	82	61	47	95	39	23	64	77	88	95	100	11	82	17	84	14	29	81	36	35	85	31	40	86	76	68	74	75	88	48	71	66	22	50	94	33	
7	69	51	94	2	49	84	29	46	53	3	29	37	62	63	25	32	15	86	98	18	62	90	61	88	80	72	68	18	59	53	97	36	95	95	5	31	9	34	55	30	97	91	56	51	86	65	78	17	34	
10	25	72	10	55	84	40	44	15	66	29	27	6	35	59	95	61	70	63	49	7	6	11	71	56	68	23	50	10	67	2	26	98	40	91	17	83	60	25	85	4	21	49	56	55	97	13	4	8	25	
69	56	29	53	24	90	48	66	38	14	85	68	54	73	34	93	12	3	63	60	81	34	90	21	3	13	24	36	47	95	92	84	100	33	96	16	63	54	67	75	12	1	99	61	49	90	93	9	53	3	
50	7	6	14	68	80	52	31	55	5	16	81	62	36	94	96	76	68	78	55	55	48	97	1	79	23	72	36	51	92	18	64	72	73	53	35	78	39	85	3	13	59	82	14	65	48	67	74	5	33	
78	74	100	63	75	65	75	36	14	7	75	21	91	48	27	84	37	97	7	65	27	90	81	55	15	84	41	62	22	11	93	87	28	79	36	26	62	9	56	82	75	37	29	52	39	32	82	16	26	88	
86	52	36	15	62	50	96	22	28	97	42	66	15	57	53	29	42	70	6	14	10	46	62	2	71	19	14	4	75	97	49	87	91	21	1	64	82	5	9	95	56	50	95	11	22	22	36	71	42	53	
89	24	48	11	90	14	57	29	48	71	15	7	92	59	44	18	46	90	86	82	49	12	53	93	30	32	31	13	16	41	5	61	25	48	99	67	83	26	36	70	58	49	80	78	98	62	13	18	25	8	
38	42	17	20	40	75	80	28	31	12	89	66	48	6	61	58	14	1	70	30	53	2	43	71	20	91	69	40	9	20	28	98	23	50	24	5	37	21	61	16	81	51	13	59	29	25	77	91	63	3	
92	55	48	66	84	84	54	82	64	27	92	51	76	3	48	73	87	92	54	33	69	22	12	18	100	24	55	84	85	48	36	66	93	73	56	75	46	47	72	36	1	46	64	65	21	31	39	77	31	45	
2	91	87	90	22	47	21	54	75	75	31	93	46	83	29	90	9	23	77	36	33	90	54	10	73	41	53	53	42	33	90	67	83	50	79	75	83	27	5	30	87	16	93	55	24	48	61	56	33	78	
6	39	69	35	56	20	14	86	89	6	22	10	3	1	96	41	90	50	33	99	38	24	32	52	82	27	20	58	59	56	50	85	47	59	79	9	98	66	25	32	83	90	69	81	21	28	35	72	50	97	
86	53	66	94	96	53	42	66	9	11	2	17	75	66	95	12	34	7	28	27	90	40	19	67	88	20	100	68	90	30	71	16	20	33	90	91	12	17	50	92	81	8	73	4	22	19	29	29	76	71	
52	72	41	96	17	68	7	2	4	80	46	74	50	20	88	32	70	52	56	70	16	92	50	48	68	21	97	18	12	55	17	96	34	59	51	11	27	82	74	4	5	64	83	44	62	36	12	98	25	4	
52	62	81	14	48	34	86	10	4	15	86	49	37	30	96	33	41	26	32	67	58	4	83	57	75	54	70	4	83	28	30	63	68	70	21	71	30	72	37	54	41	39	78	83	90	70	17	31	76	7	
49	43	47	84	27	36	95	95	16	79	64	70	19	35	17	98	43	40	68	66	37	74	1	92	100	45	98	68	36	78	68	45	27	94	49	23	31	15	8	35	27	31	88	27	82	13	57	78	89	63	
57	25	12	30	72	57	44	36	54	24	47	86	73	59	50	69	94	6	99	51	75	18	13	43	57	49	70	81	93	67	32	45	11	56	93	22	39	92	84	70	20	92	4	60	93	96	31	79	31	17	
43	37	53	65	64	11	45	41	88	11	73	47	79	56	65	72	20	87	82	29	80	78	31	76	17	90	74	26	18	1	30	43	82	5	93	74	55	47	95	59	3	65	93	31	68	28	73	83	42	4	
74	81	73	2	89	32	54	58	8	49	92	76	82	71	42	28	45	18	45	76	21	9	36	93	92	53	71	60	11	3	14	89	85	34	86	99	70	69	43	34	34	90	67	9	96	91	58	16	49	49	
74	38	8	50	68	34	55	79	94	13	74	49	1	97	82	52	26	42	17	45	68	77	33	1	89	67	3	93	73	21	44	92	64	86	9	92	37	18	14	97	75	13	78	35	72	23	24	75	84	15	
45	72	71	34	35	60	36	85	54	71	36	30	63	53	22	87	51	97	39	62	43	25	82	50	60	81	8	1	68	21	30	18	40	11	52	44	12	71	20	57	21	19	7	73	34	11	37	23	28	78	
28	72	64	6	21	77	75	7	96	3	64	83	22	64	55	78	68	32	84	67	87	46	95	32	51	16	83	23	80	90	5	1	16	45	43	9	26	12	2	35	31	42	60	32	95	81	18	38	35	14	
14	5	14	76	88	7	42	66	26	22	6	96	18	80	72	65	92	31	67	37	35	86	14	67	96	13	73	11	24	7	27	94	12	69	11	36	32	44	62	68	80	19	51	67	73	85	23	6	68	95	
46	98	94	86	58	70	11	50	57	10	39	56	75	65	33	72	20	79	81	42	99	6	54	100	36	39	47	35	55	32	74	49	96	6	16	61	79	79	36	43	35	47	99	3	67	11	76	50	19	22	
6	4	52	5	53	28	65	65	87	100	10	93	57	70	86	33	59	39	4	61	99	68	75	7	13	21	51	2	88	68	15	47	2	33	24	26	78	42	21	11	9	4	89	32	10	61	15	19	1	49	
68	25	24	79	31	86	56	33	31	99	58	17	51	98	80	35	29	72	24	59	75	56	1	21	51	78	72	50	16	66	41	21	11	16	29	4	36	98	77	14	69	52	23	14	100	85	77	15	88	83	
82	72	77	94	20	77	12	51	26	93	56	40	97	89	83	20	28	50	9	68	92	91	87	100	63	2	70	81	45	82	29	39	39	49	61	34	95	48	46	59	1	73	32	71	11	86	42	61	29	99	
49	36	91	42	61	71	7	53	1	24	58	46	88	58	76	38	44	97	23	64	85	100	71	98	76	54	39	48	53	2	37	10	41	57	32	96	28	81	24	64	66	15	13	18	10	100	70	59	27	20	
74	5	20	59	56	3	53	47	64	11	89	45	51	20	51	99	43	35	82	36	34	58	69	19	23	11	46	59	94	13	91	54	86	4	96	12	21	51	59	73	84	15	30	33	68	40	27	43	24	92	
73	31	98	85	50	66	25	39	55	74	16	75	3	62	68	43	21	24	76	30	24	18	21	100	66	46	75	59	1	87	43	51	12	52	23	22	80	50	73	19	7	17	97	96	9	23	1	58	56	49	
77	54	10	33	16	7	92	3	61	43	88	42	41	47	65	69	64	72	63	28	44	67	75	5	97	7	42	29	33	36	24	28	23	66	14	33	29	80	13	63	4	34	85	30	28	69	58	46	19	66	
36	23	35	4	42	90	69	11	14	88	85	15	3	94	63	34	64	96	42	64	41	23	82	50	73	92	83	56	73	35	31	59	68	19	61	49	1	64	61	91	24	19	47	84	29	68	86	52	19	66	
57	5	96	22	66	87	14	79	58	97	50	74	90	35	61	68	61	26	50	59	19	5	49	57	81	86	98	59	29	42	75	50	95	51	5	34	23	15	55	58	74	35	88	95	30	4	52	82	90	57	
94	45	81	88	52	51	16	13	61	67	76	51	59	18	100	52	5	74	15	84	23	10	21	65	44	14	30	100	8	40	27	69	50	31	83	51	79	63	56	9	28	78	52	54	28	5	35	59	37	96	
99	18	31	31	61	31	31	41	16	88	30	84	70	88	38	66	54	84	57	72	71	72	68	71	31	51	77	10	81	25	54	94	29	18	72	28	27	29	21	70	59	56	53	20	36	42	89	38	20	49	
97	66	3	47	6	12	31	71	30	97	42	4	14	100	52	62	25	24	20	10	43	88	73	20	41	18	65	63	40	73	1	90	92	52	65	35	26	55	15	68	45	94	43	52	84	84	11	6	48	57	
12	71	86	70	20	22	95	13	14	80	38	37	14	22	19	49	40	87	68	44	92	22	12	90	27	26	39	58	46	79	84	79	48	66	94	79	6	32	48	3	64	28	36	35	70	41	37	89	79	4	
33	14	16	39	56	42	59	85	61	69	90	90	59	52	39	97	71	69	82	45	63	50	14	42	95	11	75	17	87	19	8	41	77	87	85	55	33	69	22	90	39	7	73	22	82	58	69	19	77	80	
46	82	39	81	83	57	84	47	33	99	95	2	19	2	15	73	45	30	31	54	22	3	73	99	20	36	43	89	92	38	30	44	40	93	6	86	12	11	80	65	39	9	68	12	76	46	20	73	85	50	
74	45	85	87	68	12	50	71	16	53	32	12	9	82	51	53	28	20	60	45	67	27	87	49	97	38	13	80	21	78	41	28	15	54	55	8	37	51	78	38	58	71	83	50	46	1	13	64	1	1	
9	99	39	32	64	95	54	84	35	65	7	65	93	6	42	57	99	33	3	61	16	30	9	78	10	13	34	1	2	53	54	12	60	15	96	20	54	2	95	68	17	13	25	2	67	48	76	92	3	29	
93	25	69	12	92	24	49	14	23	67	44	76	48	100	34	37	45	69	36	99	60	20	4	86	78	46	34	50	71	64	73	68	45	66	38	29	10	73	3	16	20	78	6	13	79	76	72	12	3	96	
82	94	70	87	11	100	27	42	10	29	11	41	35	19	5	46	20	1	53	1	50	36	92	97	2	74	75	15	37	87	93	57	63	69	29	28	24	21	93	26	58	34	17	54	38	57	24	66	7	24	
91	2	35	41	61	80	93	93	94	55	10	10	47	49	43	86	25	17	100	67	52	22	84	35	39	100	49	56	64	66	85	71	78	79	73	48	10	70	83	31	31	100	95	32	5	5	82	79	28	42	
64	7	39	42	40	33	63	39	55	92	92	24	38	92	50	55	53	29	75	99	21	74	11	17	15	4	13	98	34	63	90	4	13	63	48	88	25	55	5	94	64	42	85	60	43	14	27	61	30	6	
56	88	4	39	93	36	11	81	27	43	50	27	48	20	15	6	30	52	81	51	16	55	5	87	26	29	73	39	11	47	32	51	5	49	71	65	69	53	49	17	9	89	76	37	19	19	7	63	91	13	
97	2	78	72	26	7	8	28	96	48	86	73	56	91	37	82	10	20	63	28	12	69	31	28	53	36	5	46	96	7	100	42	6	12	8	63	96	84	29	93	77	95	20	17	70	100	20	74	50	98	
32	83	3	95	69	90	18	43	91	58	60	67	80	96	88	15	54	7	6	2	98	97	74	14	64	69	12	8	83	4	69	19	66	7	48	55	12	43	2	55	43	28	48	21	14	22	66	70	97	50	
63	47	29	54	41	14	52	32	91	94	12	39	89	30	87	49	91	10	53	96	31	43	10	41	78	100	40	57	10	60	52	100	99	6	45	17	29	81	98	24	85	90	50	34	77	6	52	27	97	23	
93	94	29	56	26	99	40	86	56	27	35	99	65	29	62	68	78	76	82	76	3	79	44	78	100	35	45	45	50	19	52	59	43	26	13	21	6	15	91	12	19	45	1	24	17	73	25	22	65	64	
40	39	48	42	86	92	20	75	51	76	100	70	61	83	20	14	96	39	48	19	63	64	41	17	14	1	20	35	78	61	54	48	40	85	98	74	2	19	27	79	99	51	57	86	51	63	50	24	85	89	
33	51	54	78	93	33	24	21	19	77	32	78	98	38	11	6	99	50	52	95	96	57	36	49	8	40	67	69	64	59	86	26	24	70	35	43	4	77	28	3	93	30	18	68	59	81	81	71	83	57	
65	11	61	12	58	79	73	67	77	70	6	61	95	83	69	45	46	98	61	18	67	92	52	85	88	27	8	65	70	24	62	99	43	6	12	33	2	72	4	68	66	40	22	11	9	67	97	61	99	35	
8	17	28	57	42	100	15	54	22	15	96	88	32	92	56	73	96	100	53	88	87	6	44	51	70	30	16	63	20	17	73	96	47	22	42	98	38	97	90	47	86	96	71	60	72	67	45	56	21	81	
41	13	39	10	36	80	15	78	100	33	33	26	21	77	39	72	88	39	49	59	27	9	94	12	1	16	43	70	23	50	50	35	41	60	11	71	91	3	27	52	43	16	13	14	65	23	2	94	88	30	
19	36	58	41	47	7	91	7	90	57	71	1	6	6	73	68	88	45	78	99	88	90	20	25	23	23	96	32	10	3	10	50	22	41	38	49	54	61	37	60	39	4	41	8	67	32	3	3	85	54	
84	48	86	69	100	51	5	7	76	53	99	5	67	1	67	51	39	37	32	97	34	80	100	96	56	22	71	37	43	57	53	80	19	31	15	6	51	64	85	35	39	88	58	94	18	16	94	9	55	14	
4	75	70	49	67	35	8	43	13	34	47	50	73	73	11	32	80	53	33	6	73	91	88	87	38	53	67	51	76	18	1	88	4	94	29	23	15	35	61	25	48	27	18	26	60	44	10	35	91	6	
4	99	60	72	94	56	45	55	63	90	20	49	12	70	72	92	90	38	1	27	48	72	84	7	3	59	61	71	87	27	68	97	16	41	22	89	3	49	43	61	100	43	65	34	42	72	55	47	29	3	
68	53	73	41	91	55	94	45	59	93	30	96	37	98	14	5	15	66	28	74	57	22	19	48	84	72	67	8	10	76	14	6	39	70	10	39	96	41	28	11	66	15	51	31	34	21	43	41	81	45	
54	89	65	77	5	67	81	25	82	93	100	33	12	11	21	51	3	27	83	25	89	9	27	7	79	23	100	14	41	78	42	77	34	4	7	54	88	91	93	17	3	43	96	13	83	58	3	80	67	14	
94	54	4	16	23	100	67	64	87	68	39	18	4	30	93	82	77	72	44	36	91	38	66	77	78	51	82	65	58	57	87	63	29	65	47	38	66	92	85	49	51	11	68	42	57	87	28	35	31	37	
95	45	79	43	27	15	33	19	62	24	41	95	18	89	45	86	37	5	99	42	25	74	60	10	51	7	71	42	3	28	80	45	6	88	93	49	64	79	55	28	68	6	91	22	87	57	59	30	37	77	
100	77	99	35	87	71	6	46	2	5	54	78	92	81	89	62	100	38	74	91	48	30	42	58	27	80	87	83	43	4	58	37	80	85	40	32	14	39	49	70	86	100	87	52	97	18	2	90	4	56	
74	76	21	14	22	2	55	24	87	38	29	99	54	97	82	19	99	65	29	100	90	64	43	65	79	70	77	20	47	19	38	14	1	60	93	10	39	40	59	25	23	41	6	98	25	94	81	96	49	35	
31	76	32	91	77	51	76	3	78	38	71	28	70	84	14	71	91	86	23	46	10	66	1	64	21	74	17	93	86	98	85	47	24	30	78	92	73	24	95	74	98	15	68	18	100	6	91	38	48	48	
95	74	59	46	99	30	77	87	19	84	40	69	19	5	20	65	22	83	100	65	24	58	97	79	75	17	61	82	31	92	5	42	75	53	41	75	64	14	39	86	68	84	15	19	85	17	42	19	56	55	
8	68	20	78	92	50	77	83	19	77	53	66	13	55	75	90	75	80	14	44	25	10	46	39	20	21	38	89	16	75	66	80	33	39	11	14	55	37	3	97	72	23	96	93	29	11	6	66	60	2	
37	97	15	87	78	17	95	12	51	33	80	49	33	2	90	3	96	94	20	37	26	68	51	13	19	9	18	72	70	42	80	95	92	2	43	34	38	17	11	94	20	59	78	100	36	43	80	94	43	99	
76	36	66	30	22	7	3	51	52	41	69	53	1	26	7	41	4	57	41	62	75	33	60	80	60	26	45	4	85	64	91	59	70	9	89	47	80	26	48	58	14	60	96	11	72	78	81	47	49	50	
51	1	26	58	6	10	88	61	29	59	71	76	50	60	9	22	4	7	56	58	74	69	90	9	43	5	25	48	84	5	87	99	75	13	34	62	13	67	28	82	50	61	86	9	98	36	54	28	66	24	
12	53	23	28	79	8	94	100	75	45	55	49	86	75	67	99	3	4	59	66	56	2	67	39	60	55	86	74	28	69	78	41	44	25	54	76	83	15	31	39	18	95	5	68	70	42	25	91	70	5	
38	28	56	74	33	97	8	21	33	12	9	77	84	24	80	54	51	60	15	29	29	40	36	36	14	1	22	50	93	44	6	51	68	73	17	92	98	17	26	28	31	40	34	74	76	70	81	83	14	24	
96	85	62	97	90	20	31	38	83	40	60	41	12	92	86	23	39	85	5	58	94	10	40	99	97	68	92	99	42	18	66	19	51	61	94	84	27	15	80	21	52	41	60	92	24	41	48	2	28	25	
94	56	73	16	91	83	50	59	12	60	88	30	50	92	18	71	88	48	76	100	49	44	83	72	73	33	9	78	34	35	99	21	99	20	10	8	85	36	4	34	65	26	79	54	27	96	40	68	3	13	
48	72	2	53	92	40	24	27	69	43	39	50	74	21	51	40	31	64	95	53	27	72	23	98	7	90	81	82	66	46	90	81	37	38	70	44	51	42	84	63	38	44	83	75	82	13	75	79	48	74	
62	83	43	37	4	5	98	1	15	6	57	38	97	31	20	22	55	66	87	63	68	57	82	49	5	40	63	24	93	80	54	44	98	25	38	86	71	99	10	13	54	23	79	13	69	16	58	60	29	19	
91	78	37	51	100	94	62	76	61	20	19	60	25	92	87	29	51	61	34	63	33	19	40	90	7	83	43	67	93	4	36	54	5	51	97	14	25	77	34	17	30	5	66	14	20	52	81	99	83	98	
46	2	91	73	39	67	23	96	54	93	50	19	89	74	34	34	1	41	21	61	21	98	31	22	39	11	82	70	4	87	90	17	5	52	41	95	34	13	17	42	31	77	38	84	70	34	39	70	44	56	
86	70	42	54	33	56	42	100	35	8	48	99	88	30	58	71	70	68	32	92	87	47	99	80	48	92	35	41	37	90	69	5	52	98	37	24	13	28	71	5	86	41	79	92	47	39	93	48	3	41	
56	67	40	79	78	40	54	51	6	52	6	12	64	65	80	96	68	48	57	98	19	26	26	59	30	76	100	31	47	95	92	24	53	2	87	42	83	70	13	82	78	76	80	48	61	37	69	86	13	65	
55	68	73	40	29	64	5	9	34	87	99	52	27	93	88	66	52	81	24	60	64	20	16	74	52	94	39	50	45	48	76	20	9	75	18	1	50	75	81	4	95	73	74	87	27	88	48	25	63	80	
8	78	30	15	55	60	70	37	22	58	73	30	75	55	27	99	31	40	27	23	100	24	88	47	46	92	46	14	39	51	58	61	35	67	15	30	100	96	42	55	77	43	45	43	55	17	25	57	87	63	
84	54	81	84	73	53	29	87	69	36	88	14	80	87	2	48	9	44	27	99	36	13	19	13	90	62	76	52	26	5	55	53	23	26	7	50	70	28	86	18	17	89	42	87	84	59	2	16	81	47	
82	36	72	64	8	2	68	25	20	10	62	38	99	71	33	14	35	40	57	95	23	58	39	66	68	46	28	15	21	45	86	45	81	25	34	52	47	71	72	36	91	42	73	91	79	53	82	7	91	24	
69	66	93	7	21	30	55	66	83	36	41	86	60	59	10	37	59	10	88	9	27	61	10	98	6	37	50	11	26	4	73	22	98	44	94	90	81	3	9	24	23	39	41	63	22	23	27	93	45	60	
26	29	94	32	22	32	15	89	62	37	97	23	47	8	96	21	69	61	67	74	60	2	32	81	93	81	74	83	58	68	47	11	1	73	62	45	90	100	64	99	62	95	17	93	51	6	70	75	6	97	
64	95	57	78	3	59	66	19	2	2	2	85	76	64	98	7	57	57	98	59	23	57	90	29	85	59	92	90	87	77	38	5	87	83	67	36	36	8	23	32	72	57	25	22	3	7	51	25	36	93	
49	65	70	93	82	58	86	78	48	90	72	85	45	17	85	17	81	59	36	2	25	54	35	37	66	7	56	19	34	49	88	40	69	80	93	76	71	78	86	23	67	83	5	45	51	92	38	43	8	33	
20	54	24	93	26	46	34	19	21	66	71	24	37	49	1	64	84	14	84	61	36	79	69	100	28	95	26	15	62	68	78	46	10	17	71	36	59	3	7	90	42	4	27	25	38	37	12	80	46	53	
42	57	68	48	41	23	38	60	83	98	3	65	41	85	37	83	10	44	34	40	35	2	20	77	17	53	79	81	86	93	89	81	63	90	97	43	44	86	89	55	84	79	41	72	68	42	41	81	82	56	
33	4	36	90	14	21	96	33	82	27	29	69	30	21	60	64	22	94	6	74	96	82	34	24	88	88	50	7	67	83	23	89	20	54	100	39	42	59	70	18	1	82	68	75	95	38	42	56	24	41	
28	23	29	35	84	24	90	78	97	74	69	95	62	33	42	66	88	88	78	1	86	90	22	18	48	81	16	36	12	22	65	43	80	22	18	96	30	97	26	71	42	39	9	66	28	57	31	28	29	25	
56	51	38	54	66	70	36	56	35	56	69	94	94	68	2	10	48	35	14	88	6	59	36	97	59	83	40	7	98	42	25	91	65	97	65	43	84	38	19	74	99	80	7	80	40	3	4	80	64	12	
21	68	75	1	51	46	94	72	16	4	40	26	45	78	55	20	51	17	62	87	4	8	67	28	15	65	13	46	69	73	69	76	85	35	8	17	79	87	1	98	68	46	35	9	32	29	30	88	27	61	
19	43	20	34	2	60	79	11	11	10	47	85	22	65	82	14	16	91	34	20	73	64	4	8	45	38	98	41	57	58	67	90	4	1	13	28	77	74	78	56	10	21	61	61	43	6	35	55	41	73	
49	48	11	13	26	42	15	70	23	60	55	77	92	41	3	15	53	69	71	8	87	14	72	20	1	100	5	15	13	36	57	77	76	76	23	29	32	75	70	78	60	84	5	80	67	81	30	5	26	38	
72	38	79	77	39	63	31	50	43	97	29	61	74	79	89	8	28	31	16	12	21	51	32	63	45	93	3	2	37	57	44	15	76	80	18	12	38	18	83	12	48	47	40	61	31	20	83	53	48	80	
66	34	61	87	31	99	69	29	57	23	4	17	33	84	87	90	66	63	79	69	61	38	70	48	52	92	2	7	72	20	18	76	67	99	66	4	20	45	31	91	30	89	47	100	45	29	15	60	80	53	
52	12	36	33	15	72	13	40	94	8	89	19	75	57	97	40	93	30	34	6	41	70	69	73	13	81	48	37	81	24	11	77	34	59	54	52	48	80	19	13	46	56	91	62	70	100	32	69	84	8	
75	38	68	49	66	73	84	100	34	97	9	53	8	10	81	35	28	2	92	23	8	49	30	51	53	63	57	22	42	72	62	95	18	48	39	95	59	14	72	63	11	96	36	59	12	3	33	80	42	41	
26	42	66	12	50	52	69	37	1	78	91	14	35	64	7	97	38	70	31	48	24	37	11	27	4	92	62	82	15	47	50	80	90	63	24	90	45	86	57	1	72	63	40	35	93	98	57	94	6	20	
9	54	19	57	85	82	64	41	90	52	32	2	78	80	80	5	57	2	84	43	51	73	49	11	45	52	6	99	53	3	45	84	68	36	69	17	5	55	72	34	26	93	72	29	21	54	48	74	87	90	
71	75	9	74	21	94	58	59	32	79	49	38	12	87	26	26	18	80	61	41	96	38	93	61	8	23	44	68	8	67	80	24	42	2	7	23	81	24	24	25	7	66	73	63	22	44	47	81	44	70	
66	38	9	60	10	90	93	92	83	38	27	69	48	100	66	5	43	46	33	52	87	97	53	2	19	97	49	61	41	87	58	75	52	45	93	45	92	89	66	61	43	32	34	52	47	41	45	31	33	66	
86	68	82	99	73	42	54	8	23	30	62	54	1	50	71	62	36	78	49	46	46	68	2	68	14	80	80	97	13	88	16	9	60	1	42	30	54	57	14	17	35	34	11	19	51	11	98	91	37	82	
85	24	35	64	7	19	10	6	96	42	37	51	49	3	80	20	95	67	65	30	7	94	30	44	32	49	15	40	24	36	100	19	2	61	21	16	73	8	21	70	86	81	18	59	12	78	80	30	65	63	
57	58	10	65	14	22	16	32	37	81	63	2	38	92	94	75	70	3	89	7	8	2	90	41	89	13	2	64	2	78	69	46	67	55	69	3	48	16	100	87	88	43	49	94	72	41	54	58	35	20	
12	43	86	22	90	79	14	80	38	93	96	50	21	24	12	46	3	35	53	67	65	57	78	1	37	22	31	45	67	79	50	74	70	94	29	37	16	77	94	91	61	100	18	70	31	78	91	72	100	39	
8	100	37	13	46	91	100	95	49	24	15	85	31	87	61	87	69	46	42	44	59	39	29	20	34	1	2	68	89	86	19	46	47	34	88	52	65	15	33	25	72	36	75	97	78	97	55	5	97	35	
88	14	73	83	23	91	18	46	35	30	72	56	88	35	65	75	35	97	40	38	52	24	52	77	19	14	75	52	89	78	59	79	18	50	34	46	42	51	49	46	23	76	89	66	6	41	13	16	41	99	
9	90	92	7	48	84	16	13	85	18	74	90	61	42	43	41	71	14	7	39	17	82	59	94	71	11	42	47	1	43	14	35	45	65	9	90	27	31	27	46	58	73	88	77	67	79	18	1	47	39	
59	99	17	72	26	51	32	2	37	89	95	29	7	8	51	21	78	90	65	34	11	40	24	9	81	25	97	32	44	72	57	34	60	72	55	77	6	87	72	63	100	55	21	35	18	47	63	78	96	27	
46	44	22	2	97	33	74	72	30	32	67	21	30	78	90	5	42	94	75	23	69	34	11	84	61	13	92	9	53	24	80	21	59	54	8	13	74	66	58	8	3	1	78	45	27	15	52	44	97	59	
6	52	86	65	22	66	56	3	16	78	21	7	66	95	5	96	14	31	34	42	92	75	10	49	15	64	41	51	68	36	50	48	63	47	70	25	53	44	5	35	27	62	3	42	12	71	88	40	80	93	
40	9	8	66	4	73	60	25	100	58	79	32	34	77	10	55	50	94	95	12	62	28	3	98	68	7	95	77	25	95	39	8	36	31	7	25	94	63	39	4	62	70	49	82	94	99	5	2	35	67	
10	14	43	87	69	48	17	43	14	38	37	10	22	65	51	85	62	47	50	95	26	1	20	86	61	39	80	8	99	89	22	52	30	47	20	11	96	2	82	58	86	83	53	73	55	29	95	61	13	82	
95	35	38	44	100	70	18	58	52	35	42	93	87	73	57	61	21	85	100	75	31	21	50	42	13	10	58	40	61	64	74	27	14	39	39	87	59	48	45	94	77	51	75	70	89	67	64	54	34	83	
40	11	63	67	64	47	61	87	48	18	26	14	28	35	49	51	37	11	87	13	83	5	27	68	39	50	72	84	92	79	5	69	25	77	10	93	9	31	51	9	35	56	49	43	26	6	98	3	87	22	
10	20	99	49	87	34	67	41	62	90	56	39	37	97	5	70	37	62	83	29	44	19	27	24	72	99	92	96	18	19	87	54	82	87	77	87	47	37	88	27	65	64	39	87	90	7	77	11	42	1	
6	77	10	100	25	71	20	42	21	9	25	10	82	69	93	98	21	82	3	5	28	69	74	99	95	32	84	32	84	49	55	100	18	13	24	75	26	20	99	49	75	2	90	76	63	52	65	2	57	97	
63	5	5	3	63	3	47	29	94	90	13	59	41	14	80	76	73	5	24	72	2	8	90	84	44	7	64	18	53	9	31	97	39	42	36	45	88	96	91	90	55	91	96	43	95	62	73	8	48	88	
6	4	100	23	68	16	75	82	65	5	45	95	8	49	54	60	31	84	89	15	90	74	59	34	13	29	45	25	96	50	50	66	55	70	50	12	87	8	30	67	93	82	61	1	74	22	36	44	95	88	
88	9	79	94	56	5	86	72	55	51	72	48	87	15	51	100	91	5	90	25	12	20	19	40	54	29	36	84	22	16	31	99	91	41	65	14	54	80	84	54	19	51	43	47	74	53	66	1	43	49	
93	81	83	87	59	1	11	48	21	8	57	38	34	38	86	90	22	50	18	25	22	83	63	100	70	93	36	37	71	56	13	2	82	42	63	2	75	9	49	89	76	67	95	11	96	2	42	46	97	69	
72	94	58	92	49	36	35	36	5	61	28	25	86	40	13	26	27	90	74	38	22	49	68	36	95	74	5	64	15	15	6	89	98	32	98	44	70	63	41	27	19	61	100	45	33	49	12	4	13	63	
8	88	13	87	85	90	25	7	43	74	40	18	35	82	33	69	92	25	51	47	11	17	25	10	39	29	7	32	76	95	12	23	75	83	40	28	35	7	62	28	87	57	37	87	42	68	74	28	34	51	
52	20	89	59	80	20	98	66	43	4	72	73	76	62	18	77	52	60	46	66	91	93	12	17	8	72	53	22	78	20	66	62	63	77	37	9	45	43	21	23	60	96	38	61	12	59	26	49	34	35	
67	49	1	100	84	34	38	34	66	67	55	43	74	25	9	77	39	24	92	70	50	42	60	50	80	37	88	84	32	5	100	69	68	38	94	83	69	64	94	50	48	82	76	88	88	34	48	44	100	61	
98	31	20	42	26	27	78	26	27	96	14	76	99	43	36	16	76	16	25	38	27	8	39	93	69	31	86	10	69	64	44	80	50	94	65	21	25	96	79	8	12	41	98	22	13	1	83	70	62	14	
5	67	71	14	45	82	20	40	88	100	95	90	17	43	42	67	10	49	7	46	2	13	81	55	53	27	55	52	37	86	76	27	61	35	40	86	47	78	73	70	64	77	81	37	82	12	77	97	78	77	
5	76	35	23	34	66	93	4	74	68	50	53	49	49	37	6	36	55	93	64	29	67	25	42	17	85	25	53	62	71	87	29	34	100	39	73	24	86	79	92	47	86	91	62	18	9	72	18	38	69	
3	76	48	64	28	21	23	76	52	30	18	13	49	8	92	47	42	46	66	20	16	54	89	6	52	3	31	77	4	86	13	88	65	98	46	86	78	68	53	20	90	12	67	87	73	92	60	60	45	80	
30	59	56	83	45	94	43	71	42	62	62	3	6	86	41	69	99	43	22	62	94	87	83	68	45	98	63	37	3	94	17	63	46	87	94	97	93	77	96	60	12	11	73	37	49	52	60	77	40	37	
54	10	66	13	100	67	91	86	16	74	65	21	99	35	99	74	71	41	43	50	64	67	11	12	58	34	55	89	24	64	58	59	14	46	22	99	27	84	54	33	28	13	78	24	2	87	35	79	75	86	
41	68	17	89	18	89	35	14	19	13	2	20	2	88	86	27	46	8	70	91	91	60	88	37	53	4	7	62	55	51	38	29	62	53	49	27	18	9	15	76	19	55	37	91	79	92	100	42	57	68	
59	63	67	27	80	9	85	72	65	55	20	29	37	96	16	90	72	82	3	75	6	95	18	59	40	71	52	28	30	1	6	72	40	78	53	31	86	66	53	56	99	12	48	40	94	37	45	27	19	56	
76	30	10	22	60	85	92	7	44	45	97	46	76	75	82	15	30	10	79	23	16	96	99	30	14	99	78	29	26	79	44	53	44	56	26	85	72	6	46	97	34	76	66	40	83	97	74	53	85	41	
32	71	19	48	28	59	52	12	2	77	64	22	20	80	26	74	47	89	63	9	25	92	59	47	50	78	78	24	24	74	15	40	9	79	87	79	20	99	53	72	24	12	2	98	41	43	44	45	61	14	
26	94	21	93	14	72	3	77	43	3	61	60	21	61	73	90	30	74	76	2	67	65	49	90	12	11	22	53	33	68	54	19	38	76	97	54	53	52	27	83	92	47	35	98	17	99	79	25	40	30	
71	74	100	60	26	96	2	33	97	18	31	82	4	37	55	86	87	78	87	81	71	69	73	32	15	73	20	86	81	82	92	58	48	68	17	21	49	39	10	94	21	53	87	63	85	79	20	66	94	23	
84	40	24	32	67	98	92	73	59	93	25	35	42	83	20	93	41	97	58	57	9	95	69	69	57	28	68	33	57	74	93	95	71	97	26	99	87	51	76	87	66	33	54	33	32	44	73	6	52	28	
39	13	3	95	37	82	4	33	18	62	71	80	28	55	31	12	59	20	79	59	98	7	86	55	6	6	84	95	60	18	89	43	21	97	29	21	41	10	99	73	96	7	53	71	14	12	8	34	51	74	
23	54	8	25	68	49	14	55	5	3	6	90	47	60	82	26	59	63	17	70	23	80	57	84	76	45	35	31	1	100	76	66	31	34	79	35	70	42	7	62	83	50	7	37	80	84	41	42	96	74	
21	82	61	29	53	88	93	17	48	24	68	35	52	28	46	58	1	33	59	2	8	83	90	32	27	21	100	12	66	17	75	72	30	68	9	30	30	88	44	14	76	58	25	55	43	17	47	53	87	17	
8	35	37	52	81	58	4	61	76	29	67	45	66	39	41	52	70	34	30	31	49	77	18	49	44	65	60	18	43	7	69	84	98	86	8	78	92	51	42	24	37	8	3	49	70	21	72	56	53	32	
90	40	12	63	38	67	57	58	56	42	79	73	99	35	20	41	32	48	44	50	19	30	66	13	76	80	21	28	61	8	78	53	43	15	19	42	73	31	53	16	32	27	29	68	51	73	70	22	12	26	
39	7	80	48	6	96	32	13	88	34	65	36	70	63	17	33	40	96	31	13	79	11	33	36	3	73	17	1	54	93	50	50	64	87	44	4	59	97	66	51	70	77	62	68	64	72	33	46	27	25	
88	38	39	4	50	62	42	33	12	23	83	54	41	37	87	70	97	69	83	47	15	22	100	60	53	35	1	24	12	83	14	39	92	79	96	44	19	21	20	58	68	47	80	46	76	80	58	51	97	71	
94	65	64	82	43	49	54	70	30	5	66	52	19	66	60	64	71	71	20	56	45	22	40	80	72	50	42	48	13	37	71	86	67	60	40	14	100	75	6	8	9	40	5	34	43	45	81	70	40	11	
81	40	56	61	3	33	95	84	20	87	68	50	19	44	33	28	19	26	100	30	69	82	3	91	33	88	69	30	14	27	41	82	74	68	27	76	51	17	94	6	88	19	23	28	9	24	82	57	20	54	
8	75	22	31	85	61	50	51	64	91	86	17	66	90	15	64	62	34	100	44	20	13	18	44	60	19	80	60	62	21	8	60	21	32	65	94	37	92	50	35	76	8	98	72	68	30	67	79	1	64	
84	30	34	41	77	36	45	89	40	33	78	85	93	31	69	87	20	9	45	64	23	28	36	78	18	77	55	85	39	89	15	60	59	89	3	66	27	49	26	16	70	81	94	3	30	84	15	91	26	20	
8	97	57	96	61	13	86	67	95	29	83	98	7	79	2	40	1	100	29	11	33	92	20	89	30	17	21	59	54	58	46	69	29	49	30	80	46	35	12	30	12	25	97	35	15	43	9	2	13	98	
34	26	82	24	8	95	65	60	11	25	13	68	60	2	20	19	20	100	73	85	77	5	90	23	26	57	7	37	96	95	29	51	93	78	68	32	27	90	36	52	92	77	56	63	70	64	1	42	98	51	
3	14	30	83	69	64	59	46	88	13	1	42	48	92	48	24	71	52	36	14	38	2	1	35	74	51	99	5	100	95	31	4	84	89	94	6	47	77	30	13	91	84	80	66	76	90	40	99	52	31	
67	62	22	10	19	48	95	2	89	72	52	94	81	7	44	91	58	67	81	80	18	94	86	27	12	94	28	54	3	14	58	33	22	77	99	64	75	90	78	51	2	19	100	90	6	86	94	15	86	12	
84	81	50	50	72	85	93	51	27	35	67	59	16	34	71	55	37	40	40	62	17	98	22	97	97	79	58	40	28	70	8	38	28	78	94	73	84	64	43	66	1	18	59	97	37	26	57	44	61	5	
33	91	35	5	52	60	99	92	85	50	24	78	27	93	44	54	67	76	88	34	100	70	89	31	98	70	14	13	93	43	56	15	17	32	90	100	15	66	76	100	30	68	41	77	16	77	18	85	30	3	
84	30	22	94	38	39	1	95	23	14	60	3	61	12	1	65	75	74	56	70	100	13	34	27	23	17	16	42	95	35	90	22	3	49	89	71	99	48	79	67	23	63	13	27	77	31	39	98	11	82	
40	32	54	81	28	33	94	64	42	91	79	57	96	30	11	55	100	36	34	100	38	56	58	6	73	68	60	94	30	64	56	45	49	12	28	91	44	71	63	97	76	78	31	92	48	47	6	73	75	25	
13	79	81	10	50	5	36	31	26	12	18	23	99	45	91	73	21	73	5	1	21	9	73	10	69	72	86	24	18	94	54	77	12	8	5	54	8	36	64	74	46	86	93	63	61	29	89	78	38	91	
31	61	43	8	56	45	70	15	98	34	10	73	98	30	16	46	3	87	23	86	92	6	52	5	92	97	98	10	89	92	93	52	38	65	84	14	21	91	68	33	18	80	79	29	87	26	18	94	63	87	
67	61	24	85	31	48	93	65	97	64	57	83	7	100	36	3	85	64	31	11	55	21	23	89	54	43	22	6	17	91	67	8	96	77	36	25	29	83	23	34	78	29	80	18	10	19	31	42	68	7	
21	15	82	69	37	18	96	64	24	17	23	15	94	79	49	65	72	89	51	66	53	96	96	10	63	68	38	31	25	25	38	6	97	69	55	52	28	47	1	100	36	2	50	84	19	8	48	72	48	90	
58	43	100	71	35	75	34	4	36	99	14	73	83	39	35	88	41	35	11	84	95	29	18	9	23	54	10	78	98	57	49	97	69	48	25	7	15	55	40	98	58	23	89	83	74	98	80	39	62	72	
46	64	39	88	54	88	74	20	32	48	85	94	33	25	62	7	36	75	88	47	47	26	63	43	38	27	65	88	49	41	1	8	36	48	27	80	46	88	41	17	44	57	79	71	24	46	72	31	84	75	
38	10	45	64	19	38	43	55	91	29	28	64	95	75	32	23	84	73	17	61	72	18	3	15	34	89	21	80	91	24	67	32	82	69	40	89	4	27	83	95	73	56	74	31	43	94	29	4	68	98	
10	61	22	36	57	14	84	64	89	100	71	75	29	100	70	11	61	81	1	65	30	48	13	15	15	13	98	76	68	32	72	50	88	43	53	23	54	19	49	27	67	30	20	65	57	58	86	90	58	21	
1	51	52	94	95	70	47	38	73	20	35	74	20	88	35	64	37	69	33	73	31	20	61	46	4	64	86	11	45	21	98	91	4	18	13	89	87	96	39	80	38	16	61	24	68	35	56	82	52	3	
32	96	12	4	51	74	47	29	94	91	96	85	72	74	17	41	73	66	39	83	28	68	21	40	23	3	8	80	75	56	84	96	82	83	60	49	83	95	33	8	6	58	20	26	88	57	57	33	86	34	
86	35	24	82	9	61	43	57	61	72	37	47	27	55	10	6	24	41	77	39	99	38	91	96	32	52	77	27	45	47	100	79	43	72	5	53	44	34	87	60	83	29	6	20	84	26	38	16	38	82	
22	86	44	44	64	17	77	37	89	72	12	75	62	62	8	24	19	64	28	4	69	12	63	29	69	38	62	96	85	36	17	85	77	72	23	39	85	60	37	16	94	82	98	47	12	24	65	38	87	49	
21	5	46	41	21	16	30	67	82	89	62	70	58	79	71	81	50	29	59	91	24	91	84	49	48	32	84	78	76	75	98	95	40	60	22	99	13	98	17	74	67	71	78	97	43	7	5	50	95	6	
39	99	83	26	69	68	16	39	11	18	91	10	12	38	60	82	44	66	25	46	74	30	50	44	37	71	35	24	47	68	88	51	19	4	93	50	81	31	66	16	17	12	39	30	60	67	13	71	7	48	
75	97	69	4	74	50	37	24	82	1	40	73	15	35	40	51	64	56	72	37	66	50	26	5	32	39	41	24	90	18	50	80	18	50	89	69	85	71	73	64	12	24	93	58	20	18	91	10	40	1	
13	83	94	66	53	18	68	54	27	100	39	2	57	20	38	70	41	98	42	27	35	78	38	90	88	65	6	49	3	80	99	5	98	68	36	30	10	50	24	4	59	40	67	93	59	54	54	83	53	68	
9	78	6	25	55	13	76	89	32	66	53	85	49	54	39	94	86	46	6	75	62	34	49	38	38	46	29	95	15	83	72	54	57	22	68	44	41	20	79	75	18	96	64	75	33	97	69	63	43	56	
43	45	26	5	79	41	72	10	88	82	7	26	67	36	66	97	95	51	56	51	89	23	37	55	4	29	27	47	42	81	17	43	18	89	44	88	100	49	51	19	2	82	45	31	27	93	25	79	58	35	
45	61	68	80	25	48	86	50	37	82	31	52	26	27	26	9	25	70	36	9	12	98	83	86	78	83	59	8	30	85	24	65	32	19	49	48	73	70	69	70	6	41	29	84	93	70	56	88	62	53	
78	26	49	61	85	13	90	30	93	63	83	68	53	85	28	9	35	79	28	4	57	45	6	32	52	86	50	70	90	83	30	52	91	50	15	11	12	9	95	85	79	43	95	23	3	17	24	27	99	77	
99	21	99	58	43	24	34	68	39	66	9	28	88	96	7	88	23	40	9	46	41	24	87	34	87	82	25	56	95	85	84	97	51	84	90	22	58	49	30	43	6	35	87	34	78	28	31	95	40	28	
69	23	8	88	6	24	85	18	67	78	99	8	5	46	5	43	69	71	21	5	16	25	8	94	93	88	22	5	36	80	92	46	30	65	10	81	46	4	23	42	71	33	76	36	46	84	43	38	22	71	
39	55	85	28	8	98	95	54	27	100	67	100	65	52	74	23	93	71	40	63	44	3	75	49	49	21	62	19	2	96	80	10	47	23	56	69	79	42	51	72	85	96	39	69	100	95	29	75	36	93	
37	94	99	91	13	28	24	32	76	14	78	37	17	6	18	99	63	67	98	60	18	60	65	95	36	47	97	13	69	28	51	41	8	92	45	34	12	51	90	50	85	82	26	66	56	1	54	38	63	41	
53	23	47	11	25	8	14	49	14	30	14	11	82	78	47	51	48	100	98	75	18	70	54	87	57	79	63	66	91	57	33	14	39	45	85	95	2	65	98	40	67	63	26	84	8	28	64	71	83	94	
89	33	64	2	18	47	40	61	48	96	98	38	70	7	59	76	72	58	16	6	84	39	28	17	15	30	37	79	91	48	31	62	99	36	64	70	84	30	3	87	71	14	77	27	92	47	23	6	48	25	
72	88	39	13	30	83	37	62	15	86	82	84	81	89	38	70	38	11	28	54	31	18	32	71	63	34	36	58	49	64	43	94	56	80	100	83	60	46	90	15	16	65	9	80	30	98	12	97	89	78	
97	90	67	8	80	41	22	33	60	68	63	17	87	43	37	66	72	20	67	76	21	56	48	97	66	41	84	51	21	58	3	36	7	62	11	96	7	27	54	62	43	8	100	74	1	23	67	45	33	49	
54	34	20	73	55	27	65	70	55	50	61	68	49	65	47	44	22	14	52	59	94	24	83	7	1	80	4	65	81	27	32	43	84	70	23	86	9	65	42	75	64	37	22	21	77	60	74	61	17	81	
99	92	6	85	100	98	16	20	10	74	97	39	84	30	78	22	12	38	19	84	49	64	40	90	91	86	22	28	15	91	69	4	76	8	89	74	32	16	2	19	28	34	16	22	80	88	12	19	12	99	
24	21	61	47	18	29	50	8	100	92	70	63	11	82	58	16	74	88	39	95	24	40	63	3	20	29	76	47	24	77	96	66	97	79	74	34	43	12	75	11	13	87	6	56	32	100	64	51	26	83	
2	72	55	86	13	17	76	28	3	87	6	3	81	63	43	21	2	40	66	34	40	92	41	65	63	4	80	35	60	76	42	84	19	87	76	98	75	88	33	3	58	41	11	90	30	41	1	79	80	77	
48	34	11	29	50	89	49	89	60	50	55	78	51	75	13	80	76	57	37	6	23	49	11	94	48	24	50	75	43	45	65	63	55	84	52	72	89	37	45	48	35	99	4	74	16	9	23	92	50	81	
86	35	60	77	3	82	83	77	95	70	71	77	32	15	64	1	21	50	89	3	100	65	27	25	9	3	33	99	12	66	4	31	3	17	41	11	42	92	43	12	63	54	24	98	78	52	57	36	70	70	
63	93	35	81	15	60	16	35	30	24	59	48	50	3	64	72	47	90	9	64	8	80	97	86	70	92	18	94	25	83	51	12	7	27	39	84	34	24	17	65	67	28	68	85	6	35	40	94	41	66	
56	87	21	21	88	46	13	10	91	65	67	72	5	35	3	41	73	16	80	27	47	13	40	17	60	23	2	2	99	55	69	6	2	5	79	65	69	46	87	66	54	87	90	74	73	74	11	82	70	71	
5	69	89	27	73	62	78	13	71	20	1	3	59	92	39	10	38	30	20	22	61	38	83	86	8	98	90	40	76	13	29	91	19	37	71	82	28	99	84	6	59	41	6	63	23	17	29	48	14	23	
67	35	35	67	78	89	43	94	86	22	27	12	23	75	89	8	65	78	96	26	62	55	15	60	65	36	55	91	4	17	76	41	79	75	44	60	56	25	26	47	86	84	75	70	94	68	42	48	90	44	
2	6	15	13	98	9	27	1	32	36	65	63	56	70	72	58	53	88	55	23	93	86	11	68	12	90	54	71	61	13	7	33	5	67	66	38	77	57	35	11	14	90	85	89	40	85	7	26	63	84	
34	16	91	76	77	91	15	93	86	34	88	46	27	26	95	1	60	85	24	17	27	98	44	3	7	44	74	49	90	49	5	47	74	36	73	21	96	47	44	12	42	60	21	81	3	31	96	61	60	15	
22	37	39	69	47	41	45	32	61	14	74	21	44	38	72	18	1	66	73	7	39	92	47	2	17	41	34	80	63	69	52	87	62	6	98	9	31	83	81	7	62	24	54	66	78	86	49	99	43	93	
12	19	27	97	93	66	92	37	65	34	87	7	40	64	41	50	31	78	89	23	69	77	95	8	74	30	38	79	45	16	77	25	9	7	13	1	45	9	17	68	85	81	90	23	50	9	66	37	56	13	
93	66	33	99	36	88	20	91	87	73	21	9	86	21	56	72	90	93	36	40	24	26	31	34	25	28	27	88	49	72	89	29	1	36	68	81	21	71	26	48	21	87	56	19	65	84	43	90	29	77	
72	18	1	87	82	32	81	98	37	67	13	99	40	15	52	67	39	86	41	56	69	32	70	2	53	88	12	50	52	15	88	70	27	55	93	21	64	42	79	74	65	15	86	3	17	40	68	8	80	25	
47	31	74	95	95	67	31	61	36	100	61	77	4	4	46	15	4	84	49	58	70	58	20	2	6	6	18	45	55	24	97	63	45	71	8	21	91	90	34	82	53	49	45	84	99	24	45	13	97	21	
53	99	43	18	27	99	17	69	43	52	1	92	65	15	2	42	87	17	85	49	23	1	88	55	73	19	79	91	10	14	90	67	37	11	14	87	33	79	73	94	81	57	76	4	30	48	41	98	69	17	
38	81	79	64	70	13	9	41	29	77	96	37	61	47	9	68	37	61	7	17	33	21	20	34	35	64	9	81	43	82	59	83	42	89	7	24	40	57	13	87	21	71	30	52	45	73	21	68	96	99	
35	89	66	29	43	32	13	95	88	85	48	28	8	3	24	41	28	31	46	61	40	71	6	74	8	79	34	47	70	38	7	26	25	73	48	35	27	77	30	28	24	81	51	57	10	90	43	68	86	39	
41	37	41	81	21	2	99	90	80	61	1	30	22	29	7	47	63	97	46	72	88	12	44	43	8	79	6	85	90	64	44	3	89	37	61	85	84	86	38	12	91	94	100	24	22	62	29	93	2	11	
68	97	73	9	46	96	30	94	83	56	89	90	87	80	60	52	41	24	97	69	35	18	34	16	2	24	24	39	59	94	66	12	57	8	51	96	97	15	90	91	71	97	97	68	18	28	34	11	18	18	
43	9	66	36	32	85	86	63	77	43	87	32	61	75	71	38	73	61	36	30	13	47	47	27	5	86	61	7	96	83	23	64	90	79	80	46	68	49	76	100	61	16	23	95	3	12	65	95	72	10	
70	20	86	30	33	96	35	95	62	77	39	77	84	32	87	65	96	77	81	43	41	21	91	69	96	68	15	77	88	66	65	61	80	17	54	95	97	74	43	11	86	3	68	39	22	74	67	67	2	12	
69	94	96	37	15	72	57	40	28	61	87	12	51	46	13	2	17	88	50	64	17	14	18	48	89	55	56	13	45	99	57	85	87	15	2	86	11	63	77	3	79	94	100	73	11	11	89	11	34	43	
50	92	78	47	63	79	23	51	98	53	19	90	93	80	49	11	64	34	92	42	46	46	16	46	63	64	11	16	99	29	24	82	2	11	82	17	49	62	93	90	57	71	71	82	7	34	25	75	33	72	
4	75	74	65	93	25	8	77	96	37	1	94	60	18	53	1	13	97	20	68	33	75	35	24	64	32	70	35	45	87	5	18	26	89	95	53	72	80	60	81	99	62	26	95	76	52	97	68	93	23	
44	66	83	49	32	42	44	11	23	24	95	19	21	18	67	79	60	8	22	98	42	20	30	93	75	73	61	74	73	46	73	93	7	29	94	94	43	35	42	2	77	91	19	30	68	41	73	100	40	26	
22	3	69	16	88	48	19	19	66	64	65	94	38	73	18	31	20	29	56	87	69	5	12	80	21	69	79	87	19	73	28	9	57	61	54	68	49	56	99	77	95	91	4	97	8	90	2	48	27	15	
56	60	21	33	80	85	59	75	30	80	15	85	37	56	20	77	5	50	76	63	26	43	12	11	64	70	33	36	10	55	87	49	23	92	75	12	3	52	52	75	45	70	5	83	100	72	12	92	24	13	
13	28	83	64	40	72	66	50	96	68	7	32	79	69	34	98	92	83	72	79	75	84	91	36	61	81	70	59	42	89	10	86	87	23	21	38	58	9	75	4	14	5	84	59	93	52	58	68	16	2	
51	15	63	8	81	80	94	57	21	24	28	90	55	74	8	35	64	15	4	46	2	25	37	33	49	18	22	14	62	71	72	37	71	61	6	40	75	34	43	51	48	74	93	54	49	56	68	67	3	96	
73	98	4	30	46	98	31	90	71	9	7	50	71	71	36	69	54	65	76	56	82	69	63	19	69	82	75	91	43	32	3	35	17	67	82	67	57	14	79	62	51	31	50	27	3	2	19	43	13	54	
34	28	17	81	2	68	98	10	12	13	92	59	96	36	48	45	83	5	17	57	63	20	81	13	42	100	44	41	63	39	49	70	42	61	88	19	20	34	27	17	37	32	55	93	86	56	34	13	100	46	
7	68	74	51	88	28	32	41	52	13	83	63	83	61	42	92	67	81	92	31	11	20	18	37	57	91	47	2	3	42	69	12	41	51	22	45	7	85	61	2	65	57	62	74	97	69	18	85	58	30	
13	73	15	73	20	90	4	23	24	34	38	89	74	57	64	75	37	93	79	35	67	11	9	27	56	83	29	21	100	30	99	90	100	78	10	71	5	32	87	75	31	63	80	4	43	58	56	72	70	88	
57	68	85	69	88	90	89	50	74	36	64	42	60	52	88	64	75	49	28	80	76	48	54	50	32	23	50	21	29	40	93	23	97	12	41	59	92	28	56	90	86	20	33	66	45	69	35	51	97	78	
40	28	28	53	47	11	49	73	12	77	26	38	97	95	65	33	61	36	92	36	22	66	78	68	71	71	90	59	16	60	71	71	88	46	80	20	37	11	48	69	95	83	27	93	95	100	36	38	64	34	
43	24	24	97	18	66	91	53	64	3	29	14	100	78	14	80	54	89	18	67	2	15	7	25	40	93	19	37	91	73	63	63	81	16	68	48	34	87	50	36	68	49	92	38	94	89	54	54	53	17	
59	47	42	6	4	13	9	90	20	8	19	21	69	10	27	50	29	41	11	95	50	67	37	6	41	58	71	34	42	67	63	72	94	72	57	23	85	86	10	3	73	13	17	8	86	37	84	77	56	45	
92	42	39	25	38	48	36	2	58	80	5	96	54	40	31	15	95	37	95	6	52	11	70	56	92	94	16	84	38	63	63	84	78	68	10	10	72	13	54	99	88	35	67	94	78	18	47	97	59	11	
27	67	76	62	24	42	54	82	54	68	56	89	40	32	26	4	1	53	71	3	94	79	4	45	45	90	69	18	89	95	12	92	14	83	57	62	71	79	26	12	91	81	91	48	44	15	54	69	96	8	
1	86	76	77	54	94	53	91	46	66	76	35	74	21	39	1	2	87	63	73	35	65	13	93	76	48	2	9	36	71	24	58	61	90	37	24	96	8	100	78	9	2	96	95	24	24	29	89	50	73	
75	35	17	59	3	49	29	12	13	45	3	8	58	12	82	11	39	57	96	49	91	11	42	80	6	4	96	19	55	45	75	22	2	77	18	51	36	71	48	75	46	1	46	66	20	5	28	8	61	13	
26	21	26	26	9	70	36	44	86	12	34	94	82	99	59	10	88	40	86	60	17	89	39	11	12	21	73	99	96	1	3	31	67	64	98	35	62	52	85	48	45	98	29	84	9	35	82	50	88	61	
20	90	1	16	1	58	6	37	27	82	16	80	86	51	8	59	100	27	30	23	22	100	81	60	48	92	29	21	26	13	85	88	100	13	48	37	13	77	91	67	39	70	51	92	50	14	45	25	15	68	
29	94	87	36	62	73	43	23	44	17	67	16	54	37	86	59	90	43	24	55	89	55	9	4	96	55	57	64	82	22	25	98	57	90	89	43	12	97	14	6	92	44	1	77	78	60	30	32	39	41	
54	30	79	32	83	52	79	46	89	45	32	48	7	38	93	48	10	61	16	85	5	96	42	88	45	19	48	50	82	15	93	51	93	91	97	19	53	10	62	8	46	6	14	38	31	81	100	22	99	80	
12	76	4	78	97	99	37	63	64	37	86	65	30	8	3	81	37	25	55	97	39	49	52	92	56	69	64	100	24	77	78	42	100	1	45	61	92	90	33	32	32	93	81	18	14	61	14	92	52	50	
71	62	35	38	48	54	93	55	70	43	95	96	38	41	36	77	9	81	95	40	10	53	65	27	2	85	90	72	29	69	52	82	29	80	11	12	97	44	69	52	4	35	23	72	40	23	33	12	20	100	
7	90	68	53	87	87	79	55	84	19	18	8	6	98	2	52	59	69	83	13	35	51	21	76	2	15	17	83	64	2	49	9	62	48	23	59	27	62	38	91	9	92	23	56	37	63	7	4	4	73	
8	17	49	85	68	46	10	48	70	72	58	34	12	21	27	83	15	2	24	77	99	35	56	96	58	12	31	33	8	91	3	51	97	10	80	25	87	98	7	7	72	88	3	82	69	81	100	29	2	13	
22	98	78	6	4	51	4	29	29	52	14	94	49	93	93	51	100	82	20	63	35	43	66	83	43	9	27	57	14	85	64	26	75	30	87	96	10	89	15	6	29	54	78	20	64	56	61	98	92	4	
98	49	20	22	65	60	83	69	37	45	35	13	99	76	45	17	32	77	16	57	13	100	88	60	99	2	4	59	85	12	47	80	51	41	71	24	52	74	82	3	97	66	58	39	29	98	1	42	16	97	
49	17	93	15	22	83	23	2	60	85	70	55	63	37	5	98	77	40	82	32	59	43	48	69	16	55	92	31	18	27	36	80	14	44	19	7	3	23	39	6	52	82	41	90	45	43	79	59	14	78	
78	90	92	7	78	29	72	14	49	13	84	32	83	25	2	28	24	87	61	68	82	26	36	61	45	84	7	1	88	37	38	61	34	59	14	7	20	49	22	36	81	87	88	58	47	11	87	71	13	13	
85	99	33	5	99	99	46	2	70	58	44	22	89	23	15	99	17	38	52	55	94	2	88	95	33	45	11	91	25	92	61	98	21	81	17	7	62	34	31	13	64	97	51	82	89	13	57	22	52	90	
97	5	52	61	93	80	26	70	52	95	54	21	13	5	72	74	6	26	78	71	7	87	26	40	11	60	43	96	64	94	25	37	25	77	89	22	37	88	84	50	46	30	96	5	85	48	100	21	17	83	
34	78	100	95	100	49	20	76	40	48	13	29	4	46	49	82	33	60	82	68	29	42	60	79	55	3	62	95	25	58	10	22	47	86	57	11	40	26	71	26	49	63	48	95	10	70	29	53	44	15	
9	67	93	41	60	3	19	88	1	62	24	8	93	18	70	91	46	9	5	10	51	85	26	45	87	9	26	54	69	51	15	89	22	35	17	82	5	37	58	49	27	20	32	86	19	68	87	54	55	64	
64	79	41	2	5	13	16	44	89	29	20	64	73	50	44	26	46	38	51	96	24	87	39	90	42	92	85	1	16	99	91	56	93	53	21	2	8	3	92	20	98	17	77	6	76	28	17	92	37	22	
48	68	54	19	1	44	4	18	34	67	6	13	83	63	77	89	62	90	35	62	41	11	7	29	81	19	15	19	6	88	51	86	41	19	65	74	53	6	28	45	54	46	41	49	80	66	6	81	33	45	
71	52	62	42	28	65	17	69	16	83	93	71	60	19	72	94	59	96	1	52	79	40	80	43	36	24	50	47	80	66	99	22	85	49	23	89	31	13	17	50	34	42	84	100	42	53	77	10	21	44	
24	11	81	63	89	92	41	17	83	91	7	19	17	54	26	43	60	81	44	51	57	84	60	83	2	33	84	55	88	64	16	89	69	59	18	61	6	50	35	73	88	82	2	51	43	51	29	39	84	97	
54	46	60	16	17	59	93	33	78	34	32	28	96	17	56	29	27	70	2	3	34	1	96	9	88	17	25	98	9	54	72	68	3	54	92	21	61	85	21	62	28	37	30	51	91	30	74	1	8	16	
90	63	85	73	56	59	95	6	10	57	65	21	74	78	95	20	67	98	79	40	72	84	43	50	2	59	19	41	80	10	15	14	31	68	67	25	40	24	62	51	37	67	79	86	9	61	87	78	41	75	
94	69	52	66	41	97	58	54	76	79	6	41	62	66	30	83	93	59	38	93	37	20	41	45	16	11	67	2	97	51	19	5	58	78	86	75	46	43	9	14	45	86	51	30	19	66	38	1	9	39	
60	62	72	22	54	80	22	68	7	39	99	51	48	68	60	39	21	81	92	91	57	96	88	19	85	65	16	95	52	38	92	94	40	25	30	5	2	44	29	47	60	61	28	80	22	70	18	89	23	53	
20	83	1	30	52	48	49	87	40	24	13	41	54	17	28	79	81	55	7	79	49	51	27	9	73	28	81	44	85	27	80	65	79	2	36	25	68	58	53	87	33	14	7	79	38	64	96	20	2	99	
84	8	79	95	79	75	82	74	9	49	47	17	99	90	25	66	50	66	46	48	78	8	100	12	66	51	22	57	38	50	79	2	47	30	95	12	56	2	62	87	35	73	21	87	7	3	23	36	29	15	
82	31	76	44	100	57	69	82	15	81	65	69	6	67	3	18	61	45	71	86	76	24	36	26	59	30	52	82	44	10	53	9	55	33	68	41	51	76	37	22	59	85	11	80	83	38	55	25	21	54	
5	75	48	32	30	50	43	1	3	4	70	26	97	64	24	95	47	98	28	85	39	49	29	82	29	87	19	96	100	78	1	11	10	65	55	46	83	9	92	21	47	51	87	60	32	70	33	72	75	63	
65	89	88	66	34	48	92	97	32	63	32	82	11	4	10	7	36	92	8	96	53	73	94	3	91	28	25	95	9	34	85	37	54	82	43	5	13	27	96	15	45	99	40	18	45	33	96	4	86	82	
59	30	10	7	73	43	86	85	35	84	60	63	79	72	44	48	7	23	41	22	54	52	91	3	8	43	77	14	32	7	58	20	39	56	77	34	34	58	83	24	21	57	78	56	31	72	42	60	30	4	
25	4	100	18	10	14	15	92	67	76	51	22	63	98	94	46	2	32	45	32	2	79	33	12	39	25	84	94	11	77	6	57	2	5	90	26	50	9	36	75	54	62	58	4	69	96	17	100	65	40	
98	54	68	22	20	23	100	96	53	43	76	52	76	20	45	24	98	88	67	5	41	80	64	30	25	62	3	85	45	41	80	63	2	13	17	63	24	41	1	6	21	78	17	23	24	57	60	21	21	20	
24	57	94	70	2	50	98	55	50	23	62	23	94	69	89	100	92	53	83	92	65	10	43	9	71	19	81	56	83	24	75	38	94	60	57	86	59	8	91	94	51	60	94	23	85	93	8	8	42	80	
30	80	98	76	44	99	34	58	23	36	85	20	94	62	54	47	86	44	7	4	89	42	6	31	16	46	65	29	33	30	25	74	94	86	90	84	19	61	61	46	70	38	70	65	37	11	93	92	31	40	
1	52	48	11	74	63	47	24	79	40	53	64	9	100	98	66	11	31	34	58	64	79	91	33	73	76	79	6	5	6	40	41	79	78	93	69	69	72	50	14	4	49	82	5	66	67	63	54	17	26	
24	9	11	43	95	18	63	35	18	71	93	39	54	96	62	25	20	32	65	62	35	1	50	47	51	52	77	18	1	59	44	92	95	79	30	10	40	14	42	87	71	29	67	82	10	27	54	48	95	69	
94	26	57	96	61	85	13	7	34	39	23	69	13	68	24	90	6	45	29	71	45	44	76	8	45	65	40	35	41	18	55	100	44	47	15	38	13	82	41	70	31	52	35	46	26	5	57	13	82	98	
9	66	39	79	91	35	54	54	73	95	92	17	7	97	62	96	56	89	14	17	29	46	76	22	36	30	68	69	12	69	59	12	74	100	23	29	95	40	28	57	32	60	59	45	28	84	53	35	69	42	
6	37	88	40	80	48	22	38	10	41	76	33	95	16	61	3	32	99	85	52	8	20	34	60	78	12	65	35	78	12	92	12	63	51	55	58	64	73	85	61	1	14	6	31	6	29	54	31	30	53	
81	5	44	28	94	2	66	46	36	77	60	67	4	45	93	31	82	7	57	75	10	69	77	96	31	40	67	60	82	65	16	22	23	33	93	7	21	66	23	86	30	89	74	27	32	11	35	16	44	99	
94	73	80	8	53	10	49	89	10	7	20	14	22	1	70	70	21	18	19	14	34	86	4	99	58	9	50	7	61	7	35	45	21	26	71	1	29	92	28	59	25	55	86	15	12	48	1	55	99	65	
87	80	63	14	88	90	6	19	73	56	79	69	72	57	88	31	56	47	89	91	7	82	58	79	47	28	83	85	17	25	10	89	21	77	61	54	80	93	67	53	64	8	26	31	89	49	55	22	2	20	
98	73	95	40	16	46	12	43	64	100	39	22	42	71	11	93	58	1	51	93	53	94	31	41	73	89	41	38	91	77	72	74	3	16	73	70	61	8	36	73	19	42	7	86	91	29	42	95	70	65	
39	27	29	15	28	58	25	98	6	41	70	7	25	37	36	11	90	57	16	7	20	62	42	27	83	61	62	24	96	24	93	72	54	81	22	79	53	88	17	82	79	78	76	68	14	14	11	67	65	41	
57	76	11	76	62	34	48	93	66	52	48	98	9	60	78	95	13	37	49	89	21	25	77	69	99	51	88	87	24	3	90	11	24	36	100	11	41	5	4	27	23	50	70	13	79	81	60	60	43	28	
5	42	38	78	37	36	38	87	91	15	54	54	25	9	8	95	24	88	71	47	73	11	62	95	29	40	50	2	22	17	11	84	57	58	4	54	16	4	100	47	62	32	64	68	2	27	64	54	64	55	
80	31	97	96	17	1	87	27	51	4	54	60	72	21	84	72	87	33	92	97	99	41	37	50	99	9	21	10	1	100	49	86	27	92	40	32	31	22	2	1	93	81	19	35	42	48	10	48	87	55	
62	42	58	16	46	56	87	54	55	54	87	10	50	82	5	29	83	72	57	52	26	60	70	43	48	38	91	60	7	74	39	27	46	68	6	61	13	17	38	93	45	6	47	50	87	70	38	6	32	70	
52	21	7	85	59	13	43	18	49	45	89	67	9	19	80	6	81	1	60	72	46	30	4	66	66	75	21	6	85	50	8	83	84	3	89	28	21	27	77	74	4	76	18	68	96	65	25	86	29	4	
2	40	87	87	14	86	84	31	62	68	36	52	56	67	28	6	11	22	98	37	93	60	1	17	100	47	32	64	59	42	4	73	52	14	21	94	29	66	1	49	64	66	15	67	41	82	64	80	6	73	
15	7	3	76	43	21	87	100	84	79	82	9	66	53	15	67	89	100	72	61	74	52	26	32	78	15	47	88	85	13	4	67	80	17	92	79	91	29	76	47	47	34	13	22	85	25	94	45	16	66	
36	76	17	52	92	26	15	79	80	47	87	34	29	63	86	60	13	74	63	74	8	39	53	22	93	21	37	13	86	71	10	66	85	68	3	49	53	37	47	7	63	22	76	8	2	99	6	44	90	19	
37	74	72	49	66	96	82	43	8	78	84	48	61	91	54	47	63	33	44	76	30	11	43	80	67	41	37	89	96	89	17	24	46	39	100	81	81	76	60	31	89	18	75	52	41	44	46	71	84	82	
45	84	50	65	86	87	80	77	46	23	97	32	59	50	82	68	71	61	27	43	29	27	82	74	44	36	8	42	38	54	14	64	81	29	29	11	77	11	45	1	34	68	30	21	51	8	96	46	7	45	
67	46	11	75	94	24	67	31	100	17	73	57	54	36	25	2	19	51	24	22	98	34	2	68	2	21	99	63	95	51	78	15	95	94	45	20	41	85	20	44	38	14	68	97	68	43	92	23	8	53	
53	92	85	39	47	43	99	9	78	31	44	47	97	78	39	62	96	10	47	13	71	58	28	93	8	38	75	21	45	40	12	50	11	93	59	17	61	89	93	76	34	79	68	90	25	69	59	90	44	94	
43	4	85	33	55	28	49	100	52	93	89	24	85	37	66	100	79	8	31	80	37	28	83	25	47	22	66	50	47	80	93	22	70	92	22	6	91	6	18	51	34	72	79	75	11	75	5	90	14	90	
39	66	69	86	11	40	21	77	69	7	30	99	65	46	74	50	36	89	88	30	11	14	14	60	11	20	7	87	37	40	41	81	63	73	6	82	77	46	85	75	31	55	67	79	4	20	10	92	79	73	
82	14	96	60	42	48	28	10	24	63	89	29	42	40	76	3	52	66	6	16	96	27	92	35	49	16	72	98	40	69	96	23	91	90	10	13	28	18	20	24	43	53	11	39	11	61	47	37	90	98	
96	76	64	33	38	14	1	67	55	38	37	72	28	83	17	2	60	50	38	36	18	69	82	74	71	51	46	80	40	30	90	56	16	100	61	82	99	86	79	56	55	97	78	30	11	70	44	6	24	98	
95	63	3	77	88	7	58	50	55	72	12	15	1	29	3	19	15	52	54	71	74	72	98	35	49	12	77	83	38	76	51	35	82	45	98	6	42	96	83	21	52	50	20	1	56	21	66	11	11	9	
23	18	8	64	29	13	44	27	53	92	50	98	60	93	38	20	74	41	60	49	76	51	62	66	11	74	73	50	83	8	92	10	75	99	37	50	11	95	66	20	62	47	11	72	38	53	62	11	45	95	
89	39	85	29	14	12	32	96	49	50	3	92	62	98	20	14	50	8	31	45	24	79	21	74	39	12	46	48	8	34	71	7	7	4	83	45	48	18	22	6	67	66	46	98	79	10	18	90	67	81	
95	29	36	28	42	74	29	47	13	65	89	92	57	40	27	42	60	91	9	53	18	19	91	58	2	12	59	67	72	81	43	79	28	14	26	31	35	27	64	19	39	39	78	79	55	87	96	20	26	60	
52	28	49	28	69	2	31	71	78	81	29	67	65	72	77	69	29	92	3	87	8	84	93	58	2	75	61	65	91	65	14	48	40	89	43	1	31	86	62	65	70	55	84	53	51	96	8	66	84	52	
44	87	6	14	17	64	49	52	16	20	23	71	76	50	41	23	21	82	89	12	97	33	23	78	76	73	56	52	8	76	41	94	52	34	89	94	21	46	62	70	7	23	37	95	83	65	34	56	99	95	
40	97	6	69	87	30	89	86	63	2	85	74	57	37	18	14	68	20	86	49	44	76	65	72	9	58	27	92	4	53	89	36	62	71	31	15	68	80	53	79	92	76	66	34	95	42	26	89	39	8	
64	66	55	11	69	91	48	44	22	32	44	17	100	81	17	81	83	67	30	83	43	65	93	65	99	34	28	6	57	96	80	82	77	44	14	99	41	30	96	3	1	89	56	93	34	81	49	84	45	73	
94	89	80	81	49	25	53	51	37	67	84	49	51	85	16	80	95	58	49	68	30	48	17	66	48	62	89	65	86	53	67	30	41	31	28	95	78	77	15	67	8	2	80	41	96	71	43	23	32	92	
6	9	57	56	43	70	38	45	58	35	36	76	73	88	8	34	100	98	28	5	95	63	37	26	11	39	40	9	92	75	17	97	72	83	17	69	74	7	49	3	31	74	93	54	56	50	89	13	51	10	
82	57	21	22	28	95	37	87	94	83	65	88	99	54	49	48	84	91	24	86	14	34	91	40	32	1	79	67	38	71	82	77	55	45	44	28	93	2	16	6	49	89	36	64	84	37	87	86	65	93	
28	19	73	78	17	65	12	47	75	45	67	98	42	69	94	47	32	69	49	80	98	94	80	38	48	61	38	7	81	10	99	7	39	18	74	11	84	62	74	35	47	41	43	76	21	86	81	2	77	31	
25	1	33	24	44	57	16	85	84	15	71	55	57	32	35	95	74	50	62	17	41	22	71	61	93	75	58	52	28	15	88	5	55	76	62	48	82	84	22	94	100	99	42	84	45	29	10	66	35	51	
17	94	21	80	90	65	1	55	35	21	82	55	96	81	81	55	23	92	17	73	23	99	27	89	23	89	1	23	79	48	29	9	9	34	3	94	19	64	10	62	81	69	22	54	52	52	54	27	50	60	
54	91	42	62	59	1	92	86	93	5	80	60	35	56	93	53	59	64	43	21	20	36	69	3	59	10	27	13	31	21	71	32	84	19	75	95	51	44	70	17	27	28	69	21	41	66	22	45	45	4	
17	50	88	100	18	52	39	82	14	58	79	3	10	65	77	54	88	63	14	13	21	52	38	9	22	52	41	50	41	81	99	40	67	15	29	72	91	76	39	97	24	85	72	80	85	93	87	5	15	83	
18	92	60	89	95	32	37	78	38	60	93	6	41	15	89	35	18	55	99	58	69	42	89	92	91	98	13	25	53	96	64	24	90	56	42	49	100	42	31	21	42	85	14	45	76	84	49	79	85	43	
96	11	72	72	61	81	25	41	1	48	94	64	10	3	15	67	69	81	86	48	42	9	71	55	37	96	89	17	84	65	20	18	82	71	24	2	15	54	72	32	56	25	12	61	1	93	36	77	91	63	
22	25	27	70	53	37	90	37	50	98	1	68	68	52	3	3	35	14	43	12	37	34	79	95	95	54	53	16	54	28	99	96	7	12	66	31	20	38	96	20	11	25	76	8	36	6	48	98	44	54	
58	63	33	49	63	76	9	22	54	47	28	50	32	10	75	10	56	25	14	5	73	74	8	10	58	63	85	29	55	73	28	30	94	12	79	18	2	59	7	59	61	10	72	62	73	60	92	86	17	84	
86	22	35	6	56	80	63	58	35	60	4	72	92	16	6	67	6	19	80	14	22	73	3	84	63	72	52	28	55	70	89	42	92	15	91	99	58	73	81	71	65	26	22	65	77	50	67	39	48	72	
80	87	72	87	77	97	32	77	43	24	96	57	30	34	97	47	45	11	97	44	69	32	10	46	81	50	56	32	73	38	50	36	79	100	56	37	52	30	68	65	65	82	80	4	21	97	75	19	97	78	
38	63	57	23	64	24	98	49	34	29	39	78	64	6	49	53	57	72	68	15	19	10	83	64	3	35	61	70	6	74	43	13	31	10	43	76	79	55	35	15	51	69	100	73	50	19	58	20	40	58	
32	35	91	77	7	60	95	36	72	93	79	92	71	4	7	82	97	75	64	25	2	22	76	47	12	38	75	50	68	54	54	72	26	25	46	20	94	83	19	58	95	9	90	93	68	16	81	90	58	56	
86	5	49	75	14	20	51	93	14	13	38	84	29	8	98	73	7	82	43	76	71	16	89	60	43	35	15	93	50	58	37	8	70	58	77	3	1	10	13	54	51	61	22	15	78	72	69	16	51	93	
1	6	78	88	38	91	52	16	88	52	95	25	13	68	99	36	29	63	9	3	14	44	76	87	68	29	100	83	30	44	15	75	59	69	2	17	42	48	35	73	58	88	79	43	38	28	13	78	93	37	
38	48	93	85	89	22	20	83	73	78	40	99	94	37	54	86	36	10	25	81	19	81	93	73	47	80	33	30	11	14	5	36	25	60	5	100	95	36	18	14	59	4	32	74	40	80	69	4	8	39	
27	38	42	56	54	56	28	15	88	67	49	62	45	95	37	17	29	15	10	39	96	33	4	25	6	13	63	89	30	97	76	37	13	71	45	52	98	60	34	44	65	85	40	31	36	77	75	60	62	57	
56	79	86	27	35	17	34	12	32	44	10	68	34	5	64	31	81	62	80	89	59	75	96	80	58	16	50	71	74	97	23	53	62	44	12	62	63	72	59	19	71	9	27	43	6	6	85	75	7	17	
46	18	79	32	83	2	30	3	2	94	99	96	51	35	66	61	95	78	82	93	93	33	65	40	45	77	49	66	99	56	91	90	40	3	56	51	99	49	46	67	53	87	50	92	3	34	14	95	50	93	
67	1	18	5	54	81	72	50	56	77	50	34	8	90	1	75	31	84	87	74	49	72	10	19	59	85	59	83	60	51	91	2	79	28	87	38	38	66	62	69	49	94	2	66	38	66	63	42	30	95	
59	80	43	70	24	86	91	35	19	17	64	73	22	75	58	22	23	84	74	16	14	68	85	37	40	14	74	7	54	87	61	64	99	21	90	3	91	11	44	70	2	72	96	43	46	61	30	43	21	50	
76	43	73	7	53	89	69	39	13	41	1	72	16	85	61	4	7	3	55	40	48	80	49	86	33	85	61	82	2	67	44	92	18	48	29	74	76	99	14	5	59	33	23	33	68	63	69	87	71	88	
3	51	67	19	20	98	59	58	59	40	64	84	26	20	29	20	17	82	7	76	21	77	29	90	34	85	75	21	17	78	17	70	67	44	98	7	95	50	67	62	27	12	91	96	72	93	98	38	18	71	