350
50
16882	15721	17934	17716	16012	14943	16343	15096	15646	15517	15507	18916	17975	17403	18070	17712	18056	16657	18774	18487	18417	18238	15553	18762	15369	16763	16242	15632	18796	18331	14773	18101	16658	17539	17075	17323	15476	17539	16853	17890	15414	17786	16190	15330	15401	17321	18548	16601	18521	15102	15394	16153	17308	15199	18255	18017	15489	16276	16373	18576	17406	16334	14919	17349	18480	18454	14993	18855	18487	15879	16677	14975	17330	15850	17965	18278	17177	15294	17130	15706	18001	15127	18733	16248	15683	17859	15043	17794	17071	17366	16765	18368	15885	16038	18511	16936	17554	17133	17127	17415	16870	16993	16759	16856	18659	18658	18725	18800	15871	17842	16423	16998	17395	18590	16501	17855	16850	14860	15974	15211	17807	18487	17579	17396	17228	17156	15158	17020	18364	16518	16618	18171	14887	18505	17318	17788	15412	16275	18795	15895	18589	15762	16199	16721	18456	14783	17792	17490	15497	14909	17746	16397	18347	16053	17201	17588	17917	16305	16906	16249	17828	15410	15354	15304	16604	17049	17851	16829	14984	17779	16726	16525	17504	17813	17618	18028	15371	18327	15185	17525	18749	17309	16337	15442	18093	17070	16450	16202	16341	15436	16130	15966	17929	16884	15553	17271	17464	16697	17128	17840	15099	17577	17713	18769	15117	17028	14796	18349	15815	18646	18431	17766	16688	16161	15418	15452	15196	18084	18581	18454	17009	17616	15005	16002	17295	15658	15550	17334	16928	16322	17409	16852	16442	16458	16752	16035	15838	15980	15864	17812	15685	17861	16557	15454	16044	17214	17941	15912	14978	17810	16650	16470	17915	18607	17091	18886	15410	14940	18223	18817	18466	18019	16019	18910	18446	17384	15486	18113	17564	18363	17702	15029	15946	18160	15761	17896	14926	16807	17710	16898	17302	17138	18780	18758	14752	15293	18906	17212	16823	18002	18354	18270	16933	18688	17981	17019	15084	17062	17992	17489	15887	16353	18573	15522	18416	17584	18360	17199	15457	18714	16227	14871	16567	14914	18685	16520	17753	18307	18349	18902	18518	15551	15266	18099	15405	18452	14959	17408	15923	18586	18149	18824	16730	15881	18121	14880	17348	18452	18578	15539	15354	17303	18482	15303	18558	16369	16724	17344	18003	18347	
55	25	18	79	52	97	66	52	61	78	51	3	81	1	36	72	77	15	57	91	10	90	45	49	44	20	21	68	30	10	58	22	78	17	35	38	69	64	43	56	62	58	35	60	1	80	91	72	27	19	
72	94	45	81	77	42	12	93	10	91	37	65	50	37	7	4	54	44	90	84	52	30	72	12	12	1	29	42	74	58	43	39	92	22	12	86	34	41	16	87	20	4	30	10	98	50	12	73	99	55	
90	66	19	42	30	65	96	30	76	78	19	41	69	27	56	13	96	63	97	85	39	65	56	69	5	62	66	18	59	89	79	43	12	69	27	52	18	69	33	16	73	78	69	71	41	9	89	21	51	23	
2	2	14	17	54	13	77	36	26	36	7	91	82	92	72	4	20	9	65	2	2	92	70	34	74	37	94	89	95	14	2	27	48	10	17	60	87	24	82	51	57	36	12	98	80	3	54	33	96	49	
43	69	15	55	38	41	93	68	56	48	65	73	45	88	86	16	67	37	57	57	78	27	45	92	27	1	29	88	14	70	15	98	72	2	16	66	71	95	91	30	51	42	69	95	44	71	29	16	31	18	
99	29	40	86	87	15	97	72	67	75	77	82	91	73	16	58	83	48	78	92	42	31	97	5	61	87	36	93	47	95	22	99	84	23	66	50	83	57	64	58	14	7	40	84	97	77	84	22	27	93	
93	32	27	14	10	46	80	75	26	21	66	25	97	2	13	84	74	44	46	7	66	80	75	38	67	47	66	3	31	5	90	51	69	15	37	66	99	53	45	95	91	76	72	72	57	78	19	22	1	94	
93	94	34	40	35	39	97	89	86	35	57	45	48	41	77	43	69	9	70	88	59	1	78	27	7	85	50	1	72	12	5	29	51	87	98	13	65	93	36	84	3	44	7	6	10	44	12	19	26	6	
22	91	8	57	3	99	73	7	70	76	69	92	64	76	52	92	78	52	16	99	61	54	23	90	72	79	17	4	86	49	23	59	52	77	60	43	55	64	28	68	55	30	46	63	78	68	40	55	95	88	
22	69	19	74	7	24	88	81	44	31	34	38	79	8	50	41	66	55	90	49	88	87	88	20	66	93	65	35	63	63	62	25	3	27	29	72	77	83	36	57	99	99	10	96	24	33	3	51	61	99	
37	32	28	72	98	27	30	11	64	14	79	38	88	47	58	16	78	24	10	96	43	76	20	45	89	32	93	53	93	53	62	98	94	40	78	21	60	60	68	13	35	38	53	45	77	12	70	88	26	62	
42	80	81	36	81	70	64	57	31	26	96	69	68	89	30	55	30	20	93	56	45	55	59	46	58	86	28	57	6	12	99	65	66	41	66	61	88	39	51	85	90	48	86	99	62	20	83	8	31	44	
63	75	57	62	34	75	75	3	38	94	15	70	99	67	35	73	62	99	79	83	86	29	28	57	28	17	9	58	62	84	86	58	78	6	34	20	83	66	93	76	95	11	28	60	94	53	58	61	77	30	
24	95	23	5	15	26	88	77	58	80	48	16	58	16	95	64	39	78	45	61	7	24	86	74	60	90	24	57	1	77	62	55	29	32	40	32	24	71	21	7	39	78	90	93	69	60	15	91	68	53	
81	3	23	6	92	25	9	86	98	68	89	85	18	4	29	17	33	29	39	44	83	13	66	59	7	51	97	22	84	55	49	23	74	36	52	20	88	83	55	87	98	25	6	34	88	34	96	35	18	15	
52	37	23	75	36	45	92	82	79	23	92	50	42	30	25	9	14	4	47	42	60	44	73	18	92	67	60	28	30	36	31	13	60	82	83	52	29	69	4	26	9	72	77	99	42	82	57	68	36	32	
34	75	70	24	45	90	45	11	70	96	68	35	31	48	72	50	4	80	5	79	75	76	40	69	22	48	75	49	10	63	55	19	13	29	15	9	5	33	22	86	96	73	77	8	95	44	99	49	21	70	
12	40	5	78	81	2	53	72	1	67	50	45	13	21	41	29	6	93	15	94	36	99	65	22	58	99	21	29	66	29	63	9	76	28	67	26	2	47	42	72	12	35	57	67	62	29	70	77	36	85	
6	70	60	46	46	33	46	13	27	30	2	76	57	63	8	33	3	69	26	71	9	76	34	16	36	83	60	75	49	51	84	8	80	8	22	13	55	22	6	20	51	79	45	18	22	73	2	61	25	6	
39	28	16	38	23	37	11	50	75	32	20	4	8	99	10	9	11	75	53	30	39	55	53	6	41	20	75	56	33	31	15	87	81	64	72	37	72	89	25	24	80	9	23	69	53	9	40	24	71	96	
46	26	75	17	11	45	43	88	27	7	62	75	27	15	51	11	31	83	3	28	43	65	59	55	92	53	42	3	81	57	6	28	86	7	81	67	25	30	12	64	86	97	29	42	84	44	7	92	92	8	
74	74	49	32	1	60	56	39	85	60	18	62	77	13	70	94	54	32	14	99	17	31	52	73	61	91	80	79	63	17	100	72	72	9	48	89	4	49	40	89	72	74	4	45	2	83	40	36	24	2	
20	88	35	13	23	59	63	99	78	78	91	89	45	63	21	81	65	99	75	91	63	39	78	51	63	64	57	57	84	8	55	32	2	37	52	69	93	56	28	55	12	48	23	95	61	94	74	2	47	26	
26	90	41	5	59	14	89	29	78	44	34	11	44	42	40	88	59	99	48	41	27	62	88	51	46	15	30	5	20	48	58	38	80	90	84	76	56	98	48	100	56	42	68	75	18	12	36	82	57	44	
72	68	16	37	79	97	7	17	77	63	80	58	86	4	64	77	99	18	90	51	74	90	41	39	11	53	41	91	12	64	53	81	43	66	36	13	32	50	9	57	73	61	5	36	36	92	18	72	87	77	
66	39	73	63	41	11	30	28	7	88	9	80	65	28	36	43	7	34	61	25	14	81	35	18	83	50	35	75	84	37	43	71	73	37	20	35	21	23	41	7	43	80	88	77	15	40	20	82	33	61	
53	88	41	23	24	81	33	32	30	26	17	73	61	98	81	39	61	72	5	30	1	25	9	4	32	3	36	13	59	43	3	67	63	58	68	8	48	22	5	78	90	19	76	20	26	30	45	49	13	94	
74	75	17	43	99	65	44	9	66	82	12	62	85	40	19	3	30	49	59	42	85	48	100	30	30	57	22	18	100	89	62	71	67	90	38	49	38	28	46	47	53	20	36	53	33	82	15	44	19	47	
54	65	89	65	71	37	55	2	27	88	66	90	64	24	81	98	59	57	86	25	83	71	52	40	80	6	83	8	21	56	87	94	77	45	69	19	29	19	34	13	12	43	44	2	47	27	71	8	21	7	
34	51	16	36	26	93	90	85	52	49	72	60	41	71	16	61	6	61	24	58	60	84	48	61	21	86	9	6	48	20	11	68	6	66	30	97	45	70	8	35	43	49	77	35	49	45	4	18	17	8	
25	35	32	53	97	100	63	19	17	36	83	24	59	32	59	93	30	14	88	1	69	75	40	66	14	6	35	76	21	49	50	40	20	34	58	92	18	92	21	90	10	45	5	97	42	21	83	19	39	46	
41	55	5	99	9	71	30	52	80	10	91	12	87	1	20	42	52	15	67	46	29	5	95	14	99	6	81	82	2	96	3	54	98	39	43	82	100	52	45	5	24	85	83	92	42	1	54	45	38	75	
92	48	2	80	52	74	8	6	45	88	70	39	86	2	61	1	6	71	45	8	47	45	65	26	12	2	61	10	73	32	47	64	38	60	40	48	30	7	35	43	45	40	76	28	74	53	40	26	12	93	
61	53	96	8	58	46	39	80	26	67	47	93	16	11	46	20	23	57	48	48	38	52	40	63	42	7	73	75	52	40	72	50	45	17	21	77	16	51	69	90	47	72	68	19	93	86	51	45	18	65	
96	83	35	54	33	12	21	82	8	33	22	7	96	20	78	42	22	90	11	32	52	26	71	89	45	5	31	98	85	27	71	48	33	49	1	62	72	67	100	26	26	98	85	30	86	58	24	84	69	34	
72	71	85	4	76	48	11	45	93	95	73	33	13	94	90	35	68	79	50	33	100	76	94	40	80	51	43	96	30	13	2	50	84	40	9	70	74	41	18	36	49	64	37	9	56	6	68	82	27	92	
8	44	71	29	98	32	56	52	59	44	25	15	33	29	93	97	12	94	7	25	37	75	76	30	93	77	96	1	38	82	27	83	29	59	1	52	46	47	71	53	24	85	21	88	42	15	100	92	25	75	
52	20	61	62	60	59	55	35	13	9	41	79	73	20	43	65	6	70	65	60	88	13	24	81	14	45	82	100	66	63	25	37	20	13	3	99	94	54	29	57	67	75	88	68	29	60	25	74	38	78	
3	49	79	32	38	71	81	13	72	32	9	37	35	31	53	53	96	88	79	58	18	96	2	57	61	96	18	49	96	25	80	30	29	92	26	46	42	68	82	32	7	9	4	29	24	34	25	51	93	33	
24	54	20	78	46	30	12	61	19	24	21	85	49	48	31	69	14	32	7	64	62	58	47	79	85	46	4	51	44	87	67	40	46	62	29	9	10	80	65	14	69	9	12	45	95	14	18	62	41	6	
98	28	47	60	26	43	44	80	34	12	52	100	14	17	69	44	33	69	84	8	12	56	64	18	24	24	99	79	18	53	10	23	77	2	46	20	46	53	29	17	18	74	21	96	46	73	26	97	17	16	
46	28	15	39	56	53	58	69	76	53	82	29	31	76	1	9	51	37	81	14	48	27	6	22	59	46	100	18	57	62	59	85	52	71	9	69	58	7	63	50	75	14	79	74	24	99	21	45	36	20	
75	81	64	73	91	65	5	81	28	64	10	14	34	85	46	80	96	3	36	60	30	68	76	1	99	77	16	63	85	85	59	96	41	61	2	5	15	41	29	100	8	24	40	71	13	5	49	11	52	47	
18	83	97	46	91	20	53	28	42	80	35	78	60	4	64	12	41	61	61	12	39	65	34	15	12	88	60	7	70	37	21	61	89	35	46	36	69	40	71	16	43	99	10	53	63	97	97	45	19	72	
61	70	70	100	23	53	96	60	37	34	98	42	16	56	89	62	6	18	87	92	5	36	71	10	43	13	74	42	67	21	32	55	90	30	93	97	9	56	73	20	98	100	4	26	24	94	20	4	50	95	
57	74	25	81	83	41	62	39	81	22	67	53	35	16	70	35	12	7	51	45	28	42	96	1	46	3	99	91	39	86	97	100	24	46	23	46	46	59	91	86	56	31	64	8	39	51	66	57	63	51	
25	40	58	36	77	6	59	100	68	10	61	24	12	89	66	34	11	30	33	70	49	88	54	80	94	100	14	44	91	89	14	8	27	64	63	54	82	62	66	60	25	70	60	21	2	49	93	26	22	30	
26	20	51	56	11	92	62	97	86	71	2	56	68	26	75	43	56	86	49	92	70	37	38	38	67	71	25	89	48	76	8	47	14	94	6	76	49	5	44	20	41	94	1	7	58	15	7	2	55	60	
10	96	57	1	43	37	72	57	78	48	6	100	42	83	95	14	21	11	68	70	88	40	22	65	36	18	52	47	82	70	84	45	93	50	96	38	46	36	20	51	8	90	77	79	17	42	73	44	94	100	
57	55	11	78	29	24	99	92	51	63	77	75	79	49	21	7	41	43	26	60	16	12	5	5	3	59	47	29	61	85	22	60	82	37	100	10	21	3	30	57	87	63	90	48	81	16	13	96	25	30	
28	84	24	92	5	12	56	49	65	50	80	78	96	84	95	13	12	61	15	21	11	69	26	15	42	22	40	32	81	24	66	24	72	34	62	27	91	53	46	23	26	13	58	3	2	41	30	89	75	8	
83	85	72	10	66	48	71	30	13	23	36	74	65	66	46	88	10	47	87	99	11	17	4	29	32	78	23	76	4	89	89	80	60	93	87	89	40	57	37	9	65	50	82	4	5	10	7	77	3	68	
66	49	24	33	93	8	46	61	34	12	18	47	21	58	34	31	75	42	10	100	20	95	69	16	17	50	53	24	85	80	35	96	45	24	91	38	10	63	51	49	8	49	53	15	10	73	52	75	2	30	
75	100	20	26	6	64	38	24	57	90	78	32	57	26	88	75	51	59	89	10	8	79	13	62	74	56	65	10	21	90	78	42	63	44	57	44	64	73	34	16	49	4	57	16	79	42	1	80	74	91	
86	63	83	25	12	2	31	50	67	4	3	29	57	93	38	83	73	90	41	63	91	90	44	78	60	68	68	18	37	41	65	92	77	41	53	2	63	99	54	88	64	40	20	35	41	25	95	30	29	8	
40	93	90	89	39	35	97	77	48	15	97	88	61	84	58	62	99	63	20	58	56	77	78	58	50	39	77	5	62	65	5	41	73	60	7	32	14	15	50	80	3	84	22	78	31	51	46	47	14	99	
31	61	35	39	98	47	30	63	55	28	1	31	5	37	60	2	14	12	32	70	68	68	72	67	2	93	77	45	78	19	96	43	41	65	70	6	85	49	55	15	12	16	5	34	50	44	29	94	77	3	
40	66	73	84	56	92	72	43	36	79	11	2	52	65	88	7	23	29	71	56	76	96	30	16	1	46	82	12	15	51	58	52	65	84	55	22	8	78	11	65	75	30	24	20	96	73	9	97	40	69	
56	13	4	92	37	3	48	1	64	90	62	27	16	84	20	19	77	26	45	33	45	21	94	42	12	100	49	18	32	24	47	5	13	17	7	82	6	78	39	99	79	33	21	15	3	100	98	80	70	94	
36	52	43	100	28	21	96	72	43	86	84	53	56	26	84	14	11	31	54	69	99	3	31	95	50	47	66	79	77	90	37	74	13	22	22	18	44	35	13	65	15	4	86	23	60	37	80	5	98	94	
44	28	85	41	43	30	17	95	50	74	16	86	49	66	62	17	42	18	40	21	22	11	11	37	52	54	35	59	85	39	11	15	86	38	90	2	60	98	96	69	92	17	58	19	50	21	29	2	10	68	
49	76	2	43	83	91	95	39	42	23	51	19	48	29	33	5	35	43	45	56	68	17	28	16	30	54	53	43	17	28	77	63	36	62	53	96	95	10	21	50	21	76	2	100	67	56	84	63	78	84	
83	65	26	29	86	54	38	71	41	86	86	38	40	27	98	6	95	5	13	75	33	34	97	82	31	86	82	9	85	73	8	7	79	88	65	32	91	92	74	61	68	57	55	62	41	7	67	98	68	10	
16	10	27	15	78	13	3	34	66	88	25	20	47	61	58	88	93	92	63	68	13	34	59	13	2	22	68	79	5	94	31	49	88	75	96	93	54	60	51	53	49	83	39	20	49	56	67	30	23	14	
17	96	11	10	6	64	60	25	55	44	8	11	66	64	22	70	29	46	99	26	80	4	20	72	7	11	2	69	69	81	76	45	64	65	7	24	76	71	20	70	78	31	7	32	74	97	17	34	7	27	
68	29	65	98	24	23	56	61	27	39	53	9	82	66	10	43	24	26	3	46	35	44	61	95	62	5	76	91	83	46	11	66	100	100	51	97	66	92	57	62	77	70	24	85	77	1	56	74	68	81	
92	52	10	23	73	17	69	40	13	94	34	23	13	71	17	85	53	18	6	26	25	34	38	30	9	79	6	12	98	77	26	64	20	7	11	73	29	5	55	11	48	51	96	21	84	25	24	43	58	27	
65	59	24	24	29	51	56	65	23	100	28	50	68	69	31	77	63	48	88	93	79	59	64	13	98	36	86	87	7	49	20	40	20	15	59	5	1	29	31	18	87	4	34	64	50	100	43	80	45	92	
54	43	36	85	61	28	82	2	81	95	36	89	68	29	6	7	84	75	40	23	22	13	67	3	97	71	6	78	41	87	98	36	77	43	51	57	64	50	93	93	24	61	65	66	97	13	16	38	95	61	
62	58	38	28	39	16	97	97	57	36	83	20	18	3	53	6	83	6	15	32	87	20	64	75	29	95	75	67	100	98	37	15	17	23	7	43	87	99	5	44	5	22	96	53	59	4	23	74	23	27	
79	28	27	37	47	3	47	8	38	13	67	67	96	16	89	69	77	38	3	50	90	92	33	99	77	9	34	37	72	13	97	80	38	96	84	33	16	88	20	47	95	27	83	14	8	70	93	13	17	96	
86	2	16	97	11	43	95	67	14	92	31	19	60	87	98	93	35	38	5	49	31	70	23	38	73	99	51	10	78	34	17	1	43	31	41	91	89	43	86	53	25	46	78	10	2	37	82	80	68	22	
46	82	49	51	71	23	19	68	48	94	25	78	87	38	90	49	21	85	100	3	61	49	55	67	35	35	48	81	35	17	76	92	68	60	22	74	57	14	59	58	71	7	49	53	56	94	50	10	5	62	
59	43	97	83	47	10	67	67	52	33	23	68	61	94	91	32	84	41	71	92	93	93	33	61	96	32	74	59	53	4	38	87	67	94	43	41	2	20	89	6	3	75	30	97	33	16	34	22	49	66	
70	91	75	90	94	95	46	50	12	21	38	63	59	97	5	3	19	56	80	32	58	79	21	49	62	70	9	82	9	34	16	77	86	96	19	51	61	73	12	9	61	74	52	55	6	9	37	30	15	13	
97	68	76	39	62	63	47	54	15	56	25	46	66	16	18	44	95	68	84	88	40	74	33	11	49	90	8	13	11	49	91	51	30	41	93	67	11	89	28	19	83	41	85	13	63	41	35	22	32	25	
59	57	7	73	57	25	90	15	91	79	58	50	76	59	10	52	2	67	89	62	75	36	56	81	88	67	52	21	79	72	18	91	28	26	24	99	87	14	47	17	78	51	89	34	72	76	27	91	43	75	
48	83	72	76	81	55	28	17	65	42	61	84	96	26	77	65	36	10	95	77	95	22	85	52	1	19	49	96	32	38	99	48	73	16	28	13	15	85	95	47	12	2	60	1	68	80	39	72	20	25	
72	11	22	95	24	80	73	35	50	62	29	61	1	73	83	88	71	23	22	30	74	18	89	13	29	17	96	90	90	72	84	30	32	19	19	39	3	9	66	27	84	69	82	18	24	63	28	92	47	83	
76	88	45	70	74	4	90	80	97	83	54	15	71	75	8	4	89	99	25	90	24	54	34	64	14	54	87	58	91	84	26	71	55	97	82	17	28	14	34	86	46	75	99	80	56	72	52	69	40	55	
87	53	74	89	53	46	4	7	57	22	91	83	96	68	48	35	58	49	94	99	24	84	77	72	37	70	48	98	40	21	89	30	83	100	27	19	63	65	90	100	44	49	75	75	65	54	49	15	37	35	
97	27	92	76	81	68	28	16	86	96	64	66	60	83	1	14	75	45	56	21	66	47	5	56	27	8	62	14	64	94	82	19	49	82	41	14	8	46	75	75	45	70	38	14	86	14	27	51	94	81	
96	69	87	52	42	91	60	93	39	32	2	64	48	22	40	61	46	1	65	78	28	31	31	89	99	76	7	61	38	46	41	58	16	13	61	5	1	24	23	8	63	93	84	60	88	40	44	75	48	93	
16	26	82	94	82	88	100	63	72	2	10	10	58	19	20	9	60	89	74	55	97	93	25	87	35	53	50	50	21	49	63	98	84	40	75	1	72	63	16	89	34	52	13	30	70	20	82	65	8	72	
99	8	95	52	35	3	91	53	76	99	10	23	74	73	49	60	94	16	5	76	44	69	60	68	11	70	82	34	46	40	90	14	60	35	63	55	25	30	94	12	3	17	33	51	36	29	50	15	69	29	
18	54	99	21	19	44	66	70	84	45	28	45	49	63	83	15	80	33	45	63	95	17	65	7	98	99	74	28	82	22	75	56	82	85	17	62	91	14	34	47	50	53	11	44	84	57	43	53	57	84	
66	96	51	98	91	48	93	49	82	82	99	87	34	40	1	24	55	12	63	51	64	96	33	72	52	49	53	21	59	79	41	68	80	23	29	22	4	99	90	96	27	57	14	7	12	52	9	88	89	94	
31	66	6	84	72	29	76	26	71	72	93	53	8	11	99	42	2	94	24	91	43	51	44	69	95	67	22	86	77	60	17	29	95	10	99	61	88	66	78	93	13	12	57	58	68	1	56	52	52	61	
65	35	89	38	40	87	71	40	19	67	6	85	56	42	68	74	81	48	85	39	26	18	8	36	4	5	64	91	3	54	68	7	37	18	48	93	90	28	25	89	7	44	30	73	44	61	68	86	84	46	
48	17	56	22	47	27	35	33	73	99	12	49	48	55	45	3	24	69	41	65	1	67	33	92	17	99	39	11	20	14	37	30	48	85	74	76	76	55	95	5	3	5	78	41	96	67	90	29	1	31	
11	21	99	14	90	14	66	100	19	24	58	65	63	55	36	40	58	5	99	82	74	13	96	55	12	34	26	47	66	12	49	60	87	69	78	60	16	40	12	79	83	28	25	86	79	49	47	95	55	82	
80	57	9	73	26	58	51	36	57	34	66	46	19	50	26	35	55	26	96	24	19	2	50	58	69	62	99	18	100	75	84	34	37	18	81	30	1	87	46	55	19	8	75	100	44	8	56	96	4	19	
57	50	86	100	58	46	48	17	34	45	93	20	31	40	50	95	17	54	59	80	74	100	48	87	76	18	42	57	76	83	56	36	75	25	44	66	69	29	28	14	86	89	12	85	56	30	54	3	87	43	
74	38	28	83	87	31	45	25	13	34	54	74	1	65	69	85	59	60	61	44	81	56	55	86	21	39	88	84	44	48	11	19	52	27	24	17	90	35	55	19	39	87	30	1	88	79	3	93	26	4	
35	29	88	85	37	48	70	62	25	35	69	26	49	33	31	76	97	16	14	36	72	75	85	83	11	50	20	45	88	36	75	85	12	24	38	80	22	65	91	52	37	67	40	21	11	62	83	79	3	96	
29	9	61	46	100	98	79	54	63	15	80	29	70	53	32	71	26	62	95	100	98	19	63	18	24	5	49	9	10	93	18	74	8	68	79	60	15	27	82	100	35	32	79	15	5	23	56	13	58	89	
37	97	89	88	14	73	46	42	61	3	51	41	38	70	36	66	80	23	43	74	41	27	18	29	32	61	9	73	67	97	46	60	25	74	44	97	69	72	89	81	92	3	74	8	80	5	4	96	13	16	
80	61	47	25	46	25	29	62	43	47	65	67	9	10	30	26	26	99	81	6	92	65	30	89	83	44	80	1	9	88	22	98	8	22	59	34	15	30	7	40	1	52	73	72	74	15	18	25	80	60	
68	17	55	21	11	73	13	64	97	81	59	14	46	3	87	7	10	48	77	45	50	41	10	58	33	61	78	91	53	19	36	62	23	99	34	68	13	89	31	44	7	71	69	82	21	44	63	77	100	12	
42	55	83	42	28	1	8	86	64	92	90	32	4	98	7	96	42	14	61	1	38	27	9	97	59	42	75	9	63	10	2	21	77	39	80	41	49	80	81	100	82	11	84	67	80	79	53	6	52	56	
27	98	69	20	20	90	61	80	36	61	99	97	57	22	9	63	59	68	97	57	56	56	92	79	82	100	40	26	61	78	93	78	25	96	90	92	80	77	12	24	23	43	64	42	78	17	22	81	83	76	
31	60	56	11	61	68	28	87	44	77	5	11	53	57	18	37	100	78	46	92	57	39	53	71	33	65	47	54	55	39	61	45	41	81	25	22	63	88	60	59	35	83	28	56	76	55	10	90	31	75	
99	67	51	30	36	41	67	98	17	36	10	69	46	84	50	75	27	48	80	89	12	23	38	9	43	17	66	25	53	51	49	48	37	36	55	41	81	23	8	90	12	18	42	93	38	25	16	60	47	49	
2	58	15	63	62	35	32	49	84	9	45	41	51	21	81	38	36	54	88	64	79	100	26	4	66	23	81	30	28	22	90	88	28	24	91	40	97	52	51	57	49	39	28	10	67	85	70	8	74	92	
54	89	88	5	21	53	55	60	66	84	6	6	81	28	64	52	62	91	19	70	22	1	36	34	89	32	62	96	66	87	51	15	74	98	26	94	32	71	40	93	27	2	7	26	66	34	22	49	42	31	
83	8	41	88	81	3	62	9	31	71	47	16	61	25	33	69	67	70	65	20	8	1	46	24	17	56	11	74	25	59	43	49	29	4	71	80	74	44	23	70	4	94	16	37	5	59	17	55	65	50	
93	11	6	51	47	15	58	36	1	15	1	65	69	13	80	5	49	89	68	45	97	69	42	11	95	94	89	96	2	85	60	66	62	8	37	100	2	70	82	70	43	28	88	91	23	65	41	76	79	79	
68	82	53	87	40	32	23	33	30	54	64	68	74	65	87	24	63	94	27	8	76	26	64	83	30	97	1	27	99	94	36	67	41	20	4	34	25	34	64	2	53	88	71	87	10	4	55	28	4	67	
85	75	59	36	11	55	81	86	94	95	26	52	68	19	10	13	10	43	58	54	100	48	87	94	88	1	57	59	20	36	37	45	82	44	81	95	52	17	100	97	90	43	75	54	90	54	56	5	76	75	
32	96	33	23	74	7	74	47	84	16	10	18	97	38	70	15	28	64	74	46	57	9	71	19	83	20	88	41	18	29	52	18	72	27	87	79	60	100	85	38	43	78	21	95	77	51	48	13	17	68	
85	20	26	39	15	50	69	85	20	5	94	6	33	87	38	77	3	68	99	86	71	63	72	61	21	41	27	73	58	91	99	93	14	17	92	46	95	39	35	96	12	16	37	47	60	22	21	43	47	47	
56	16	78	89	87	94	46	78	56	85	88	28	55	93	9	19	47	25	80	66	67	16	63	1	60	51	19	91	46	84	2	71	100	81	47	59	92	22	5	83	31	56	73	29	3	83	40	8	91	12	
33	87	30	20	40	36	33	7	40	87	69	22	71	98	10	11	15	92	68	3	75	83	76	45	91	28	89	44	94	67	30	80	13	35	78	98	80	49	85	93	2	31	80	46	79	90	72	74	12	84	
85	9	4	57	72	98	67	82	97	21	84	84	79	43	75	17	41	56	94	20	1	75	24	70	3	6	72	6	81	79	66	7	91	25	12	36	59	52	70	78	39	22	37	44	63	55	68	21	38	10	
58	81	25	11	76	78	92	18	14	10	38	72	99	11	18	53	87	2	36	33	14	26	64	19	4	36	11	5	36	8	66	93	23	13	58	44	69	55	37	62	91	66	53	40	29	20	83	7	88	87	
57	56	61	66	50	49	57	51	63	25	22	18	7	52	8	51	61	9	61	27	59	82	7	40	43	8	69	37	83	15	44	78	35	23	15	62	11	13	85	80	64	84	59	66	27	48	3	81	49	30	
56	48	11	84	90	1	34	39	27	41	100	19	57	10	42	27	27	6	91	75	100	16	69	91	79	43	72	53	66	41	98	17	1	98	80	42	86	16	59	37	7	87	96	77	95	73	7	51	94	17	
70	64	33	56	39	94	9	19	73	58	30	20	40	73	91	83	87	90	61	56	59	45	7	7	20	58	99	6	16	64	57	38	58	74	37	94	46	80	69	38	42	65	93	58	67	87	64	37	83	28	
2	95	82	43	22	9	100	47	81	1	13	28	3	42	99	61	83	29	66	73	76	22	76	90	28	48	26	40	6	18	54	21	16	5	86	52	40	77	48	44	20	99	1	90	64	25	70	45	64	61	
85	41	43	69	54	65	76	33	24	99	46	13	18	97	32	62	34	31	48	75	60	60	69	97	41	89	17	13	81	13	92	91	96	85	77	54	35	33	48	8	25	22	58	34	26	47	96	43	99	79	
25	39	14	23	50	40	49	51	85	56	73	13	100	21	1	50	81	29	66	54	25	21	50	56	64	22	61	28	78	26	61	34	46	85	69	74	53	25	2	94	35	32	21	58	42	56	8	17	52	22	
73	1	61	69	80	37	28	41	41	60	65	93	8	72	82	3	70	68	43	2	33	21	82	46	35	26	92	1	34	8	85	36	66	61	78	3	50	88	63	84	14	27	67	23	35	9	100	62	43	72	
50	72	33	28	84	26	54	58	44	65	3	83	68	53	37	35	68	25	58	24	23	70	63	78	12	100	45	100	60	5	97	72	79	87	52	97	44	32	52	59	11	56	48	41	86	30	62	38	94	87	
56	48	11	44	2	25	50	10	51	38	19	53	24	64	2	51	97	1	12	46	35	98	28	84	10	20	16	3	100	99	91	94	55	51	74	79	80	44	51	38	71	56	30	5	99	58	64	19	32	1	
84	80	43	10	51	62	35	99	34	80	92	62	61	3	23	14	4	73	77	76	5	73	31	27	39	33	79	81	77	98	80	48	97	69	48	91	54	4	81	93	11	50	61	83	79	21	87	8	38	51	
7	25	22	3	68	61	90	90	5	72	27	47	22	82	38	77	54	4	34	24	10	58	11	77	14	34	89	7	31	91	60	66	15	61	33	20	23	9	20	100	99	83	67	77	95	30	38	95	100	74	
5	39	93	88	94	1	42	1	7	73	98	12	97	94	80	15	90	16	46	59	62	69	68	84	23	48	96	11	71	39	55	90	4	68	11	18	17	39	16	83	16	81	87	7	23	42	16	85	62	86	
96	40	44	77	1	54	90	74	78	31	60	52	22	7	89	30	50	20	31	84	91	94	72	45	56	4	56	41	66	31	42	25	39	19	92	81	69	90	33	20	53	86	70	3	39	42	34	48	6	6	
83	7	6	61	1	30	21	17	61	48	7	79	43	30	48	3	24	13	27	1	88	2	92	61	13	90	73	78	38	44	79	27	14	54	81	26	99	54	55	51	48	48	50	17	95	100	5	36	54	84	
12	12	61	89	20	30	47	35	27	59	18	42	83	72	61	48	21	44	32	86	89	99	70	53	39	98	53	36	99	4	92	80	43	59	28	99	23	56	74	87	35	97	11	69	33	71	58	90	11	87	
37	45	12	44	29	99	48	39	87	40	28	29	44	64	24	95	37	4	44	91	41	22	64	66	76	53	57	92	30	55	21	36	20	5	72	57	68	52	88	22	93	14	96	75	9	77	41	86	4	26	
83	75	41	44	15	3	91	23	89	42	3	97	2	91	58	87	72	98	80	2	98	92	83	65	17	43	84	34	62	11	17	40	100	40	14	80	20	11	55	9	70	66	94	45	91	63	100	67	75	19	
100	67	55	58	91	98	12	74	60	28	39	65	32	72	11	4	41	86	45	56	87	45	50	51	16	5	4	79	62	73	2	57	8	89	64	93	72	23	7	47	22	28	4	55	79	98	89	76	54	46	
88	68	26	63	86	21	80	60	42	78	34	80	30	40	33	41	66	34	99	48	41	82	53	80	76	5	56	48	66	52	24	67	82	42	31	1	44	38	88	69	89	14	73	21	95	85	45	18	33	84	
68	85	56	36	30	7	54	49	30	2	34	20	73	85	90	37	83	94	95	6	42	67	10	57	8	75	91	98	63	45	72	7	93	46	5	6	25	7	21	39	42	92	38	55	65	62	10	75	81	81	
22	65	35	67	54	88	39	75	70	74	48	72	20	34	10	48	48	28	5	57	42	38	100	2	84	22	11	86	70	42	47	3	13	97	59	58	54	4	34	6	41	97	8	75	49	58	75	4	51	78	
34	8	65	26	83	67	36	73	65	72	35	89	21	1	64	21	98	5	24	14	34	5	71	41	97	58	63	36	64	33	91	69	69	90	21	94	42	74	15	52	28	62	98	31	64	19	79	96	33	50	
60	45	48	57	84	66	12	51	99	90	73	55	50	55	65	6	24	49	97	60	100	91	48	24	89	47	58	2	71	19	42	11	45	33	57	3	64	26	99	9	26	6	18	88	20	27	69	40	71	12	
38	16	26	9	14	53	69	80	5	96	59	27	94	85	40	32	11	32	52	59	45	17	47	35	37	57	99	18	27	49	41	17	25	83	90	18	64	70	31	36	26	49	71	97	58	42	91	9	31	88	
45	96	86	83	97	90	87	85	94	98	78	69	96	13	91	54	42	16	81	23	2	87	64	11	43	42	95	30	27	43	8	63	99	55	100	45	45	48	45	97	19	76	56	11	82	63	37	73	93	90	
91	86	41	67	83	33	17	18	63	75	59	31	5	4	30	43	14	63	90	53	10	20	96	1	92	62	26	44	33	37	12	19	66	61	42	76	64	67	45	16	14	78	83	81	52	7	8	57	97	28	
68	10	99	82	55	59	12	89	38	46	23	94	22	68	26	74	29	76	11	68	86	70	97	16	74	15	53	20	63	82	65	56	44	89	52	14	35	79	35	31	13	75	18	41	10	91	34	80	60	96	
49	92	7	50	55	45	93	71	79	43	83	93	79	89	18	25	26	48	81	25	78	7	27	50	2	31	14	35	97	59	25	26	20	96	82	67	27	95	82	100	74	29	13	55	46	95	21	16	1	16	
46	3	52	11	39	3	26	66	36	31	70	19	49	22	89	40	93	70	46	74	67	68	50	79	56	19	16	70	20	25	76	53	91	56	64	14	90	82	15	99	31	2	52	94	88	3	42	83	31	47	
42	66	56	52	91	49	72	28	87	37	12	77	72	95	87	67	16	63	6	48	62	36	14	60	89	44	30	52	82	87	93	26	40	31	41	47	51	46	81	13	2	44	26	64	28	81	8	58	5	83	
94	76	31	34	59	4	69	55	99	18	35	18	86	73	60	8	96	59	53	26	59	93	47	66	28	39	5	50	41	91	25	73	44	56	57	2	95	26	27	41	48	12	46	39	23	93	16	10	76	11	
93	99	41	78	55	5	12	23	83	43	78	64	62	12	30	92	42	99	10	2	45	43	66	8	82	17	25	33	20	27	22	37	34	26	18	66	5	90	9	96	64	2	19	18	100	52	8	99	64	38	
52	1	49	26	72	49	28	21	22	74	78	26	56	87	12	20	40	44	20	74	79	7	68	72	72	30	17	24	16	11	66	81	23	80	8	85	21	36	92	21	51	40	90	51	84	25	33	44	16	88	
69	39	18	65	38	98	53	19	89	35	76	73	64	43	85	84	40	38	98	38	99	88	56	92	53	22	93	28	71	15	10	64	65	95	53	47	35	27	87	39	82	68	92	43	44	92	58	48	7	32	
21	86	97	95	91	33	59	35	54	88	73	99	47	26	69	74	45	90	42	9	3	87	63	84	53	97	62	44	18	96	15	40	44	78	53	17	15	100	95	65	22	11	54	15	6	17	86	38	86	98	
61	93	43	97	91	18	27	22	45	70	2	42	18	61	50	72	56	30	98	74	44	60	31	16	2	34	28	70	64	76	2	38	14	32	53	42	21	83	67	19	88	90	2	86	12	21	56	93	12	12	
14	72	83	47	2	38	74	77	9	6	100	100	52	40	46	80	88	36	3	71	10	5	60	77	69	21	40	73	14	29	52	41	49	52	85	29	37	24	96	17	4	37	34	52	27	1	20	90	11	30	
83	45	74	10	97	56	10	26	92	96	5	33	22	100	94	10	20	85	21	36	66	81	25	62	52	100	53	79	20	20	93	13	3	50	59	77	8	1	94	70	100	95	45	20	92	70	48	81	49	72	
20	51	52	43	42	69	86	37	86	98	49	29	11	18	98	5	51	65	69	41	43	12	44	3	83	71	52	35	18	39	34	22	87	58	92	33	84	36	11	83	16	46	32	75	53	11	1	5	16	45	
30	54	40	100	47	78	1	30	11	80	21	97	27	44	54	62	94	30	36	31	50	87	66	72	15	20	13	1	38	24	4	5	9	71	24	69	80	6	12	6	98	94	78	9	79	24	37	80	38	66	
43	9	71	20	91	94	61	27	92	35	31	9	48	44	95	74	93	46	57	98	64	72	65	64	21	65	34	24	35	46	71	22	4	16	85	85	80	91	56	60	99	99	99	87	62	76	47	96	3	44	
38	94	37	64	82	80	89	97	33	83	30	6	15	34	81	84	51	6	54	6	7	86	54	19	54	60	46	31	95	22	66	67	30	58	42	82	39	36	27	73	11	17	88	19	57	87	90	38	71	39	
68	47	39	72	80	57	4	6	79	50	38	90	55	8	82	82	26	92	48	23	90	3	100	17	54	62	59	19	5	90	95	61	7	86	99	87	11	18	53	80	26	91	47	87	96	49	91	83	67	22	
40	36	40	33	25	53	59	21	51	20	61	41	16	81	93	58	52	2	88	44	100	15	34	23	62	53	78	60	98	7	75	65	67	73	47	52	8	68	17	100	32	28	46	81	72	30	76	64	86	89	
60	15	39	20	31	31	93	80	45	1	91	25	95	78	1	32	89	85	65	85	23	15	75	37	10	89	49	70	43	68	9	22	84	53	59	78	31	14	23	11	99	22	1	35	4	82	35	11	51	96	
10	2	55	98	20	91	59	35	76	84	11	97	48	76	23	17	46	51	27	86	2	40	100	60	5	61	11	62	81	12	26	90	49	94	76	92	79	85	57	75	29	87	32	44	50	28	49	5	79	78	
99	72	52	13	65	42	26	54	57	67	72	38	15	10	85	12	29	58	34	65	25	56	27	18	89	64	85	57	44	56	33	72	6	13	66	28	72	84	33	92	20	11	62	93	28	38	17	85	42	67	
37	30	44	14	36	41	99	78	39	42	95	45	80	26	93	65	4	34	53	92	38	78	5	70	25	83	81	95	37	16	25	7	10	30	50	73	68	51	11	70	24	66	97	88	86	7	85	96	1	31	
99	60	100	44	55	86	54	15	98	42	34	86	69	79	47	67	40	48	78	65	7	89	66	12	53	40	12	60	92	91	59	73	60	70	24	46	42	64	63	98	13	77	93	54	52	98	10	93	65	41	
68	30	3	47	17	64	76	96	15	4	5	45	51	64	43	96	58	68	73	74	88	43	64	39	93	53	30	93	33	14	37	43	85	16	45	20	45	9	84	87	46	39	99	70	22	57	12	99	97	22	
88	49	82	62	1	5	8	94	46	8	20	85	25	37	21	23	15	49	40	34	5	86	52	37	33	91	84	61	91	29	80	43	57	86	22	69	79	93	8	64	23	99	44	15	55	91	14	77	26	39	
14	29	72	4	78	49	46	48	22	35	59	25	94	94	87	48	3	78	61	57	59	28	68	38	50	62	11	65	46	28	25	57	97	85	28	91	60	2	61	94	91	87	54	17	68	67	15	60	41	7	
20	92	21	26	70	11	53	38	36	7	47	55	90	38	40	94	24	36	32	1	84	97	15	81	74	22	79	78	10	11	72	74	33	32	50	74	2	17	38	6	29	55	88	63	33	77	13	51	18	67	
21	25	5	38	90	28	71	47	47	70	77	56	52	99	89	49	97	66	20	70	60	78	48	34	90	84	98	35	10	52	75	52	54	32	94	12	81	95	57	87	39	12	52	12	59	3	82	56	9	73	
60	97	45	22	10	60	16	74	65	38	41	93	70	96	47	53	7	30	23	98	2	28	66	1	3	61	89	9	15	3	28	41	45	39	88	53	86	37	75	20	41	73	39	74	84	46	16	1	80	15	
24	3	33	43	87	59	32	50	59	42	99	80	91	92	78	54	56	41	8	59	23	32	72	95	57	94	7	86	71	60	34	4	59	32	35	95	2	37	73	88	8	28	50	17	30	28	44	9	85	7	
66	8	59	47	32	21	68	56	35	39	16	95	71	50	75	55	52	37	60	9	95	49	94	95	97	80	72	25	14	91	83	21	7	55	28	31	30	31	64	64	74	68	53	44	77	19	89	94	82	9	
54	79	96	72	94	73	72	78	42	34	39	95	26	7	34	62	22	73	9	70	59	21	36	74	76	24	21	91	89	25	87	42	23	76	11	58	8	91	18	56	58	86	55	35	62	41	10	79	76	91	
41	49	87	36	43	99	77	28	54	59	32	72	80	54	49	55	4	75	55	82	83	100	32	87	79	36	9	49	55	43	72	30	35	39	2	16	22	22	43	25	10	31	45	13	38	55	61	99	74	52	
73	81	26	34	75	20	12	39	54	8	48	82	36	59	31	80	79	70	10	61	55	61	6	30	28	77	91	41	35	16	53	84	23	22	11	22	90	43	36	97	57	50	25	14	40	76	100	71	13	11	
51	75	89	58	41	93	49	44	30	99	89	41	5	30	84	44	12	65	78	92	19	79	47	54	79	45	1	3	49	79	17	51	97	61	19	15	99	69	47	46	2	4	89	37	27	11	57	84	9	5	
32	80	9	68	21	54	61	69	82	93	17	33	29	5	8	55	12	9	44	22	31	68	13	21	44	92	49	14	62	83	90	24	44	95	37	59	50	34	81	71	91	20	74	27	3	88	51	31	30	90	
25	31	80	43	25	3	10	21	33	91	39	82	53	40	99	3	19	63	73	30	6	23	81	89	24	19	16	18	1	4	33	89	73	89	45	60	60	94	89	66	75	56	52	26	2	12	78	46	52	4	
100	29	61	88	50	30	5	30	63	14	41	28	73	9	2	2	45	55	96	25	25	94	3	88	79	58	48	38	57	42	16	22	11	71	29	17	42	98	86	46	62	97	63	94	99	33	8	91	71	19	
71	16	11	1	77	29	24	26	11	55	8	87	74	68	58	46	50	51	46	77	69	17	49	90	66	33	56	20	70	90	84	94	79	78	83	7	93	86	9	77	20	38	97	52	72	10	61	96	23	19	
97	76	90	57	83	15	55	17	84	3	51	48	15	72	72	9	23	61	77	31	76	61	9	3	87	85	39	28	11	16	4	39	74	32	17	43	39	99	46	54	16	96	97	28	66	97	60	98	59	38	
88	99	87	29	22	3	35	12	85	17	70	50	7	19	3	7	51	20	17	67	60	94	83	85	34	6	7	67	10	21	64	37	18	88	26	34	10	32	94	33	6	86	70	95	3	55	53	90	25	91	
34	50	27	23	11	36	73	74	81	28	50	44	55	86	94	62	96	30	32	21	11	27	78	58	13	99	22	33	41	97	6	27	29	77	86	69	20	89	9	37	1	79	62	24	95	40	71	48	21	74	
55	43	31	47	62	69	71	64	53	27	27	71	94	64	60	79	81	97	26	62	17	13	49	72	88	3	94	80	42	37	45	21	53	6	92	25	100	71	87	39	39	3	18	81	20	98	8	90	68	11	
41	51	56	36	78	9	26	15	6	11	31	85	32	32	8	61	28	69	17	30	75	29	84	11	65	22	50	93	70	44	5	57	71	24	69	52	11	43	34	83	28	69	92	11	66	67	11	96	68	63	
22	23	17	88	50	95	66	15	81	74	68	78	64	15	18	31	79	24	42	81	27	18	7	14	16	99	53	88	60	37	38	67	6	45	68	22	53	84	61	10	44	33	41	30	20	10	80	95	96	26	
34	79	77	21	32	32	24	96	18	58	60	53	56	19	43	2	52	89	72	100	40	83	2	24	50	39	59	1	50	17	8	47	23	45	14	80	39	37	72	13	6	43	26	48	39	33	89	17	62	98	
41	51	34	33	52	65	75	45	72	89	14	73	90	92	12	41	27	75	6	69	47	27	83	10	78	66	96	99	86	24	65	10	51	35	23	91	22	40	17	93	60	12	57	18	97	77	77	77	62	74	
62	94	69	77	36	28	45	92	35	83	53	73	93	39	52	40	29	11	75	94	97	25	32	50	56	82	67	34	62	17	23	32	76	6	92	67	71	64	66	49	55	30	98	28	54	47	53	42	21	73	
5	40	58	88	3	19	87	71	24	9	83	75	71	96	65	25	2	65	14	93	84	97	53	60	8	66	23	51	19	5	13	87	40	51	61	28	98	75	17	69	70	61	26	19	25	1	91	96	17	3	
13	86	53	39	22	69	54	79	45	17	73	85	65	87	40	67	88	95	47	15	12	35	94	64	47	66	64	70	61	92	90	76	35	17	32	13	49	31	89	72	36	65	96	25	81	33	97	91	43	39	
89	72	31	8	65	6	72	85	22	17	27	14	5	45	68	64	91	99	15	95	50	66	84	64	27	57	12	15	39	89	47	12	73	20	30	98	36	89	98	98	92	43	87	86	79	34	20	4	5	15	
99	88	56	94	46	37	64	4	53	45	23	94	45	67	54	71	58	97	44	28	92	77	25	41	84	62	62	31	19	16	58	18	74	13	9	5	47	56	61	75	44	64	42	100	99	59	93	78	62	70	
5	54	91	47	29	88	6	21	37	88	14	81	42	5	8	48	95	60	87	48	29	70	72	41	19	66	93	46	62	31	83	60	23	10	3	83	71	56	88	67	21	22	75	82	57	10	64	51	81	35	
32	88	41	78	67	68	11	15	32	84	40	59	56	87	80	55	7	12	74	3	7	34	61	13	89	2	9	7	3	53	17	21	21	5	23	77	7	67	10	36	40	35	11	32	14	46	44	60	49	14	
22	74	88	80	39	5	68	27	14	11	78	65	37	21	62	78	61	34	13	85	37	80	62	59	72	58	84	9	64	13	49	19	53	8	1	90	69	7	40	44	96	73	39	71	56	54	35	39	100	5	
52	94	48	61	63	19	22	83	87	27	74	13	97	9	65	30	61	77	98	91	56	42	84	85	30	34	75	53	87	70	40	34	38	96	31	61	27	80	73	93	42	23	87	74	50	18	13	54	27	79	
7	94	87	10	17	78	93	92	74	63	39	5	41	56	27	17	8	21	62	8	42	14	62	1	4	26	38	30	12	83	6	61	7	17	23	42	42	21	62	62	19	45	80	31	20	94	24	10	33	51	
93	69	53	10	54	39	4	10	62	82	31	11	48	14	44	25	75	29	14	24	69	36	56	73	70	85	52	61	76	56	93	21	66	34	41	83	23	93	51	83	91	64	100	19	49	56	97	45	76	68	
93	32	40	81	16	37	39	57	70	56	77	60	7	68	48	74	45	77	67	93	93	16	67	13	5	78	51	33	76	72	77	53	51	34	96	42	12	38	88	86	65	71	66	56	27	92	26	59	16	72	
80	50	58	93	99	23	92	47	40	16	25	61	49	85	64	56	54	43	39	94	89	65	84	86	29	3	40	55	7	64	8	89	52	47	58	14	68	36	61	77	49	2	21	35	86	61	18	61	26	80	
77	35	82	38	34	67	94	87	63	88	19	65	88	88	67	46	90	90	27	45	73	4	54	16	74	77	1	84	7	55	20	28	87	5	78	99	78	74	36	21	47	81	9	38	27	66	6	85	30	48	
97	99	47	55	79	8	25	38	25	56	31	81	39	40	13	65	60	97	40	53	76	45	75	90	46	63	4	62	45	79	39	30	70	93	57	47	92	57	51	29	13	80	100	19	80	42	82	87	80	28	
98	38	80	24	65	37	19	18	9	52	53	19	61	91	9	78	37	86	6	67	58	30	38	64	29	92	37	40	5	57	60	44	90	56	59	50	66	5	36	86	36	52	97	72	22	99	45	54	80	64	
79	67	89	80	94	15	45	60	99	13	73	77	94	46	11	19	68	42	60	42	25	49	89	16	38	84	32	38	82	73	33	66	15	16	15	85	95	41	79	23	50	21	62	62	44	87	13	31	10	46	
61	61	38	93	79	39	34	74	81	4	93	39	4	64	64	97	44	15	77	53	71	17	69	97	31	41	43	71	9	83	31	35	18	38	43	4	25	53	35	41	46	10	22	8	57	19	21	20	15	3	
94	63	69	22	30	52	21	57	96	55	67	56	24	5	11	14	31	70	55	30	89	59	82	80	83	87	16	81	25	23	100	47	21	85	29	53	4	73	55	69	76	47	12	21	25	84	54	94	12	80	
2	82	40	77	32	53	60	35	60	91	61	68	3	8	53	34	15	66	56	24	42	46	29	5	31	36	19	22	93	45	16	25	10	58	24	24	18	84	7	60	29	77	60	47	63	11	8	26	98	55	
47	45	69	75	68	42	63	50	33	97	7	2	95	98	29	47	75	2	45	39	50	26	17	56	98	74	49	48	20	81	58	55	31	53	10	55	78	19	11	100	40	16	8	60	20	92	16	79	22	93	
4	100	83	46	78	35	95	94	65	71	46	18	80	38	62	43	19	99	15	50	30	11	60	8	39	80	82	5	39	19	89	52	65	63	71	84	25	11	19	77	48	98	64	58	61	16	85	84	36	36	
5	2	38	100	56	33	80	87	95	32	70	75	94	13	83	37	52	56	27	67	81	18	65	11	69	25	3	39	41	22	80	6	44	90	7	70	39	74	40	71	89	73	91	91	52	87	94	46	30	31	
11	78	37	40	20	56	81	43	17	98	69	81	55	66	97	85	68	16	61	43	63	84	17	27	91	53	73	60	20	28	83	29	62	7	92	93	45	44	35	38	20	22	100	61	48	86	1	6	10	19	
25	77	23	43	53	98	69	84	62	94	63	34	56	19	24	6	91	53	9	48	91	38	38	78	63	38	28	49	63	25	81	51	74	41	31	30	89	88	28	45	20	30	9	31	67	26	96	15	29	22	
11	7	27	73	7	74	80	65	47	53	61	65	85	74	100	26	27	89	40	3	82	40	42	84	26	99	4	22	37	66	43	29	85	22	41	72	67	56	70	71	40	10	41	2	84	35	39	48	86	30	
38	49	51	9	19	48	65	31	23	34	65	77	17	31	96	61	52	70	68	9	47	63	25	47	22	63	98	76	72	52	15	27	38	34	64	31	37	91	61	35	54	40	52	56	80	8	43	52	100	98	
67	58	19	23	2	3	92	24	7	22	25	9	54	16	15	69	57	25	79	61	31	35	93	68	31	1	7	71	58	92	45	94	30	65	91	10	55	33	9	16	44	91	70	15	75	99	62	63	74	49	
22	78	74	65	10	98	91	99	16	54	4	38	65	94	30	34	62	61	49	5	2	21	5	89	25	93	85	41	97	31	67	1	37	42	72	77	44	63	81	24	74	19	78	13	62	37	47	5	28	86	
34	1	70	70	41	11	53	95	22	73	52	87	95	16	92	30	92	34	4	46	5	42	89	55	11	3	57	63	70	60	79	76	41	17	82	49	60	41	60	97	57	88	85	47	27	69	50	91	81	16	
69	82	28	6	17	77	64	60	88	14	95	18	100	96	86	65	79	92	31	53	1	2	94	43	72	28	37	74	70	57	71	13	90	59	69	59	60	26	34	97	19	33	26	38	72	86	65	68	69	89	
78	7	73	40	70	60	8	49	9	85	4	31	75	34	86	13	7	31	64	70	49	94	31	65	77	17	72	67	58	65	34	77	84	56	21	68	54	26	11	31	34	94	3	96	90	99	48	36	81	45	
19	5	69	93	24	56	66	92	70	34	30	8	23	48	89	41	33	68	50	89	17	97	10	33	9	10	95	42	36	68	83	10	62	51	89	2	22	55	21	39	35	57	24	66	59	43	91	89	45	50	
91	65	83	70	43	71	63	7	52	11	82	3	66	25	77	56	36	92	67	12	78	73	28	85	71	17	31	56	48	20	35	51	48	30	88	76	50	18	99	100	7	71	87	84	40	77	89	96	68	97	
22	76	79	48	5	43	82	57	3	33	73	42	28	32	19	27	28	41	50	22	48	77	87	97	23	9	74	45	73	69	78	16	69	2	77	57	21	32	50	95	5	71	37	50	96	83	40	63	23	94	
76	72	34	2	4	81	32	24	92	94	44	5	92	13	11	43	30	32	24	31	54	54	40	17	71	31	54	20	77	7	11	65	63	93	79	16	50	27	27	30	79	78	69	58	66	16	74	55	5	45	
56	93	52	70	80	72	62	59	62	86	28	93	50	86	59	53	98	37	2	55	89	76	75	43	53	7	93	14	100	96	75	5	56	50	88	96	68	88	55	97	27	49	27	21	20	90	16	54	4	59	
19	97	72	65	81	22	53	60	95	64	54	25	25	62	59	9	87	95	17	67	52	100	1	4	37	52	20	11	96	42	2	54	43	1	99	50	52	37	66	52	29	86	21	1	43	4	94	55	58	47	
11	64	16	8	80	75	58	12	69	86	68	98	95	69	98	28	64	39	4	99	38	41	85	62	5	88	28	59	84	47	91	46	3	85	65	53	8	8	19	93	9	54	9	46	79	27	93	54	30	86	
9	10	58	16	83	39	31	49	86	93	52	25	61	99	18	89	75	54	70	80	84	49	100	52	3	46	49	30	18	67	32	2	98	57	61	89	80	31	46	49	30	12	10	100	24	26	50	85	80	21	
100	93	49	98	21	23	43	98	90	54	45	71	75	46	59	21	29	1	62	12	15	54	82	60	71	65	20	64	63	33	73	52	77	74	44	24	74	9	29	41	88	53	31	83	33	29	37	69	86	18	
50	22	24	34	70	21	41	85	71	62	92	46	4	33	24	79	29	73	81	54	69	54	19	58	14	36	51	16	37	57	5	34	97	65	79	58	33	17	19	4	83	84	44	88	80	42	9	89	1	55	
83	3	80	53	59	75	17	74	45	20	21	31	1	68	90	9	9	98	14	12	3	43	44	7	92	74	67	44	47	11	85	47	42	4	86	96	76	88	44	57	1	9	8	26	36	66	47	86	58	26	
67	5	85	98	23	22	84	73	88	92	97	81	43	85	40	7	17	77	35	56	81	60	74	100	74	67	17	2	20	91	96	18	51	36	52	42	76	36	36	2	25	31	63	60	68	75	80	60	13	31	
96	17	99	69	92	63	56	65	97	74	93	85	10	49	36	84	85	25	39	69	34	32	16	92	97	35	85	82	85	16	21	31	13	82	52	87	50	18	47	23	73	8	84	91	7	97	97	68	64	73	
30	54	35	85	58	98	92	21	53	39	98	29	97	91	37	43	73	29	16	40	96	33	89	58	43	99	17	42	19	44	61	90	52	39	66	34	7	59	91	58	64	39	82	53	2	61	15	64	83	26	
27	51	12	73	32	2	53	60	87	63	92	9	45	55	90	87	25	4	73	75	78	13	42	43	21	46	9	33	86	90	82	21	91	27	62	15	37	46	30	91	87	45	17	98	78	24	12	73	80	71	
29	35	85	82	45	73	20	65	95	36	87	38	54	73	86	96	70	15	82	22	21	71	7	70	1	85	21	29	67	87	68	65	1	16	89	83	62	18	3	71	47	39	51	5	67	54	60	37	18	21	
91	89	10	46	55	24	60	84	28	80	90	34	98	64	75	84	12	65	16	28	14	24	58	50	3	64	69	50	32	80	46	70	34	32	9	23	61	95	15	47	47	62	97	31	49	100	96	98	20	100	
63	19	19	87	30	15	67	63	95	60	90	7	51	87	27	63	66	76	77	70	98	65	25	38	86	12	70	55	64	100	27	90	90	71	3	25	74	22	60	28	58	1	94	52	88	86	28	20	60	41	
71	41	47	70	2	46	39	23	80	64	40	26	90	60	20	27	72	4	7	95	94	62	58	100	74	100	72	72	44	70	5	19	37	98	10	30	12	2	21	23	70	13	40	98	12	64	7	95	52	92	
53	98	79	42	75	99	29	88	72	36	25	2	45	73	83	36	39	54	87	98	79	88	98	39	39	28	42	82	36	47	89	57	47	34	17	24	72	55	28	3	18	62	68	36	60	34	43	49	98	91	
53	3	43	6	95	32	69	19	74	21	29	19	50	70	29	46	7	41	98	38	14	86	97	18	14	16	59	94	67	34	56	26	32	61	28	80	62	32	23	59	47	13	37	10	21	4	48	14	45	99	
80	34	96	29	52	66	50	13	87	10	28	88	91	87	41	94	27	26	71	30	47	29	44	18	45	84	10	32	60	60	18	85	32	41	56	73	87	53	8	25	21	3	18	12	88	37	91	1	20	75	
61	72	47	97	97	22	72	70	45	30	30	43	12	60	48	72	45	14	61	19	65	77	70	58	50	6	40	80	90	56	69	72	45	52	89	21	80	37	69	59	73	74	31	62	8	61	6	53	85	98	
92	90	44	19	77	24	57	74	49	61	41	11	18	76	4	17	94	47	12	4	20	8	63	44	41	53	80	4	67	26	68	21	56	83	12	30	16	14	93	18	23	60	42	93	93	59	91	65	41	10	
61	87	40	37	4	18	50	94	99	80	75	45	55	35	87	1	84	13	95	6	30	46	80	99	87	8	5	10	28	47	69	36	36	80	79	30	3	80	52	100	31	56	55	80	81	38	75	41	18	98	
56	40	64	65	44	39	63	35	46	28	8	64	71	38	95	1	20	35	90	11	51	26	38	77	17	14	47	85	70	84	18	43	71	23	8	84	47	78	55	33	93	29	95	68	1	18	39	95	78	65	
15	98	58	66	76	64	53	43	28	78	79	4	32	33	48	23	97	13	29	56	43	36	2	42	21	66	71	70	14	35	99	97	47	25	93	53	98	13	37	79	66	72	67	61	57	76	25	74	85	64	
39	48	1	54	16	11	90	13	48	74	13	19	66	70	77	82	82	59	50	100	28	47	75	76	56	6	31	10	75	74	49	51	31	73	99	75	59	92	76	16	60	99	73	73	91	90	14	56	60	94	
76	75	64	87	40	47	27	79	39	99	2	83	83	89	71	85	2	63	36	57	25	36	90	5	78	47	20	24	90	40	69	9	12	64	71	52	16	97	17	9	13	32	44	29	4	95	29	79	71	58	
38	92	49	83	81	40	56	22	33	7	55	27	61	94	93	72	53	10	27	85	24	12	28	27	71	1	48	88	84	88	62	77	38	96	36	20	32	42	79	100	41	34	81	9	92	75	47	79	99	41	
68	26	100	96	5	26	87	51	70	87	23	87	26	14	90	82	38	60	2	35	67	15	89	66	60	83	29	21	98	41	81	42	5	85	58	57	10	98	27	99	49	13	42	85	9	38	32	78	84	69	
6	37	84	23	54	28	3	46	46	38	65	93	54	22	73	77	67	78	56	41	61	27	80	91	43	35	53	97	85	27	67	65	17	51	38	9	48	10	43	97	24	71	62	43	54	6	79	72	54	36	
100	77	90	79	82	44	36	26	96	14	53	82	55	16	66	70	86	85	12	64	32	36	53	5	99	79	3	30	99	88	4	91	43	56	49	67	92	98	41	86	70	88	23	16	84	43	44	78	27	89	
23	7	43	65	30	63	82	63	1	46	79	96	60	96	33	53	6	64	69	81	82	85	3	95	63	10	61	17	95	45	7	83	90	20	70	88	59	8	11	35	36	22	38	20	24	93	65	71	59	8	
89	23	94	30	17	90	26	64	64	61	26	32	15	60	54	49	26	10	55	41	81	12	76	35	61	32	53	12	75	39	42	2	54	55	18	65	32	100	46	89	39	52	98	90	88	36	89	3	44	37	
36	3	84	86	72	81	8	60	63	71	47	13	22	12	80	8	5	77	60	33	42	12	4	14	31	56	8	56	3	55	79	78	33	75	6	27	58	68	5	80	30	79	11	75	95	69	8	17	11	91	
11	71	13	71	48	28	4	59	100	90	35	43	5	42	80	74	28	80	52	18	51	22	84	34	40	33	95	66	97	17	2	68	90	72	44	23	29	21	53	15	37	35	59	68	17	41	23	59	28	67	
52	66	14	65	17	22	55	24	85	63	27	45	50	13	95	74	100	34	75	75	71	31	36	15	79	95	31	87	13	26	78	89	41	64	35	43	74	17	20	8	62	81	98	41	37	65	22	87	30	87	
87	24	10	1	60	79	35	54	81	95	10	12	46	19	86	75	20	37	63	86	45	75	56	8	32	44	51	7	62	2	66	79	33	51	79	9	16	5	98	40	23	81	80	92	94	12	33	78	52	84	
45	81	86	39	29	94	67	96	88	56	99	82	23	20	52	93	46	29	58	97	72	8	34	63	1	79	81	94	15	66	78	70	42	45	43	43	77	54	67	40	53	73	15	71	98	35	56	37	34	23	
83	82	92	82	9	59	54	28	60	72	44	45	19	34	33	10	64	53	29	66	12	21	58	55	85	87	71	61	24	21	27	43	37	20	30	47	65	91	31	30	80	27	17	35	66	65	54	96	38	66	
44	74	4	87	22	38	82	24	6	52	6	37	66	27	7	91	88	53	39	80	30	17	86	18	15	72	80	5	1	14	3	1	19	85	66	84	74	99	72	56	47	74	24	27	49	6	29	6	1	14	
89	51	59	59	16	80	98	3	91	47	24	63	42	8	77	68	39	63	48	53	17	29	25	9	69	85	32	99	81	1	37	7	91	28	30	65	6	24	13	93	2	34	35	29	81	60	81	61	86	74	
88	53	75	68	49	50	3	55	28	12	90	39	96	76	45	39	68	85	86	38	87	17	82	64	2	91	93	59	21	61	91	70	46	92	98	76	15	8	57	35	11	43	25	8	14	26	68	13	1	5	
81	87	30	66	76	84	49	15	96	31	23	31	57	6	80	3	35	29	100	3	34	72	9	76	2	25	55	27	98	78	68	53	12	12	37	46	95	93	60	55	53	32	45	100	7	38	56	57	29	83	
63	75	6	68	10	87	83	32	20	14	94	68	13	93	95	30	83	75	21	42	78	56	73	41	77	57	85	22	50	63	19	68	47	74	16	74	60	39	72	98	41	84	37	15	92	32	41	37	27	87	
8	33	100	51	11	66	43	60	57	18	44	72	39	93	78	64	77	92	60	86	23	19	83	2	24	53	64	12	57	3	12	29	80	20	85	63	64	40	100	26	5	86	28	72	18	40	65	25	72	78	
73	69	31	16	43	91	76	20	99	16	45	75	63	61	28	9	46	3	79	25	37	40	36	89	99	90	80	72	97	51	56	37	16	19	40	38	53	44	32	53	74	67	2	78	86	60	18	57	56	71	
44	6	75	49	74	90	64	93	46	24	49	49	52	28	67	55	36	60	74	15	54	92	74	26	21	12	73	15	84	71	46	57	95	98	70	65	66	54	37	85	31	12	79	39	54	60	59	88	53	84	
5	23	22	76	90	92	90	54	96	28	30	13	4	39	12	40	10	63	76	49	38	13	45	25	25	58	28	93	85	15	68	39	73	50	37	51	24	5	92	58	11	18	31	94	77	86	22	100	13	83	
92	42	97	59	95	30	10	55	8	40	95	24	5	79	42	42	20	58	83	43	6	54	57	16	33	77	67	53	95	69	35	29	18	3	52	46	82	72	39	93	100	66	96	90	34	86	4	12	13	44	
84	23	5	49	56	67	50	78	36	88	48	68	61	69	84	4	46	36	2	70	100	51	79	86	54	80	67	67	88	33	78	56	51	1	59	27	13	32	68	62	4	24	42	43	9	34	34	18	32	30	
46	20	64	19	92	67	93	46	65	58	54	45	97	43	13	74	32	47	14	84	44	47	49	85	85	67	32	21	38	19	72	68	3	96	85	4	54	27	93	34	31	18	96	50	73	56	13	75	84	45	
29	10	4	3	5	85	29	40	14	90	82	84	33	29	54	49	99	26	51	38	94	75	17	37	39	16	28	46	95	78	70	36	12	13	44	52	65	25	71	87	73	65	75	90	92	30	78	3	25	17	
42	20	92	90	18	28	41	75	6	67	16	96	40	8	98	9	33	65	81	97	55	61	58	33	45	17	32	30	47	62	66	27	53	48	42	92	73	33	95	20	70	73	39	79	41	28	6	27	6	67	
59	81	70	40	52	48	40	46	45	24	31	6	6	18	81	47	57	78	70	17	24	11	5	22	33	20	13	38	36	11	72	34	68	46	47	31	72	25	30	58	30	47	91	91	14	64	95	92	6	39	
39	76	87	72	14	72	77	47	93	58	74	20	9	93	31	50	68	66	65	45	4	38	96	73	88	49	39	57	32	12	18	51	58	30	72	91	21	82	59	30	12	84	85	26	64	23	29	40	55	4	
14	53	72	72	57	17	76	89	15	100	1	87	79	82	47	26	3	18	72	14	70	76	97	88	21	15	57	54	4	54	79	30	32	56	63	46	36	31	5	97	58	12	81	48	32	88	74	37	36	68	
31	30	15	33	71	19	12	87	77	68	51	16	53	55	66	27	28	49	64	5	19	36	67	26	21	78	79	13	52	64	58	23	85	96	2	86	51	3	75	56	82	100	28	41	40	19	97	4	37	72	
79	71	59	43	24	87	40	11	79	92	39	34	91	24	38	77	48	60	50	41	8	52	2	34	46	33	43	86	36	86	81	5	29	98	61	36	93	55	27	33	49	48	37	99	88	81	16	40	80	20	
77	14	91	16	38	6	78	84	14	47	30	38	71	44	67	95	54	5	22	7	43	81	64	93	96	40	38	64	67	55	30	69	34	75	89	5	58	6	51	76	49	22	56	90	39	81	55	9	66	19	
42	29	19	45	58	28	8	63	59	10	56	92	40	49	22	57	48	89	4	72	53	80	89	55	26	33	37	15	63	28	18	24	64	25	54	65	20	44	14	2	4	19	71	25	57	41	33	68	98	54	
87	97	28	56	22	17	83	26	36	42	70	77	27	40	85	11	20	34	99	20	97	14	59	53	18	25	39	66	58	92	51	97	87	23	78	53	79	5	5	88	30	63	59	21	5	67	84	19	58	94	
1	25	87	88	40	43	26	70	50	84	81	93	2	33	56	45	63	7	37	45	100	5	30	79	25	65	59	79	22	92	79	42	90	15	59	35	100	78	43	35	62	92	83	7	29	87	15	9	2	48	
19	87	11	26	70	92	69	51	92	27	43	90	65	24	88	38	34	95	22	16	36	100	55	29	38	49	92	100	58	13	70	90	94	9	13	65	3	7	99	61	3	39	74	86	69	39	74	29	78	33	
23	78	93	45	17	70	18	10	35	28	45	5	100	39	74	15	15	97	3	29	33	16	85	20	26	66	14	37	87	13	100	42	51	46	25	50	45	33	89	59	84	40	10	86	84	90	19	35	56	66	
64	66	95	77	25	51	91	33	91	19	21	3	59	41	89	69	60	99	40	71	12	39	49	18	55	10	71	24	32	27	11	76	100	27	17	44	10	89	44	100	64	38	29	3	54	75	53	61	47	78	
14	78	43	72	21	59	55	79	69	16	62	75	86	96	46	23	39	54	17	68	44	97	66	99	22	4	33	17	89	96	56	72	87	88	35	55	75	76	51	49	41	25	4	88	19	60	57	65	10	84	
21	100	33	67	1	59	69	88	89	64	79	17	77	69	86	72	35	61	69	93	60	28	10	3	98	4	84	66	7	67	85	52	93	72	33	69	44	24	96	24	58	43	35	26	21	58	44	41	85	42	
42	49	64	73	57	90	29	86	84	75	93	45	28	13	97	47	51	72	38	55	88	71	24	4	5	94	19	31	5	46	24	24	19	99	18	96	20	13	27	25	58	13	31	15	11	62	94	65	79	62	
99	62	87	78	15	27	66	53	21	81	19	75	85	11	5	9	47	57	95	90	69	36	76	69	55	95	12	31	41	45	87	40	11	8	93	81	4	16	32	99	98	1	44	56	96	84	90	60	46	69	
36	29	76	64	41	98	24	6	18	95	88	79	30	18	29	7	63	7	10	2	46	93	43	86	46	58	81	100	43	50	80	99	55	25	13	77	90	17	14	69	25	64	82	37	48	24	80	25	13	71	
97	44	87	60	67	35	99	86	59	91	21	87	86	62	21	62	93	72	90	8	21	7	35	90	64	66	61	1	58	78	16	78	75	26	63	90	3	46	85	86	45	68	60	94	70	25	61	15	73	72	
45	18	64	45	58	63	72	90	72	2	31	35	5	22	98	60	19	34	2	20	92	41	49	17	80	10	7	10	60	47	55	26	87	55	79	8	14	11	39	8	68	99	35	18	66	83	66	82	31	11	
39	58	18	77	76	1	85	87	45	86	62	10	87	10	86	95	26	25	27	3	91	97	18	75	77	96	49	35	25	57	7	2	6	64	68	55	26	60	59	91	1	76	66	44	62	27	40	75	82	24	
33	45	53	9	75	29	34	95	56	38	66	76	88	50	17	43	54	76	94	10	72	100	61	55	32	80	17	5	83	98	46	37	72	84	42	74	72	72	53	89	51	41	24	56	50	67	5	1	99	83	
73	44	75	11	85	49	76	38	38	2	80	30	38	96	94	6	72	97	29	30	53	4	53	83	80	42	98	25	25	47	29	53	48	31	1	29	98	34	73	25	53	97	31	1	95	35	56	34	53	63	
45	43	21	19	42	93	62	3	74	61	51	91	81	7	1	18	68	79	1	39	53	39	35	2	66	6	79	89	25	31	88	29	3	66	16	63	52	86	40	37	50	78	77	43	100	2	9	26	76	95	
61	46	7	67	5	50	49	3	69	97	72	1	77	31	71	67	66	18	77	69	33	68	32	40	20	18	36	36	44	54	6	29	17	85	82	83	27	3	79	15	64	95	79	85	16	82	97	27	71	16	
69	37	3	45	57	76	15	28	51	43	74	78	25	44	79	41	84	52	12	51	84	29	87	25	34	63	94	71	12	45	1	42	38	74	58	46	97	82	16	91	11	99	62	51	81	20	26	49	76	28	
16	8	27	94	76	28	33	54	97	63	31	29	94	32	50	54	51	73	57	14	100	23	91	19	66	1	4	47	8	95	80	54	38	16	3	27	95	47	81	19	6	100	52	5	60	72	30	37	79	56	
73	95	64	45	76	56	40	32	8	34	45	18	73	61	25	43	42	5	24	29	91	53	97	100	55	11	81	3	61	76	89	53	15	9	24	76	55	1	32	28	91	100	28	8	93	70	69	83	3	71	
64	18	80	95	42	59	3	99	6	15	83	11	67	45	85	7	16	38	28	86	87	47	31	80	17	5	33	91	6	58	81	33	39	63	78	20	7	49	41	37	57	49	96	71	49	43	18	4	99	57	
1	82	44	22	90	24	43	3	47	23	18	16	2	61	90	14	20	43	55	16	99	5	25	1	55	75	14	83	84	76	50	56	88	98	37	67	15	93	8	47	45	54	33	32	27	91	81	22	50	17	
43	88	87	97	71	14	74	30	88	27	81	66	67	63	12	83	98	68	32	64	84	32	94	60	24	5	47	21	94	39	17	37	24	63	1	24	28	86	24	32	40	64	45	80	67	7	3	23	52	91	
52	29	12	7	20	9	8	64	87	15	32	20	82	33	46	22	17	7	97	66	37	69	87	11	42	88	90	17	99	47	19	77	69	93	6	69	6	54	49	62	6	99	20	20	10	78	52	17	95	83	
50	53	98	13	90	10	71	25	94	25	45	19	15	43	59	74	46	71	94	41	55	81	94	66	1	98	77	82	81	81	77	5	32	98	54	29	54	29	64	89	59	65	94	44	51	84	81	5	88	15	
84	3	80	28	75	71	39	12	65	93	68	21	90	36	54	6	7	70	31	65	87	43	83	71	9	66	35	71	78	35	53	53	31	61	24	36	4	33	20	22	64	100	40	20	42	57	1	30	18	77	
19	38	37	12	87	79	57	69	69	51	73	23	35	93	52	28	32	65	72	35	48	91	72	31	24	40	23	60	26	77	6	82	59	99	44	87	11	28	17	73	48	48	75	45	99	90	17	4	92	3	
1	25	48	82	94	52	39	18	9	52	53	5	48	4	39	21	73	23	14	56	72	40	68	63	73	91	79	54	59	78	40	64	44	15	66	61	46	69	100	67	54	55	77	22	77	53	91	7	19	38	
79	5	15	71	14	73	42	64	78	44	65	29	58	86	91	80	68	94	46	26	18	79	100	5	61	91	86	26	95	86	11	16	5	17	46	3	71	32	36	81	72	72	80	25	69	37	60	60	39	49	
26	7	99	20	69	51	42	23	25	12	73	11	12	3	14	37	74	16	16	69	96	75	7	2	10	22	47	10	6	59	88	98	22	34	44	34	65	56	25	83	2	86	95	65	16	9	49	10	15	27	
25	92	41	89	97	48	15	67	6	25	15	45	39	10	80	70	49	40	77	99	84	85	81	13	73	55	49	10	69	83	92	92	65	85	78	85	28	77	16	93	10	27	5	49	40	59	50	16	6	36	
75	70	67	98	87	48	69	15	74	45	59	6	37	6	2	6	93	36	56	7	88	26	64	90	28	68	60	21	95	10	3	95	14	76	89	40	1	34	86	8	83	16	20	28	90	4	96	93	55	30	
9	7	68	77	22	13	69	62	84	70	82	33	22	66	30	36	36	82	61	4	74	21	1	91	76	1	97	59	1	58	19	68	82	98	49	50	80	22	45	54	22	84	88	3	41	77	41	84	67	44	
65	79	30	68	87	1	69	80	13	85	67	92	19	67	42	54	80	34	83	70	5	33	2	43	96	75	33	29	51	69	7	1	67	71	92	89	34	41	64	18	2	32	41	60	75	56	27	97	71	11	
18	35	34	52	73	28	99	48	65	2	43	52	55	78	80	78	49	53	65	71	43	74	33	92	64	5	87	80	45	4	88	49	19	24	47	26	3	22	95	55	3	52	86	9	78	51	73	90	30	53	
37	13	12	4	87	93	72	47	40	96	73	3	56	6	65	68	92	36	82	7	92	71	4	13	31	30	14	48	75	84	12	9	41	55	94	69	48	6	96	82	100	77	61	71	55	31	80	26	51	26	
19	70	6	10	24	92	10	20	72	49	72	27	18	69	99	48	34	29	10	37	64	81	17	8	25	41	26	60	34	84	38	5	44	97	59	24	12	76	40	97	31	85	7	75	14	6	67	8	98	49	
77	35	98	94	25	91	56	92	66	17	42	54	100	45	9	78	82	4	12	28	19	93	39	39	82	73	14	21	33	15	71	92	56	84	16	46	37	40	12	60	32	18	63	73	16	83	82	3	14	82	
66	85	30	54	16	46	57	56	74	40	19	13	58	24	67	10	30	40	53	82	23	30	35	66	3	8	100	19	55	63	100	26	8	64	37	41	52	90	48	46	98	16	78	8	85	13	34	77	49	55	
53	61	89	37	48	54	14	49	97	19	39	51	96	45	70	56	87	29	7	11	30	55	35	30	98	73	100	28	91	89	76	45	2	33	80	71	98	63	91	15	85	11	66	64	64	87	78	30	11	6	
10	96	36	85	78	88	98	43	68	40	77	87	10	42	45	68	37	71	73	65	76	51	76	88	87	96	73	40	53	31	21	74	63	87	57	27	67	22	30	19	76	21	43	53	46	55	12	52	70	29	
18	19	55	27	12	7	75	47	100	28	12	80	14	50	37	75	41	58	85	93	80	64	32	44	44	7	72	69	16	82	60	87	33	74	61	42	71	88	21	15	32	16	67	77	68	66	72	4	94	49	
63	86	66	7	63	86	46	9	74	45	52	72	59	40	80	68	70	20	63	18	40	2	62	9	27	95	45	66	80	70	80	56	75	14	39	38	17	22	20	57	32	21	96	49	88	34	77	28	6	11	
29	44	62	11	91	50	93	86	89	8	44	20	21	26	43	17	83	16	63	32	46	89	21	13	11	53	40	67	98	70	37	95	44	81	43	45	27	21	63	79	27	66	15	52	97	95	31	60	14	59	
88	96	12	82	12	10	40	40	77	88	78	100	76	74	18	5	56	12	88	43	31	76	68	26	17	15	45	87	51	36	81	53	2	95	14	51	71	81	8	78	31	97	8	11	81	79	90	58	95	17	
98	76	87	60	6	91	40	12	60	16	58	63	66	45	34	13	56	51	59	71	26	50	6	48	37	87	57	67	34	45	73	71	89	19	13	89	16	74	50	95	95	85	55	87	86	47	33	33	47	76	
33	100	84	55	74	43	73	100	52	23	56	36	26	83	2	11	89	95	57	5	79	70	62	86	88	80	87	37	70	43	9	58	46	65	58	2	80	39	79	12	62	57	96	63	9	67	84	30	90	91	
69	28	30	92	29	100	50	41	50	55	33	31	67	70	43	40	5	17	37	43	79	73	26	4	26	25	96	34	91	92	85	62	77	99	79	70	22	96	79	95	88	4	34	85	56	23	69	77	66	40	
29	12	52	22	30	30	50	83	84	1	88	52	40	74	88	90	69	62	26	34	56	93	48	55	3	98	18	67	60	3	64	24	12	58	38	89	3	24	6	63	87	85	45	5	16	67	90	87	16	79	
83	62	10	15	8	40	91	60	5	91	50	20	4	36	9	41	32	91	22	2	65	54	43	3	42	84	69	57	56	88	3	85	93	17	15	64	81	55	70	68	74	22	68	9	76	58	16	75	87	34	
8	8	29	11	8	76	65	63	49	38	42	8	87	93	13	26	89	72	12	61	31	15	91	30	38	27	51	86	99	26	17	15	27	12	36	51	59	26	10	53	3	80	86	74	93	68	60	3	97	98	
77	83	86	100	30	19	78	8	84	29	92	9	89	18	91	9	53	56	92	74	79	6	73	30	8	28	17	28	6	54	47	25	87	11	67	21	72	35	3	62	11	11	4	92	32	17	58	22	82	72	
25	46	82	10	97	11	11	25	25	42	82	70	95	65	85	96	27	79	7	63	23	74	54	69	8	95	30	75	29	2	58	10	97	69	39	95	6	23	84	36	54	30	79	36	41	56	47	57	40	76	
32	26	44	8	14	57	54	89	27	45	52	23	49	42	64	69	75	30	28	42	94	44	11	64	42	23	30	62	82	74	97	14	53	86	64	4	78	38	56	96	23	67	20	89	54	8	5	75	23	20	
87	22	94	47	72	67	76	91	53	73	31	93	13	100	81	46	81	77	14	94	4	91	76	71	72	29	7	10	19	20	27	13	1	91	19	58	86	14	43	90	45	8	69	22	21	40	38	47	86	21	
73	18	54	100	4	77	91	97	72	13	26	35	35	94	83	56	87	1	69	32	65	58	89	9	3	35	76	42	51	67	64	5	90	19	34	100	80	93	6	77	49	49	63	54	4	86	43	99	97	18	
12	98	18	24	10	48	72	71	51	15	58	26	97	75	80	19	44	19	35	17	91	77	70	12	91	13	100	54	85	79	34	62	70	44	39	5	80	21	50	29	43	72	3	81	63	53	45	53	50	39	
61	34	66	33	97	60	90	48	96	99	8	33	63	3	75	49	22	5	17	53	42	75	65	24	36	30	33	38	67	73	92	90	4	20	96	6	29	16	60	99	73	64	8	72	34	21	24	46	18	21	
83	92	87	40	53	87	19	8	76	6	10	42	80	58	70	40	91	84	95	66	22	6	19	28	75	85	78	14	86	21	36	37	86	17	55	16	64	76	18	92	54	10	24	39	93	77	23	47	7	84	
58	61	16	10	30	12	94	38	10	92	2	8	43	25	80	30	51	62	72	9	9	94	25	76	39	57	81	33	82	85	43	46	12	16	3	55	12	74	46	73	27	79	82	96	65	48	62	62	12	98	
74	6	74	68	43	12	69	1	64	65	27	84	48	39	88	9	65	86	75	11	8	8	9	14	6	23	84	57	77	68	8	12	88	86	6	6	57	98	10	93	32	63	95	66	11	57	44	84	5	49	
40	62	51	38	20	50	24	80	40	92	13	32	40	53	49	72	2	40	11	94	43	68	46	68	80	40	69	22	76	47	43	93	35	100	41	36	5	53	58	10	32	83	5	62	44	35	15	88	70	40	
44	33	28	73	37	73	35	5	6	81	11	70	22	66	95	42	42	48	93	4	98	5	17	48	33	97	89	35	64	59	23	16	92	28	12	72	8	23	69	50	47	9	6	87	6	20	63	41	10	1	
96	97	7	11	8	95	22	97	75	97	94	12	84	15	84	67	23	41	28	13	50	51	67	7	56	97	76	8	90	91	98	95	7	43	15	26	77	20	42	53	35	25	22	76	83	26	47	14	70	72	
41	92	5	75	82	3	85	64	37	84	35	24	55	9	4	63	26	97	54	8	9	79	37	91	87	81	57	76	99	11	47	69	59	59	16	76	56	49	51	15	13	3	66	10	23	96	47	95	12	25	
26	36	83	19	80	28	49	58	53	29	58	75	31	51	64	64	26	98	98	28	44	42	46	24	56	60	42	88	78	90	15	60	38	65	72	42	96	35	86	41	24	91	36	100	81	52	9	9	32	76	
61	46	89	98	2	6	88	23	45	93	23	12	50	7	94	50	26	42	49	75	97	64	30	6	38	58	39	19	19	49	93	32	46	38	41	5	65	8	52	88	62	94	90	42	98	20	54	32	42	42	
39	73	3	64	42	56	66	96	29	13	85	89	22	76	96	62	91	45	40	92	46	82	17	52	71	72	14	4	36	42	64	91	94	20	44	78	36	64	19	37	59	9	73	86	93	9	1	7	59	67	