300
40
10	91	99	40	71	25	44	47	56	92	53	23	51	88	10	5	40	70	76	21	21	85	66	17	82	70	78	91	34	7	8	31	15	12	83	53	54	24	89	88	
36	88	70	74	5	53	34	38	8	43	91	74	57	67	14	69	78	77	73	20	43	73	19	35	38	36	96	38	98	37	5	94	6	35	63	34	43	75	20	54	
45	51	36	8	88	91	14	19	16	69	66	84	78	77	34	47	53	81	5	49	58	67	93	12	78	44	81	85	76	49	25	73	43	93	80	25	22	28	17	50	
2	17	92	97	81	56	32	1	19	76	39	90	45	6	1	13	4	91	93	16	26	7	99	93	77	80	71	82	20	41	17	72	76	53	6	70	98	88	87	8	
76	64	5	18	27	33	19	94	60	19	91	13	17	20	93	87	6	37	21	85	8	78	54	24	11	75	80	16	87	90	71	55	50	2	74	40	31	20	86	83	
63	29	84	65	83	2	48	7	67	3	14	94	64	82	14	67	10	45	15	51	10	17	47	7	47	61	94	16	41	25	86	32	58	92	4	64	69	1	2	79	
86	30	4	18	29	79	26	92	11	88	22	91	38	62	76	3	55	28	77	56	98	96	46	17	24	41	99	4	25	6	86	7	68	88	17	19	96	87	66	17	
84	94	40	55	51	62	15	61	49	1	10	24	6	71	39	43	73	71	43	76	8	45	32	71	2	57	48	10	21	15	57	82	35	18	24	63	36	87	14	74	
81	93	46	32	18	76	83	43	49	45	28	78	84	86	61	29	59	34	62	55	15	55	63	59	97	75	52	37	87	50	20	12	92	35	13	47	51	27	45	74	
31	86	64	7	28	37	94	13	94	28	95	72	47	94	97	44	41	50	20	98	9	2	74	22	3	64	5	86	79	28	32	22	27	83	84	60	21	41	46	33	
45	61	54	30	45	7	17	59	67	87	46	72	10	32	15	28	15	40	89	19	34	70	99	96	82	91	42	40	51	83	25	76	31	73	14	45	94	55	24	55	
11	97	68	85	10	70	74	28	16	30	3	64	4	40	48	35	71	25	9	47	17	86	37	6	55	16	22	90	37	90	65	7	38	54	44	66	34	83	79	99	
74	19	50	93	35	6	22	3	4	67	78	85	23	15	81	60	3	53	95	88	73	55	35	16	51	95	52	42	16	80	54	94	43	5	12	32	33	30	12	90	
21	62	64	60	82	69	56	57	43	67	21	14	63	79	70	14	81	25	90	45	98	5	17	44	57	98	33	53	59	61	55	15	96	20	1	77	16	89	50	88	
26	52	57	91	23	81	56	54	95	8	78	7	31	44	80	53	35	28	32	84	35	39	32	20	39	13	41	46	51	57	51	24	87	14	32	98	25	69	21	21	
91	73	55	62	69	22	54	5	75	32	96	4	38	90	68	77	87	79	60	75	26	89	40	10	43	76	43	65	4	42	39	21	1	19	81	47	80	2	43	58	
62	64	86	40	5	33	38	82	14	21	53	76	82	45	94	67	93	75	59	70	47	84	30	90	87	99	36	96	37	85	46	48	62	95	29	75	27	72	56	61	
26	2	35	63	74	21	86	96	21	61	19	47	3	73	58	92	48	41	19	51	19	16	58	87	23	6	25	43	58	4	87	61	60	52	40	49	60	52	82	72	
90	97	32	79	77	71	34	14	15	28	51	51	16	71	70	66	78	91	41	26	8	12	38	60	88	65	26	51	8	16	47	47	50	64	78	1	33	34	13	69	
47	11	74	37	24	73	68	48	42	64	20	61	41	68	61	62	15	1	66	85	91	24	38	49	32	52	7	99	90	4	96	3	42	6	48	53	46	79	32	75	
11	48	69	36	84	36	57	95	76	77	59	72	96	31	9	84	48	69	39	13	31	11	30	80	28	90	55	43	96	88	37	67	65	80	70	88	20	66	67	19	
43	83	22	31	13	29	8	35	97	35	63	31	88	77	6	96	66	9	96	55	93	36	56	19	68	16	74	11	88	1	82	13	16	68	88	85	39	49	80	58	
57	84	42	95	58	14	59	74	50	66	94	37	66	99	57	1	66	20	2	44	88	66	36	88	32	45	19	59	81	61	64	90	90	66	6	99	92	17	73	60	
6	35	92	37	48	92	99	63	87	74	43	82	75	82	9	82	58	92	89	77	55	76	96	42	43	44	55	86	2	76	75	30	93	49	51	7	84	69	43	29	
43	72	60	71	65	57	25	55	96	52	98	66	81	42	5	1	42	93	64	54	54	68	38	82	6	9	55	99	25	23	39	1	28	24	85	7	27	86	54	97	
79	31	64	55	91	45	16	32	97	6	72	49	75	60	79	47	67	76	8	70	29	86	37	55	20	51	21	38	92	56	14	26	74	97	26	73	22	14	51	76	
5	86	93	70	48	5	63	76	36	80	33	73	63	29	78	47	76	92	39	65	48	41	63	80	80	88	40	53	20	13	25	53	38	53	10	68	14	49	96	52	
3	11	73	66	3	63	4	9	42	97	82	39	40	5	11	32	29	1	87	28	37	47	50	55	58	41	74	47	72	24	35	81	90	23	93	10	29	37	46	47	
42	32	65	63	70	1	6	76	86	95	68	32	36	60	33	53	6	95	11	59	80	53	77	98	57	36	79	62	33	39	35	46	84	75	69	92	1	69	46	34	
50	2	1	2	85	35	74	95	6	78	12	10	52	48	67	62	90	35	34	86	13	95	94	66	60	20	49	33	48	43	74	54	50	9	26	75	62	94	73	6	
67	65	42	57	61	9	95	60	14	66	84	46	73	75	46	45	44	74	28	42	91	42	77	12	50	70	3	91	50	98	22	84	78	45	35	9	37	25	97	7	
80	42	75	7	29	82	4	96	92	59	2	30	63	73	88	10	47	7	14	91	44	48	8	10	14	22	96	25	69	75	54	41	79	38	72	36	1	62	78	11	
45	10	35	56	57	37	86	74	68	99	59	19	42	82	14	34	30	12	99	19	3	27	89	30	30	92	62	99	18	97	76	55	24	76	61	35	22	20	93	63	
77	95	60	16	53	78	19	87	63	48	91	51	41	37	75	65	86	11	50	70	17	12	97	72	34	21	86	29	65	97	78	55	67	7	59	30	92	54	96	77	
38	75	85	39	46	52	29	69	34	60	65	18	44	67	41	84	64	23	86	55	53	35	56	60	67	6	17	8	85	66	17	87	57	53	69	48	38	6	12	86	
91	73	52	16	51	63	95	85	84	73	8	79	9	88	86	11	37	34	17	97	63	10	44	77	8	55	97	95	93	22	31	90	12	45	80	39	98	40	50	51	
49	77	66	21	14	99	72	70	69	93	60	50	64	19	38	83	61	69	96	51	48	15	38	79	78	37	36	63	55	78	86	30	94	55	47	50	7	3	65	25	
90	50	71	18	36	67	52	19	69	97	65	37	94	85	31	80	9	71	29	65	96	94	83	48	40	41	10	88	84	17	61	88	58	37	92	54	33	68	39	73	
67	56	68	25	83	25	54	46	53	37	85	27	8	46	13	9	87	83	78	10	2	54	98	4	65	48	87	14	20	73	44	13	75	74	44	39	24	14	93	55	
94	86	55	27	78	29	44	91	21	42	53	39	71	15	65	36	36	44	40	53	65	71	8	81	93	97	99	56	80	21	84	14	49	36	7	48	9	79	39	52	
10	95	1	53	63	87	91	81	27	46	54	31	49	94	66	96	6	81	14	2	79	6	6	53	64	66	30	74	8	70	59	24	4	33	59	79	5	48	54	58	
28	43	54	6	57	11	52	54	80	1	35	56	2	14	81	33	22	21	35	92	89	17	58	15	36	58	37	97	82	66	75	15	62	85	85	41	83	28	91	29	
65	40	80	50	86	82	81	37	37	9	50	88	76	69	84	12	23	89	13	39	41	95	23	24	84	90	14	97	29	92	7	67	94	99	39	64	33	37	20	79	
56	3	27	50	99	21	83	76	63	59	36	87	79	82	8	86	85	36	22	41	6	91	16	95	82	94	72	33	95	92	56	97	58	39	35	69	97	2	96	48	
39	15	26	76	59	60	88	29	83	66	18	37	29	49	31	17	28	53	8	41	87	52	98	56	57	19	65	37	18	80	58	42	15	15	72	91	97	52	69	6	
35	88	28	53	25	30	62	10	12	18	45	26	80	9	95	48	97	6	30	47	14	66	99	50	38	36	35	71	67	71	97	94	25	75	96	58	26	37	11	28	
96	44	55	75	2	43	44	89	59	30	60	93	47	9	46	40	39	64	44	4	4	18	67	4	74	63	90	24	74	13	77	5	31	5	79	29	40	28	84	27	
50	82	8	74	88	91	21	58	30	5	1	29	94	83	17	64	35	50	98	21	19	38	55	48	44	82	27	78	38	21	6	30	18	23	43	85	15	43	40	27	
8	73	75	41	91	45	32	38	92	1	27	25	15	34	35	43	47	76	79	67	99	72	38	98	36	69	61	28	13	27	16	42	50	99	9	82	97	73	42	10	
65	43	3	10	27	60	99	51	35	99	88	88	83	20	60	55	16	9	73	3	73	47	55	79	19	30	14	49	79	26	22	92	4	70	74	53	29	15	30	10	
86	79	75	89	8	90	93	51	98	90	13	13	1	47	61	91	59	22	71	87	57	47	91	25	91	37	11	33	98	34	2	35	62	56	32	67	49	1	7	65	
60	26	33	61	2	10	33	5	96	49	34	95	11	74	17	74	45	64	98	30	25	96	85	17	6	84	22	72	41	55	13	1	9	93	7	55	93	54	61	25	
43	98	25	25	78	33	10	31	14	36	49	26	4	18	48	23	42	34	76	4	73	48	70	87	84	35	30	2	1	43	38	32	88	72	35	74	54	34	25	16	
80	1	88	4	38	51	49	97	82	87	99	14	96	62	84	83	61	54	16	9	55	73	45	83	11	83	30	99	91	83	64	73	59	70	69	47	39	92	47	63	
17	42	64	8	17	71	3	73	46	22	98	88	97	85	62	15	67	62	41	5	3	71	75	75	98	23	59	44	27	72	93	16	21	9	14	40	1	36	21	66	
76	71	33	52	77	56	64	35	99	52	72	45	54	78	51	21	79	96	48	81	27	65	35	29	52	14	61	19	68	8	78	98	26	99	95	14	47	1	21	33	
31	10	98	29	74	75	28	35	14	97	48	48	74	80	14	55	51	95	92	2	2	24	60	36	97	68	80	88	73	76	97	71	68	8	64	16	46	22	88	70	
49	93	88	37	12	67	69	20	41	8	61	98	38	15	96	66	31	4	5	92	26	77	56	91	2	30	83	17	12	65	61	4	64	18	21	39	90	18	34	28	
27	19	93	71	74	97	64	7	96	94	4	44	84	36	50	10	4	76	41	93	72	42	20	41	70	67	17	49	67	57	37	58	98	9	82	34	64	78	84	2	
95	95	34	64	37	27	32	20	29	61	93	61	84	79	82	13	13	3	66	63	8	55	1	68	28	73	94	51	19	54	23	19	66	25	73	74	76	61	49	92	
16	12	65	84	64	92	15	77	69	49	83	77	87	16	45	91	68	23	65	38	8	10	91	55	76	63	18	95	7	88	41	73	84	70	52	80	85	86	25	20	
49	94	99	91	87	86	85	39	57	80	2	64	58	18	47	35	28	57	84	55	38	1	47	85	40	90	22	19	78	53	67	51	95	92	68	5	95	51	31	95	
15	85	78	48	56	42	92	6	54	17	12	77	89	26	98	30	67	44	10	20	33	76	43	10	85	61	60	21	11	32	86	25	45	87	44	62	44	35	75	44	
25	17	58	90	85	32	24	82	36	15	23	55	94	28	96	57	28	79	70	42	38	93	53	66	32	54	15	27	22	37	87	53	39	94	1	24	61	27	46	95	
98	1	38	47	69	66	19	87	62	94	12	73	88	36	26	36	45	64	77	18	49	78	69	61	29	52	39	9	58	55	82	98	90	12	4	71	19	44	47	16	
64	15	18	22	84	1	95	28	35	13	90	61	42	79	4	25	60	56	92	76	26	4	48	98	28	76	37	55	63	97	60	87	41	14	43	96	54	66	50	11	
36	7	81	33	74	46	19	25	33	37	99	62	22	96	52	78	13	34	26	76	81	55	86	71	33	29	62	6	33	54	69	29	66	69	49	63	77	78	89	70	
77	89	20	1	11	96	97	95	28	39	30	64	9	35	97	66	12	61	69	61	65	20	31	7	24	36	61	32	43	60	36	98	58	71	34	30	65	6	84	86	
39	59	76	99	39	43	10	95	83	77	80	75	4	61	8	43	91	58	58	71	17	69	22	69	71	7	41	86	67	66	9	64	96	76	65	17	24	72	87	8	
87	5	30	64	8	15	67	12	36	98	47	64	5	69	57	71	49	79	63	13	6	58	59	17	30	88	65	98	72	8	36	81	93	39	74	42	44	54	71	67	
4	37	10	47	70	13	98	20	51	42	40	50	75	3	22	10	56	5	17	81	51	24	11	19	7	38	89	27	88	94	79	37	27	65	93	6	35	44	47	57	
74	10	32	42	81	56	79	85	70	49	30	53	85	81	10	51	63	22	71	39	25	89	45	27	20	89	21	78	76	93	48	51	47	60	23	32	36	18	6	62	
55	62	84	52	59	32	75	33	33	77	37	97	43	31	16	17	77	31	80	55	33	82	92	95	31	36	13	67	58	24	73	35	71	94	31	69	12	15	98	49	
19	54	23	26	43	49	37	68	79	25	35	77	96	22	18	13	18	45	25	96	77	51	48	75	66	14	90	48	41	61	13	8	56	66	86	46	30	16	48	14	
89	19	14	38	22	9	6	50	37	58	99	69	27	14	94	32	67	1	54	80	5	89	97	45	12	92	5	86	19	40	83	65	51	75	19	81	18	32	84	82	
46	11	3	36	51	65	67	29	87	50	84	12	16	6	78	25	87	73	77	71	32	70	73	12	93	72	22	4	53	68	26	10	38	1	15	50	2	98	21	69	
20	71	12	40	47	8	26	36	18	16	21	30	99	94	43	18	26	1	65	52	52	84	48	60	38	91	40	65	37	48	4	29	42	85	40	13	27	80	55	93	
67	90	74	93	60	39	14	23	43	64	61	28	99	35	15	88	4	12	2	37	23	82	57	63	14	32	40	31	43	98	27	40	37	31	96	92	57	69	2	47	
21	83	91	79	37	65	35	74	26	51	44	24	36	13	22	3	78	60	55	45	41	26	48	45	58	36	66	60	46	90	17	83	18	90	11	10	62	7	61	25	
28	65	32	84	56	88	31	56	60	36	98	58	24	16	70	4	96	68	83	31	86	46	67	3	77	33	40	72	33	82	93	75	67	74	50	78	75	97	14	7	
68	38	54	26	52	9	89	38	50	53	68	42	49	19	55	52	23	71	75	74	64	5	76	83	33	61	2	69	91	68	95	16	93	60	75	54	45	38	49	96	
48	82	60	31	11	32	76	57	62	81	79	71	29	73	1	39	45	73	14	19	10	66	95	20	10	9	85	99	79	22	36	54	55	10	19	37	55	45	25	18	
85	53	85	72	56	77	99	54	61	23	31	94	44	97	29	33	74	7	80	73	87	69	83	14	67	53	27	2	74	58	87	10	67	88	1	37	36	96	55	68	
66	85	20	61	15	7	8	46	27	88	24	36	64	79	69	3	13	97	83	66	70	12	48	88	61	7	97	77	13	97	92	48	83	1	66	88	53	77	36	26	
89	4	51	98	58	39	18	76	54	87	11	76	50	83	85	83	9	38	22	57	90	38	83	88	63	72	75	46	94	32	16	16	66	16	67	27	76	24	95	15	
85	35	50	77	30	89	73	2	29	28	88	90	32	62	44	7	94	67	76	6	84	32	44	36	47	2	48	36	86	99	19	29	35	15	64	16	34	87	80	27	
28	37	84	45	55	7	36	51	93	20	15	39	75	79	12	83	3	55	39	92	10	21	47	50	63	65	35	41	93	72	71	18	92	39	66	37	39	94	66	93	
14	23	58	22	28	14	7	31	84	80	57	15	28	31	83	41	62	90	64	4	47	78	6	12	93	21	58	36	18	38	86	34	39	39	94	30	11	14	11	29	
32	96	88	74	80	63	79	89	58	57	75	55	43	80	39	23	82	84	58	64	84	41	96	97	86	91	32	41	99	97	3	3	62	40	90	93	64	37	29	10	
11	95	12	48	36	88	23	39	94	46	34	94	89	92	38	37	8	68	99	34	78	23	54	56	78	56	89	44	33	65	74	41	11	2	37	40	89	57	1	27	
50	35	22	50	41	74	98	31	83	22	44	90	39	84	35	67	64	8	83	51	1	46	99	53	82	34	34	85	72	74	15	30	50	96	29	7	7	55	13	86	
30	68	36	92	80	19	8	94	88	71	40	92	36	69	38	39	82	18	9	44	65	72	2	66	78	88	35	92	11	93	60	35	97	87	64	25	11	99	32	68	
3	37	97	95	68	13	65	18	3	38	83	73	52	18	92	33	1	82	87	86	33	36	63	36	66	25	38	71	44	41	61	99	37	9	64	40	82	42	3	39	
64	47	5	37	29	21	15	3	68	64	4	18	15	20	92	73	50	88	87	21	6	94	47	72	11	5	19	57	22	14	19	74	23	61	36	97	97	26	90	23	
13	36	74	69	54	69	64	59	95	51	63	61	24	51	33	50	22	57	11	30	89	73	26	25	67	59	64	18	66	21	37	21	51	10	58	74	6	1	36	34	
84	49	36	82	38	43	59	71	51	13	59	92	44	55	80	17	19	85	94	65	53	30	67	97	79	15	84	19	82	17	15	60	28	83	95	76	95	39	61	51	
64	32	54	30	2	81	86	4	31	47	53	8	84	19	90	32	79	94	53	38	56	10	51	31	72	18	54	36	49	48	71	81	9	88	54	81	39	65	93	65	
91	16	85	13	92	88	9	79	16	4	34	22	55	61	42	63	94	82	43	57	62	18	14	32	14	72	91	35	87	7	93	9	20	27	58	52	19	82	22	71	
34	15	68	9	66	43	28	4	7	68	14	37	4	34	12	47	93	84	65	32	38	96	27	66	67	81	60	98	11	81	24	18	64	12	66	91	34	15	94	22	
52	35	38	71	52	25	81	48	43	43	48	63	39	15	77	97	21	42	96	25	27	7	5	2	18	92	9	12	60	25	76	16	9	2	9	61	91	52	35	33	
41	78	79	74	96	30	74	88	97	39	95	7	30	17	48	84	91	70	47	64	7	12	49	11	84	53	39	7	17	23	79	77	49	34	71	59	75	97	94	53	
49	61	6	21	92	11	35	6	61	72	5	95	88	2	37	57	23	40	61	13	29	78	18	33	12	71	7	64	96	67	56	29	58	68	94	46	95	26	41	79	
88	40	71	3	83	12	6	32	97	73	29	81	35	1	48	26	55	60	37	89	39	72	27	82	42	77	50	63	26	40	36	97	17	27	10	36	25	46	70	40	
18	33	17	19	54	13	65	62	90	90	83	83	42	38	16	7	50	74	82	52	80	67	86	26	73	3	54	95	4	1	88	13	25	58	17	34	10	72	55	23	
11	61	41	49	99	78	80	19	64	8	20	97	60	62	53	11	65	51	7	33	68	56	65	6	90	55	44	34	33	80	4	65	89	88	72	39	65	96	22	66	
98	88	12	83	78	21	93	71	86	68	40	53	28	87	49	4	23	92	34	31	66	74	90	23	86	2	10	56	49	83	87	20	3	94	29	96	54	74	60	7	
11	66	97	12	45	54	35	16	59	5	41	35	57	33	88	7	42	44	57	60	21	22	69	79	56	65	60	25	14	94	99	90	95	69	94	15	43	8	62	80	
73	89	40	62	60	71	69	5	81	71	89	55	7	79	5	68	73	7	17	57	91	93	53	72	81	18	15	21	3	87	17	61	69	8	27	26	39	46	97	80	
11	57	51	4	90	16	76	40	98	85	29	84	31	20	61	79	91	64	12	42	61	22	29	46	85	84	18	43	66	51	34	74	19	85	56	15	14	80	13	72	
13	37	47	1	82	64	56	17	32	77	12	37	17	29	73	54	90	11	48	34	21	20	34	3	79	56	90	51	78	10	86	69	27	55	44	97	3	55	65	64	
91	37	9	22	21	15	73	27	89	40	74	16	89	26	50	60	47	82	8	28	41	30	18	63	85	3	11	73	59	58	14	77	42	41	69	59	86	76	92	35	
18	89	74	12	67	81	27	17	59	92	35	9	18	56	70	12	66	4	59	23	24	80	20	90	37	96	28	66	82	96	46	73	45	42	45	44	57	35	7	18	
37	29	67	13	80	92	53	1	79	47	21	47	80	67	99	14	15	29	91	12	36	51	87	67	71	43	3	38	68	79	28	87	85	45	71	8	62	34	21	39	
68	85	49	46	18	4	61	34	94	75	36	15	33	2	22	63	32	3	85	19	21	42	23	26	89	13	84	14	51	61	74	65	9	38	17	20	32	12	11	13	
80	88	9	46	16	2	95	39	94	95	52	16	39	90	18	9	18	15	12	4	93	46	58	44	9	83	18	74	29	56	48	90	57	33	27	28	85	91	3	96	
59	58	80	56	58	33	37	89	25	50	32	99	94	51	63	66	12	68	63	13	21	37	69	84	92	88	76	35	99	1	80	65	58	95	68	72	20	16	98	97	
43	29	92	78	18	24	25	49	89	2	89	43	30	95	65	86	40	51	17	93	75	49	13	1	58	71	37	96	72	23	16	38	92	79	10	64	81	4	25	36	
51	56	50	72	82	12	22	65	31	28	74	80	87	46	28	85	58	17	24	62	75	80	98	95	71	41	73	37	64	19	90	97	37	69	19	11	17	4	22	67	
84	40	48	25	67	86	2	27	87	27	88	6	91	50	50	27	64	67	40	26	3	85	93	32	18	44	90	70	74	30	42	16	99	25	7	7	4	59	53	62	
12	59	12	62	95	35	71	69	38	27	41	12	90	10	50	61	1	44	81	63	10	86	53	9	58	33	89	58	45	38	46	52	28	38	93	72	68	76	56	35	
40	2	73	28	78	87	23	36	24	99	25	4	81	11	25	22	27	28	5	62	97	88	92	85	66	48	54	75	96	55	96	12	3	88	8	58	76	2	21	34	
57	5	78	9	57	77	20	7	53	87	33	56	23	63	46	77	88	40	35	14	78	91	75	66	41	97	82	39	51	26	96	58	7	16	18	94	13	1	94	93	
68	6	23	24	43	6	9	68	90	30	96	31	18	43	75	39	52	54	9	57	27	23	48	38	9	56	38	81	30	33	5	87	85	88	95	7	37	48	27	28	
99	95	21	70	27	8	72	51	16	96	65	53	88	43	20	30	32	12	57	88	1	67	97	68	3	56	41	91	41	10	90	51	78	80	10	80	25	22	38	94	
95	76	5	17	74	28	2	17	80	31	11	40	24	34	18	96	97	43	20	21	50	2	38	57	20	90	84	8	40	62	39	44	37	61	47	89	84	5	26	8	
87	29	58	59	6	6	5	6	33	98	64	88	16	22	50	96	51	98	88	3	8	44	37	45	68	31	83	65	73	93	73	40	23	82	75	70	60	89	94	9	
55	85	74	38	48	59	55	41	32	38	83	16	70	21	90	24	3	81	76	90	57	2	69	76	87	35	60	2	11	34	16	92	90	80	22	65	16	90	25	93	
53	8	53	1	80	84	52	82	33	22	56	61	6	26	83	5	14	92	32	81	85	29	94	22	50	73	50	19	44	81	78	80	41	72	2	10	96	69	68	96	
36	73	26	26	50	51	33	42	68	24	28	39	25	98	51	39	28	71	70	97	16	88	78	57	54	58	51	2	85	45	84	23	72	74	57	83	76	52	76	31	
52	65	8	7	72	11	2	60	99	92	65	52	74	53	34	3	82	57	46	32	21	22	39	91	85	76	94	88	31	93	22	39	96	14	50	17	81	68	58	80	
25	68	88	85	17	12	97	25	49	24	51	59	85	50	64	10	98	43	50	41	17	27	21	62	65	31	54	6	15	17	26	71	45	48	62	50	1	84	71	58	
11	77	51	45	70	17	91	62	23	54	7	96	93	95	69	23	58	46	41	8	41	38	9	78	85	92	81	52	41	84	96	62	57	3	50	52	72	50	45	10	
47	4	19	62	81	29	11	70	5	47	49	62	36	53	3	28	53	76	9	49	11	11	65	24	10	46	73	42	97	17	44	88	46	97	11	95	56	48	32	78	
68	88	40	9	85	25	1	19	38	89	79	49	40	53	13	57	24	20	67	82	60	22	4	14	77	58	76	6	52	62	65	49	45	91	94	86	82	53	91	30	
15	35	96	12	17	90	18	2	87	99	97	38	81	11	35	76	79	21	81	53	61	68	89	12	64	36	13	40	26	76	57	13	39	30	37	50	86	90	8	24	
20	25	50	78	89	66	45	41	75	34	58	51	34	55	28	21	88	70	17	13	25	72	76	98	49	7	44	26	55	11	53	18	74	99	31	72	23	11	33	53	
69	63	16	62	78	97	49	57	12	5	47	50	94	60	23	95	66	10	35	55	81	94	70	2	38	90	68	92	26	8	96	33	51	84	26	5	59	61	68	29	
61	15	67	99	59	93	66	84	94	1	93	5	87	79	21	23	29	31	7	12	51	56	27	75	90	90	38	43	99	2	44	70	97	38	58	10	50	70	71	28	
23	51	77	90	49	88	13	54	98	17	17	5	59	97	12	55	41	86	66	97	81	60	80	44	14	79	23	32	8	24	97	60	21	50	12	83	2	34	97	94	
33	8	83	46	18	10	34	22	39	91	97	38	44	71	29	36	35	4	84	17	77	28	1	95	40	98	94	5	38	19	73	70	48	28	16	16	4	11	70	2	
5	41	88	86	83	55	83	61	22	44	86	18	16	94	29	23	18	14	92	27	10	33	83	34	94	65	43	91	2	59	94	97	39	82	67	16	54	23	85	61	
64	95	91	91	85	75	31	10	71	25	42	73	24	58	15	64	55	72	13	55	1	49	74	88	28	76	31	51	69	75	21	2	86	16	84	93	56	62	46	97	
3	75	51	21	48	62	3	67	45	66	94	88	4	18	74	31	38	1	46	70	98	99	21	78	47	30	68	82	8	84	11	7	95	24	98	96	6	4	25	74	
14	25	77	75	15	38	52	58	21	45	53	1	70	73	62	10	36	24	68	17	25	10	57	32	17	43	32	78	79	31	6	46	43	95	71	2	52	25	64	78	
10	14	59	21	71	65	67	45	74	50	29	59	3	47	12	46	17	18	70	98	8	79	16	65	45	84	6	54	37	29	58	77	20	24	42	63	43	30	2	56	
18	24	15	72	42	44	97	98	28	50	3	37	89	74	69	46	69	65	31	22	99	42	80	18	51	9	53	10	89	13	79	44	57	25	12	21	54	85	32	15	
65	53	87	29	80	31	27	26	93	75	18	94	80	95	70	38	84	15	10	95	68	48	58	35	12	95	26	69	55	96	27	96	27	55	54	59	92	53	92	70	
32	14	56	65	25	58	64	54	84	3	3	7	96	58	40	83	35	46	83	87	72	41	92	23	93	99	4	63	96	33	19	70	29	46	59	26	87	40	91	58	
99	46	91	80	50	55	75	68	16	46	30	43	36	24	30	49	30	42	6	31	23	52	2	44	63	1	56	71	29	86	80	18	60	34	7	6	61	42	56	95	
72	32	32	7	89	85	41	8	82	54	99	2	57	81	81	37	46	71	99	99	22	86	51	79	77	68	49	23	21	8	22	99	58	4	76	51	80	9	17	6	
79	19	97	66	45	81	45	20	21	14	63	7	41	65	22	63	48	67	88	24	76	32	58	39	57	25	71	50	65	13	49	28	35	37	80	68	86	99	26	90	
64	49	37	94	73	88	3	68	52	60	67	53	35	82	93	99	88	25	43	78	10	57	22	37	43	20	99	3	44	75	1	73	86	63	35	62	13	58	2	69	
49	92	97	7	61	18	3	94	3	94	41	14	84	42	15	71	81	94	75	14	34	35	91	19	30	6	90	13	58	19	23	18	84	24	59	29	75	84	8	64	
83	89	33	35	70	3	4	44	11	3	3	2	33	94	66	6	68	87	56	51	21	52	63	41	84	25	7	21	57	17	72	72	47	31	7	21	54	17	59	47	
74	98	41	13	73	60	39	37	11	87	6	83	17	79	17	44	59	85	60	31	46	41	9	13	44	4	71	54	33	1	48	49	99	51	25	50	48	25	68	44	
97	47	33	17	70	61	71	8	3	5	15	61	35	70	72	4	55	55	56	18	10	9	31	92	94	43	56	65	6	72	58	83	3	71	53	59	14	96	12	90	
88	97	32	65	77	8	66	90	96	97	11	95	95	34	64	99	52	73	8	62	52	75	58	40	33	30	1	23	86	24	18	25	76	94	46	47	85	44	36	46	
15	8	4	75	9	10	1	67	46	51	25	95	54	94	61	23	26	55	29	19	39	20	62	23	7	39	60	62	27	61	73	69	91	26	27	44	78	9	87	70	
34	4	21	73	32	80	9	69	55	45	15	60	24	2	17	71	4	86	49	20	28	30	18	83	40	56	90	90	37	41	67	58	57	68	79	54	68	73	85	43	
25	62	53	63	7	26	46	34	73	10	56	79	73	8	50	42	6	69	24	8	28	57	77	59	38	99	55	48	99	2	22	34	72	32	60	45	59	84	12	51	
7	94	97	51	6	44	1	22	69	95	79	86	1	46	51	75	82	64	73	16	23	83	94	58	68	43	72	23	59	14	67	40	76	39	56	96	25	74	40	30	
40	33	27	22	16	37	18	88	79	45	28	71	92	24	23	59	17	50	45	18	94	85	66	94	35	57	89	32	87	27	89	95	65	42	60	9	36	95	1	55	
2	37	86	80	19	20	74	8	53	70	56	49	60	11	53	84	24	77	22	22	10	16	13	78	21	48	88	45	38	29	19	9	2	49	82	58	71	56	61	98	
46	87	2	43	59	42	71	57	61	41	50	82	65	46	19	61	18	40	47	29	2	82	87	58	18	6	24	72	78	7	40	55	97	45	1	21	1	67	58	34	
52	3	39	83	85	11	61	57	97	70	85	61	17	41	15	91	70	44	86	44	24	34	14	28	42	54	88	12	4	17	45	17	82	34	27	46	59	92	42	3	
39	55	79	45	80	27	9	70	62	17	16	43	52	90	29	90	47	89	26	41	94	59	60	80	22	18	19	40	32	63	6	62	49	78	20	81	97	4	66	35	
77	89	31	91	63	18	78	47	13	88	89	39	7	99	26	78	22	53	93	90	11	82	43	27	68	82	21	77	81	73	86	2	86	42	18	65	15	45	2	27	
72	54	77	37	83	85	62	40	18	50	98	72	56	1	89	13	73	78	18	38	52	75	58	63	40	68	35	89	24	92	82	84	89	52	11	67	71	3	81	72	
27	36	50	11	88	57	27	65	70	39	62	73	39	90	68	89	71	77	9	41	65	67	49	3	66	13	27	63	31	74	93	56	51	51	37	85	86	78	81	55	
98	1	31	91	77	38	98	25	98	89	40	49	70	67	75	90	31	30	87	60	25	64	3	52	72	48	19	25	86	82	25	78	32	67	18	5	12	74	26	93	
21	43	94	93	29	79	82	83	49	63	69	95	28	74	8	95	57	97	23	12	81	74	75	59	75	2	37	26	93	97	23	93	21	86	14	8	88	79	33	42	
18	35	75	9	20	47	4	98	54	79	49	76	23	50	95	47	67	35	25	69	83	43	57	99	64	85	5	73	54	30	39	56	67	32	26	39	89	62	82	51	
95	92	66	6	20	92	91	19	79	60	38	50	48	86	91	66	98	17	49	28	89	86	55	41	59	4	60	29	34	40	27	16	96	45	15	35	40	76	19	78	
16	36	50	86	63	41	83	20	55	75	94	56	17	90	82	37	88	66	41	21	57	39	21	38	53	63	4	50	8	62	73	56	13	82	60	98	12	61	87	67	
48	65	63	97	13	74	66	13	85	97	49	60	70	56	38	34	47	84	15	92	7	3	1	8	40	87	82	6	85	38	52	88	73	9	44	41	15	59	99	63	
10	40	85	93	93	29	52	99	40	61	96	51	76	37	89	16	99	98	55	31	81	5	22	44	11	40	98	28	18	54	19	9	55	3	74	69	55	34	28	6	
78	61	71	68	17	95	74	89	28	32	35	97	8	29	36	67	23	8	57	52	73	58	5	98	49	54	56	36	90	84	30	3	90	65	31	39	82	95	35	67	
92	64	1	31	78	23	29	71	54	73	23	58	92	59	86	7	50	31	94	45	42	36	13	13	88	67	35	7	87	45	95	10	94	38	48	58	15	33	32	42	
33	17	65	41	43	35	35	34	52	32	72	51	62	80	31	39	66	76	18	69	5	41	28	6	67	59	97	8	48	48	69	46	69	26	28	49	50	51	69	8	
78	20	93	6	9	50	33	59	1	15	79	75	62	69	46	73	78	98	86	10	16	93	61	23	58	7	23	81	97	63	53	81	88	22	80	66	49	17	61	27	
52	22	93	25	50	4	13	53	26	89	73	95	63	37	26	92	73	79	32	88	26	15	94	38	71	29	77	89	58	90	54	73	62	46	2	69	11	9	33	14	
42	32	38	99	44	81	72	47	76	75	9	73	35	39	46	81	53	98	50	35	17	21	47	7	58	54	19	12	48	37	58	52	92	85	80	55	20	72	9	58	
8	43	77	89	82	58	10	48	87	47	82	63	17	95	68	11	47	24	27	6	25	29	85	90	74	79	19	98	59	90	37	74	92	42	30	42	82	85	29	96	
65	61	78	35	55	42	43	47	21	50	80	59	57	18	58	75	19	3	93	69	39	60	53	18	39	50	31	88	8	19	92	16	8	85	63	16	38	27	90	52	
53	39	4	29	23	23	63	83	89	10	66	5	44	41	51	89	37	54	15	38	87	50	37	18	70	33	84	70	79	56	27	39	1	13	90	25	55	53	33	17	
81	20	18	47	67	33	19	68	59	59	86	49	12	56	42	42	41	79	6	65	99	74	62	99	3	6	6	8	48	6	45	3	25	16	47	39	8	75	39	6	
62	81	20	35	26	6	34	56	39	65	15	68	29	64	3	1	81	69	83	90	50	68	25	96	81	44	77	24	75	47	90	34	84	53	60	58	33	55	83	53	
18	92	17	49	5	50	48	84	44	64	31	36	69	19	39	80	46	16	49	48	85	64	46	58	48	21	23	33	96	50	8	53	64	30	39	81	70	92	97	73	
75	71	23	60	71	20	4	60	45	5	25	59	61	84	77	62	57	42	94	27	34	25	67	2	97	10	30	36	79	92	41	61	49	79	4	32	79	28	77	73	
39	52	86	5	34	3	46	7	99	91	31	58	24	5	70	71	67	27	54	88	92	90	66	24	18	95	92	67	74	86	64	78	23	58	37	35	45	53	14	27	
44	58	58	94	1	2	69	62	60	43	2	14	77	64	56	10	18	40	73	39	96	26	15	64	20	92	99	4	39	10	35	37	45	42	73	58	57	19	61	99	
92	80	80	91	11	34	86	45	68	46	5	66	41	70	24	46	90	84	17	63	72	84	60	27	36	60	43	23	44	45	89	37	15	29	18	99	76	55	33	33	
71	62	13	26	64	28	34	62	26	30	52	69	9	29	35	61	38	42	5	11	71	63	42	53	10	40	62	20	65	24	63	53	13	49	95	40	77	1	29	82	
50	88	89	77	17	35	1	84	51	32	66	98	4	41	53	53	93	30	84	34	78	76	39	62	58	84	21	86	51	76	41	98	20	83	33	46	76	31	93	15	
59	87	5	14	66	36	1	70	14	78	72	26	22	87	22	91	61	57	26	92	13	32	46	33	27	1	8	36	73	86	46	49	29	81	70	34	40	97	11	62	
52	32	35	81	12	68	65	51	52	71	21	39	49	36	67	32	92	93	57	7	3	10	83	58	12	99	79	92	65	61	50	15	24	96	4	87	70	72	19	26	
49	47	83	56	4	43	71	69	72	77	48	23	64	47	29	92	38	43	23	68	40	51	37	40	75	46	28	33	28	92	27	79	50	14	62	28	78	98	70	45	
55	31	64	49	69	84	1	77	25	25	58	96	19	84	29	75	86	17	79	8	25	57	31	49	38	21	78	87	31	37	22	85	62	97	13	49	35	47	11	15	
69	74	17	62	16	62	32	87	69	11	47	5	7	37	65	52	75	27	19	22	80	81	31	45	48	85	19	92	86	99	68	83	53	33	96	2	2	78	97	67	
69	89	43	16	27	41	61	78	12	6	46	67	1	44	44	3	98	67	29	48	56	44	75	39	40	58	69	4	6	15	23	32	65	85	98	36	48	16	46	97	
76	48	89	14	25	25	55	64	34	77	10	86	87	25	33	13	76	21	73	8	13	42	46	28	68	88	66	62	41	49	40	55	82	55	49	1	43	16	5	64	
7	17	47	79	27	21	33	13	91	6	22	5	69	20	57	25	23	58	18	93	81	67	60	72	25	44	96	22	4	95	75	61	2	49	50	1	31	54	67	24	
97	10	94	39	77	96	86	22	4	13	45	28	57	34	19	48	84	46	73	21	14	33	98	42	37	2	46	26	66	83	18	10	89	47	44	4	95	12	13	42	
22	40	61	67	59	53	24	55	20	5	90	91	36	84	48	19	64	67	81	33	3	8	67	6	46	45	90	46	43	90	57	38	20	86	99	14	90	69	77	47	
77	79	30	82	93	98	45	31	66	3	26	98	21	64	90	28	28	44	26	62	95	50	88	86	72	67	13	72	59	63	77	50	84	43	44	90	65	9	54	44	
61	27	67	5	10	29	57	66	77	97	15	3	86	96	20	90	86	59	75	48	81	57	18	70	49	83	55	66	88	41	87	51	96	24	15	32	63	20	34	90	
22	77	87	68	8	22	10	82	4	3	80	50	83	11	86	87	65	1	56	12	59	9	2	70	55	43	96	63	85	88	82	44	69	64	48	10	7	11	62	19	
98	4	42	85	95	23	69	59	9	11	10	79	30	15	96	47	52	96	63	83	88	32	59	47	13	57	69	33	91	35	27	83	75	32	96	65	59	32	44	21	
37	41	50	74	11	51	20	54	36	61	84	79	90	80	16	97	27	65	94	92	27	57	98	85	75	21	97	3	22	17	85	82	90	37	80	53	72	98	64	90	
85	76	49	38	19	8	99	69	68	16	39	95	36	26	16	64	69	67	20	10	40	92	63	31	95	55	75	23	39	28	67	79	16	48	69	50	8	24	54	14	
78	47	86	99	98	82	65	81	63	33	60	2	76	15	44	31	57	66	79	43	96	96	11	75	72	43	74	6	1	79	17	57	79	13	90	17	52	54	76	27	
92	45	34	97	4	78	87	22	65	56	6	25	87	54	24	54	34	95	16	98	47	63	21	4	78	80	76	7	94	59	26	19	30	90	76	13	99	18	49	22	
93	25	41	31	10	37	80	22	13	3	65	21	5	4	93	33	64	31	40	84	78	5	34	98	77	26	46	69	52	5	80	24	94	85	39	74	23	71	97	10	
53	24	14	69	41	67	61	3	7	61	46	15	15	85	67	37	71	68	18	87	55	51	29	97	9	65	27	22	42	73	41	76	34	84	74	42	28	62	41	45	
62	79	30	12	75	87	39	30	81	98	89	91	13	8	35	89	55	7	99	90	40	47	20	5	63	74	77	36	49	32	48	71	67	11	98	46	84	84	4	1	
8	63	78	5	34	65	37	25	39	64	25	48	48	85	88	8	86	45	77	53	92	62	93	67	42	91	29	36	30	38	66	98	86	72	23	54	39	52	66	1	
46	10	37	16	56	71	46	22	77	15	46	94	55	76	79	96	88	74	66	52	53	2	72	98	83	1	79	67	52	37	51	95	45	25	44	65	11	76	40	12	
47	63	76	64	43	36	10	98	93	26	28	19	55	17	16	4	99	85	29	72	8	26	15	61	88	10	23	20	16	61	59	68	34	38	83	67	68	44	77	88	
26	24	2	9	93	12	35	44	68	30	67	3	48	65	75	27	13	74	22	54	34	75	40	9	16	46	99	10	51	40	74	60	36	65	45	48	86	8	14	74	
54	98	15	87	23	41	47	99	33	46	58	95	85	57	64	77	97	62	79	99	22	5	87	82	57	55	86	14	8	11	81	76	57	24	12	64	88	77	38	62	
51	64	20	22	48	35	58	44	19	24	97	48	15	57	98	2	9	18	24	36	88	21	11	60	8	99	16	65	11	37	53	72	50	83	65	62	59	27	93	7	
54	31	49	65	74	53	84	41	88	89	26	93	18	23	22	60	69	83	8	30	62	24	92	67	96	71	23	98	12	36	88	88	9	50	48	64	54	92	16	97	
79	19	30	20	45	92	80	39	41	98	88	94	24	77	50	58	39	12	92	64	56	59	4	39	20	12	31	59	12	10	62	48	47	71	48	97	75	93	96	83	
51	32	77	3	85	79	17	34	10	99	44	42	3	81	49	35	60	8	52	67	16	79	86	44	40	25	57	62	71	81	25	11	62	33	16	92	41	49	78	61	
23	46	15	68	18	73	76	81	32	96	88	5	41	17	46	15	87	73	9	1	54	97	67	61	70	18	65	11	97	45	15	80	75	75	18	31	28	98	85	6	
74	99	37	91	70	74	94	66	6	22	23	51	2	73	68	4	4	65	7	99	64	65	4	11	49	26	31	69	15	9	18	67	55	4	13	48	96	44	81	78	
90	90	89	3	52	31	21	32	24	17	42	7	63	46	15	48	5	50	6	73	19	44	65	46	77	58	54	96	16	59	50	11	21	16	69	97	99	78	61	67	
23	80	94	80	22	65	17	63	89	16	64	85	38	33	60	53	76	76	18	60	37	87	41	98	58	44	93	29	96	17	71	58	30	26	5	69	74	35	70	4	
33	3	95	99	30	94	83	25	21	37	80	66	73	41	88	52	49	41	63	41	52	32	79	79	3	90	36	26	65	11	34	95	45	6	62	61	7	36	59	24	
11	82	42	39	47	66	22	61	22	81	51	29	35	2	57	31	34	71	71	2	45	85	59	40	20	34	96	66	42	54	58	39	80	18	19	10	87	51	67	88	
85	56	97	41	70	92	22	41	49	32	15	51	72	91	95	15	36	10	1	64	65	35	96	85	95	15	50	6	34	24	46	77	34	71	17	77	43	60	39	63	
6	1	89	31	15	99	86	74	52	71	46	54	62	53	35	7	57	6	94	61	32	48	73	44	43	45	90	87	92	47	16	79	94	67	40	97	47	20	69	50	
11	69	76	88	79	71	79	71	95	90	32	8	34	30	60	82	73	11	72	75	19	88	7	94	40	88	29	11	50	2	78	48	39	68	6	69	20	43	81	74	
77	31	61	80	2	13	15	65	66	16	84	92	79	5	10	44	97	83	43	31	15	34	44	54	43	47	15	53	45	11	38	39	98	53	2	16	5	78	38	38	
47	21	21	46	88	9	71	88	56	35	86	19	40	43	89	29	16	1	60	44	72	5	92	13	91	49	93	51	19	51	28	26	21	2	46	92	19	1	80	14	
39	90	83	40	30	97	36	9	31	34	64	1	78	44	31	71	19	71	98	27	29	90	75	30	81	47	93	40	1	69	72	34	1	62	80	59	99	1	98	9	
44	71	22	33	98	40	86	16	76	40	95	83	29	96	70	26	98	61	68	50	22	94	27	88	28	26	44	42	70	97	87	18	96	45	97	2	24	89	38	75	
93	37	86	63	18	10	95	68	31	61	44	33	29	43	71	45	42	21	59	58	70	72	9	4	10	7	27	18	5	79	8	5	33	9	92	11	4	6	29	87	
17	78	68	52	27	72	75	95	95	51	32	76	37	48	63	11	88	20	15	47	49	86	65	85	88	67	55	72	4	5	44	89	76	59	54	24	75	27	56	60	
74	84	90	69	16	86	47	57	21	60	36	5	23	76	26	24	87	86	37	93	40	61	12	58	16	62	88	13	94	43	75	85	98	53	81	10	59	88	54	42	
79	22	38	58	48	3	47	57	89	7	20	24	45	70	94	54	22	61	28	38	62	44	40	45	19	53	72	72	27	92	69	36	16	9	36	26	7	10	34	45	
89	29	6	15	59	68	53	13	63	45	97	68	13	42	3	36	21	43	51	32	88	79	76	90	66	42	17	77	39	29	37	74	13	22	19	17	28	27	43	48	
94	14	94	25	40	41	61	86	20	49	25	67	19	66	52	32	52	55	38	35	39	82	51	61	18	16	2	83	7	59	15	49	51	85	86	80	93	30	57	47	
68	58	22	58	3	11	71	62	74	95	26	73	64	80	18	45	95	6	17	71	59	18	13	82	50	88	10	60	82	90	81	99	48	23	91	84	32	9	1	62	
18	25	78	16	25	24	23	93	71	52	49	36	55	92	79	90	94	67	73	38	73	91	65	47	74	59	4	30	5	95	4	86	50	21	62	40	92	1	96	2	
2	77	3	35	73	13	50	92	68	80	54	43	90	91	88	23	96	48	46	76	31	45	41	69	21	72	17	73	94	87	17	88	76	69	2	30	99	48	58	85	
37	98	1	53	15	37	76	85	95	34	29	12	23	71	65	18	66	83	51	95	17	54	4	2	19	78	91	79	29	7	28	40	51	11	32	98	87	65	96	21	
86	25	82	22	5	27	28	19	99	72	42	38	4	53	27	15	84	22	37	49	63	34	84	7	44	14	36	62	5	1	65	40	15	92	56	94	9	2	72	35	
21	72	40	84	56	32	96	28	62	77	23	2	11	18	43	10	31	25	72	77	23	59	42	81	61	75	21	22	71	29	40	5	12	30	63	67	34	24	72	67	
71	89	55	5	90	82	19	53	9	71	71	28	55	44	33	11	39	73	67	94	40	75	65	43	37	4	4	74	53	52	57	87	68	67	59	24	27	92	18	14	
59	95	32	53	71	47	88	20	92	50	8	6	68	51	80	43	44	70	19	42	90	29	98	68	39	79	83	29	54	50	45	47	46	54	25	39	2	50	5	26	
1	36	72	51	19	5	10	72	63	17	40	59	77	55	90	15	4	64	92	91	12	97	98	86	16	17	90	27	33	25	23	74	74	23	13	26	62	21	77	76	
8	46	67	67	4	22	72	61	13	22	74	82	50	18	73	39	98	70	39	7	9	31	31	36	57	68	3	30	74	28	97	76	72	75	72	58	20	7	29	66	
54	14	35	76	24	30	58	89	6	12	52	22	32	17	59	10	26	93	33	61	42	88	84	71	37	35	96	75	31	80	89	16	44	70	4	49	99	94	39	1	
33	54	80	68	62	20	86	18	90	82	18	23	59	9	44	35	62	70	51	15	1	99	30	24	34	82	28	77	48	9	94	9	58	24	47	90	18	68	34	14	
93	84	88	15	25	30	79	20	92	39	18	23	51	10	68	29	9	7	74	38	49	10	1	30	41	63	43	86	73	78	71	73	9	14	99	43	49	34	89	53	
55	15	49	97	62	48	73	97	82	62	34	14	91	76	28	55	26	26	30	6	64	54	12	1	45	46	24	14	49	44	67	40	59	85	67	89	71	39	53	21	
7	35	14	84	70	23	43	51	39	82	43	49	80	90	12	28	43	24	57	34	48	19	1	61	98	51	64	99	72	94	66	18	63	73	43	33	88	4	8	64	
89	14	82	68	72	71	78	10	77	52	12	12	79	58	75	73	49	27	5	81	21	20	13	35	66	87	71	46	59	14	77	13	69	19	23	67	45	67	58	33	
52	1	23	58	83	1	68	12	67	41	22	40	26	7	41	44	64	56	69	9	99	85	5	96	53	8	8	3	65	41	47	6	9	3	45	86	8	23	56	86	
96	39	19	32	57	34	42	43	37	19	27	8	37	91	36	87	98	7	50	79	54	43	84	65	18	55	55	9	9	42	9	85	59	77	69	63	40	73	53	58	
98	80	53	35	7	41	16	38	45	54	36	58	93	13	56	76	84	21	47	41	48	14	90	72	62	26	19	94	59	83	58	40	95	9	80	79	51	85	80	74	
18	5	19	48	20	78	92	27	46	24	37	99	99	32	62	87	94	72	81	37	58	12	84	67	7	37	58	35	20	15	63	1	21	25	23	12	30	58	69	36	
74	55	61	4	42	31	80	47	31	15	42	52	35	96	7	46	43	63	58	95	71	55	94	96	43	95	44	61	78	58	7	44	71	68	76	71	60	82	94	46	
25	67	56	55	48	64	42	6	50	46	73	56	72	75	95	19	58	15	48	61	76	74	72	23	73	81	59	27	52	1	53	54	14	57	49	11	13	29	56	6	
5	12	14	14	95	80	87	2	19	89	70	29	92	91	77	68	49	75	7	90	19	34	97	17	21	26	18	36	4	95	57	30	18	49	14	68	24	17	83	54	
62	44	17	33	56	84	79	3	2	96	37	88	70	72	64	59	47	30	27	99	51	57	1	89	33	11	24	20	45	69	94	63	9	18	64	90	50	15	79	75	
63	56	86	47	26	47	86	79	80	38	15	24	43	97	86	23	25	14	18	70	57	60	25	92	61	61	58	75	18	35	27	63	3	27	14	93	12	24	91	55	
89	36	86	77	28	87	60	93	3	40	89	23	65	53	75	80	6	40	18	9	61	87	15	67	20	48	97	56	61	12	2	38	27	20	20	86	10	87	12	92	
9	34	51	82	81	50	42	44	11	35	29	64	38	1	79	19	48	21	37	67	16	55	37	58	28	2	63	25	51	47	77	37	16	6	37	56	28	90	16	76	
28	39	49	69	64	94	7	71	52	12	49	59	26	40	11	22	9	9	34	18	71	5	38	71	32	28	3	52	31	54	81	45	89	62	7	99	14	77	24	8	
32	52	75	65	48	90	31	12	71	81	19	46	50	89	21	65	97	37	20	79	29	60	23	98	14	25	1	85	21	46	7	37	17	35	74	21	48	70	3	86	
98	71	78	38	22	18	98	17	85	36	85	51	65	67	16	57	2	64	98	7	72	87	73	94	73	20	26	63	98	82	26	82	57	50	40	74	81	95	86	49	
99	90	14	78	91	72	33	21	33	30	40	95	18	77	89	42	96	28	31	32	80	67	94	11	94	97	4	88	79	17	49	12	80	29	41	75	67	11	42	64	
75	86	33	35	61	80	65	68	18	48	9	66	82	6	1	61	44	11	38	65	25	66	92	83	98	45	21	60	60	57	6	41	76	12	59	60	67	49	56	87	
99	29	2	8	1	17	28	99	20	1	83	40	86	18	71	65	57	97	32	48	45	27	82	79	66	99	66	58	55	27	62	43	36	86	69	1	40	60	58	67	
19	90	48	99	87	33	83	87	93	8	68	60	7	71	26	83	59	56	75	67	6	45	31	1	56	98	94	89	12	34	67	82	21	21	15	83	12	63	71	8	
78	61	48	16	34	85	84	37	53	1	77	78	55	25	53	57	21	9	79	21	36	73	27	40	90	43	33	83	99	48	27	9	13	8	8	37	28	98	3	96	
26	69	32	31	96	75	65	32	25	24	44	42	41	55	4	14	72	23	23	41	49	18	82	98	33	61	5	49	93	81	20	97	40	11	71	19	83	96	49	74	
93	14	33	4	61	94	60	49	95	43	77	49	17	90	18	15	7	1	16	76	45	44	70	53	40	86	96	86	26	76	34	58	87	16	7	56	40	46	53	73	
71	97	57	53	17	74	59	20	35	67	40	46	6	34	85	49	55	74	78	30	91	90	89	85	98	27	50	53	30	1	37	85	94	94	93	51	20	64	75	3	
51	67	94	86	5	40	89	51	95	65	60	96	6	7	36	81	52	11	66	48	88	92	58	65	41	58	89	90	56	48	83	79	22	71	19	28	79	87	5	99	
55	63	54	86	52	79	36	2	6	95	79	96	82	91	60	66	72	25	17	71	15	98	43	92	47	13	71	2	77	44	45	14	9	88	42	50	73	52	98	27	
51	72	32	57	87	9	82	21	30	46	19	45	38	80	62	10	58	90	31	41	50	13	23	87	17	74	78	89	66	60	77	64	10	95	88	87	85	92	59	34	
40	85	10	16	31	47	91	29	20	67	96	80	60	37	45	90	21	66	84	58	90	23	71	48	40	85	35	49	65	32	18	92	10	24	70	38	54	39	27	69	
32	69	89	57	76	2	14	71	46	28	54	62	58	54	26	37	31	25	74	4	27	55	85	55	32	54	57	17	27	87	13	81	23	86	48	9	75	28	26	54	
99	32	53	58	44	54	30	19	4	61	34	15	74	27	81	60	79	83	92	11	24	14	35	40	56	74	35	74	41	75	73	39	71	69	15	55	77	12	19	8	
14	8	57	48	23	54	20	22	10	33	70	29	80	25	27	47	30	50	29	94	67	46	46	3	35	43	42	13	46	6	73	42	48	38	12	69	92	80	12	30	
61	38	57	32	89	21	66	30	71	98	31	13	54	78	25	99	46	70	12	43	97	3	20	90	28	93	83	48	14	90	63	51	57	48	87	33	99	87	77	44	
42	64	63	73	9	50	90	60	44	82	68	10	34	61	28	45	6	76	78	54	22	7	76	30	4	28	65	96	19	3	28	71	39	60	67	21	48	79	16	90	
51	27	28	27	19	27	16	25	67	56	23	58	64	91	46	86	87	54	67	37	14	30	34	20	87	59	5	4	95	22	69	74	70	61	75	61	70	33	44	77	
33	63	64	34	90	44	65	16	79	18	39	23	7	25	52	23	49	2	58	69	83	72	17	71	88	59	66	31	65	5	21	75	54	94	70	56	64	6	22	92	
34	26	97	71	79	30	89	42	16	90	30	69	50	67	17	19	78	10	29	5	40	55	97	17	14	11	30	1	51	54	95	66	86	97	29	54	70	78	95	66	
14	91	43	55	43	78	26	29	90	15	58	4	87	85	71	29	31	34	48	44	30	9	67	63	57	67	89	91	76	91	65	9	3	38	41	79	18	19	92	91	
60	88	22	2	57	87	86	64	55	54	56	67	81	27	8	86	48	82	7	59	53	80	39	10	73	23	86	99	36	41	64	72	9	63	58	22	59	41	31	2	
69	22	2	50	99	4	86	16	43	5	78	79	12	44	3	38	50	7	64	70	69	34	82	16	34	81	73	41	58	15	39	47	88	55	53	76	84	74	67	6	
12	11	71	31	23	71	88	85	90	13	77	50	96	29	81	40	23	1	45	85	79	68	87	32	62	34	1	28	41	14	9	90	3	90	26	41	15	41	72	75	
83	28	52	98	3	94	93	41	40	94	24	34	5	48	3	15	72	2	52	92	86	35	64	78	50	48	48	89	74	19	77	52	53	5	31	78	82	38	47	90	
37	49	26	18	73	91	53	82	31	68	40	56	42	90	86	56	70	3	18	8	43	61	68	91	55	57	80	51	39	7	63	39	46	64	41	19	83	23	55	46	
87	6	14	7	40	71	17	84	62	85	84	78	24	13	60	91	76	65	85	80	79	86	60	12	81	54	29	70	90	56	66	44	21	49	42	36	19	10	97	4	