600
40
82	5	28	83	47	30	4	84	63	15	29	34	84	43	17	39	72	4	26	24	70	4	7	14	80	61	75	97	90	64	99	84	33	88	62	36	82	91	53	51	
19	43	96	16	5	58	14	45	73	31	86	96	16	93	58	27	4	56	98	2	2	85	16	7	52	33	92	8	26	40	73	57	89	45	43	44	14	3	59	40	
39	69	39	90	66	28	8	38	31	50	64	93	4	12	12	90	90	32	65	77	49	73	45	39	52	48	90	64	31	1	76	75	13	69	16	8	23	49	60	98	
10	1	56	21	20	89	8	75	33	39	50	21	33	30	43	14	67	92	30	75	30	71	34	30	68	44	71	52	95	38	13	37	64	80	26	81	27	56	70	28	
94	77	36	21	64	85	38	70	79	33	25	26	46	18	44	6	15	69	78	30	1	18	58	57	5	77	95	25	65	34	10	38	26	29	30	56	40	57	96	76	
14	40	8	17	70	35	67	34	91	87	32	48	62	48	85	40	26	91	58	54	28	39	82	28	9	43	62	13	61	98	79	78	80	94	81	99	51	6	6	73	
74	5	46	16	13	27	79	44	2	39	76	21	68	72	89	40	58	33	81	73	42	4	44	96	70	95	20	80	95	3	9	6	68	88	54	45	93	94	18	3	
90	49	85	31	98	27	78	48	22	73	58	26	99	6	42	27	58	53	65	12	68	87	71	42	12	73	13	45	51	28	77	27	34	64	86	40	86	83	41	51	
79	6	83	56	62	76	21	44	4	92	32	3	93	11	34	20	78	57	96	32	42	42	26	4	55	42	56	55	58	12	15	72	46	34	65	56	63	28	22	99	
44	54	5	11	50	12	81	3	72	1	1	20	29	94	31	97	62	53	37	37	99	70	83	66	67	28	36	15	45	8	84	20	5	90	38	47	75	19	44	78	
31	31	42	26	85	78	51	48	44	84	44	96	51	8	74	9	22	19	46	26	60	8	42	9	91	69	56	73	68	50	97	66	25	36	55	68	88	29	43	73	
72	35	62	94	13	62	61	6	22	5	67	82	64	54	22	46	91	72	54	2	79	12	63	9	57	71	97	66	26	17	57	65	4	18	47	47	43	58	63	88	
12	46	91	81	25	16	49	89	78	94	98	96	23	99	7	75	64	53	46	43	92	56	42	95	74	60	25	19	57	13	43	15	68	67	29	19	15	97	42	72	
6	47	24	76	67	99	42	61	16	64	97	20	91	95	37	11	8	6	91	27	29	30	12	69	4	58	14	94	16	46	16	3	10	51	38	9	40	84	24	90	
12	50	69	22	33	27	81	33	5	8	12	40	89	2	24	64	60	71	98	8	18	45	79	69	13	47	15	11	26	18	55	13	87	22	99	75	36	77	7	63	
53	38	23	78	27	12	78	36	13	23	54	62	18	18	38	35	16	85	3	56	68	51	84	3	10	53	46	9	25	17	40	76	23	78	33	15	89	32	21	48	
71	95	76	59	20	28	92	38	5	32	19	67	67	26	5	64	80	81	86	50	35	51	6	27	65	29	17	71	80	22	43	93	77	34	76	6	38	76	39	95	
49	67	50	17	81	71	53	26	30	10	21	31	8	27	22	43	15	1	25	24	62	32	80	88	4	46	89	8	93	5	68	1	99	84	53	32	27	9	15	43	
27	4	67	84	91	30	2	32	89	20	72	98	57	1	14	76	59	8	69	73	13	90	66	22	89	92	58	89	79	45	17	97	67	94	64	43	46	83	54	75	
90	26	49	74	41	56	69	29	83	54	90	12	33	55	15	6	37	14	61	18	69	77	35	99	83	75	73	42	35	51	83	33	1	73	12	79	50	16	20	42	
49	87	48	35	98	55	91	74	42	83	33	98	87	92	88	83	40	6	73	21	31	36	89	40	85	31	91	95	78	84	82	40	61	74	56	56	62	87	67	27	
85	53	10	63	80	66	42	12	34	9	65	16	16	78	68	10	95	81	85	57	78	57	20	73	59	42	51	88	81	89	12	38	35	85	4	94	54	62	6	71	
94	69	68	68	78	60	9	30	61	20	63	46	58	18	40	18	14	86	88	49	26	34	85	61	36	60	91	29	72	35	35	79	84	39	24	20	14	99	97	66	
96	57	65	99	84	41	95	77	29	64	44	55	69	37	49	25	22	69	26	52	55	27	32	76	99	33	93	14	26	57	14	61	2	18	2	6	83	87	84	81	
42	96	14	26	95	51	54	34	6	20	25	3	81	69	41	30	68	30	58	94	29	29	36	32	54	41	51	3	37	10	51	86	22	71	15	82	94	68	50	69	
83	32	79	71	88	83	54	36	50	71	21	10	41	53	34	75	18	78	66	80	86	47	85	76	71	36	83	46	67	21	82	91	35	40	50	97	70	79	8	15	
41	66	2	7	91	4	74	63	38	96	67	82	30	29	21	60	26	6	78	42	19	77	88	34	23	92	69	76	79	55	84	15	67	83	45	35	14	97	21	42	
45	78	44	2	23	74	37	73	53	58	76	93	64	49	5	9	91	54	37	51	26	99	13	11	87	60	12	45	52	87	30	37	49	16	60	84	80	90	59	79	
55	36	74	30	24	84	61	4	69	98	25	19	77	89	63	3	94	93	86	91	58	67	55	51	44	20	47	26	73	73	58	67	64	45	92	77	31	69	82	83	
67	20	76	26	60	90	54	18	13	48	72	27	89	68	43	60	8	12	7	76	33	10	49	52	47	55	67	68	20	32	88	88	78	21	2	71	57	58	50	12	
2	51	92	9	14	62	38	20	1	30	11	34	44	73	93	78	5	1	59	32	39	38	97	39	78	22	86	8	11	37	59	64	50	92	90	92	6	59	79	61	
64	25	4	52	54	29	96	13	67	80	46	4	40	91	20	26	28	55	80	36	19	60	36	82	83	29	32	38	48	9	99	91	25	62	96	32	65	28	11	51	
1	56	28	17	85	37	62	23	67	68	9	11	38	50	78	1	57	79	1	6	30	98	30	94	89	20	74	30	38	14	33	17	3	55	25	9	44	56	27	76	
22	23	65	36	85	17	31	78	61	27	2	58	49	57	93	32	51	92	90	51	91	16	6	57	4	67	76	16	91	73	10	10	99	93	13	70	31	63	85	4	
16	20	60	59	13	49	11	40	83	86	68	54	4	55	15	48	67	47	43	78	15	47	6	25	90	69	86	23	7	76	74	88	78	70	21	72	33	82	96	34	
42	23	4	48	6	41	95	90	89	14	7	38	4	78	1	97	67	54	89	51	1	37	80	74	34	52	51	66	32	1	62	3	67	38	60	93	92	70	25	14	
99	49	66	37	61	6	78	82	86	65	97	69	58	12	29	27	5	6	37	9	39	86	14	14	81	81	72	4	13	32	26	72	60	1	44	19	93	10	19	10	
87	35	57	40	83	56	90	39	43	36	83	70	91	64	51	12	89	17	47	41	75	1	67	47	64	79	82	30	18	5	93	85	91	8	81	77	39	19	82	32	
35	10	19	21	34	94	72	15	80	21	58	23	44	43	64	46	40	60	42	17	56	48	74	93	2	44	57	48	43	32	65	50	1	59	89	34	19	78	68	21	
24	85	53	16	43	13	75	6	48	80	6	28	42	36	23	94	8	17	40	71	73	22	47	68	90	80	62	85	7	57	26	4	74	17	47	38	53	53	6	84	
81	45	76	16	15	3	1	24	77	15	57	15	64	98	79	84	89	33	27	50	65	8	29	12	67	35	28	61	15	96	6	72	66	20	76	30	21	21	63	95	
64	40	6	99	11	67	60	24	15	42	89	6	72	49	53	71	23	73	51	6	24	65	70	81	60	37	49	25	15	4	60	97	5	7	51	1	61	17	33	41	
17	94	79	32	10	39	74	86	43	79	44	46	34	69	39	54	56	91	58	56	60	3	37	98	17	46	32	40	26	28	86	15	77	43	44	10	71	73	58	37	
13	17	5	7	59	8	99	57	77	42	88	80	27	9	35	40	2	2	55	93	69	70	52	49	14	5	54	22	55	86	70	77	99	59	1	63	69	71	82	84	
81	12	42	54	94	51	90	41	43	33	99	89	18	3	12	77	74	58	98	52	68	53	68	41	54	98	70	46	91	36	64	56	58	89	44	39	49	98	36	97	
9	10	13	7	52	70	87	58	40	50	85	85	28	87	8	37	9	38	22	33	13	70	67	21	32	25	40	95	83	60	97	82	48	20	13	74	12	12	50	77	
25	86	47	9	54	41	37	51	81	96	34	56	76	29	58	50	55	35	94	86	2	82	97	44	93	63	89	76	95	52	13	46	75	42	32	12	80	6	3	45	
69	7	56	98	84	57	50	46	20	98	92	77	12	50	54	9	61	54	3	45	57	5	38	3	73	53	11	83	44	12	44	59	56	15	8	92	94	88	1	34	
44	59	40	32	31	89	79	78	48	21	80	65	11	74	30	13	29	19	74	17	91	29	96	8	5	79	77	27	25	47	12	67	83	25	64	20	85	65	82	32	
36	7	23	75	28	53	40	68	89	5	35	5	77	66	91	82	63	77	26	37	51	45	34	27	25	67	10	10	9	79	66	24	88	67	1	62	37	23	63	86	
33	41	23	42	64	71	54	52	61	96	84	14	6	83	60	19	88	22	43	71	41	74	30	86	52	73	54	65	25	55	43	13	69	18	90	25	21	30	8	62	
14	39	52	95	78	51	30	74	25	89	53	78	32	32	67	28	56	10	94	77	35	9	63	18	43	94	10	52	25	69	67	35	14	22	99	76	18	30	27	56	
21	33	46	4	37	72	68	34	13	74	2	41	70	33	59	99	32	90	73	23	62	54	46	67	42	75	70	98	30	87	80	48	94	81	49	23	21	55	18	65	
18	81	28	50	91	65	6	82	44	91	93	38	26	87	52	35	59	45	73	59	79	80	66	63	96	26	10	14	56	78	95	60	49	57	95	51	16	34	27	19	
22	47	4	1	18	14	86	88	10	89	92	4	88	56	6	41	10	23	97	53	22	80	76	33	66	42	94	41	19	53	90	83	41	69	56	15	46	14	48	57	
20	81	79	31	35	50	62	48	52	92	1	22	8	37	33	75	14	91	89	70	35	31	10	82	9	36	27	87	28	10	31	44	2	9	56	90	58	86	49	75	
72	20	27	2	8	65	30	55	18	74	12	39	54	58	43	46	67	88	8	24	88	61	23	31	45	71	15	84	52	79	21	43	52	53	7	75	26	19	29	16	
86	73	65	99	27	21	94	32	88	33	14	35	58	67	9	74	28	85	21	65	71	32	79	95	8	3	88	29	73	91	86	79	13	86	22	56	60	89	13	23	
80	37	79	30	78	67	66	10	8	78	6	39	25	36	72	5	85	48	42	47	69	16	54	43	71	25	26	64	18	27	93	29	80	35	60	22	97	39	72	48	
25	95	73	60	82	72	91	71	67	27	59	19	41	65	80	80	19	14	91	30	23	83	76	88	62	25	30	24	71	96	94	75	5	93	98	38	70	11	74	18	
65	46	48	33	23	49	7	42	97	91	3	12	55	96	46	64	30	68	86	51	62	97	1	56	52	43	25	31	73	11	4	97	27	72	40	80	56	20	72	55	
29	12	15	22	54	97	33	46	20	89	43	21	42	37	49	30	59	30	68	50	32	21	9	89	30	40	86	55	93	63	9	23	19	43	51	20	15	4	14	51	
5	80	38	50	91	47	96	16	95	54	13	58	48	76	61	96	87	45	59	49	91	11	46	27	57	67	8	20	91	20	9	22	86	92	27	61	95	1	94	6	
19	29	13	69	79	6	80	51	44	48	49	59	17	27	7	23	16	77	49	86	95	43	85	28	2	46	86	73	50	10	89	69	66	81	95	49	40	23	32	12	
76	74	68	83	43	21	12	45	47	85	13	36	96	58	54	66	20	21	14	11	58	26	23	55	58	54	57	15	4	32	23	61	94	13	48	19	51	35	74	3	
90	15	4	37	22	39	72	60	41	64	26	98	30	39	33	84	98	3	62	34	3	28	10	13	42	17	43	67	31	56	4	82	65	3	98	9	57	49	43	57	
99	85	61	61	83	77	50	58	74	95	49	28	25	92	92	4	95	3	25	30	80	7	7	48	74	1	44	22	44	39	14	35	65	59	78	27	45	10	4	53	
53	19	23	69	18	97	15	97	63	52	86	10	4	50	82	38	3	76	57	99	84	51	76	94	36	24	54	26	48	42	17	21	89	68	62	80	85	3	69	84	
86	10	42	14	13	87	28	68	20	7	25	15	36	16	71	67	46	80	88	88	36	22	7	91	16	58	15	36	90	58	90	83	40	85	26	46	30	58	33	34	
77	88	6	95	16	51	80	7	60	96	99	47	56	33	88	71	52	13	96	63	54	4	60	37	31	52	90	17	83	44	83	2	8	29	27	18	97	65	34	95	
77	2	27	36	66	2	70	42	97	72	96	40	53	65	6	17	98	47	11	36	9	63	62	19	29	50	86	11	13	57	5	43	29	90	31	90	33	89	56	64	
35	91	74	96	23	62	98	20	16	72	82	13	50	74	47	8	41	88	54	54	52	13	14	84	79	22	90	47	28	99	47	72	32	39	57	14	59	97	55	68	
88	93	21	61	60	72	8	67	26	93	68	80	63	6	25	82	26	18	6	45	33	73	37	79	37	96	45	24	12	68	39	14	56	40	60	96	97	94	15	72	
49	30	37	73	51	3	48	23	97	65	97	24	36	91	16	74	81	60	7	12	91	58	57	33	88	5	56	34	31	17	29	75	59	76	42	68	78	57	40	24	
57	15	8	27	34	73	70	22	80	41	81	14	63	40	63	28	90	45	85	91	34	52	9	7	86	26	31	52	67	11	1	25	1	81	96	96	30	77	80	64	
30	63	80	17	54	76	56	30	97	84	44	86	91	53	9	69	45	84	26	62	96	95	76	94	56	43	45	77	37	3	23	21	13	65	83	59	46	18	78	95	
81	8	49	42	94	14	76	45	32	71	16	88	2	32	59	29	83	43	55	16	74	84	68	85	89	1	41	33	79	6	21	6	43	65	36	79	40	64	58	94	
26	24	62	73	78	31	85	47	78	89	50	60	71	99	85	31	7	34	75	79	52	68	16	72	19	70	64	23	36	75	90	51	89	88	95	9	77	90	36	98	
67	51	71	61	61	62	34	5	93	48	75	93	22	25	45	31	75	2	10	96	96	57	11	27	68	29	18	39	11	98	40	57	9	65	81	68	88	27	73	32	
62	38	4	19	1	82	33	43	15	1	71	29	44	57	48	9	89	22	2	61	45	33	69	24	95	29	64	35	4	87	55	14	5	11	92	53	62	38	49	98	
70	74	66	47	8	62	28	62	64	58	87	23	7	59	42	26	52	7	23	16	66	74	29	28	99	90	44	44	35	77	10	14	10	91	35	81	27	2	70	29	
85	43	87	23	78	33	22	18	38	26	80	66	43	59	36	29	7	14	30	93	7	74	75	31	30	87	34	64	45	39	92	26	30	95	86	12	3	97	16	79	
42	76	81	43	8	52	16	49	69	32	94	51	24	92	53	19	65	60	43	29	18	79	6	48	57	49	35	92	77	86	80	20	89	15	89	7	44	4	4	93	
12	10	49	21	86	86	94	72	79	72	62	10	6	66	16	66	8	50	57	18	60	23	13	71	37	61	90	16	41	2	28	49	42	26	78	57	59	96	95	14	
71	50	11	42	76	84	25	27	7	59	47	94	66	18	59	93	71	96	88	35	96	72	13	75	53	75	36	66	57	54	99	92	70	84	30	65	10	54	31	55	
63	53	68	79	67	71	8	75	17	71	9	26	18	84	78	9	18	64	45	6	59	78	92	83	41	30	78	19	87	36	27	51	66	21	55	79	94	73	94	29	
27	94	96	54	17	41	41	64	92	15	1	85	99	80	9	88	78	5	38	42	4	32	99	91	88	65	13	57	36	2	1	94	89	44	18	86	16	88	10	32	
18	61	68	66	69	57	27	35	13	90	9	79	58	79	32	31	87	4	14	23	37	26	51	39	26	58	59	91	43	10	92	78	16	53	81	61	19	94	68	78	
6	37	13	73	59	58	4	99	1	68	6	40	3	1	18	56	89	41	28	40	38	27	87	48	91	55	46	33	55	71	4	1	51	52	92	70	23	83	88	4	
51	5	4	23	93	72	16	63	64	60	49	2	43	4	94	60	32	44	38	97	46	51	46	9	76	12	8	19	73	14	55	27	42	72	91	39	29	77	8	10	
71	49	70	51	12	39	3	13	10	12	3	23	12	88	55	38	43	56	43	65	41	43	68	29	61	45	28	6	87	37	1	65	61	2	59	61	5	74	2	77	
78	63	57	27	36	28	36	50	43	86	98	62	67	7	88	46	77	10	38	92	3	66	47	32	19	79	4	10	89	87	71	5	73	20	87	80	57	1	38	31	
3	70	99	60	96	77	69	92	46	69	18	22	68	66	44	34	61	6	12	74	43	96	91	20	14	15	50	5	71	29	57	95	81	39	87	14	86	68	61	57	
1	40	36	63	36	29	36	26	39	69	12	33	50	59	34	28	3	96	73	73	34	23	33	85	69	88	27	76	97	30	12	6	60	50	28	44	13	33	10	84	
35	22	52	68	1	72	68	7	25	26	53	13	57	83	53	67	92	76	2	7	3	55	61	82	27	45	4	38	65	49	99	16	64	79	3	60	94	69	56	14	
47	79	58	97	11	97	48	36	7	27	15	61	79	72	45	5	83	83	39	74	18	34	83	53	76	24	51	95	40	26	59	79	21	47	28	56	24	44	94	11	
3	28	91	1	13	50	95	70	98	35	83	30	52	37	87	55	52	97	8	58	52	55	30	15	79	33	68	69	81	90	14	39	2	31	77	86	98	96	40	50	
20	88	56	36	9	93	80	7	6	11	4	35	53	10	19	5	38	56	59	68	27	91	73	94	62	50	36	80	38	59	99	94	81	43	44	75	85	28	76	20	
84	35	87	16	73	80	70	13	96	49	50	34	62	92	86	77	70	66	53	48	41	24	93	28	98	13	8	80	36	57	36	33	67	7	31	89	53	97	25	75	
37	56	59	3	48	28	11	15	47	22	36	55	25	15	34	52	68	27	76	37	75	82	65	11	68	27	24	49	38	32	19	10	23	40	77	59	98	20	48	59	
49	27	8	68	15	97	29	48	73	27	50	81	73	98	15	45	32	61	77	87	82	91	81	8	3	74	64	42	91	82	49	91	60	50	17	58	44	73	82	68	
75	70	98	3	59	85	80	54	37	37	25	99	48	24	41	38	6	48	50	39	58	15	6	18	2	30	30	94	54	87	92	47	23	27	62	39	20	15	4	83	
94	48	16	81	5	17	17	45	45	62	36	92	89	9	58	70	26	64	33	50	92	19	54	90	45	82	52	84	99	46	71	3	47	50	23	32	30	94	27	50	
18	36	91	92	34	43	89	10	18	19	34	97	17	87	57	85	53	34	50	79	1	29	16	12	73	66	40	49	11	24	84	52	2	97	59	84	97	86	32	21	
95	20	60	14	91	55	85	92	43	95	7	20	83	1	15	33	81	79	78	36	38	7	94	27	57	93	50	62	44	96	58	18	11	61	59	75	88	19	20	50	
91	94	43	50	65	88	89	18	15	40	70	94	15	88	61	24	30	82	47	74	96	20	88	39	46	97	99	59	87	16	35	71	61	69	52	70	22	9	9	44	
47	61	71	29	49	49	83	71	47	37	1	18	33	91	90	50	18	50	70	48	77	24	2	50	94	77	96	29	87	65	86	17	87	19	54	45	58	11	53	75	
18	44	34	43	90	36	74	44	77	3	79	22	52	58	86	52	17	87	9	25	53	54	80	65	76	56	13	50	66	34	59	16	36	5	40	52	66	67	95	39	
5	3	56	64	17	73	51	23	38	81	90	13	68	58	94	47	86	76	61	53	5	18	86	49	75	34	81	97	13	89	56	82	16	64	50	59	81	63	51	82	
51	57	16	95	39	49	78	46	26	51	34	65	16	1	14	12	95	62	93	84	40	92	3	43	58	63	31	93	66	61	40	28	29	26	29	29	31	88	27	73	
33	13	86	97	46	59	16	13	37	31	77	69	18	59	28	23	13	40	89	56	96	38	63	35	31	13	44	19	66	27	79	64	79	58	93	65	52	11	62	41	
24	98	9	58	71	58	70	45	93	98	35	35	9	7	65	52	95	57	44	26	25	5	22	83	70	51	51	82	96	12	19	58	63	36	31	13	85	49	11	61	
45	9	99	22	45	16	82	9	48	13	83	58	46	49	83	21	43	15	75	65	51	54	46	7	45	30	60	42	4	80	78	51	47	2	32	10	54	54	49	7	
92	46	88	78	26	78	42	91	68	40	1	33	96	74	99	3	40	77	79	10	24	87	47	19	13	76	6	91	96	51	93	27	19	40	52	1	17	99	16	41	
50	80	85	6	18	44	31	40	6	93	46	30	5	99	35	95	84	91	12	63	36	74	39	26	98	89	43	88	32	9	74	38	23	54	7	5	11	74	86	87	
78	7	84	67	61	29	7	40	41	72	61	23	48	28	5	38	85	4	93	58	40	88	27	78	56	44	59	53	77	17	8	93	79	57	90	40	68	82	71	35	
93	9	88	68	14	59	7	71	17	7	13	78	68	16	32	85	53	93	62	75	29	61	32	80	13	1	31	16	55	52	82	93	83	53	43	2	22	53	53	15	
14	37	74	68	3	52	91	9	46	15	54	96	83	37	92	48	65	8	43	16	12	21	42	53	87	23	1	23	70	31	49	30	78	45	28	99	84	49	53	23	
4	81	90	46	67	12	16	73	5	62	32	12	85	60	95	77	14	99	52	36	63	57	96	56	96	98	87	93	16	49	11	33	26	32	52	52	14	92	26	9	
83	62	75	27	80	31	32	57	5	27	14	46	15	32	89	11	37	75	42	26	55	81	1	65	45	67	36	47	65	26	41	83	38	19	22	36	58	82	87	10	
34	15	17	60	44	97	21	85	50	71	50	22	18	65	9	77	27	55	62	61	71	96	74	5	84	59	87	66	40	53	44	79	10	38	16	86	81	33	74	50	
71	93	38	59	79	9	62	50	71	25	70	30	89	29	35	53	25	22	62	94	5	72	29	37	71	32	86	35	61	57	34	51	16	65	5	65	70	10	36	93	
8	71	18	88	83	86	29	89	41	63	4	52	86	55	13	78	90	98	23	16	29	28	76	10	85	21	18	22	81	54	50	43	3	53	86	73	28	72	53	49	
99	50	40	19	79	9	14	28	74	5	40	43	35	42	72	26	61	12	18	61	60	19	68	59	51	92	76	24	3	27	4	44	49	64	71	29	36	28	93	36	
61	77	73	30	41	36	91	75	9	3	14	65	12	66	2	31	83	77	9	80	96	32	71	63	23	4	66	65	64	95	60	79	21	13	78	94	13	84	95	10	
77	71	83	71	99	51	7	74	63	56	22	84	6	6	42	71	34	78	65	65	32	86	67	61	59	67	32	52	27	2	43	57	96	11	79	64	45	17	81	30	
84	45	79	79	35	8	95	13	79	12	77	15	64	62	14	11	12	63	29	23	65	41	86	23	80	27	19	83	26	93	74	66	76	22	61	10	96	36	9	4	
42	43	83	54	43	73	42	85	49	86	87	28	20	94	77	90	26	40	94	19	79	3	76	77	1	31	70	22	10	26	52	40	81	26	34	73	11	62	42	67	
73	86	44	88	89	93	57	17	13	85	66	11	99	55	24	85	49	78	29	65	3	55	94	92	46	25	50	15	63	55	48	66	19	76	55	29	80	9	67	37	
3	13	65	53	40	48	98	38	50	35	78	87	11	37	96	12	63	23	23	72	59	73	39	19	55	36	98	74	7	49	41	63	41	82	92	90	10	70	29	10	
63	36	81	42	76	27	16	20	46	13	14	90	11	23	42	87	83	7	73	53	90	64	9	82	55	73	21	18	76	99	86	1	79	80	22	79	51	17	5	20	
86	5	55	67	89	1	26	61	36	93	96	91	62	41	97	61	57	75	90	83	67	1	90	40	25	32	4	54	94	39	13	89	62	22	49	51	27	91	6	57	
79	68	7	21	60	6	26	38	39	94	16	87	63	29	4	79	57	17	48	24	73	65	82	82	34	1	67	40	10	72	44	15	14	65	63	72	29	24	12	33	
77	48	78	79	9	30	34	2	67	27	2	44	62	6	52	31	45	91	52	88	82	5	46	6	71	81	45	80	22	2	65	39	32	71	32	61	1	35	36	14	
79	18	28	75	42	9	56	41	19	60	19	97	48	42	64	25	17	79	52	77	2	81	93	28	44	9	98	88	96	68	10	48	49	9	10	77	4	64	24	97	
65	86	50	22	69	27	94	93	48	86	3	2	37	46	97	47	38	24	72	66	12	40	97	66	65	82	55	12	46	98	80	62	75	62	98	68	62	89	79	60	
95	92	38	90	4	19	76	19	23	91	17	50	19	52	92	54	50	87	86	43	74	78	46	71	23	96	88	95	6	50	7	2	23	53	19	83	87	60	22	46	
87	1	67	50	47	91	27	27	59	36	51	35	2	10	34	39	64	10	16	12	32	17	9	18	26	85	24	21	80	70	22	5	6	54	28	26	85	39	82	23	
79	2	15	57	51	36	57	55	39	37	44	77	35	89	65	38	34	73	57	46	82	87	59	49	34	70	72	88	80	62	84	9	31	26	62	75	49	42	20	87	
70	28	8	7	63	55	97	17	9	63	37	3	3	91	14	9	11	80	47	2	35	17	6	78	68	12	2	60	35	50	24	79	63	46	13	62	26	88	75	36	
45	65	8	37	56	97	57	90	56	30	67	81	12	49	60	52	76	28	59	83	53	22	65	51	5	70	35	59	87	56	14	3	71	55	29	96	67	64	61	78	
77	79	19	92	30	93	12	74	75	5	81	18	56	59	37	98	67	90	21	67	71	13	70	53	46	72	84	28	67	84	88	32	60	1	58	54	65	75	66	20	
16	40	36	38	5	1	26	95	4	14	84	3	59	1	51	46	63	19	76	84	95	95	98	87	74	83	10	35	55	6	76	86	81	92	11	21	65	26	13	91	
49	59	15	37	89	52	6	71	48	61	28	16	99	68	48	59	73	28	72	55	91	87	40	2	91	86	15	43	17	53	78	13	25	60	67	91	59	90	30	42	
61	32	81	76	35	17	87	35	92	51	13	89	25	13	99	16	95	11	75	84	42	40	92	63	33	66	69	39	24	25	63	98	91	26	1	22	63	92	61	82	
50	83	67	61	64	60	44	11	75	17	40	26	32	81	26	22	57	38	20	7	94	55	93	10	66	2	70	9	55	86	11	44	48	67	44	46	74	98	8	89	
48	22	80	50	86	13	42	44	65	52	84	69	42	71	50	69	40	83	93	93	90	28	72	38	70	62	22	71	82	88	67	86	61	5	83	40	14	9	98	62	
9	98	2	55	94	49	11	95	4	58	95	38	54	85	78	62	83	39	48	17	67	75	49	59	97	12	60	81	28	83	51	87	20	81	81	44	39	57	96	38	
81	77	20	2	40	67	56	87	37	85	41	11	70	96	22	92	70	50	40	62	53	87	49	4	16	20	2	67	17	51	75	70	27	56	33	49	52	21	26	63	
65	1	90	37	89	76	1	99	26	92	73	70	19	15	37	73	94	44	11	8	31	74	59	90	29	74	20	44	97	31	8	16	81	99	55	29	79	31	46	19	
46	76	31	96	64	93	55	36	38	3	29	1	40	63	7	27	9	76	85	52	95	25	13	46	84	11	64	71	53	63	62	15	41	2	3	32	36	94	40	7	
12	54	45	30	62	40	21	33	22	69	57	42	70	64	50	33	56	76	19	1	82	65	2	78	58	33	1	70	88	27	22	78	62	75	20	35	71	17	50	87	
53	25	80	81	56	53	23	33	59	52	88	6	95	20	59	29	74	99	56	8	83	37	26	18	20	53	84	4	1	94	87	98	24	78	22	42	93	35	30	76	
40	10	13	26	79	96	76	11	3	93	21	38	90	13	75	70	98	89	37	76	41	63	72	97	84	31	68	95	31	89	66	72	30	34	3	53	78	56	41	94	
84	72	66	61	87	79	86	59	92	3	51	47	40	4	89	44	23	45	27	17	25	38	20	7	39	23	41	30	95	48	84	79	97	58	86	76	60	3	70	81	
81	24	66	57	5	83	69	25	55	50	27	79	40	40	77	39	63	88	77	51	89	9	84	88	52	34	92	84	3	86	36	12	27	95	94	4	98	60	85	53	
33	37	14	62	49	93	18	9	80	60	34	63	79	65	62	73	90	49	19	88	14	72	85	3	72	78	18	33	44	80	58	67	40	63	57	42	31	36	16	30	
52	76	3	62	40	35	88	12	86	19	17	92	4	44	17	80	45	45	88	43	19	79	55	34	92	48	45	99	74	45	44	93	20	92	46	99	6	23	73	7	
48	18	62	3	89	22	24	51	56	82	29	84	63	82	85	44	40	75	86	18	74	36	67	68	12	79	97	73	67	23	78	90	18	89	48	27	95	67	94	94	
96	91	32	58	70	3	6	18	65	94	11	77	35	62	47	98	36	18	58	39	73	18	6	19	67	37	88	72	54	77	14	68	43	87	61	18	93	44	19	1	
82	17	67	65	66	20	41	4	85	6	4	97	33	80	6	76	5	32	19	51	5	93	59	8	53	98	48	68	45	96	69	63	39	20	25	66	89	41	99	82	
33	55	75	7	9	72	71	73	68	7	93	75	96	90	8	23	69	70	98	65	92	43	51	7	17	44	75	69	30	96	70	9	38	90	88	71	24	44	45	46	
29	58	87	57	84	85	29	1	15	57	86	17	62	53	2	53	29	92	28	63	22	98	97	32	40	51	27	52	59	35	9	59	93	49	96	14	33	35	86	6	
95	33	55	82	38	84	4	57	21	36	14	39	10	96	17	81	63	90	45	58	53	72	95	1	98	6	37	60	13	32	42	77	2	82	20	72	64	86	85	95	
72	5	82	89	42	80	63	59	12	77	68	51	2	76	80	89	15	16	44	17	3	12	51	34	6	4	65	50	38	96	20	73	94	97	8	9	77	77	64	45	
75	91	90	44	57	52	84	67	46	35	75	2	91	46	66	67	63	13	47	28	19	40	26	22	33	75	79	92	82	55	44	97	27	29	78	3	33	95	74	5	
27	79	7	37	72	48	32	50	12	35	90	73	23	33	67	99	65	61	11	38	31	21	23	49	19	99	67	43	97	92	61	97	27	32	36	45	48	66	91	26	
72	13	92	4	22	79	55	90	1	46	33	44	3	19	13	10	89	27	64	33	79	15	4	68	48	39	79	52	30	92	81	21	48	3	18	86	47	73	42	7	
82	81	98	11	89	34	26	66	58	49	43	91	62	28	2	66	26	11	76	82	36	56	34	33	27	73	4	42	88	96	29	84	86	84	81	41	86	89	66	80	
29	18	53	90	89	82	5	68	25	20	83	65	91	23	77	38	76	10	57	42	92	20	61	89	22	38	73	37	1	48	34	94	86	99	11	52	62	19	5	76	
48	6	80	29	32	3	34	91	49	9	56	12	64	6	30	12	31	84	89	5	43	12	26	22	99	73	3	50	39	69	41	20	27	70	64	6	97	39	24	20	
81	83	46	24	65	3	70	68	86	36	62	50	35	22	32	57	20	33	87	12	35	51	96	54	27	79	55	26	39	19	59	32	88	59	47	7	17	50	64	4	
97	64	47	81	6	56	39	68	80	87	91	13	26	74	2	61	48	64	92	24	14	66	49	9	72	76	46	37	95	75	38	88	2	7	18	10	90	35	29	3	
99	58	15	83	43	34	28	51	20	19	35	37	85	44	99	9	17	88	1	45	38	95	64	19	73	65	68	44	34	16	79	81	75	82	25	3	75	19	97	57	
9	1	64	1	29	55	8	69	87	64	41	13	39	17	58	20	18	6	15	99	87	95	60	5	92	10	61	4	72	4	73	43	10	34	78	54	23	41	70	2	
32	86	66	71	48	34	84	40	73	57	92	89	11	11	42	47	15	5	32	70	38	52	67	95	53	5	98	37	58	82	76	95	84	52	45	7	76	31	50	58	
12	13	56	30	72	36	85	62	90	45	19	37	35	18	34	32	3	63	66	92	30	98	13	16	58	69	17	54	89	80	9	75	36	31	83	38	46	85	50	76	
52	24	69	89	86	45	73	91	52	25	42	62	43	48	59	5	50	64	92	2	14	45	57	23	84	33	70	34	17	13	89	96	12	48	6	68	69	64	34	44	
31	67	9	92	9	28	93	80	42	75	51	86	31	76	41	57	25	6	32	38	73	9	51	5	66	37	16	62	22	96	5	83	99	35	66	29	47	77	85	38	
94	55	45	2	81	15	49	60	61	97	7	72	16	7	80	58	95	27	63	12	36	51	24	31	53	34	37	20	86	69	3	49	56	69	93	87	64	89	16	42	
28	24	51	60	51	76	17	92	61	65	77	11	67	28	72	35	17	35	65	15	61	21	7	62	54	1	88	39	36	19	20	39	93	61	43	28	93	27	94	19	
10	15	59	4	23	14	79	69	50	73	12	65	16	85	56	3	99	42	92	1	10	10	87	15	59	53	80	3	64	7	44	26	67	53	82	86	72	87	16	35	
47	48	60	24	2	56	4	71	88	3	36	70	57	60	88	56	58	5	81	12	93	4	90	78	45	71	87	7	42	14	1	60	31	22	14	44	75	64	95	45	
95	7	21	94	9	54	39	81	57	87	84	85	20	44	55	17	38	73	86	64	14	48	96	98	60	24	96	82	7	81	77	80	82	90	21	75	51	67	98	31	
56	34	48	56	88	93	54	59	20	79	64	10	29	34	13	31	26	43	52	96	67	19	86	7	91	5	78	63	31	63	75	75	85	43	52	56	54	58	98	99	
52	22	71	44	88	7	4	64	52	36	45	45	42	24	57	32	47	15	7	61	49	94	20	9	13	77	96	21	75	80	94	10	75	47	32	23	47	86	67	32	
94	22	60	88	19	86	20	41	59	99	88	25	68	4	29	54	33	64	98	86	24	43	44	36	15	18	39	50	22	85	48	94	42	84	2	88	97	34	97	93	
19	53	78	59	7	22	46	60	78	92	2	91	75	69	46	3	77	9	58	84	83	5	38	40	17	70	95	10	83	32	12	28	98	82	1	23	41	67	57	1	
13	18	63	73	14	20	91	11	54	9	22	33	63	33	69	80	74	92	86	17	89	87	76	58	56	8	48	25	5	51	95	79	31	58	66	75	33	93	68	37	
19	22	36	56	50	49	25	56	2	26	41	77	38	43	2	73	31	66	87	27	90	70	40	23	63	96	10	39	33	31	60	36	26	66	73	67	88	21	30	35	
20	10	46	58	57	84	95	41	46	6	52	40	48	13	13	87	70	80	17	9	22	10	46	37	15	71	81	28	82	6	55	9	81	49	6	31	85	33	58	5	
6	91	48	29	85	54	84	53	48	20	28	29	16	46	99	47	8	84	75	53	94	48	17	96	72	11	49	65	66	51	85	84	98	99	50	10	68	59	68	29	
24	89	6	49	38	98	89	50	9	64	39	9	45	83	77	46	13	27	22	35	53	39	70	78	94	23	6	49	20	83	23	49	57	30	32	17	20	61	81	5	
5	85	30	15	9	36	43	30	52	93	92	16	6	38	98	57	49	67	30	66	21	70	54	74	41	42	10	81	2	68	34	49	66	35	75	39	23	18	67	48	
77	70	48	82	93	25	54	72	96	51	10	31	11	51	11	93	2	93	61	96	30	94	2	94	46	15	70	3	78	32	47	25	5	82	97	13	92	20	14	50	
57	10	3	65	86	49	89	20	98	16	30	16	60	51	37	33	79	42	82	79	28	68	25	14	84	18	68	86	85	79	50	92	34	89	34	43	3	73	31	93	
22	5	79	92	55	90	83	28	85	45	49	91	79	9	90	93	98	28	9	84	64	99	34	80	10	54	3	88	71	25	20	84	97	18	93	85	84	3	84	25	
64	68	77	17	98	22	77	70	64	29	88	88	30	16	26	68	54	79	77	78	63	91	88	83	81	80	77	51	28	19	74	41	2	69	47	82	11	65	62	75	
30	3	96	84	88	2	87	89	17	54	93	41	6	51	13	13	64	78	53	50	71	6	85	73	64	22	5	65	96	86	72	69	76	91	43	55	56	70	71	54	
31	83	62	56	85	71	16	20	68	64	67	43	9	73	46	93	1	12	69	98	96	22	75	36	18	6	57	89	55	75	28	46	14	85	61	55	46	8	63	77	
49	53	85	93	42	67	76	51	44	38	30	62	9	97	86	87	2	17	89	75	16	9	3	29	63	92	39	20	88	5	68	85	95	25	91	66	81	74	94	72	
10	16	45	90	87	28	66	62	7	62	11	4	77	98	35	41	60	52	16	85	72	96	89	71	29	22	91	26	43	19	15	58	96	73	46	68	46	16	20	26	
47	42	12	65	86	17	60	98	71	22	80	38	15	8	30	88	3	53	12	41	53	65	44	87	84	53	31	33	56	55	98	68	67	21	4	54	97	71	10	92	
43	79	93	15	90	48	37	16	5	89	98	80	45	18	86	16	38	13	70	72	47	26	98	11	46	28	18	65	71	10	10	91	6	11	85	5	33	21	5	60	
53	68	18	16	60	17	41	75	3	21	6	26	4	1	60	94	93	55	6	95	78	19	82	41	72	21	57	49	32	16	73	56	3	87	58	18	46	46	1	73	
10	63	46	85	72	39	71	93	55	61	40	41	97	25	43	62	38	24	78	39	36	12	26	60	36	13	26	61	59	23	57	96	70	39	74	94	54	88	64	5	
6	65	14	4	13	92	6	54	82	53	90	18	51	77	92	61	72	71	48	21	65	10	92	5	79	60	40	47	11	88	15	51	57	54	38	83	18	25	76	91	
66	51	7	82	42	71	49	71	63	54	73	74	36	3	89	36	15	54	66	88	57	65	47	86	49	74	46	83	15	66	58	26	34	78	8	79	31	38	15	28	
91	20	69	99	51	41	22	7	38	61	45	18	72	35	29	85	58	42	92	8	11	98	49	83	14	8	45	6	95	15	56	99	74	86	25	77	97	2	60	7	
91	36	38	82	87	3	73	54	92	33	50	61	23	43	43	70	14	25	42	14	74	26	83	76	61	40	49	88	73	98	72	4	3	49	78	85	94	63	38	23	
92	88	14	53	77	60	28	67	28	32	92	3	63	85	53	78	34	27	70	17	79	87	18	43	79	82	69	77	44	99	29	48	32	14	96	92	5	48	89	32	
32	43	57	27	15	95	67	50	7	60	39	46	29	61	54	44	15	33	83	63	41	84	93	14	17	78	34	87	46	45	5	97	82	89	71	90	39	48	72	65	
29	18	24	63	40	55	33	6	82	13	64	96	51	78	28	30	86	16	80	52	49	31	49	76	23	13	38	50	7	25	61	22	79	39	16	57	40	39	2	2	
41	47	26	87	96	33	70	35	13	24	11	1	70	19	93	54	75	70	32	13	42	94	70	44	73	28	26	16	62	25	4	81	30	74	53	91	58	86	8	90	
1	64	22	46	71	67	3	96	47	33	96	40	30	18	83	84	55	53	82	31	51	62	75	73	73	48	99	21	74	68	69	88	87	62	29	7	26	69	37	42	
29	88	47	40	14	41	28	21	6	49	38	94	56	40	51	80	76	37	90	36	41	96	31	44	45	8	67	1	12	59	52	9	91	34	68	77	92	3	78	59	
36	11	64	2	36	87	59	83	29	21	21	51	12	76	15	1	74	54	94	47	17	9	99	90	91	84	15	64	24	29	52	30	90	99	52	47	56	71	24	39	
1	96	57	31	98	6	86	28	14	20	86	68	36	31	26	56	65	66	15	68	23	35	15	90	47	41	15	29	89	97	63	79	48	74	34	90	70	67	57	23	
31	87	42	87	70	76	73	53	35	22	61	5	64	24	74	28	16	24	82	45	19	13	93	17	7	76	57	99	54	37	85	7	27	1	76	29	33	35	78	5	
5	8	22	44	78	91	87	50	39	99	9	96	34	99	22	36	98	40	5	77	36	75	73	31	38	72	29	19	40	35	73	11	59	92	33	6	55	19	52	97	
94	87	67	84	31	82	56	1	25	20	22	93	59	37	67	70	30	74	56	85	18	45	87	47	69	60	1	61	40	77	14	33	89	67	50	14	15	25	95	51	
71	78	27	72	23	61	61	27	4	46	38	56	2	72	42	67	85	9	4	34	38	29	65	47	65	84	70	87	98	27	36	2	8	98	6	86	86	79	93	31	
91	89	72	64	32	62	55	1	44	51	89	99	12	21	40	58	97	48	64	15	4	30	67	47	84	72	17	63	66	10	47	38	60	70	78	40	59	2	43	53	
63	13	73	84	82	94	21	9	92	32	83	2	57	14	78	55	35	9	87	79	37	61	52	29	8	20	95	19	40	14	13	8	41	33	47	67	26	76	34	71	
90	73	3	59	96	97	48	73	77	30	18	64	29	31	81	15	65	32	82	36	40	61	68	23	63	67	65	76	80	83	51	41	64	73	19	98	66	39	56	23	
12	72	74	96	34	6	56	28	97	64	21	28	32	48	11	34	95	82	60	94	38	23	89	43	20	98	44	32	17	35	72	3	20	85	96	11	98	60	40	33	
2	41	9	34	96	15	35	54	86	62	29	52	51	87	12	26	94	77	16	73	8	21	66	88	66	34	93	88	28	59	44	17	6	49	68	94	22	43	30	72	
67	3	41	37	28	62	26	67	61	4	89	41	9	73	99	34	1	96	46	65	85	57	22	95	74	37	40	51	6	50	82	54	53	14	36	81	37	21	85	71	
22	35	41	50	92	5	32	65	53	65	3	29	92	95	77	10	3	21	85	46	52	97	72	41	41	20	25	75	3	26	87	66	15	94	65	21	44	69	15	89	
38	47	83	16	28	7	54	29	19	79	85	26	72	81	76	51	13	60	86	57	8	27	77	10	9	66	81	74	53	59	98	87	51	62	80	18	28	12	44	46	
83	55	41	36	86	38	66	80	29	87	73	18	91	65	43	84	8	1	24	32	20	6	28	19	73	46	52	75	87	20	84	83	89	55	76	25	22	44	10	99	
37	67	5	98	55	71	20	99	45	12	52	18	49	78	40	17	65	46	32	81	58	30	58	88	66	50	32	42	15	16	66	58	65	81	72	93	52	61	87	91	
90	78	42	57	57	88	72	94	73	26	19	80	51	30	90	36	71	76	71	39	8	5	95	79	25	24	38	49	97	44	69	23	44	41	92	77	64	83	53	39	
25	62	86	68	33	97	56	26	97	31	77	68	53	5	50	66	11	5	34	60	64	17	38	82	40	7	21	7	2	51	8	15	30	45	76	93	31	98	72	87	
69	78	54	83	9	49	77	95	99	46	61	76	79	63	8	87	44	46	67	75	8	17	59	64	82	81	1	54	28	88	2	74	46	46	25	41	41	8	21	22	
51	84	92	98	33	60	40	79	56	93	88	15	26	49	21	4	59	88	42	3	64	11	54	66	18	25	33	98	25	90	20	76	8	71	72	76	68	69	41	26	
9	46	65	58	12	50	6	29	19	1	53	39	40	99	82	70	8	70	43	15	44	49	8	67	96	73	12	14	89	45	62	25	66	66	95	40	26	64	20	10	
3	63	57	19	13	76	86	22	72	2	40	50	86	69	14	78	24	67	95	65	57	29	1	96	26	82	1	96	38	75	65	93	37	40	49	47	96	53	10	80	
2	2	29	66	51	79	63	69	82	47	76	38	90	51	98	90	20	82	20	67	23	5	39	5	29	5	91	81	63	30	44	32	17	19	34	28	44	46	75	79	
45	21	79	88	65	33	43	82	11	23	14	89	68	14	34	44	67	46	19	29	45	96	24	90	72	65	2	99	79	75	66	21	69	10	98	26	16	82	68	72	
94	22	62	6	64	2	39	88	27	68	36	51	28	31	29	97	57	16	98	48	77	11	46	84	93	49	97	13	35	98	51	89	1	61	68	57	12	9	36	92	
63	89	18	59	60	3	85	17	91	10	9	42	67	36	21	38	42	87	14	61	71	67	15	88	90	89	51	88	19	12	4	84	16	41	9	16	45	66	65	44	
27	51	40	51	86	75	91	24	19	90	50	34	34	65	30	52	59	16	53	47	3	30	16	72	5	67	25	37	43	68	84	98	51	9	20	47	80	89	54	63	
13	34	82	48	88	59	9	86	35	16	37	77	85	18	43	40	36	28	52	88	74	45	4	25	82	15	93	4	2	78	2	52	93	10	58	70	57	2	11	27	
76	28	84	30	99	72	48	46	95	98	45	88	16	18	31	97	73	63	30	93	10	84	21	63	15	24	92	19	22	37	42	34	77	56	97	54	84	27	91	29	
54	65	33	6	4	2	19	16	7	15	16	93	73	84	93	48	15	96	72	64	22	97	52	96	63	66	99	4	87	55	29	99	64	31	10	63	31	97	65	5	
2	94	60	82	69	96	97	31	11	62	54	28	53	5	36	29	94	90	33	30	63	69	10	49	62	11	44	31	46	97	12	18	7	90	90	39	80	79	7	16	
6	67	66	84	71	70	34	70	60	24	63	89	74	22	80	43	66	35	73	35	60	80	48	33	6	54	56	43	99	28	89	82	83	74	5	58	87	91	32	89	
87	26	72	38	91	4	81	25	77	47	4	51	38	17	8	57	15	3	26	78	26	77	10	86	14	59	38	26	73	59	62	79	31	19	65	34	93	44	50	13	
79	6	15	6	4	63	69	22	81	16	89	29	66	4	25	61	46	13	4	16	56	51	2	62	82	90	66	38	66	11	17	4	40	83	53	77	41	69	56	86	
88	38	55	79	36	18	90	15	14	39	11	7	22	33	70	82	63	92	21	10	5	14	10	69	10	65	40	98	87	70	40	35	48	77	54	17	58	73	56	33	
33	56	38	30	15	62	37	16	30	41	92	14	10	98	50	59	19	53	61	49	42	90	34	80	10	8	36	31	64	62	67	78	2	95	35	69	35	81	15	62	
71	15	67	13	91	52	56	97	84	60	78	64	59	47	98	61	51	64	71	11	92	14	62	90	4	5	20	59	44	28	59	47	7	58	52	74	68	98	41	89	
4	15	20	28	53	41	40	43	85	48	51	49	88	99	79	83	2	44	83	84	57	22	74	25	92	77	71	65	63	2	13	11	58	59	85	77	94	66	8	16	
59	25	87	38	8	26	47	50	45	86	84	83	49	77	10	75	15	46	71	55	12	67	74	18	12	51	45	1	13	6	99	98	50	22	10	74	11	42	93	59	
61	23	54	45	54	94	59	5	91	98	20	15	53	34	26	43	12	61	41	38	92	28	56	36	68	33	71	52	69	35	38	55	66	55	93	9	62	65	60	46	
77	36	4	15	38	86	60	93	85	72	81	80	80	93	63	98	58	16	44	71	59	29	99	60	54	98	72	68	21	67	98	59	57	21	29	31	21	43	67	55	
47	84	50	71	78	51	55	85	97	89	20	32	67	90	89	72	4	85	33	67	38	69	3	29	48	82	25	38	67	64	32	89	91	11	95	5	45	40	8	21	
94	40	13	33	86	24	16	65	76	60	86	99	75	29	49	70	2	13	38	12	50	47	35	34	95	76	42	27	1	86	43	55	91	16	54	78	17	70	79	92	
18	81	14	14	57	93	57	21	3	67	37	33	47	31	51	3	20	25	80	35	19	7	31	66	64	32	98	72	69	14	80	80	53	23	69	7	61	98	93	46	
65	66	10	79	48	91	51	88	10	9	73	79	34	5	83	58	21	63	19	21	59	74	12	34	93	70	73	30	26	67	67	40	41	94	66	35	49	45	1	59	
89	97	53	60	37	76	59	61	1	53	10	31	11	12	61	35	31	25	20	84	46	15	37	20	11	99	35	80	51	46	61	57	69	75	23	29	78	5	63	33	
79	6	84	12	58	27	14	39	41	4	71	23	74	44	3	32	89	95	66	3	68	88	90	5	40	39	55	90	63	60	43	57	62	90	78	74	39	57	48	81	
82	33	62	50	23	47	12	49	26	56	28	86	17	5	40	98	78	99	94	1	57	7	95	44	87	42	47	30	4	80	40	74	96	58	94	22	60	3	57	68	
99	25	12	21	26	66	57	14	40	81	55	65	83	94	58	30	29	56	64	93	7	13	57	3	7	36	44	47	11	83	75	16	26	4	28	94	30	85	83	99	
66	25	21	44	22	61	18	79	90	95	27	78	12	10	67	31	21	37	55	85	61	47	49	43	48	62	7	98	70	13	57	84	80	83	46	46	11	37	4	82	
11	85	50	3	90	66	31	1	27	48	41	46	53	42	8	28	47	34	98	26	98	35	13	71	87	25	55	34	46	39	93	55	58	16	70	84	23	16	2	28	
98	67	88	92	85	6	23	76	35	15	76	70	71	82	78	40	77	30	44	21	81	73	7	40	37	40	44	43	94	32	32	7	89	10	51	39	18	64	16	19	
56	66	31	27	56	22	77	49	21	93	78	71	28	38	10	8	84	77	47	2	2	25	69	7	40	2	55	50	63	33	48	14	86	12	73	94	26	60	29	30	
72	27	92	2	57	15	15	54	67	8	77	81	45	46	54	74	69	85	97	44	96	16	31	46	39	42	37	71	62	41	47	93	70	53	94	80	94	80	79	3	
89	78	53	7	37	86	25	33	81	17	43	89	50	7	19	26	54	10	74	57	55	50	43	26	34	10	59	26	25	95	6	2	83	99	11	6	95	73	13	83	
62	65	29	7	11	88	11	92	10	31	58	54	1	11	21	90	66	49	33	10	92	14	41	29	18	45	10	5	46	76	46	1	82	15	62	67	26	32	53	8	
14	87	80	65	6	85	80	27	52	37	35	56	98	76	78	84	92	52	26	34	23	2	47	38	92	63	20	94	1	98	36	64	8	24	57	96	81	76	19	51	
61	53	51	37	99	12	56	99	40	24	61	23	68	95	36	26	29	23	49	63	97	37	95	79	66	51	20	55	48	24	27	56	44	90	39	78	13	41	58	28	
27	27	32	5	31	44	26	69	8	20	68	2	37	86	14	96	96	40	24	48	36	7	90	12	36	59	27	59	13	71	14	54	51	90	78	14	68	70	24	51	
31	93	65	85	95	75	16	85	38	31	44	84	80	45	91	63	52	80	13	8	31	1	96	84	44	11	60	85	46	39	37	30	81	99	98	46	12	19	74	45	
64	23	74	77	25	96	7	33	93	90	65	4	57	15	26	56	70	44	57	56	36	51	63	43	25	5	96	63	76	25	7	97	80	82	29	39	23	58	9	20	
42	40	25	79	39	89	68	30	26	15	70	65	21	49	98	2	11	91	58	71	42	88	75	93	24	38	45	83	32	66	65	99	63	92	97	19	82	89	31	95	
42	9	19	52	88	13	32	93	70	57	54	54	20	91	88	10	68	85	77	27	22	94	38	25	6	27	66	56	50	68	72	66	80	76	45	59	34	62	50	86	
19	12	23	47	73	10	98	49	16	80	3	87	66	58	87	24	1	36	78	79	63	68	91	85	37	33	9	30	63	57	34	21	53	79	74	38	31	4	5	42	
4	46	16	83	48	11	65	2	60	25	55	27	1	22	36	20	39	56	91	10	87	93	59	16	54	99	89	66	73	25	50	45	2	67	35	36	60	44	21	40	
82	17	86	86	98	49	95	64	49	90	96	44	27	9	97	66	83	24	19	22	42	14	24	41	12	94	96	66	99	88	98	98	47	43	34	2	53	60	8	41	
60	42	45	80	10	79	15	44	88	19	82	47	35	99	60	39	70	41	58	1	74	16	38	11	16	55	29	64	14	54	55	97	98	81	78	70	70	19	75	96	
97	66	73	37	8	2	40	75	45	85	95	62	97	35	73	88	33	15	71	20	93	19	64	9	25	45	61	63	52	83	35	50	21	60	51	35	76	26	87	13	
37	70	10	78	91	95	35	21	27	98	34	63	58	31	8	73	31	30	75	14	7	63	46	5	54	10	49	39	10	70	73	41	79	1	16	77	87	82	49	71	
10	97	58	43	35	57	5	22	42	2	25	73	92	93	58	39	74	38	68	96	40	20	13	75	39	47	54	90	22	25	36	80	72	18	56	57	6	52	18	7	
16	85	33	1	77	43	14	8	40	81	82	9	54	49	67	58	15	44	83	49	40	88	11	68	93	76	12	58	14	60	55	8	43	73	43	51	35	23	52	41	
95	92	34	27	95	23	42	59	39	89	82	85	97	76	86	27	31	8	77	47	57	15	72	34	47	21	21	84	47	83	7	47	66	34	35	53	69	92	90	72	
77	47	50	34	54	33	68	29	26	59	76	78	92	38	66	19	84	47	50	61	6	11	7	10	59	87	70	44	36	1	8	21	28	41	8	33	78	42	59	21	
6	90	2	57	35	42	83	22	45	35	36	44	7	34	78	89	66	45	92	4	14	78	37	53	20	64	93	19	48	25	55	27	75	78	18	41	57	27	13	31	
50	34	3	95	57	20	39	25	62	14	26	91	79	46	66	45	17	69	69	31	49	42	51	47	26	12	59	38	90	81	89	58	54	54	97	82	70	72	6	28	
3	16	66	16	67	12	27	96	17	76	15	11	71	94	33	59	32	93	29	8	22	85	94	44	46	71	85	69	68	37	89	90	28	85	76	38	69	73	98	37	
46	67	31	1	17	21	84	18	47	42	4	63	96	6	53	56	46	26	52	27	79	98	94	79	59	73	92	70	35	19	4	22	69	88	41	45	92	99	84	51	
12	88	28	67	21	99	37	87	6	21	5	23	40	77	23	38	4	42	20	77	72	25	11	32	79	52	84	89	17	48	7	67	48	78	17	34	55	12	63	56	
13	24	70	30	97	37	71	85	47	70	33	74	48	56	35	75	4	32	24	81	11	23	20	49	58	70	57	31	18	78	91	11	86	68	94	22	2	78	32	20	
62	49	78	28	84	67	36	86	4	67	41	68	7	18	89	57	32	40	4	75	88	23	31	22	76	48	47	71	16	40	91	14	2	84	73	58	62	2	17	26	
71	61	40	3	45	69	74	28	38	74	83	36	99	58	32	90	69	26	14	56	6	3	32	17	3	96	3	34	22	91	29	82	33	80	42	35	71	50	30	73	
29	75	92	36	47	86	94	41	80	23	4	53	48	83	31	56	83	18	24	78	59	58	67	69	48	56	92	20	42	73	7	84	41	58	98	46	78	97	60	28	
62	30	44	41	28	39	62	34	47	97	65	64	29	14	73	29	8	84	52	11	20	89	51	27	92	53	40	91	5	74	18	30	95	97	84	3	37	66	94	30	
78	97	23	16	43	56	31	27	35	24	7	66	74	89	3	43	85	5	22	47	90	83	99	51	97	42	94	19	73	99	91	99	44	93	65	11	73	74	73	58	
88	97	59	43	85	4	99	53	4	70	25	42	61	84	86	25	17	45	62	74	45	15	11	76	95	75	31	77	46	48	76	42	58	93	35	1	38	1	71	52	
13	23	95	53	98	25	3	10	33	50	97	54	68	25	9	69	66	48	27	94	48	42	62	27	67	62	78	2	27	88	47	14	64	48	52	12	42	40	16	91	
62	65	31	45	64	80	33	64	72	29	33	93	23	13	98	86	69	21	55	9	54	15	48	85	89	47	85	99	89	56	42	81	51	63	13	37	65	75	30	22	
12	51	98	57	72	7	96	20	54	47	49	85	29	64	91	93	5	32	53	51	96	87	42	18	78	81	12	19	10	39	39	83	67	61	42	21	55	55	15	54	
43	85	67	98	69	62	91	40	7	34	85	51	75	38	21	66	58	21	21	82	43	41	96	63	3	19	53	68	88	83	56	43	90	43	35	16	1	73	55	4	
78	93	82	35	97	1	28	19	35	44	50	23	20	90	33	53	66	98	93	40	47	4	70	66	82	93	99	6	55	1	86	39	82	68	13	92	92	56	62	92	
87	82	32	33	3	34	74	21	88	88	91	22	65	16	49	30	38	70	27	38	74	86	84	79	65	29	19	63	46	76	62	33	26	27	17	11	61	60	43	14	
81	92	48	57	32	12	34	68	12	75	4	87	7	12	43	33	57	59	10	39	4	20	17	11	95	36	78	52	72	93	55	51	41	27	35	36	95	69	7	39	
86	71	38	26	10	97	51	83	70	58	68	61	66	37	57	24	71	29	8	59	23	99	23	33	46	22	92	4	63	58	99	29	82	85	56	30	47	3	95	92	
98	39	44	26	94	64	61	97	64	91	18	32	6	82	53	34	58	23	33	54	98	35	85	51	49	12	8	75	90	27	54	99	21	28	60	77	8	31	50	81	
17	73	42	73	22	84	50	4	21	88	38	36	23	46	86	44	70	6	59	41	21	6	4	19	97	66	9	16	79	50	94	54	3	87	34	87	79	87	11	71	
63	91	60	46	17	29	66	75	64	87	99	8	26	18	15	40	72	9	50	88	45	29	5	19	31	11	67	80	96	15	29	42	92	19	21	35	17	6	38	35	
78	41	39	56	2	77	53	33	71	25	20	96	93	61	42	7	42	84	35	59	96	24	92	95	4	72	15	4	18	92	57	43	95	15	6	70	50	40	79	40	
4	97	18	93	76	31	9	75	10	14	52	32	13	17	87	90	71	66	3	7	74	90	25	45	31	21	48	35	83	99	52	83	61	23	20	81	99	9	54	8	
40	69	54	12	84	29	90	60	53	30	20	47	96	92	87	14	32	36	38	35	22	88	21	60	19	14	68	17	29	58	74	14	72	83	94	9	60	40	78	16	
91	8	69	82	53	78	39	46	78	2	63	60	90	78	35	45	34	94	78	7	85	28	7	32	79	53	48	37	95	66	21	45	10	55	25	20	70	20	16	69	
85	21	36	98	24	81	37	87	48	5	32	10	50	58	39	25	64	42	13	11	54	62	81	11	15	44	32	18	32	74	2	33	98	62	86	41	66	48	63	15	
82	98	85	35	61	77	1	83	65	74	3	49	8	24	23	54	95	61	4	89	82	91	23	17	97	60	65	81	66	65	49	31	44	41	63	45	15	4	66	23	
54	40	53	68	36	82	99	91	26	5	26	95	19	7	55	26	92	10	43	14	83	63	21	17	21	17	60	54	64	43	59	86	33	92	23	89	24	14	64	17	
59	88	54	50	1	47	15	90	29	73	14	33	83	8	4	28	86	19	42	25	23	91	44	44	38	50	87	34	68	28	61	1	35	40	15	20	43	29	68	69	
85	74	87	36	39	7	17	98	93	59	44	75	58	35	34	92	38	94	44	25	71	75	34	89	73	2	2	22	19	55	24	46	70	3	96	23	33	5	74	39	
79	59	73	73	98	46	84	55	34	72	11	85	44	47	20	6	78	29	82	24	60	20	37	34	28	11	94	92	53	85	86	34	65	58	6	37	29	88	99	79	
62	93	24	43	4	71	50	50	36	90	92	46	55	6	7	68	34	16	53	48	98	73	58	49	53	8	87	40	91	14	26	43	89	31	42	26	76	18	53	97	
16	72	41	61	52	84	78	15	96	98	67	92	73	32	89	22	29	73	36	2	87	63	57	48	15	24	44	61	96	90	52	3	70	70	3	92	53	16	44	63	
59	6	48	31	90	60	76	70	61	35	39	99	76	67	31	24	72	75	29	82	6	39	65	94	34	97	27	16	23	49	38	32	93	45	32	70	70	2	10	85	
1	87	54	57	73	44	32	25	27	49	15	21	54	46	7	79	24	80	30	55	81	25	43	65	9	90	70	19	42	34	76	37	82	38	9	52	52	4	87	35	
77	78	41	10	98	37	84	38	41	58	1	91	6	70	84	32	44	79	40	85	41	77	58	72	22	10	1	14	46	42	73	61	56	55	68	85	4	75	5	32	
69	84	97	52	32	2	34	30	71	13	34	82	12	89	31	12	21	38	99	23	44	46	8	41	26	40	74	84	43	63	64	95	74	30	50	21	54	26	11	83	
98	56	69	22	6	67	68	55	60	73	45	12	93	90	57	34	84	54	61	46	97	42	61	42	6	74	56	28	24	36	75	42	61	40	79	19	83	46	37	79	
7	79	45	62	2	42	30	30	61	84	50	10	56	92	83	59	94	16	84	59	50	19	37	82	33	58	21	88	12	1	1	35	7	36	78	11	29	52	83	44	
19	81	79	19	14	34	18	13	55	63	76	50	99	45	48	9	18	67	69	50	66	47	16	50	92	34	96	44	98	63	18	17	54	60	12	15	76	26	44	45	
85	42	42	88	98	78	8	49	50	88	22	21	30	37	39	32	78	81	19	99	87	9	78	18	93	99	29	44	55	65	40	75	66	91	60	13	29	69	58	61	
2	10	94	23	94	63	16	61	60	98	36	68	34	9	57	40	98	43	32	52	70	89	76	96	59	63	81	14	31	58	90	28	75	78	25	77	57	56	93	96	
17	20	9	91	33	73	91	7	63	95	44	86	49	73	20	82	11	24	29	34	4	75	37	59	5	11	69	9	26	88	9	73	11	93	68	61	34	1	62	64	
15	30	6	98	27	33	32	80	50	54	91	67	4	38	79	90	58	84	6	42	15	67	98	2	88	82	16	22	50	79	98	87	13	80	81	38	48	21	72	16	
87	49	32	58	43	55	42	84	38	40	32	4	46	42	91	71	76	64	23	70	48	85	71	78	48	46	53	59	62	32	90	88	19	19	82	5	95	22	95	31	
77	84	66	24	49	99	15	46	84	29	32	55	53	86	98	62	47	90	26	14	29	97	38	77	20	83	44	54	90	24	54	45	42	88	47	31	62	68	86	66	
9	82	55	73	49	37	45	95	68	40	21	60	16	88	55	38	50	82	89	8	14	37	80	69	31	85	34	58	32	13	25	51	23	43	75	76	77	81	19	57	
1	87	84	54	96	16	83	99	54	66	62	16	13	24	80	73	78	74	5	37	10	37	41	94	88	44	45	68	38	52	73	54	69	86	78	55	53	27	54	70	
56	99	75	81	89	38	6	51	48	18	60	4	58	86	41	67	45	32	87	1	86	72	8	23	30	58	90	24	76	13	98	35	65	61	12	60	5	21	52	27	
37	41	19	93	46	43	27	17	19	69	96	80	38	54	67	21	71	85	23	23	64	99	41	53	71	46	26	58	76	3	62	48	77	36	22	45	51	29	96	67	
18	31	36	63	66	96	42	36	17	15	2	15	22	53	2	63	50	59	41	32	83	6	25	88	32	57	29	97	56	6	41	19	31	6	41	59	1	89	66	81	
20	59	73	65	64	79	94	79	57	24	51	92	57	37	72	53	96	22	22	91	55	72	51	49	32	97	15	28	29	12	21	98	68	93	2	41	11	24	31	90	
32	75	23	1	92	95	81	67	1	14	99	69	48	68	7	12	76	23	33	80	98	32	32	52	83	57	75	11	92	70	17	65	96	62	89	67	38	68	77	87	
6	79	85	76	44	72	88	37	4	15	40	81	12	5	70	37	18	55	99	45	46	40	54	45	58	48	56	58	1	32	29	93	7	30	20	57	57	2	70	31	
36	18	52	44	31	77	53	71	58	55	1	14	16	95	38	52	3	11	1	88	47	51	48	95	31	39	65	60	12	12	21	77	77	91	54	36	76	84	41	3	
23	87	26	90	54	37	61	82	3	43	66	24	1	80	96	27	39	47	4	33	40	98	4	37	14	11	4	74	25	50	41	3	63	50	44	50	23	7	11	9	
10	49	70	85	43	63	78	49	24	57	38	27	81	97	80	46	17	62	26	29	11	86	7	71	64	3	41	68	89	80	68	80	62	49	1	42	12	32	43	49	
12	36	90	92	82	80	5	17	39	47	18	22	27	96	35	35	44	67	26	23	30	79	13	26	78	77	12	17	5	9	86	42	60	14	6	84	98	61	28	39	
16	83	46	24	26	71	69	45	51	35	27	94	28	58	17	46	60	81	32	81	76	4	49	68	62	86	46	58	92	90	95	80	65	99	49	60	14	90	97	82	
69	56	93	62	75	14	48	21	93	24	59	61	38	18	17	95	41	14	95	69	35	60	48	81	89	41	33	7	58	23	53	51	14	48	92	10	73	82	72	7	
46	80	61	34	62	37	21	18	55	18	58	76	5	98	23	63	72	63	77	90	83	28	16	84	35	90	16	20	27	37	46	36	66	41	75	27	75	42	38	54	
93	87	58	39	87	75	50	21	80	41	30	90	71	52	9	40	12	28	70	78	52	91	25	19	90	11	11	20	63	98	90	53	78	73	41	19	77	98	58	27	
64	59	9	38	62	32	3	4	59	68	88	73	72	98	58	39	33	6	46	44	70	62	45	88	66	90	72	79	76	16	69	31	55	19	3	14	52	93	12	88	
26	85	19	92	18	49	91	60	92	61	30	82	97	78	15	59	46	20	36	83	93	11	1	57	70	34	71	51	97	51	96	31	89	16	32	27	28	73	65	21	
51	21	81	69	5	80	56	93	38	4	38	98	48	11	65	10	6	32	44	36	12	8	62	97	63	59	21	67	49	43	14	37	75	47	91	90	9	92	74	43	
96	50	5	90	64	79	71	65	44	57	22	6	65	57	60	79	93	80	93	8	34	64	68	99	10	13	20	83	85	27	16	89	8	32	83	31	74	19	22	80	
48	64	73	48	86	79	85	93	57	9	83	42	46	86	55	77	85	8	95	37	65	84	76	38	92	83	39	87	21	73	17	85	65	26	39	2	64	47	80	86	
67	37	42	68	55	95	96	16	17	34	20	92	41	55	93	22	4	6	59	35	52	22	49	91	25	25	31	59	40	19	32	29	65	22	42	83	38	18	9	37	
98	9	64	42	60	19	52	1	24	61	51	47	25	87	10	80	38	60	29	64	19	45	71	19	29	84	74	88	81	18	5	39	9	62	69	28	28	44	82	60	
74	79	43	97	3	27	82	16	2	46	85	10	59	61	75	80	68	10	53	82	77	1	90	95	10	39	48	47	11	87	58	14	4	52	82	64	58	40	48	35	
92	8	21	42	79	96	69	64	26	47	10	69	28	8	69	59	46	98	80	46	28	96	2	99	97	36	37	25	71	65	80	53	71	86	29	59	55	66	19	48	
75	9	99	53	42	22	39	57	43	14	19	23	61	6	76	85	71	49	95	61	31	77	52	60	81	38	70	11	20	75	38	36	26	73	95	40	36	65	94	94	
14	72	87	27	46	42	95	61	74	78	67	54	31	93	29	26	49	31	78	97	65	19	85	58	17	81	90	37	34	96	23	51	47	73	77	61	79	17	14	48	
88	70	80	85	76	68	71	92	84	47	56	70	40	79	65	73	24	39	1	53	69	16	10	86	22	33	52	78	14	34	33	90	30	37	85	42	77	95	36	81	
78	86	77	35	51	30	27	64	52	14	59	98	81	61	32	33	94	81	45	82	59	85	99	60	45	57	52	9	53	7	76	91	6	57	85	46	64	31	64	41	
41	41	21	86	19	10	66	2	7	60	61	30	85	52	8	56	16	69	69	74	31	75	38	95	25	86	92	11	1	33	17	41	62	18	62	30	36	79	82	81	
82	28	73	30	19	4	93	5	54	78	49	28	45	13	64	44	74	14	85	87	42	76	71	27	21	5	78	44	98	25	44	34	29	55	26	39	43	98	40	55	
8	53	21	60	39	67	93	64	79	90	18	86	26	89	57	90	54	29	84	46	77	40	14	1	35	28	34	71	1	87	74	87	55	27	36	63	62	30	58	60	
46	86	14	69	48	90	51	46	34	79	17	53	50	59	47	98	73	45	81	86	91	5	72	7	8	96	65	33	73	28	87	12	61	82	68	49	62	84	72	39	
61	10	33	86	6	55	94	22	99	21	26	1	73	77	51	43	11	21	2	63	37	28	5	76	97	73	48	91	81	68	89	37	74	39	8	67	38	40	3	39	
51	82	90	78	62	22	74	55	41	27	56	53	29	38	30	86	10	69	88	12	73	27	14	38	41	47	41	18	50	64	13	98	48	71	73	37	30	42	53	28	
10	3	61	99	30	3	76	53	35	93	94	79	67	34	1	64	63	82	47	64	52	18	63	22	96	44	39	45	10	30	41	72	59	2	70	4	29	6	55	62	
92	84	44	12	46	53	55	64	74	53	66	31	63	30	86	11	80	70	25	23	90	70	38	26	66	41	54	68	23	71	70	76	86	94	83	81	54	35	23	15	
44	33	55	46	9	68	10	39	70	33	37	43	17	33	90	53	38	1	9	95	19	62	23	36	2	88	30	12	91	22	97	19	70	62	92	40	22	40	56	62	
19	31	54	29	95	79	87	44	18	28	45	91	27	79	8	57	6	46	69	74	18	44	17	5	86	42	77	42	46	91	44	8	59	76	22	55	88	59	66	17	
78	30	97	61	69	64	17	33	52	63	61	97	48	20	65	29	60	38	28	86	30	8	86	83	10	94	59	47	15	12	8	16	29	80	22	16	74	96	37	32	
74	46	32	58	56	58	72	72	87	81	84	6	31	14	94	70	72	26	54	85	54	63	39	10	8	18	90	62	77	94	49	99	87	17	81	83	76	55	11	45	
1	66	6	35	14	72	70	28	29	24	65	97	42	32	31	97	87	44	99	13	24	17	30	60	93	14	77	55	95	99	1	81	64	52	71	13	52	85	15	92	
45	58	21	65	71	23	1	2	74	22	64	80	65	60	52	11	74	84	58	6	63	64	8	44	75	59	83	77	27	95	22	76	71	11	21	22	94	32	12	72	
8	83	19	79	61	60	82	28	94	94	34	19	84	16	41	21	63	76	60	68	26	82	83	68	39	77	33	52	20	42	72	87	57	22	19	26	78	92	86	64	
4	23	83	28	22	8	56	28	91	53	44	28	46	66	83	34	62	68	98	90	16	28	34	49	27	94	42	38	93	70	19	47	32	61	57	21	97	81	55	6	
54	5	95	99	91	5	4	14	39	9	27	26	6	50	96	87	55	23	82	34	88	48	36	82	92	17	75	36	89	68	82	22	80	10	95	28	75	97	20	29	
48	37	97	96	74	61	3	59	11	92	59	35	55	17	85	52	82	10	28	63	34	91	31	72	31	11	48	60	15	79	5	71	55	6	62	93	60	1	43	48	
95	54	8	62	91	10	12	15	81	74	76	43	27	58	37	78	99	15	72	43	41	27	23	16	4	82	42	59	63	98	51	61	46	22	85	41	6	94	54	6	
52	60	50	70	19	69	81	87	14	93	13	28	86	56	38	8	23	46	28	85	38	73	6	37	30	73	69	96	10	83	47	35	39	29	53	87	22	12	93	74	
33	81	32	63	95	20	8	74	25	92	80	21	1	31	33	38	47	50	59	55	28	23	22	91	70	58	55	91	2	63	45	39	48	77	12	5	20	11	84	16	
4	30	33	59	21	70	4	52	33	59	71	45	88	2	3	40	56	39	98	30	85	88	54	10	86	45	56	5	18	61	16	10	35	83	86	50	29	75	33	95	
52	70	45	97	31	46	12	22	90	75	96	2	57	45	83	40	4	11	89	20	56	44	46	12	81	87	14	94	14	21	81	12	7	18	39	43	99	22	63	54	
49	87	31	58	56	75	43	12	91	67	55	8	10	67	13	52	83	93	59	42	19	71	55	69	26	1	32	16	49	33	69	32	91	9	54	2	83	13	85	32	
74	69	17	26	61	81	51	38	67	68	33	97	48	79	7	62	76	79	25	49	40	25	38	26	60	84	90	85	95	79	11	33	8	36	60	37	99	74	89	54	
42	89	21	15	61	87	32	15	55	82	36	80	41	79	68	82	78	77	34	16	7	88	63	75	80	51	89	2	24	73	53	61	97	50	76	99	78	25	74	73	
93	99	6	47	30	19	60	28	55	62	48	49	89	38	33	48	16	61	31	83	39	46	62	97	9	59	23	11	76	13	21	15	54	85	94	89	90	4	6	60	
80	28	66	93	74	20	54	62	67	79	29	49	59	96	32	74	32	37	54	58	87	60	4	40	34	58	83	47	17	34	92	58	27	79	93	11	51	11	9	59	
24	81	49	63	6	70	71	84	7	19	36	1	6	65	2	78	62	1	73	64	8	50	4	75	51	32	5	11	63	79	23	5	5	6	78	96	9	51	88	94	
55	54	4	52	79	15	39	83	99	61	84	83	71	30	18	42	91	20	45	58	17	82	65	92	63	56	24	17	4	61	83	47	83	7	61	77	18	85	82	37	
42	48	60	51	25	89	8	64	70	85	30	67	72	65	54	43	86	2	11	96	36	63	53	63	79	55	85	89	86	42	48	48	17	38	61	15	90	85	45	26	
91	90	45	4	49	63	51	1	92	73	87	9	59	56	89	38	13	89	22	58	7	40	93	50	82	69	71	23	1	15	92	86	42	9	46	86	26	99	63	40	
33	68	21	29	33	82	78	47	38	16	86	2	62	22	26	4	35	44	91	26	95	10	11	83	91	28	61	85	35	87	43	59	93	45	98	31	25	19	5	38	
91	55	65	88	90	20	92	98	97	32	44	75	21	45	53	29	94	49	85	20	72	30	87	84	89	28	29	94	13	84	44	39	93	40	17	42	89	56	91	47	
31	61	74	25	32	34	72	14	85	87	86	64	86	17	40	69	72	7	41	97	79	37	69	52	44	19	67	36	13	42	61	90	26	29	45	31	92	27	14	3	
83	75	1	42	87	28	89	91	26	31	81	23	17	71	51	56	30	54	14	95	73	76	88	96	6	93	39	48	72	15	17	39	89	55	37	29	41	35	68	58	
63	20	21	50	25	24	51	8	18	22	25	95	41	47	5	59	30	79	62	36	50	28	20	42	87	85	72	53	70	93	56	1	36	52	48	66	10	68	30	40	
58	11	38	65	44	33	85	98	86	72	37	53	13	35	53	9	44	38	56	91	59	52	77	76	23	72	73	54	88	18	40	61	84	26	62	84	68	2	55	61	
98	25	10	62	53	44	44	10	10	99	7	76	46	47	2	73	40	88	25	3	82	25	33	58	14	86	76	83	57	8	78	23	22	52	44	25	74	1	15	95	
18	69	12	89	29	4	43	2	34	74	55	99	23	81	52	92	44	24	29	46	14	96	69	81	46	33	27	7	85	92	83	90	81	63	32	64	63	37	63	1	
83	65	33	35	49	18	39	3	57	84	39	7	94	3	84	64	90	13	63	73	4	44	63	97	1	9	95	85	62	50	65	35	2	63	50	2	7	5	29	5	
18	29	97	50	20	49	28	25	11	98	79	91	54	20	61	95	55	48	4	89	96	36	3	95	35	33	17	92	50	48	52	89	73	31	63	16	62	48	48	44	
92	61	22	31	71	23	81	40	10	39	26	65	95	75	70	2	61	2	65	2	42	98	35	28	54	80	67	90	55	99	39	27	56	37	56	63	95	94	23	61	
11	51	3	53	46	41	10	97	90	63	48	27	51	41	99	63	73	79	10	17	89	96	39	7	53	27	69	58	75	18	79	68	87	68	44	43	91	90	8	54	
68	74	36	65	56	2	62	17	26	44	61	85	13	16	33	43	70	93	70	92	67	11	42	47	53	91	33	79	36	74	95	70	70	56	22	17	41	46	35	88	
92	6	64	41	33	27	51	23	25	65	84	40	36	36	93	58	1	32	19	56	38	30	52	69	6	93	18	82	2	78	26	52	32	9	30	78	12	87	67	57	
67	34	62	77	53	89	15	40	10	16	25	19	16	85	99	3	17	36	58	65	37	41	37	58	90	13	40	44	73	43	3	87	82	56	69	84	99	10	81	7	
40	85	42	66	45	55	5	48	80	96	95	69	56	16	67	37	94	90	45	37	95	31	23	77	86	52	95	40	62	72	64	50	36	95	33	46	59	44	82	10	
3	52	4	99	77	25	10	90	54	28	70	8	16	74	38	20	28	7	49	26	38	95	29	38	23	15	31	60	51	49	90	17	25	45	76	65	24	28	52	1	
62	28	8	57	31	88	6	35	89	66	60	26	29	32	37	14	11	26	38	61	67	51	34	29	21	79	29	74	28	25	80	26	93	4	19	38	91	74	27	67	
87	45	77	25	47	75	45	98	90	28	28	52	17	23	60	28	96	25	94	37	30	52	72	99	7	85	39	56	12	26	48	88	67	19	71	8	11	60	5	91	
38	29	44	88	64	26	65	25	91	15	28	66	78	89	3	32	43	17	70	66	57	22	62	98	11	28	31	64	48	57	64	64	11	57	1	77	31	12	88	56	
78	47	7	74	29	52	43	12	27	54	88	77	56	34	7	21	32	77	66	82	93	78	66	69	48	50	81	78	98	18	16	86	60	83	24	78	45	96	56	2	
64	69	37	48	92	21	64	9	75	36	10	53	88	72	47	33	73	62	42	1	5	74	76	5	76	50	96	93	97	17	5	42	45	48	31	90	8	30	63	40	
22	35	12	70	84	29	42	58	93	60	6	6	46	99	47	27	96	35	60	39	67	46	43	51	42	89	55	65	3	99	76	19	81	73	43	28	39	77	78	26	
96	26	69	8	75	98	48	98	24	94	72	34	39	57	23	21	10	7	64	88	35	55	23	77	1	10	95	20	19	83	79	93	54	55	96	70	5	67	47	87	
94	44	9	1	10	63	91	22	87	28	84	24	20	13	67	73	56	71	80	45	96	54	66	93	22	57	25	12	4	91	55	89	77	66	67	62	80	14	90	2	
94	95	12	89	31	75	19	91	58	45	32	2	54	35	52	37	35	56	59	97	99	45	29	30	74	8	64	43	63	98	56	82	35	64	13	54	99	38	32	43	
49	84	1	90	81	11	47	9	15	90	76	49	78	90	71	55	20	78	39	68	75	48	22	65	95	4	24	38	14	81	7	65	7	8	60	14	74	4	55	73	
64	10	23	37	81	79	30	43	81	52	48	67	42	29	15	25	46	97	51	14	22	79	88	23	38	94	5	73	40	77	79	70	69	82	16	83	11	54	98	96	
59	66	71	68	99	49	58	15	38	46	72	3	27	91	68	7	85	90	46	76	90	33	13	15	97	86	43	63	24	43	14	43	84	25	6	3	88	54	70	65	
6	58	35	82	92	66	81	34	23	6	20	28	45	12	48	99	99	17	61	2	37	67	61	39	26	92	71	3	57	30	66	81	67	62	56	77	38	45	10	47	
57	13	78	37	34	93	70	95	12	81	98	76	25	34	68	67	80	1	8	2	65	99	52	46	24	96	26	67	43	53	79	20	29	49	96	14	91	96	63	47	
49	3	54	16	21	41	10	35	78	44	73	36	75	28	35	18	58	17	1	80	41	9	63	46	12	16	70	68	64	79	2	77	13	17	96	1	12	75	5	79	
86	79	49	42	63	17	14	34	37	90	10	98	28	18	77	51	10	78	14	14	3	38	59	85	84	74	64	64	47	11	19	61	99	31	35	59	8	9	82	6	
9	1	53	54	54	74	84	84	61	68	62	65	66	10	3	46	29	39	65	87	32	13	62	69	49	84	51	27	97	81	32	22	5	42	99	33	30	63	93	24	
39	76	72	39	23	68	95	12	96	89	81	8	30	35	90	18	96	90	38	88	30	57	48	48	40	27	87	69	21	58	56	71	46	62	19	51	47	28	95	13	
16	18	61	11	61	21	4	50	37	64	59	85	9	93	12	27	13	79	29	52	53	20	72	58	19	47	98	22	24	44	57	52	2	31	25	35	6	1	48	33	
1	84	93	63	46	88	98	75	2	37	4	19	9	1	84	39	28	17	29	72	43	6	29	12	51	49	62	70	98	95	16	61	47	94	43	69	62	79	81	90	
71	53	61	61	29	41	82	98	75	22	45	24	3	47	54	52	43	8	36	59	36	16	43	57	70	99	32	50	84	41	25	42	67	93	23	21	11	69	1	45	
96	74	7	1	11	36	73	7	39	55	75	92	68	60	13	67	96	73	1	56	47	89	93	80	17	41	81	92	13	5	18	16	59	54	88	27	81	84	20	86	
85	53	82	16	8	17	51	66	86	48	12	39	95	77	43	28	33	88	96	20	46	55	60	72	64	3	91	32	36	39	26	80	11	80	30	25	20	62	31	56	
32	25	50	51	79	98	27	87	9	46	1	1	85	16	98	5	47	26	31	42	5	88	16	53	23	27	58	67	33	63	71	63	58	65	17	46	58	85	93	37	
22	36	96	83	58	73	47	29	72	94	47	89	26	58	10	46	18	97	80	43	29	74	34	43	23	97	38	80	98	9	85	30	33	94	56	68	53	3	67	86	
39	42	99	4	45	16	25	75	70	12	78	3	49	41	29	74	17	14	56	11	75	78	42	98	83	74	23	7	15	66	66	46	81	67	65	19	15	64	72	38	
41	2	7	48	93	94	10	65	63	67	35	97	70	45	96	50	99	40	9	1	46	19	93	5	62	33	45	69	98	48	58	3	70	15	87	34	18	58	75	49	
19	79	60	99	74	95	79	68	89	70	98	7	9	1	49	83	81	65	57	92	63	50	84	18	83	14	15	64	38	44	70	87	73	33	37	80	84	58	15	14	
44	58	44	30	21	44	72	31	67	54	44	25	86	92	49	7	89	71	51	97	27	52	84	66	49	74	89	3	8	98	22	25	38	13	72	28	58	67	52	23	
85	55	65	7	53	36	44	70	76	79	33	41	14	72	54	99	98	17	64	33	56	24	18	15	27	53	74	11	57	80	22	60	31	85	1	78	55	81	58	86	
19	40	64	56	87	81	58	26	12	35	26	36	53	77	12	73	52	16	18	39	8	82	58	71	33	30	51	83	93	67	73	9	72	70	19	54	93	50	24	14	
9	69	62	81	26	42	9	68	34	50	36	26	61	58	85	12	53	33	39	65	76	71	69	65	75	3	42	98	37	32	21	55	42	23	78	39	13	43	13	43	
79	20	34	34	25	86	73	62	86	8	6	70	19	12	20	66	50	82	50	3	78	75	67	70	97	64	2	80	58	40	18	18	75	3	88	79	64	31	34	32	
60	27	14	44	46	44	93	92	1	69	28	35	37	14	24	6	95	26	79	78	16	35	17	88	93	89	45	30	3	47	28	54	35	31	44	38	88	64	55	5	
15	36	32	12	90	71	96	34	86	2	78	8	44	67	95	30	87	87	19	5	22	77	59	90	4	23	99	99	86	7	64	40	62	72	89	4	74	61	40	53	
55	53	86	44	13	17	39	90	92	15	98	72	59	55	79	29	92	68	3	83	85	45	76	11	96	78	95	32	81	84	51	91	19	5	13	65	97	1	23	96	
29	7	39	56	14	2	82	82	59	1	98	41	42	91	41	7	51	70	19	68	62	34	72	99	28	43	84	52	82	75	22	52	98	11	69	29	39	27	10	93	
96	13	49	29	20	98	6	93	47	79	95	37	26	88	91	58	65	22	50	82	59	39	3	35	86	88	85	17	47	32	46	29	29	65	38	2	86	55	10	16	
84	48	33	15	37	19	44	71	46	57	79	42	28	26	30	3	60	16	55	94	9	4	24	81	12	81	70	20	24	92	90	90	48	35	11	28	22	81	8	72	
20	29	61	12	95	10	62	87	70	83	18	90	52	22	20	73	37	48	70	42	16	79	79	16	4	13	75	55	60	24	7	20	68	81	6	79	76	4	55	98	
49	95	81	85	62	52	55	51	27	17	82	30	57	23	3	62	2	67	47	29	94	83	12	99	4	24	42	32	94	62	56	22	15	70	24	11	83	51	97	87	
36	4	72	46	50	71	84	79	75	98	14	29	20	85	36	22	74	29	22	56	79	74	12	18	65	40	94	47	18	63	60	84	54	87	24	55	4	10	40	93	
39	22	35	89	92	45	40	27	60	32	14	44	71	72	62	28	82	51	14	32	24	23	98	66	2	13	44	23	36	63	84	6	90	64	40	96	27	64	31	78	
74	34	10	86	17	26	43	66	31	64	70	48	20	53	19	88	33	87	59	18	72	95	25	95	13	68	29	85	92	36	57	69	60	1	21	78	68	42	84	25	
57	53	24	36	78	66	67	30	35	81	15	7	46	11	64	19	67	91	71	46	19	43	17	16	98	60	78	12	89	69	13	72	92	7	7	81	34	63	39	97	
27	32	77	63	96	51	3	6	3	5	9	17	92	56	50	65	98	5	34	86	49	95	50	54	50	27	17	28	77	35	71	24	61	39	35	57	75	97	34	65	
46	91	50	89	58	34	45	86	5	92	60	97	25	45	14	91	25	33	27	66	56	59	51	68	24	66	93	64	37	70	48	82	13	51	78	8	17	27	32	78	
93	44	49	46	4	84	14	82	96	52	77	41	76	7	7	17	33	41	81	58	46	29	28	20	95	95	45	65	31	71	89	65	75	44	14	33	77	16	60	3	
26	32	79	46	4	34	13	83	39	56	47	17	75	72	56	14	72	53	70	9	16	95	40	98	92	42	86	62	47	83	54	3	57	30	17	30	57	87	90	6	
26	68	57	19	4	38	6	79	5	63	47	35	49	16	52	55	19	50	22	36	23	69	93	11	17	20	40	89	19	3	6	51	10	96	1	44	21	3	49	9	
36	81	38	94	64	36	38	40	63	47	92	60	21	94	73	31	16	87	71	76	25	5	68	11	40	26	87	74	21	81	52	68	92	77	74	86	51	51	57	82	
66	74	92	44	65	20	80	45	47	35	5	90	70	7	35	4	99	4	46	92	9	30	76	4	82	34	61	64	60	44	13	40	2	35	37	95	88	43	1	10	
85	77	4	85	10	13	8	75	3	44	25	82	93	41	77	36	98	47	70	31	97	87	55	97	74	1	59	25	31	4	12	60	89	43	99	67	53	13	33	98	
97	22	95	33	96	49	8	60	16	30	45	44	29	43	78	64	26	5	16	45	41	78	88	7	99	76	97	90	68	89	4	71	64	78	47	29	43	24	15	53	
91	6	1	8	76	61	22	78	28	43	80	69	74	85	2	36	41	34	72	63	83	12	57	20	17	18	89	62	68	78	41	64	66	16	21	82	20	81	70	2	
83	78	49	12	93	78	17	13	20	87	66	45	81	40	75	93	1	9	54	23	16	62	25	21	62	12	59	78	98	32	56	25	31	37	39	91	71	52	93	77	
26	22	95	47	6	21	87	73	95	84	92	3	34	63	98	26	86	62	41	56	8	31	54	65	42	8	83	25	85	42	87	47	32	37	45	32	54	91	66	63	
14	41	75	97	82	12	92	60	28	49	62	29	2	84	84	64	19	44	42	32	25	19	51	14	91	46	70	14	86	80	32	93	98	40	93	2	27	73	28	80	
57	66	88	63	92	88	16	93	97	64	89	35	83	95	30	49	45	77	96	57	18	99	46	23	29	6	60	13	40	55	27	21	29	25	54	74	48	28	57	48	
47	51	24	57	63	22	67	99	11	72	19	80	22	56	21	37	14	28	7	30	5	3	2	89	81	48	66	30	97	77	68	52	69	49	62	23	75	89	97	87	
94	86	5	52	28	42	9	45	97	58	86	53	11	99	62	75	34	73	1	49	25	99	49	53	98	70	42	57	39	26	56	14	81	89	90	91	28	41	11	86	
55	15	71	84	53	70	15	39	88	54	4	5	73	46	49	29	3	86	22	89	78	99	69	54	42	66	82	71	65	23	72	25	95	79	56	27	39	77	59	23	
33	54	94	19	43	57	61	80	80	37	79	47	29	18	59	62	27	14	58	15	48	50	84	51	60	94	53	86	80	22	91	40	34	54	58	64	93	65	23	38	
66	24	15	63	32	26	47	66	72	44	65	97	36	71	82	81	24	72	96	70	97	45	3	85	43	49	53	68	41	87	18	56	25	14	45	69	37	11	44	73	
95	83	21	45	51	26	48	61	93	85	40	84	20	26	78	28	95	46	8	8	58	33	75	18	56	36	11	97	1	95	59	66	96	71	15	37	70	40	7	60	
10	70	58	40	83	83	2	14	7	67	20	11	79	99	70	32	90	86	71	86	89	44	98	3	58	63	4	1	31	33	32	76	44	29	46	49	31	76	48	64	
77	50	58	59	92	73	21	34	91	23	6	71	75	59	61	20	49	27	17	19	25	9	40	32	3	27	19	23	16	1	90	78	89	43	62	84	46	29	92	84	
57	68	16	91	40	80	41	29	16	44	53	25	4	64	93	78	24	93	12	76	97	93	96	33	10	12	40	70	45	32	95	73	18	8	22	86	71	90	30	20	
90	11	82	2	78	81	2	92	78	23	80	27	43	29	29	79	84	33	71	51	52	36	85	16	35	93	63	98	66	9	12	57	88	39	45	86	16	35	15	76	
72	71	1	89	29	21	47	47	45	2	7	14	89	82	63	52	4	40	3	71	28	92	69	83	8	52	49	66	39	86	34	60	40	63	69	85	36	24	3	40	
7	23	66	97	36	5	75	51	54	26	20	49	70	40	76	18	26	89	76	79	33	87	2	1	53	82	4	35	58	30	46	41	65	17	40	91	28	22	13	7	
46	94	19	78	11	89	7	53	9	3	76	17	36	77	8	81	13	79	38	60	91	69	20	8	99	20	88	37	59	46	12	42	72	51	21	8	79	15	26	63	
2	59	71	22	49	86	86	11	54	67	33	84	44	13	65	76	72	78	43	27	82	73	54	4	62	68	67	86	11	32	97	95	31	40	52	86	26	34	17	26	
47	26	63	33	30	70	17	57	28	57	6	7	8	94	69	66	73	81	22	65	47	94	76	75	11	39	80	57	82	26	24	89	90	95	29	34	71	89	4	39	
95	32	47	71	3	84	28	31	98	87	68	97	41	96	18	4	35	65	86	31	89	59	79	89	19	83	46	15	97	59	52	85	85	93	10	68	94	11	49	24	
63	52	9	38	51	69	69	57	79	42	74	55	76	19	97	43	99	58	55	6	48	6	82	39	90	48	7	97	65	27	95	2	25	1	66	41	43	83	73	92	
5	7	16	31	32	81	40	92	31	57	15	39	67	93	11	17	87	14	19	11	56	78	76	42	74	26	86	65	92	50	69	39	54	9	54	9	99	9	13	6	
45	75	3	47	9	30	48	13	36	23	2	8	67	98	45	55	35	82	33	69	82	19	90	6	52	16	2	92	83	55	68	79	7	77	20	65	34	56	2	98	
76	24	76	45	55	10	1	73	64	89	90	14	2	76	68	75	8	5	43	37	45	62	2	34	16	88	84	29	12	56	74	21	35	78	37	26	35	23	88	56	
50	30	64	60	48	52	25	11	12	70	30	47	2	60	57	20	99	99	38	77	19	51	61	5	19	60	48	9	78	39	98	91	15	53	78	72	28	12	81	46	
38	19	88	82	31	69	21	12	25	65	41	49	41	4	56	50	18	59	43	2	17	46	65	92	14	69	79	17	56	60	52	97	43	72	13	52	66	98	26	11	
85	5	72	85	70	14	47	34	6	78	28	65	38	25	69	1	34	55	33	59	52	43	50	55	68	66	66	16	99	46	51	46	11	99	35	29	7	19	18	10	
38	37	75	11	88	42	37	79	96	49	26	67	46	43	78	86	34	49	84	86	82	99	19	71	64	96	49	23	58	98	46	9	54	64	32	1	71	54	39	25	
54	56	63	12	74	84	40	33	46	86	73	28	21	35	99	69	39	8	57	15	41	69	6	37	75	8	13	51	48	8	91	55	92	44	72	65	83	28	30	17	
93	53	9	57	81	18	6	47	62	8	20	50	78	87	65	78	7	25	4	29	39	36	56	18	32	43	1	98	24	73	42	34	46	43	35	40	87	2	97	40	
95	35	21	78	3	49	91	92	34	91	60	50	21	65	42	84	23	51	16	87	57	63	62	57	57	62	69	95	20	31	79	9	31	92	62	50	54	89	42	16	
29	94	10	85	29	6	98	54	50	28	5	8	52	74	72	36	64	28	98	94	18	38	2	40	94	47	67	17	77	79	72	61	43	36	48	56	56	62	26	55	
31	96	75	38	84	26	52	98	85	76	79	58	77	44	60	50	46	30	77	32	30	34	34	19	13	32	43	35	53	24	65	37	17	47	57	56	38	74	72	46	
24	55	39	60	54	60	94	78	76	37	58	52	73	4	71	54	57	12	32	45	28	71	7	81	88	29	98	44	5	16	3	58	63	26	74	26	60	85	90	92	
10	28	92	32	78	80	27	11	75	20	22	62	48	74	81	91	62	61	68	83	83	86	7	92	73	63	54	31	66	9	80	86	3	25	84	30	23	91	35	8	
54	14	91	16	37	91	71	3	87	23	55	59	82	60	44	79	3	60	16	5	99	8	40	80	46	15	59	8	94	9	29	41	58	67	87	82	76	68	97	70	
46	58	68	56	16	50	68	30	85	19	67	25	46	50	92	22	63	50	61	24	87	38	36	83	39	64	31	93	7	43	33	82	50	76	40	61	8	9	28	29	
38	58	88	25	50	91	4	84	8	47	54	43	2	27	77	82	28	7	9	31	26	40	89	49	49	49	18	63	88	27	70	38	58	11	29	86	13	76	87	68	
70	83	26	30	49	61	71	65	41	9	80	28	87	75	29	10	21	14	74	53	96	37	35	97	29	22	6	44	92	40	99	1	70	5	80	49	45	66	30	33	
76	97	76	70	7	50	56	29	78	70	99	23	78	7	56	22	15	53	11	84	9	4	45	34	63	17	44	69	17	6	62	65	15	17	95	95	53	59	23	98	
68	84	4	64	88	45	65	4	62	78	4	43	34	81	72	48	35	92	63	58	96	83	71	17	21	23	9	89	57	83	24	37	68	84	20	72	88	1	90	11	
3	85	13	11	3	73	74	50	6	68	5	88	25	42	57	19	39	86	56	93	4	93	3	88	88	62	99	45	49	60	50	88	48	79	41	28	5	70	90	72	
28	42	55	32	52	62	13	80	1	92	49	99	38	50	43	25	74	76	14	79	46	49	64	59	94	74	59	86	88	51	6	74	86	79	23	61	33	64	27	87	
18	38	67	49	63	2	79	43	2	48	56	76	67	32	42	21	22	3	7	29	60	84	48	43	99	8	34	52	33	8	86	99	85	38	63	38	38	85	88	68	
79	60	39	35	5	14	93	47	89	9	96	53	83	29	94	90	19	20	37	82	24	90	70	56	81	18	59	12	81	29	93	51	50	63	94	58	60	37	20	90	
43	51	11	4	81	29	64	56	27	70	99	29	85	52	54	71	65	19	45	67	68	48	61	69	90	70	77	52	41	83	19	78	10	3	2	80	32	22	24	6	
41	81	12	74	7	67	9	36	81	96	85	55	33	49	6	27	7	58	61	22	66	74	85	15	98	51	90	32	73	32	83	32	11	36	80	97	81	53	99	19	
57	19	12	75	65	25	85	54	40	69	38	73	58	70	8	82	3	96	70	62	1	73	1	53	17	82	36	83	15	63	89	63	1	69	27	80	17	59	4	9	
64	8	25	18	51	71	69	38	98	55	5	22	67	48	74	16	76	33	28	17	18	91	33	91	3	46	6	73	92	25	12	74	86	44	55	64	84	15	49	15	
43	55	28	16	84	48	54	90	36	65	25	82	9	71	83	98	40	58	89	12	57	83	2	61	44	10	82	25	6	77	23	25	77	40	42	2	20	54	31	76	
75	19	18	69	15	75	88	61	69	33	93	1	35	84	16	7	10	5	84	14	70	77	60	55	27	67	23	86	99	37	43	99	10	98	18	67	70	14	90	28	
31	10	2	99	6	67	37	73	89	89	55	46	44	69	26	69	96	9	13	30	10	56	73	11	84	72	54	67	19	36	26	27	47	40	69	18	7	61	97	52	
20	89	11	39	95	48	80	8	77	49	29	43	91	58	48	88	78	74	78	60	11	33	30	62	26	93	20	18	35	84	72	59	71	95	87	11	7	48	81	86	
42	87	54	87	45	81	43	39	4	1	62	43	3	31	30	13	55	50	49	14	43	42	82	37	47	60	42	80	62	40	78	1	44	39	44	77	28	52	76	91	
6	12	96	9	61	98	51	36	6	6	22	68	44	32	95	56	83	2	50	69	58	37	18	20	23	30	25	79	55	84	12	5	60	32	94	55	61	41	11	66	
33	70	75	99	8	37	21	14	50	2	11	2	97	90	42	91	98	3	93	10	2	84	59	63	78	52	86	82	83	5	25	12	73	68	15	74	59	33	19	31	
47	8	39	3	90	89	88	37	74	13	14	37	96	44	72	79	4	23	27	90	17	74	2	60	48	36	17	13	85	81	88	57	11	28	74	95	54	63	88	57	
38	30	25	82	30	47	52	89	12	64	88	80	59	72	48	74	59	26	28	85	29	34	80	70	7	37	74	11	17	79	71	28	59	38	31	17	49	64	43	58	
12	54	62	56	15	62	64	94	92	5	65	17	90	33	85	70	35	73	18	77	11	46	60	4	87	35	12	65	58	56	38	76	44	40	64	23	97	45	44	35	
16	51	17	78	29	9	43	88	31	39	3	24	77	9	71	12	60	33	13	1	20	73	70	61	84	31	28	87	28	62	81	90	82	60	39	97	59	79	36	79	
58	1	48	85	68	52	20	60	93	58	53	51	53	53	22	57	39	98	7	57	33	92	60	30	24	39	60	52	56	54	94	26	16	87	93	94	39	2	16	30	
89	50	21	93	38	25	21	33	48	82	74	43	51	55	63	98	59	11	78	69	52	30	91	35	35	95	98	87	55	21	61	81	30	63	73	59	9	5	37	88	
84	82	27	55	25	8	67	20	87	11	63	31	38	93	47	45	80	82	43	2	90	11	58	49	81	65	41	28	60	98	89	45	53	65	79	8	7	48	45	91	
90	89	53	68	58	20	27	15	48	71	28	73	25	14	99	46	93	40	21	33	43	2	39	54	93	59	66	14	56	12	64	89	35	13	57	65	22	73	40	35	
69	48	72	46	47	10	76	61	97	83	83	59	67	97	95	91	77	59	44	89	41	74	86	66	68	56	54	56	89	8	42	19	7	63	18	59	54	19	74	60	
8	5	69	41	99	59	10	62	7	22	88	54	37	49	71	50	21	15	95	30	82	66	35	10	54	32	26	57	49	1	74	84	23	29	86	67	64	50	82	93	
20	70	95	25	26	89	71	48	8	93	1	23	81	80	63	75	41	34	77	84	45	51	53	53	21	95	17	77	46	21	56	44	86	88	82	24	99	87	37	39	
25	14	59	25	21	71	20	10	28	10	74	87	62	9	81	60	67	56	11	60	83	12	20	95	8	28	86	72	56	76	11	83	52	10	33	77	96	48	41	34	
9	68	40	15	27	48	26	78	6	78	87	60	75	52	9	58	21	2	64	93	4	24	32	16	50	31	53	74	60	10	8	96	11	80	15	16	75	84	50	56	
66	42	41	69	79	60	2	68	92	88	92	15	55	41	37	47	66	39	20	60	22	44	49	72	93	80	62	42	51	72	10	17	60	42	31	33	8	43	24	87	
24	29	71	61	33	75	55	66	27	12	7	30	50	29	36	61	48	67	66	45	5	5	58	63	81	87	89	48	33	98	46	6	49	31	17	62	67	16	13	37	
44	39	54	32	70	29	88	91	2	5	29	79	94	13	44	72	8	2	20	64	84	12	84	39	35	64	68	48	96	87	29	2	10	27	75	65	66	2	68	17	
10	20	75	3	89	68	10	98	97	21	93	81	49	57	98	30	80	62	85	50	66	57	20	76	1	93	52	80	78	89	84	18	65	4	48	69	62	81	95	74	
95	97	53	49	74	98	96	46	17	24	45	2	29	30	98	57	76	73	39	80	7	26	91	2	89	13	12	41	95	2	34	6	25	94	13	72	61	89	28	84	
10	12	49	36	46	48	70	14	78	12	57	19	8	34	87	3	42	64	51	77	80	18	55	77	95	93	55	5	70	70	91	66	58	52	17	91	87	96	37	94	
32	71	3	1	96	24	19	81	9	44	71	40	13	56	83	51	99	85	34	53	22	73	28	41	90	36	87	6	29	95	96	22	44	27	37	83	45	97	73	24	
14	98	97	92	1	83	39	62	9	79	73	75	91	18	25	82	72	17	21	18	57	7	42	98	5	67	95	75	85	43	87	43	12	39	75	2	57	7	36	26	
80	95	68	80	14	13	17	93	97	14	99	67	62	30	60	1	88	96	83	37	4	41	41	80	88	41	70	32	3	69	86	32	55	70	82	30	81	57	80	3	
97	10	24	98	46	5	36	81	50	32	74	79	47	57	61	3	67	45	69	53	67	54	96	48	54	52	52	35	43	38	39	63	33	51	14	56	17	10	46	71	
29	5	14	66	20	49	17	1	98	55	77	36	87	85	66	18	84	6	81	60	7	31	62	58	98	50	13	84	89	61	64	77	47	61	18	13	82	62	27	96	
70	39	23	49	10	25	92	60	32	8	46	23	39	2	64	94	22	79	82	30	87	16	61	83	8	60	71	85	55	31	51	36	2	27	52	68	84	72	66	72	
68	51	93	87	62	4	4	8	63	79	4	44	45	69	1	49	99	76	31	2	15	81	97	91	42	17	33	67	73	68	76	28	47	40	38	75	58	81	86	58	
17	52	80	74	98	56	43	10	90	96	23	30	96	24	19	62	78	68	52	22	44	91	5	76	6	95	67	54	65	68	61	34	6	66	36	75	96	49	43	80	
36	23	44	93	94	62	12	74	27	6	19	10	73	61	29	44	62	50	37	48	80	83	24	49	91	51	12	98	94	61	50	50	70	72	61	64	57	86	20	81	
38	16	61	11	45	33	22	34	20	53	76	29	59	40	15	45	64	4	72	1	54	45	11	83	12	72	12	65	94	76	32	60	94	52	27	5	51	3	52	26	
61	66	81	23	14	35	21	87	48	81	2	37	46	89	67	26	62	70	4	73	73	3	80	19	12	31	86	75	90	8	83	76	57	65	20	6	13	60	73	72	
2	9	4	65	50	26	54	94	6	21	14	16	17	24	45	88	39	32	28	7	71	21	74	16	56	40	31	6	86	91	47	19	14	72	3	47	51	22	4	86	
10	98	92	72	7	85	50	27	57	1	61	82	8	56	79	55	91	95	22	3	19	95	66	75	8	25	44	43	45	86	43	73	22	89	56	71	84	25	65	21	
80	44	17	91	24	64	49	80	80	49	71	28	55	29	96	14	38	81	92	16	31	66	94	5	77	92	95	95	45	67	5	82	56	35	45	22	49	39	28	53	
22	34	30	64	96	37	50	35	94	21	33	29	21	47	75	6	89	24	69	79	46	27	29	49	64	12	15	63	23	11	55	12	96	95	16	45	2	54	87	66	
97	86	71	50	32	54	98	79	58	10	6	8	1	9	44	86	17	73	19	9	92	47	68	72	69	95	19	57	87	2	9	60	2	87	34	46	88	51	73	4	
63	94	6	18	78	5	99	85	60	84	67	50	11	58	95	27	87	7	99	39	30	93	64	97	93	95	67	85	24	41	3	34	69	33	40	95	9	96	93	65	
71	74	92	83	40	91	66	44	82	19	87	77	61	31	46	83	93	45	37	40	80	67	84	2	22	97	47	83	79	54	65	69	62	37	45	5	50	35	99	68	
66	35	83	15	71	3	95	52	53	36	31	81	6	11	14	16	51	72	40	72	33	38	4	70	77	27	97	13	20	12	14	22	35	70	59	43	11	89	95	62	
57	34	56	83	56	92	80	61	69	55	98	4	73	97	39	64	91	67	43	6	33	89	20	3	67	57	54	6	83	59	76	1	25	66	41	21	96	70	69	99	
71	59	74	73	60	70	49	77	16	42	94	86	84	71	26	85	24	39	82	97	53	70	13	79	7	24	32	72	99	44	59	68	35	12	89	27	11	83	57	60	
91	1	83	56	74	99	34	22	50	75	23	65	44	68	25	38	86	64	97	15	44	50	27	82	22	53	36	62	2	53	31	89	95	56	63	20	12	56	43	40	
73	39	31	9	34	88	79	43	81	8	27	29	19	66	42	33	73	39	75	29	65	84	83	70	34	85	10	82	14	64	47	44	2	18	26	76	61	57	86	85	
39	37	28	96	19	9	71	88	18	38	41	27	94	71	74	33	48	31	15	53	4	81	33	15	30	12	4	71	20	86	2	84	43	2	31	1	49	30	76	92	
63	34	36	9	38	97	7	34	11	96	93	40	16	10	86	10	32	36	25	45	64	80	28	86	9	14	85	25	19	27	13	66	3	23	33	79	2	35	29	58	
31	52	80	53	88	85	85	64	67	20	24	3	5	30	12	63	82	50	59	58	48	30	34	7	10	16	76	92	51	45	37	15	45	32	30	5	71	86	6	87	
76	7	5	2	10	17	45	13	45	51	45	85	63	12	86	88	42	39	78	56	9	78	71	42	26	33	19	10	19	30	17	68	82	54	41	48	6	10	66	61	
12	21	51	98	99	83	13	61	41	32	26	29	55	75	15	3	78	17	41	81	95	71	83	69	94	33	77	3	78	69	57	59	26	28	9	86	99	95	51	53	
28	47	71	21	29	63	1	85	41	9	13	38	72	4	67	31	99	30	29	75	68	43	46	86	69	6	69	44	14	36	35	67	11	52	40	93	26	60	2	10	
83	99	71	96	29	63	24	70	72	43	79	30	75	68	7	46	52	50	5	63	99	35	91	84	77	29	27	60	99	73	42	17	9	42	71	78	51	21	4	82	
67	85	85	78	58	71	57	70	20	24	6	41	24	58	47	61	99	73	98	86	61	97	86	76	53	54	91	5	36	89	54	35	21	86	72	88	32	67	63	18	
49	49	83	74	59	12	19	31	32	94	89	87	81	19	46	85	86	19	27	97	83	19	16	77	56	87	35	76	70	60	33	72	51	17	72	61	87	42	21	3	
12	17	7	32	86	10	80	66	9	81	96	82	7	99	28	30	75	43	41	10	5	44	22	45	68	79	23	4	99	34	65	64	58	76	27	39	61	35	89	68	
55	51	38	85	22	60	21	94	66	24	26	11	23	1	29	74	77	53	10	2	91	10	55	78	74	27	94	79	50	45	22	68	93	3	8	33	56	69	24	46	
96	14	97	51	72	3	1	23	85	21	24	60	67	32	91	85	47	34	30	77	52	81	70	68	24	75	86	57	44	34	59	39	19	10	33	53	58	10	27	83	
36	27	81	84	42	4	71	99	44	76	18	6	28	75	73	96	78	69	71	85	26	1	45	2	68	26	78	91	42	72	44	72	3	79	15	79	34	63	83	15	
17	49	17	90	91	44	16	10	24	53	82	53	51	53	95	40	63	85	53	94	45	29	33	34	91	53	77	55	73	93	16	2	98	60	54	9	19	97	24	89	
58	55	57	92	79	18	20	38	3	31	45	39	45	7	21	38	44	85	46	21	96	11	49	4	8	32	30	90	40	33	74	45	13	71	57	40	73	56	23	53	
71	16	12	55	76	24	78	82	33	77	13	86	46	74	61	44	43	1	11	15	47	36	85	12	52	58	61	32	7	71	3	23	35	9	82	25	35	84	25	89	
62	94	94	67	74	80	24	23	87	16	37	15	85	82	23	52	72	41	69	7	61	6	56	58	42	90	56	79	71	85	21	12	72	66	26	75	42	65	5	15	
7	42	17	73	62	37	95	52	5	4	4	6	25	38	71	48	25	59	3	4	95	10	75	24	33	87	62	29	16	5	67	72	48	58	30	25	40	53	60	30	
11	98	3	70	93	89	36	58	97	24	61	34	73	31	41	29	49	14	80	44	71	12	69	24	42	56	27	58	40	73	18	25	87	40	30	43	72	19	29	30	
58	10	42	57	30	12	17	59	58	68	77	40	92	39	64	74	5	43	27	10	40	30	13	7	60	8	65	70	72	23	29	83	86	55	25	13	49	3	46	68	
28	36	67	37	68	81	2	7	30	39	22	71	78	42	39	68	93	42	11	97	15	38	5	12	46	14	61	91	70	43	18	41	62	67	89	59	98	67	24	78	
99	78	70	81	48	22	31	32	78	52	88	73	26	41	25	88	81	51	71	36	92	64	67	87	95	77	1	29	90	69	72	24	74	11	6	36	3	67	72	46	
43	9	42	46	42	47	51	60	23	48	47	39	71	83	72	41	96	42	77	71	57	95	81	56	1	99	28	77	51	65	89	84	47	45	33	68	7	10	41	52	
80	98	50	46	22	9	60	67	66	5	19	14	22	95	81	62	5	20	9	2	62	94	56	49	81	63	45	92	69	22	47	67	49	14	11	54	16	37	1	54	
38	70	42	85	15	56	96	8	97	62	91	58	61	21	88	65	72	24	80	72	91	16	18	81	7	15	33	12	81	52	8	17	79	11	86	16	72	5	48	33	
74	34	86	46	31	98	52	88	78	55	63	63	38	62	95	50	12	40	88	19	7	31	44	98	87	59	11	37	42	6	53	55	9	53	78	14	15	72	54	99	
88	48	39	25	83	72	21	4	7	39	20	27	38	36	16	69	96	15	93	80	75	65	22	70	62	52	19	66	10	74	49	6	28	59	70	14	12	94	26	50	
19	77	41	40	77	21	74	22	71	38	35	83	35	26	62	48	75	78	32	55	74	29	36	40	53	7	42	91	11	18	41	74	55	35	35	11	85	26	17	80	
9	58	54	80	89	71	74	36	74	92	11	87	22	47	59	63	51	73	59	20	80	69	90	36	8	4	55	47	82	84	84	93	40	63	91	10	16	24	57	59	
64	71	19	20	26	28	10	62	46	9	47	63	26	16	94	72	50	92	26	6	43	14	66	35	28	10	7	11	99	44	2	16	38	4	91	61	18	62	21	50	
92	24	51	86	60	62	68	97	38	22	41	96	2	26	93	8	69	15	82	25	31	32	97	85	67	92	32	71	83	29	74	68	77	93	38	56	6	54	23	3	
13	28	66	81	52	16	45	40	92	61	17	94	13	26	27	21	8	55	16	61	70	93	96	81	21	57	92	40	90	74	63	54	95	59	37	71	43	73	45	86	