700
40
45	94	28	80	86	91	29	50	82	28	13	7	66	50	17	8	84	7	91	46	52	87	84	93	84	11	28	95	79	91	52	62	93	59	46	41	45	20	46	84	
33	82	17	21	46	83	61	8	27	85	61	26	76	31	47	40	52	86	54	31	75	99	88	78	43	44	41	55	37	56	97	53	49	55	51	54	74	17	6	18	
53	44	25	47	39	45	73	59	46	26	47	67	96	37	95	47	57	56	80	54	62	80	17	9	36	59	9	66	83	3	54	37	96	37	91	32	94	94	24	33	
17	61	16	31	9	18	76	72	89	46	59	4	81	92	40	13	39	1	61	97	21	65	59	23	80	64	92	36	62	64	56	50	50	24	43	28	90	26	85	14	
81	11	2	2	22	11	2	35	39	80	56	74	48	97	27	90	16	68	90	50	27	57	34	11	75	37	89	51	34	14	29	91	63	93	54	78	74	75	40	51	
59	96	18	4	39	62	14	13	3	41	71	96	34	1	22	20	59	21	94	74	48	6	65	80	55	80	93	97	92	49	94	46	60	42	46	76	84	96	29	19	
31	17	48	28	96	39	83	90	7	90	69	55	54	97	3	17	67	6	21	54	96	10	8	14	43	5	19	64	87	2	33	97	79	75	60	34	90	38	85	45	
62	57	6	31	86	52	4	90	97	46	64	79	67	59	20	53	46	68	89	25	65	55	36	95	15	44	76	34	54	84	97	12	10	27	71	26	95	6	79	53	
32	26	79	34	53	20	77	72	46	10	88	95	50	1	3	15	95	92	88	81	92	85	88	29	71	99	8	44	45	62	93	12	47	14	47	12	64	33	24	88	
63	4	22	99	86	54	48	20	66	39	17	62	72	66	31	40	10	73	37	75	12	99	63	32	10	24	74	42	75	59	8	24	52	20	73	40	34	1	37	27	
61	43	6	96	27	74	96	98	26	39	55	88	87	61	55	37	72	15	97	83	25	82	76	11	8	23	4	5	67	97	88	16	6	14	31	34	52	78	60	65	
58	83	34	38	78	65	87	9	79	93	77	29	18	5	82	89	65	71	48	64	74	70	72	21	12	3	89	61	7	65	98	8	87	90	26	60	4	96	31	85	
64	8	1	7	19	48	76	6	98	21	21	70	55	17	9	35	82	7	9	93	16	42	90	2	32	37	55	74	98	14	7	64	46	53	81	73	60	56	13	15	
20	23	11	59	28	2	71	8	8	70	41	83	66	38	13	32	46	95	26	83	10	43	89	1	38	71	62	21	38	93	45	79	81	22	84	49	22	64	83	50	
68	80	65	12	13	3	47	90	29	36	17	71	99	81	4	5	38	48	9	74	10	43	31	71	72	59	85	42	79	13	22	26	33	72	86	94	69	4	77	76	
15	21	84	6	44	98	25	49	35	15	16	89	99	9	29	68	24	71	31	22	61	23	13	60	60	23	38	80	18	31	86	96	77	9	60	37	33	31	83	61	
8	47	4	58	95	15	97	57	4	90	19	54	37	44	35	36	98	58	77	52	2	93	59	66	30	55	55	99	71	86	56	26	23	68	20	2	48	8	99	30	
21	43	21	90	95	95	20	92	82	47	90	23	30	23	83	10	26	10	54	9	76	46	76	87	36	44	37	76	73	50	96	91	22	51	85	63	35	66	49	26	
39	5	90	39	75	67	48	56	56	17	20	63	82	57	27	48	91	88	56	70	50	30	54	49	92	33	39	86	70	14	56	93	81	90	14	81	73	97	42	45	
52	17	90	46	33	40	40	66	25	58	4	6	23	51	38	22	58	1	83	60	30	68	27	8	14	10	26	62	26	7	59	23	81	45	81	21	90	83	5	60	
58	56	33	35	99	40	15	34	82	63	96	63	57	31	96	40	29	15	20	28	96	3	91	44	55	33	84	35	29	47	56	4	5	32	24	45	51	43	54	19	
69	24	36	61	8	71	55	18	10	1	13	55	16	20	34	69	19	7	69	19	37	63	83	29	64	79	82	57	13	27	27	18	61	81	31	1	52	28	41	30	
25	10	49	55	74	8	83	69	61	87	80	85	17	31	29	28	28	37	42	23	86	78	6	79	38	30	90	10	74	15	46	19	35	28	99	73	31	40	38	23	
7	92	39	31	85	22	83	49	75	88	62	27	34	5	63	61	22	59	1	1	75	11	14	87	89	86	64	84	6	9	96	14	22	34	44	33	74	76	90	97	
74	65	30	88	85	34	76	26	71	54	23	70	65	67	38	97	26	65	65	99	83	26	61	36	9	18	70	54	27	7	46	37	82	41	56	58	31	14	21	46	
85	94	93	94	73	7	65	64	71	84	55	60	15	26	34	90	12	49	68	39	3	93	97	91	47	37	81	20	28	12	76	3	1	56	29	36	38	22	92	65	
42	13	10	41	11	60	19	86	12	25	66	13	74	91	42	38	4	18	70	88	95	17	22	83	94	10	20	37	17	73	69	34	42	65	35	51	50	5	23	41	
31	38	69	86	30	21	30	16	75	95	17	16	20	39	39	82	82	21	33	23	77	94	97	60	68	97	60	31	73	51	53	77	30	77	58	54	68	76	63	20	
78	26	39	82	47	6	12	6	20	51	15	5	3	89	28	94	2	17	44	54	86	16	18	29	7	28	89	88	8	19	94	3	14	11	82	4	90	66	24	62	
99	57	83	73	89	30	65	44	15	69	68	27	58	32	27	36	1	68	99	50	74	83	29	74	73	95	19	28	27	92	62	71	55	91	39	4	50	60	64	72	
69	51	45	87	22	55	94	46	89	73	96	79	14	73	23	6	39	75	47	35	96	72	15	61	58	1	54	54	10	93	32	3	17	3	10	10	76	60	33	15	
88	13	70	1	81	62	83	22	80	85	92	38	5	18	71	66	20	27	79	63	8	15	28	16	95	9	27	96	82	43	58	7	54	52	82	20	50	95	70	7	
57	10	7	84	18	58	22	28	90	10	42	55	96	78	62	50	34	98	86	87	65	20	86	91	80	52	75	28	5	87	95	4	16	75	68	52	71	45	60	97	
59	81	46	37	44	10	95	1	51	49	5	52	16	26	36	50	2	68	64	95	44	22	19	12	95	57	82	54	60	50	79	32	54	70	71	95	32	3	42	22	
52	81	25	92	86	18	27	69	89	51	43	78	82	55	57	89	21	72	79	34	46	64	75	99	43	1	75	4	56	24	66	25	34	62	16	47	96	73	80	43	
57	49	82	16	48	14	74	52	8	86	18	70	53	99	46	71	31	91	90	16	26	9	84	79	81	3	75	82	27	88	21	75	55	3	30	28	81	92	88	72	
61	9	82	72	70	89	89	31	63	57	28	68	65	63	64	14	67	60	26	2	24	81	70	75	72	49	7	18	39	57	68	81	74	92	84	83	52	85	7	67	
26	8	73	82	12	63	26	12	56	37	17	39	96	89	58	61	39	21	14	71	90	45	33	69	29	40	60	79	14	60	98	76	42	48	89	60	18	56	40	17	
98	80	23	62	21	70	9	61	23	45	28	60	19	63	55	82	97	94	76	69	38	8	69	64	73	79	17	87	48	59	30	30	36	84	48	70	34	3	54	7	
31	47	1	34	24	88	58	26	40	47	21	94	69	41	25	44	22	95	71	33	82	59	69	9	99	87	21	96	38	86	24	41	9	43	62	29	16	68	18	60	
7	35	14	30	16	94	70	36	29	90	45	48	17	15	83	70	8	71	97	8	99	38	50	13	43	47	19	63	22	21	59	8	36	39	97	81	53	22	14	68	
74	48	8	66	58	52	50	88	68	66	59	2	49	99	67	80	56	69	53	36	82	34	62	46	56	84	43	90	17	96	66	78	75	50	7	5	28	70	98	95	
79	47	16	10	80	28	12	9	13	13	24	31	50	65	54	10	83	45	47	29	9	15	39	8	91	75	62	63	64	39	9	81	27	32	2	95	53	6	19	69	
16	77	67	15	93	46	19	94	24	37	34	3	94	91	44	12	19	94	73	25	15	95	13	93	86	86	79	57	88	31	28	45	6	59	95	36	96	72	87	50	
72	23	53	50	5	61	96	47	93	76	18	55	46	50	94	36	24	21	37	24	73	25	80	24	62	47	96	27	54	15	44	87	14	11	81	42	31	81	12	82	
91	83	46	1	36	82	89	74	90	90	90	58	59	29	17	1	8	27	37	2	77	14	26	72	21	53	22	83	33	26	8	93	26	73	87	94	76	41	83	28	
31	96	79	56	60	4	80	82	97	80	58	57	90	78	20	30	55	49	6	11	31	91	4	63	51	99	47	48	74	47	15	76	75	85	74	45	56	31	17	78	
33	83	79	74	32	89	64	43	68	43	87	92	12	95	20	82	57	12	6	60	50	91	73	55	46	47	68	87	87	13	71	11	47	7	94	17	54	97	51	53	
1	23	52	33	25	75	79	49	77	54	24	10	39	34	2	60	51	20	82	75	64	70	93	6	19	18	76	29	24	23	21	57	82	24	8	67	84	87	5	71	
82	65	34	58	89	6	90	44	91	84	66	37	54	46	32	98	62	79	72	40	23	58	69	13	31	26	90	62	68	10	22	63	80	81	50	51	63	9	87	15	
53	69	92	32	94	4	39	34	30	48	8	62	45	63	40	33	54	53	64	20	19	39	58	46	20	31	58	16	38	15	85	42	15	47	63	51	84	26	65	62	
17	76	83	88	98	70	31	89	48	76	17	72	41	95	43	50	89	41	25	64	6	65	34	51	42	35	6	20	86	17	67	43	53	13	78	97	8	83	90	12	
99	11	65	88	7	16	4	14	15	31	89	88	69	73	32	26	88	97	73	97	27	97	99	42	13	1	45	48	10	72	18	88	82	18	50	66	49	60	74	82	
62	17	70	66	49	21	30	7	1	42	48	74	98	15	20	34	3	79	17	82	54	82	64	64	60	5	43	37	67	7	87	9	37	12	62	55	78	61	30	93	
12	23	35	73	56	32	86	1	75	81	1	28	7	25	35	42	86	21	38	68	23	55	76	55	81	20	36	98	3	18	86	43	42	40	70	50	20	33	61	34	
17	38	79	90	47	83	82	82	3	65	56	55	43	26	79	90	79	46	39	20	85	83	5	69	5	38	13	95	72	23	6	31	55	72	15	63	68	13	14	5	
39	78	47	30	17	58	34	90	53	84	94	28	1	23	42	47	98	5	50	32	60	28	82	97	57	5	45	20	77	36	86	84	18	49	86	56	1	13	79	42	
63	30	5	12	37	69	6	5	16	78	95	12	97	92	58	47	28	51	82	16	96	48	11	57	45	11	76	29	13	70	56	36	10	70	45	46	99	29	58	31	
33	37	88	25	57	83	99	1	14	22	18	91	60	14	46	15	22	39	43	77	35	32	7	73	32	87	70	85	5	75	9	71	18	8	96	90	81	86	74	88	
95	22	18	70	18	68	7	6	33	60	43	64	15	18	76	61	9	61	10	69	84	54	22	31	28	61	12	62	72	9	53	47	97	53	27	56	34	16	55	40	
56	41	57	83	62	72	10	17	55	65	71	20	84	80	13	71	9	14	55	27	99	75	6	22	82	12	65	37	85	33	8	81	56	96	93	63	53	54	54	63	
30	68	38	40	63	40	47	11	94	28	71	3	92	35	8	64	49	90	28	84	64	65	31	54	87	85	87	63	26	48	58	33	28	35	69	19	95	89	43	28	
10	10	35	40	49	54	31	35	39	75	90	52	75	29	45	39	93	14	98	76	84	56	74	64	82	25	3	25	69	54	70	57	67	12	45	26	29	21	54	4	
31	50	1	76	40	11	19	76	7	31	16	29	94	99	52	5	68	93	50	12	86	32	50	90	70	33	26	76	55	43	53	46	42	91	85	75	90	67	75	60	
49	32	53	79	88	24	45	9	97	91	2	15	62	90	54	80	8	15	32	41	18	50	9	44	30	72	49	53	76	26	86	48	30	57	51	20	60	90	10	41	
22	63	24	53	27	65	8	34	61	46	42	4	67	89	99	92	91	62	69	92	59	84	79	51	51	93	76	74	70	85	3	70	32	52	59	28	24	64	86	19	
99	60	60	79	21	31	11	88	61	24	3	63	14	10	29	39	99	72	25	1	41	11	80	75	58	92	27	22	13	66	17	58	80	37	21	18	59	62	24	40	
13	16	81	15	32	41	63	40	54	68	15	86	60	92	4	43	68	17	24	4	64	20	78	34	53	1	81	99	26	95	27	63	61	94	16	79	17	86	62	42	
80	6	95	58	79	74	35	67	70	51	21	23	64	43	1	86	52	19	27	39	30	58	5	80	57	8	90	75	87	25	58	85	36	51	38	68	14	22	35	50	
12	20	67	11	15	24	67	14	4	9	71	83	43	2	46	22	94	1	69	1	74	5	32	74	65	16	45	7	44	20	70	2	79	39	89	84	30	23	12	70	
22	30	50	12	3	96	43	27	1	15	88	37	26	45	20	67	2	59	42	93	12	75	5	38	96	22	89	41	37	68	18	69	11	86	31	37	10	34	86	42	
48	84	66	49	3	37	7	81	69	83	81	84	27	13	8	85	28	76	45	61	78	62	23	82	62	31	4	6	29	25	69	21	44	40	92	84	77	40	30	91	
79	38	45	65	59	79	47	76	77	7	13	9	12	72	15	38	59	59	87	94	87	99	86	26	36	10	37	73	39	83	79	30	34	16	38	56	46	42	94	53	
87	11	23	32	7	40	34	23	72	13	27	16	80	12	35	27	11	14	44	28	91	69	94	87	24	56	94	9	87	86	21	63	38	83	85	58	48	76	72	81	
61	76	92	12	63	33	12	1	95	68	36	45	51	67	69	13	27	44	72	9	45	22	2	64	51	15	84	2	36	62	71	16	73	85	82	61	57	54	18	35	
54	87	11	3	47	19	45	13	12	8	59	75	50	74	12	20	84	88	81	55	80	49	27	86	49	15	22	72	48	89	54	21	91	77	43	63	26	37	19	50	
37	24	67	57	91	91	28	2	38	85	16	98	11	59	84	12	14	87	61	87	83	72	22	60	49	40	84	69	46	2	37	47	49	12	35	40	28	43	28	91	
49	80	99	90	67	82	41	66	84	72	78	82	78	55	28	62	11	75	63	50	80	66	98	83	82	38	30	40	78	16	92	75	94	45	26	77	4	84	47	84	
66	82	76	64	9	12	75	43	95	76	82	14	16	53	52	96	63	12	42	6	27	20	4	50	88	44	62	82	90	95	3	57	52	76	86	75	16	36	73	28	
66	30	25	54	53	55	1	81	5	91	92	20	23	84	44	19	87	40	53	17	11	19	60	33	27	58	66	87	7	42	31	49	21	23	47	46	8	34	96	91	
9	78	26	96	78	57	98	92	84	89	18	72	61	28	24	21	62	76	98	8	48	65	57	46	96	32	83	48	9	25	45	38	68	18	14	85	68	10	54	90	
13	43	56	22	52	67	48	83	20	26	95	75	75	61	66	67	73	34	44	2	99	31	2	88	64	4	56	65	35	32	97	40	45	50	41	26	10	49	41	44	
49	48	92	62	86	3	69	68	66	96	18	31	37	27	73	70	66	72	76	51	82	34	18	75	90	52	22	22	74	59	61	83	91	26	53	72	41	87	84	14	
30	87	67	41	93	56	22	67	33	8	28	87	79	46	9	38	1	86	28	35	97	52	19	40	74	90	67	45	66	30	26	73	61	65	33	24	54	33	57	23	
14	37	88	54	59	19	59	80	63	88	61	70	47	51	74	9	15	19	52	50	51	67	14	28	92	87	33	50	18	43	40	35	45	34	62	64	17	26	66	59	
9	83	4	17	6	52	43	45	21	31	51	90	50	56	66	63	95	4	59	75	98	43	87	62	53	18	80	60	15	56	24	41	3	98	10	47	68	22	87	59	
87	92	33	3	81	72	7	75	84	62	82	38	23	56	62	21	53	53	3	21	76	23	31	99	51	51	16	14	45	93	26	21	1	18	94	55	25	14	57	66	
9	4	50	59	35	79	83	83	50	47	13	56	92	58	84	16	1	56	29	55	58	75	26	58	33	61	59	49	29	96	42	46	58	65	84	42	87	79	20	82	
37	57	22	9	15	15	85	80	36	23	37	91	47	43	6	55	48	27	74	21	2	60	87	34	62	79	85	73	53	92	90	5	95	81	67	55	60	65	36	88	
79	57	4	25	62	44	38	55	97	62	19	36	19	62	23	56	88	74	30	21	14	26	67	98	98	66	13	5	11	3	40	47	93	59	67	42	71	93	44	59	
22	59	92	94	18	79	75	45	44	72	70	39	68	55	75	68	7	2	51	97	12	41	2	68	80	25	45	10	52	81	99	26	53	57	27	31	1	13	76	44	
76	93	37	61	28	30	87	75	69	24	97	9	71	15	29	73	81	44	29	81	1	63	29	70	10	40	75	10	34	80	58	2	69	49	34	6	20	66	32	42	
25	14	96	46	64	76	28	89	75	5	88	89	24	67	11	68	99	36	21	30	48	21	56	75	47	51	46	73	83	53	85	45	1	99	20	48	27	2	11	53	
81	88	70	52	44	92	73	51	20	19	73	24	37	94	4	31	74	1	31	46	72	49	79	21	15	51	63	88	60	84	86	9	58	71	96	68	97	7	96	9	
57	10	67	53	60	81	40	41	52	99	26	91	56	82	93	62	73	86	51	73	31	40	70	9	2	26	65	21	35	50	13	88	87	71	64	18	39	80	3	86	
23	43	41	58	16	53	61	22	69	68	32	40	68	5	74	13	48	20	53	75	20	31	7	95	75	16	52	45	61	14	31	56	66	20	67	78	49	30	67	8	
89	5	84	60	65	33	17	87	72	16	12	79	32	28	12	92	73	98	48	99	76	22	68	46	4	16	69	65	65	52	47	88	5	49	12	38	81	2	14	9	
88	73	70	64	62	92	16	3	25	19	91	75	1	65	58	60	91	13	88	17	89	30	87	87	79	98	43	10	36	6	84	59	51	44	33	44	18	45	56	3	
62	24	52	2	11	27	43	11	29	85	44	14	60	44	29	88	62	97	35	46	16	64	50	31	51	78	82	15	20	74	23	31	5	6	24	39	51	7	72	18	
52	8	30	19	30	44	60	32	95	36	70	48	71	12	32	22	20	20	77	56	3	42	59	80	63	99	29	81	29	28	92	10	38	44	20	78	65	53	26	17	
8	47	58	53	17	8	55	38	28	8	52	31	14	79	55	4	37	88	14	55	14	32	53	21	99	58	61	20	47	60	18	97	17	12	36	28	29	27	45	95	
85	77	19	83	18	87	57	12	13	99	53	21	42	82	7	94	92	6	78	56	70	28	82	89	32	53	66	72	50	70	28	15	41	58	64	42	90	38	61	71	
69	6	48	70	12	63	4	83	10	42	72	80	44	87	16	64	49	44	37	23	87	54	32	27	80	76	55	17	24	73	14	10	70	25	27	28	86	75	1	44	
82	14	22	70	90	42	66	52	52	98	64	43	10	17	87	69	32	52	31	2	21	6	16	9	73	21	43	52	93	45	52	45	82	63	81	85	47	63	34	39	
19	77	92	35	53	19	27	87	61	3	10	73	3	18	17	11	22	2	76	35	25	14	16	60	20	31	81	68	64	94	71	71	10	88	87	29	14	38	82	36	
72	37	85	90	1	62	19	14	48	21	36	97	35	48	50	71	43	51	30	45	9	48	80	51	80	81	47	90	56	73	89	74	10	64	30	94	63	62	76	76	
75	78	54	97	43	31	17	70	42	51	11	24	58	9	17	40	71	55	92	18	5	46	83	73	55	84	90	11	51	12	95	13	16	18	91	25	33	68	76	53	
44	57	84	95	7	29	85	57	13	50	72	40	51	95	4	8	32	96	91	47	40	74	32	95	68	31	36	1	53	85	94	27	15	88	89	35	60	34	45	78	
27	54	62	23	50	81	88	64	1	92	32	93	18	85	95	54	23	51	99	79	14	27	35	6	60	60	39	97	42	18	6	38	21	2	62	61	20	85	79	35	
62	59	90	23	89	48	46	78	58	59	23	49	91	59	64	9	24	84	23	23	86	44	27	28	92	69	4	83	43	9	19	20	54	81	20	91	72	38	94	13	
43	82	72	31	25	68	52	67	91	65	9	35	43	48	22	98	31	80	39	53	66	71	50	27	55	37	51	39	97	99	5	62	32	90	42	77	20	61	67	18	
84	5	40	38	76	37	54	58	12	5	50	63	2	16	21	72	82	1	90	85	11	48	90	87	73	99	50	74	42	64	82	5	64	99	37	20	62	83	39	70	
99	55	45	43	23	5	76	80	93	40	22	36	70	71	21	10	99	73	44	41	24	25	69	81	33	41	95	52	93	36	45	61	49	92	59	51	68	19	66	81	
82	21	6	78	53	23	11	4	36	17	96	30	62	10	3	8	29	16	90	87	76	10	90	10	4	21	52	81	42	62	41	16	84	2	76	81	44	31	32	7	
95	82	7	24	17	7	59	52	33	8	69	62	29	91	45	55	96	90	14	59	12	57	52	30	73	39	49	99	46	91	4	11	79	69	99	41	12	25	17	91	
62	94	60	97	87	38	32	95	48	96	56	44	7	46	53	80	60	83	13	67	74	71	99	67	80	20	30	32	35	91	54	9	73	48	66	93	97	76	22	85	
70	79	21	27	24	93	99	28	97	79	33	3	60	8	45	83	76	22	75	79	38	56	52	96	63	37	65	35	23	5	43	36	61	25	76	33	21	82	48	45	
77	68	53	9	47	9	14	26	38	10	41	98	39	87	93	53	67	25	15	91	38	89	69	18	11	65	15	19	23	18	57	10	27	86	92	68	92	53	34	20	
23	62	60	38	16	74	63	86	59	72	47	13	35	69	31	59	97	76	57	74	16	24	85	7	17	66	47	49	68	87	83	47	79	4	91	80	16	26	44	13	
52	32	70	31	16	54	6	47	86	80	52	22	51	46	95	32	55	34	89	1	62	32	95	46	43	3	21	39	45	73	26	53	99	54	71	63	1	21	27	23	
34	44	71	18	46	47	49	86	87	13	68	55	74	74	49	16	40	74	58	60	77	67	95	40	91	84	13	9	21	19	75	90	86	80	15	50	78	15	11	80	
1	19	9	28	18	74	79	11	84	80	44	25	48	76	44	11	60	61	32	49	23	68	86	8	76	47	11	41	92	54	47	31	20	66	14	17	22	61	71	45	
79	25	42	45	60	92	63	13	73	22	45	48	67	58	46	92	28	48	13	43	95	90	26	64	9	63	62	4	28	35	61	89	18	59	44	66	76	27	47	99	
42	96	45	54	29	49	92	19	52	30	98	44	59	71	15	12	70	13	9	52	94	66	38	72	82	79	69	67	26	11	88	34	12	12	98	97	94	71	13	20	
52	88	76	63	21	62	86	16	48	15	84	9	90	94	40	80	43	26	61	58	2	95	85	85	70	88	52	90	69	25	49	86	17	62	78	53	79	51	12	24	
23	61	99	3	1	31	61	58	59	87	91	84	61	55	36	31	44	44	28	30	69	80	92	67	25	35	64	98	97	44	65	94	15	44	37	47	25	57	42	9	
80	94	58	21	25	79	39	57	97	90	22	92	24	80	87	67	47	37	21	20	6	69	22	90	82	47	60	36	74	24	78	90	45	26	85	78	77	83	96	57	
34	35	11	42	78	35	30	52	39	42	60	65	93	75	59	84	27	50	7	47	77	53	16	23	79	3	24	98	68	98	11	32	96	80	46	22	92	27	65	42	
48	73	21	20	20	29	54	57	82	29	89	42	74	37	52	81	99	93	52	57	12	79	86	89	68	26	54	58	39	9	93	18	10	93	70	99	2	20	88	95	
29	54	2	63	20	38	37	99	12	12	73	61	83	98	28	47	70	63	40	62	5	3	63	16	48	15	99	54	26	56	44	94	79	91	11	38	83	87	70	68	
9	17	19	52	25	50	45	30	62	81	85	25	90	1	76	33	77	94	28	65	40	67	3	59	90	3	60	75	48	90	6	36	75	11	45	4	42	49	44	70	
44	66	48	25	11	67	86	21	2	32	2	48	56	4	49	1	55	45	72	66	11	19	45	12	82	45	36	22	5	30	38	8	53	94	61	17	96	34	97	90	
11	76	91	51	51	33	70	37	7	69	43	86	82	17	46	58	91	13	3	45	45	46	37	90	67	42	36	45	89	7	67	11	86	18	96	55	65	47	54	95	
16	24	46	92	88	98	14	99	54	54	81	47	61	75	56	74	4	79	59	31	47	58	2	9	98	95	42	72	3	55	90	11	95	51	34	27	69	47	8	16	
10	54	35	32	16	12	11	23	17	71	96	83	41	33	61	67	7	92	80	49	33	88	69	26	94	87	33	11	76	18	38	45	85	44	55	37	33	71	16	8	
2	78	85	90	57	46	56	31	59	35	88	65	87	98	84	90	3	68	46	50	79	35	66	82	1	99	57	32	3	89	91	8	92	55	46	26	94	82	49	97	
92	98	73	32	64	56	28	63	48	22	54	34	58	94	7	82	61	41	84	22	80	24	56	10	62	55	69	43	67	97	55	25	33	1	64	94	24	53	97	11	
97	70	14	35	9	61	22	57	63	35	7	42	81	51	33	10	22	24	27	81	3	16	38	30	95	5	20	29	91	1	90	5	57	35	59	8	42	71	31	76	
91	93	21	60	89	68	44	10	22	3	65	62	41	35	17	85	85	23	25	48	55	32	4	28	73	29	98	87	79	31	99	66	20	74	48	80	50	92	14	20	
53	30	7	87	40	20	59	22	95	8	91	92	68	98	40	70	30	62	21	95	60	16	48	13	12	78	40	35	73	61	68	59	44	37	52	45	69	8	85	29	
10	59	55	40	48	74	98	28	51	40	86	35	36	74	48	58	18	55	70	92	33	34	36	53	63	51	77	4	12	6	67	53	97	24	82	98	75	53	85	8	
98	63	37	91	72	21	22	4	80	95	44	52	67	86	46	36	18	97	35	15	65	89	29	99	21	91	62	9	95	46	5	20	74	27	88	33	50	45	43	7	
30	40	88	48	79	20	29	49	53	92	55	15	43	9	45	31	28	98	13	47	19	89	62	86	19	23	32	11	62	4	38	85	84	70	59	45	34	52	17	42	
55	51	44	20	70	79	42	66	60	26	78	19	17	36	67	36	12	36	39	59	18	25	84	13	53	17	39	42	63	23	45	72	48	81	83	32	87	90	97	83	
43	99	28	64	28	61	30	5	73	50	54	95	38	7	11	21	33	53	37	70	60	90	47	7	94	88	33	33	48	1	42	21	93	93	61	57	53	58	60	37	
60	41	99	19	60	18	96	99	10	98	88	94	83	37	61	15	98	71	28	89	22	38	57	69	20	23	98	2	58	44	71	83	69	80	76	13	33	96	75	97	
60	18	54	11	56	60	27	80	1	25	81	52	89	2	74	82	15	51	93	38	73	52	78	6	37	37	57	41	22	53	31	19	49	23	24	50	65	83	82	90	
80	40	82	50	47	61	78	67	62	86	20	36	91	39	96	69	38	73	96	53	6	67	96	26	28	67	13	73	60	45	71	43	59	3	94	99	8	57	6	93	
37	80	83	99	70	81	44	51	86	47	22	80	76	87	60	42	42	52	61	78	56	8	36	40	94	92	62	97	92	98	43	84	1	34	12	67	31	75	40	33	
36	13	39	35	40	35	60	44	21	25	37	91	32	52	21	95	84	86	3	24	43	65	31	24	4	88	63	7	61	37	5	7	79	19	29	15	18	99	85	70	
86	75	37	74	31	80	73	28	66	56	11	43	10	9	58	51	86	35	20	22	9	4	61	71	47	10	51	98	44	43	79	15	48	41	80	21	60	15	42	66	
16	68	58	98	61	50	68	65	79	7	91	47	89	32	32	32	10	24	40	49	67	95	32	29	5	4	17	57	89	97	75	45	47	84	94	21	76	79	54	22	
1	83	14	51	80	1	43	5	76	97	7	12	51	58	90	23	45	91	20	44	54	91	25	8	15	63	43	21	50	59	62	36	57	90	50	34	23	6	22	11	
96	60	40	14	71	4	49	65	45	76	89	72	55	79	43	6	12	56	5	92	92	22	87	79	46	98	88	31	24	67	96	81	56	37	5	65	20	73	57	82	
72	76	54	69	53	65	84	97	70	13	59	14	27	68	79	81	53	23	46	7	54	24	96	52	83	48	41	61	1	80	12	56	80	56	68	90	76	71	5	50	
61	75	60	43	88	71	39	28	52	24	65	62	47	33	55	71	44	12	67	76	34	7	66	29	15	22	13	28	17	43	61	38	95	82	39	25	29	74	16	67	
8	9	14	29	2	74	4	89	42	37	77	71	52	5	21	99	8	29	93	6	29	45	14	44	22	68	3	83	14	89	15	99	71	29	88	71	79	47	77	70	
22	32	43	86	2	99	30	25	81	77	45	78	32	60	22	58	28	63	35	28	23	2	88	87	86	81	11	87	8	71	14	82	65	97	12	48	45	83	99	21	
49	10	28	37	11	94	48	77	43	90	98	49	48	63	46	49	83	8	29	9	76	87	49	2	95	32	7	62	57	20	85	58	9	18	28	3	12	73	56	9	
32	70	28	21	96	99	42	61	82	96	18	97	40	55	24	14	73	28	29	21	27	44	98	68	52	35	60	30	46	41	11	65	2	19	40	99	91	4	88	57	
92	79	80	51	18	56	78	11	98	72	55	96	58	60	96	40	56	44	64	7	90	65	79	68	94	46	23	26	66	41	45	31	12	35	45	98	92	90	56	93	
10	49	39	44	68	43	92	18	89	68	6	54	84	31	30	48	96	58	44	21	72	46	25	31	27	87	65	99	10	79	1	69	86	37	12	4	88	37	49	7	
9	81	78	25	32	45	33	40	30	56	47	90	72	25	90	65	15	5	24	52	81	65	57	55	45	10	79	96	65	59	81	68	60	97	3	5	1	34	58	90	
56	36	53	24	43	53	59	99	41	2	28	80	82	10	73	73	42	36	26	28	57	94	56	22	77	79	23	14	22	45	81	51	76	89	57	89	77	75	97	57	
58	36	12	47	51	95	98	57	72	80	10	83	38	99	91	45	84	35	14	2	91	45	74	82	29	6	34	43	80	9	24	19	12	15	38	44	91	24	82	44	
71	3	69	34	96	99	55	71	95	15	74	55	71	24	15	53	95	65	33	20	72	41	10	25	34	86	92	97	69	19	77	83	13	59	17	32	34	92	70	95	
12	18	31	89	83	86	80	40	92	46	79	39	86	27	75	70	45	47	90	67	17	24	37	29	8	98	42	15	65	44	9	68	25	86	34	56	18	64	51	25	
76	22	77	4	72	94	95	12	57	37	73	43	28	1	16	43	9	68	11	98	22	93	94	96	14	10	65	38	25	4	6	2	45	60	6	98	89	42	94	60	
69	43	7	50	63	35	70	97	7	8	66	85	48	46	4	48	49	21	29	50	22	74	28	69	33	26	22	90	16	36	48	86	70	94	86	45	45	31	59	70	
31	54	27	61	1	82	63	47	88	98	57	42	89	66	2	35	15	77	56	31	41	16	86	18	38	70	32	19	62	12	42	47	51	40	90	90	52	48	53	74	
78	67	10	94	71	87	13	13	3	68	19	52	69	88	87	41	39	90	90	93	65	22	81	24	73	90	28	24	89	63	2	70	57	96	70	22	76	69	47	28	
50	50	95	71	18	34	83	1	29	23	35	26	68	29	38	99	47	29	88	93	12	17	93	33	49	2	52	70	77	62	95	10	49	66	50	87	21	2	57	95	
54	81	67	3	53	16	77	86	56	73	97	16	34	68	60	17	69	43	93	21	10	35	46	96	29	57	19	81	23	10	42	87	48	22	13	46	63	88	65	2	
27	35	58	88	84	46	87	36	21	25	59	85	76	80	91	36	59	58	19	19	85	48	24	92	33	48	25	10	5	74	69	69	23	25	48	92	7	51	13	61	
95	98	41	11	40	9	25	80	50	2	41	45	83	76	42	85	23	9	83	80	51	19	59	24	48	44	24	91	55	52	24	21	77	60	57	73	30	51	41	94	
48	12	54	93	5	27	83	99	17	97	95	78	36	87	5	5	44	91	16	32	2	90	59	2	35	52	52	85	39	60	37	46	40	12	5	74	51	97	90	25	
7	54	94	55	62	70	78	62	92	63	32	43	31	77	13	49	30	59	96	89	25	8	11	14	52	18	13	85	41	61	54	11	71	62	38	97	91	71	54	52	
13	47	59	38	42	93	26	65	10	16	89	64	8	85	61	82	50	42	77	4	4	58	18	62	79	52	14	22	52	20	8	38	66	29	58	12	47	90	93	9	
13	97	55	18	73	8	90	46	36	91	72	91	85	1	78	43	88	97	35	80	37	63	16	94	49	88	66	41	72	89	61	99	67	29	44	92	69	6	99	5	
54	69	51	93	44	70	81	76	44	21	39	56	2	70	57	99	2	1	98	88	60	83	27	12	87	75	33	64	11	34	95	68	86	74	39	37	52	19	26	42	
83	85	92	66	66	29	11	41	97	36	47	95	64	34	40	79	79	52	28	41	74	65	81	54	55	98	42	30	97	69	61	75	30	5	88	60	16	48	59	16	
55	62	78	88	54	73	2	93	38	18	58	62	99	94	66	84	19	32	41	67	81	15	89	73	98	33	45	19	98	56	85	27	28	39	37	78	14	6	63	4	
45	75	80	3	94	36	58	93	76	58	93	23	18	18	64	88	91	72	9	58	26	5	74	85	10	25	45	56	38	3	30	18	74	74	80	68	27	23	69	22	
68	56	33	56	37	12	89	32	99	70	50	26	74	61	13	10	34	69	98	96	41	10	56	98	86	10	66	98	31	13	10	16	71	1	71	9	82	99	21	72	
6	19	68	3	85	17	87	28	72	21	71	56	46	39	48	70	32	22	77	65	3	78	93	32	1	61	95	3	10	57	67	36	78	55	89	2	63	81	88	74	
35	23	16	76	92	76	66	13	50	94	74	73	7	16	37	34	13	4	69	46	92	29	88	8	78	63	64	68	76	86	7	90	73	13	57	81	35	75	21	63	
70	59	49	61	65	42	56	93	3	89	33	28	15	28	93	28	51	69	71	83	57	83	34	28	76	23	99	75	40	61	71	20	10	90	18	97	70	91	69	88	
4	72	3	22	75	39	46	98	36	48	16	58	4	42	66	45	71	83	24	47	88	29	33	35	74	12	24	86	75	23	96	9	88	6	74	81	90	20	60	77	
59	19	29	36	74	54	97	6	27	17	86	69	78	44	69	21	62	87	37	64	98	11	59	46	68	35	15	45	84	93	2	78	35	44	68	96	96	33	26	86	
48	42	22	96	17	42	97	46	55	31	52	99	20	53	80	5	94	2	74	35	2	57	87	75	68	34	20	48	58	10	49	67	80	75	38	65	29	29	86	39	
30	97	94	94	87	68	85	95	58	44	73	53	96	77	86	1	52	44	92	35	13	38	69	37	9	25	23	95	52	81	53	84	48	91	12	82	11	92	99	36	
86	93	13	87	39	90	19	43	70	73	26	33	76	89	87	94	57	96	39	90	38	46	71	25	61	58	79	33	63	85	50	52	48	77	68	6	13	3	55	48	
92	67	82	50	30	58	7	44	87	90	26	37	53	41	61	61	12	93	2	43	83	24	67	77	51	21	93	61	17	91	21	21	81	18	55	29	21	56	33	97	
2	3	1	1	76	52	99	53	28	33	7	49	74	7	82	55	40	41	18	88	62	5	90	25	84	59	59	42	56	20	72	77	41	25	54	35	3	37	10	15	
31	62	50	14	1	54	26	34	1	51	47	5	74	60	89	79	42	73	40	99	10	2	33	11	83	41	58	74	40	25	71	22	29	9	14	38	94	4	34	72	
58	60	64	11	95	45	97	62	82	86	68	38	20	75	24	34	49	36	56	34	11	13	11	6	18	48	8	51	49	17	41	33	75	74	29	89	77	19	43	10	
20	71	40	33	86	38	58	91	96	83	73	15	50	70	11	56	85	98	66	19	23	72	83	90	54	90	75	9	90	11	8	16	63	45	79	88	76	3	48	36	
21	59	6	99	10	36	2	21	6	26	52	38	39	70	2	26	37	7	16	16	16	18	24	32	6	70	36	44	19	5	7	25	60	28	31	53	53	19	68	6	
45	40	52	38	84	32	34	28	4	11	41	43	49	12	77	67	33	53	87	70	8	2	52	28	87	54	1	23	58	98	45	73	55	97	83	81	9	98	24	91	
74	88	16	5	3	30	3	88	17	49	36	70	99	67	1	20	19	95	43	41	19	25	18	46	80	96	86	64	28	30	14	22	8	22	80	98	99	84	87	21	
19	55	13	82	18	99	71	83	7	6	63	22	40	18	27	1	52	86	29	14	19	8	49	32	1	86	55	5	79	54	71	48	91	16	73	76	47	15	85	10	
42	33	44	60	44	67	61	74	89	56	7	91	27	35	75	40	90	54	35	86	93	90	44	9	75	20	2	53	38	50	64	96	58	23	43	37	63	36	62	63	
5	44	40	92	57	33	42	74	54	91	90	89	10	15	49	3	99	3	6	49	4	62	33	53	25	14	96	14	49	53	22	18	95	31	77	42	80	43	97	70	
5	61	71	42	8	17	78	86	82	42	23	33	22	28	17	91	51	41	14	36	62	22	86	48	49	45	92	99	33	30	93	72	96	20	2	56	83	59	79	72	
30	64	15	4	36	47	41	34	86	35	84	31	80	12	51	24	44	58	87	58	14	76	82	30	24	20	82	26	45	73	47	34	41	39	72	97	52	36	36	12	
17	20	73	10	94	66	63	69	46	89	88	43	85	84	19	3	19	11	91	28	16	62	31	99	1	83	10	78	39	35	31	62	70	18	21	65	10	97	22	68	
10	2	51	12	75	78	58	57	50	35	84	22	33	97	31	57	82	56	70	47	33	2	58	31	13	44	44	75	44	88	78	61	79	4	55	55	74	3	58	68	
31	32	91	52	47	22	98	52	52	66	22	36	30	15	49	71	47	11	39	97	32	90	35	49	88	49	8	96	39	22	78	19	10	35	20	43	23	49	36	87	
60	62	61	10	94	75	41	44	19	23	76	74	20	29	46	88	60	37	42	92	87	19	78	97	73	73	54	3	40	62	98	24	50	44	10	66	51	2	68	19	
11	84	2	31	68	96	16	92	5	13	20	32	5	1	21	4	51	72	56	23	92	16	93	80	52	52	17	35	92	35	69	73	44	91	41	73	54	57	3	36	
22	65	27	37	36	90	68	42	9	51	61	77	86	33	77	33	86	74	56	81	71	35	83	90	80	37	94	94	65	45	14	47	4	31	77	63	94	35	87	28	
52	26	84	23	44	8	59	17	62	43	31	1	8	81	53	64	20	9	39	65	6	64	10	16	27	89	12	97	56	1	45	80	26	7	17	98	1	6	2	23	
77	38	68	21	82	77	19	94	1	90	28	42	93	90	4	87	59	66	95	61	60	72	9	31	13	99	23	27	5	62	15	2	20	80	24	6	44	43	25	89	
3	60	91	64	59	68	57	66	58	33	22	6	11	58	48	15	36	6	49	15	22	81	65	61	65	41	79	48	3	20	19	64	42	91	37	54	48	14	85	14	
69	7	11	19	75	82	35	77	58	21	14	48	27	39	67	67	78	33	42	76	34	70	46	44	74	55	48	15	22	12	55	49	27	48	9	19	85	94	43	72	
79	38	14	98	15	81	87	42	15	16	47	51	75	76	56	59	96	14	83	34	52	19	84	50	55	64	88	57	37	61	47	59	39	44	23	20	88	26	45	68	
18	94	55	65	31	41	99	50	43	28	81	81	28	61	42	51	68	8	49	19	91	69	21	6	18	21	90	48	69	57	12	83	19	19	53	45	68	86	29	63	
86	53	53	11	50	36	50	45	66	77	18	21	71	29	45	89	32	47	43	3	90	33	8	84	40	84	57	48	17	56	95	53	39	39	90	57	35	11	80	83	
41	15	45	14	66	66	97	93	40	94	83	85	99	80	7	28	91	32	7	66	73	14	56	84	54	31	57	40	13	21	57	74	73	9	12	80	28	31	59	10	
37	33	90	82	60	96	34	24	74	47	69	25	96	43	67	27	21	71	97	58	28	76	57	84	32	93	23	36	71	91	13	38	59	26	22	60	47	50	65	44	
76	61	40	80	10	48	86	58	69	96	31	98	37	53	7	37	75	46	11	29	78	38	41	84	79	31	10	70	50	79	30	16	75	50	38	23	99	53	74	65	
69	37	52	27	14	2	84	16	50	93	33	41	93	79	31	66	13	4	61	45	75	91	8	26	39	37	10	74	19	4	92	42	28	21	35	92	44	38	22	58	
93	3	76	87	24	45	69	5	12	94	65	1	39	65	29	17	22	88	31	91	82	64	2	90	91	69	28	29	28	53	1	63	31	90	53	14	43	87	45	31	
66	46	81	37	73	51	76	90	69	18	1	63	70	21	68	20	47	1	56	51	79	5	54	86	76	16	1	1	87	74	48	84	7	1	50	35	27	67	84	7	
17	82	45	9	25	78	58	49	20	28	22	56	27	24	67	41	34	85	84	60	58	98	69	11	5	93	85	59	58	5	40	82	86	84	19	84	55	62	38	2	
73	59	4	27	13	9	77	96	95	49	95	38	20	70	4	64	68	55	81	57	42	22	79	91	89	73	1	75	33	21	77	12	11	97	58	26	94	31	72	83	
44	3	52	13	1	22	44	7	44	12	5	59	67	49	92	68	29	43	96	2	92	19	48	21	74	43	15	1	42	30	91	88	50	88	99	94	92	5	89	9	
19	84	1	79	36	88	20	3	94	33	41	16	36	44	20	76	46	88	84	79	41	18	27	55	72	92	10	29	55	90	36	48	20	90	92	12	66	10	53	43	
64	26	93	4	26	4	68	36	46	24	50	75	88	73	22	86	61	48	78	90	8	71	83	10	12	42	76	35	87	54	36	95	9	53	39	83	89	25	69	63	
34	35	74	83	97	50	70	42	54	32	32	90	35	61	34	86	97	47	29	13	45	34	65	24	84	89	90	5	21	57	98	31	7	1	95	81	95	69	19	40	
77	66	20	70	86	92	89	80	22	8	99	87	97	31	85	51	38	54	88	52	75	66	35	19	5	95	27	30	24	23	64	55	47	19	21	6	76	18	54	99	
65	22	18	86	18	96	96	55	5	15	96	42	72	43	58	15	2	92	61	72	37	72	56	23	70	5	39	4	80	13	35	62	49	83	87	20	93	54	48	74	
10	80	9	25	97	94	50	15	16	57	65	36	4	51	95	33	39	80	4	6	41	69	38	90	34	81	90	79	26	95	41	4	66	8	44	80	97	50	94	22	
1	50	83	28	8	62	35	36	38	51	73	85	62	3	73	19	20	98	82	43	29	85	30	96	78	99	47	26	85	60	75	47	49	28	37	42	45	79	77	37	
39	65	31	49	15	47	50	87	44	16	99	66	32	55	19	63	37	2	90	9	39	93	80	10	96	43	23	51	28	44	78	3	3	19	87	36	32	58	81	43	
84	7	51	92	78	11	63	73	23	7	72	8	97	42	95	37	13	43	16	15	81	73	46	55	81	50	79	18	11	11	81	41	57	41	26	44	27	25	71	53	
6	52	19	39	65	14	11	64	10	69	65	72	45	49	39	73	13	46	70	98	13	99	64	47	19	85	86	29	47	41	3	86	46	20	80	46	11	40	18	32	
37	61	99	48	71	26	65	97	27	35	50	18	64	42	47	31	63	99	73	36	25	76	68	16	91	40	36	11	68	72	10	92	84	51	23	46	29	30	88	22	
40	94	36	45	54	73	48	72	24	38	5	38	60	14	31	40	78	84	90	42	33	82	78	3	80	68	13	56	98	56	22	2	60	45	70	83	37	51	87	58	
73	55	72	90	66	10	5	19	33	73	75	86	66	61	22	29	90	36	29	50	75	68	30	48	82	52	24	69	31	50	86	84	25	94	48	30	70	88	54	66	
72	69	49	22	93	21	36	45	23	73	4	81	70	5	28	31	91	30	91	71	17	68	68	52	28	99	76	79	16	48	96	56	98	82	94	57	3	93	20	33	
22	95	46	89	7	69	85	76	62	33	96	91	41	24	58	72	72	7	83	40	56	53	2	20	7	67	25	35	48	32	74	81	73	12	44	91	23	39	22	71	
56	65	89	63	14	54	80	64	88	48	66	1	62	41	89	46	78	24	77	34	45	9	1	88	98	27	60	92	68	61	7	57	27	74	45	55	10	17	65	52	
43	53	4	29	18	18	31	81	85	98	15	60	76	18	4	57	62	42	34	77	12	53	64	34	15	52	66	67	65	90	40	72	44	43	46	78	22	61	51	32	
89	80	29	56	86	72	86	3	64	53	81	15	32	2	68	63	49	38	81	32	84	74	36	64	36	38	25	82	84	19	24	58	38	7	38	96	84	5	57	45	
47	50	95	56	22	63	45	58	51	15	47	16	33	86	85	78	7	50	45	59	33	8	75	81	72	57	84	88	44	71	23	12	89	20	46	35	91	67	70	94	
27	12	46	16	41	66	24	72	78	88	89	10	7	18	85	79	19	60	40	71	3	45	94	40	10	45	78	68	62	13	74	4	75	4	85	65	4	73	84	12	
16	59	18	18	60	6	81	88	93	86	1	18	61	22	82	73	67	1	15	57	69	66	37	76	82	10	2	27	78	88	6	68	21	60	66	48	63	1	46	2	
5	54	90	34	86	16	99	64	58	61	55	82	65	68	90	59	24	95	56	97	88	11	27	24	34	86	45	50	95	2	13	71	45	25	60	58	7	62	61	72	
18	92	73	10	12	27	18	58	63	69	38	9	20	61	86	66	38	29	44	56	55	78	64	6	1	8	85	62	15	18	83	64	23	58	23	88	89	22	55	36	
55	88	61	22	24	81	27	92	50	73	30	80	51	70	37	73	43	54	71	49	71	58	82	16	85	17	33	49	89	4	89	14	42	53	68	33	16	32	92	6	
30	99	43	21	10	88	19	97	35	63	45	56	95	79	78	11	61	22	8	5	19	92	57	71	55	10	27	69	72	93	27	20	76	85	3	56	68	11	49	61	
28	79	65	54	74	98	91	39	40	21	29	52	98	78	50	43	16	48	33	93	38	69	77	53	25	2	4	51	80	90	18	7	62	91	15	43	57	52	44	1	
55	60	55	71	62	22	9	26	34	8	6	97	20	80	91	35	51	14	18	51	12	47	67	31	66	34	2	60	58	96	60	1	75	77	22	24	59	54	25	71	
8	68	93	10	88	69	20	98	71	85	92	84	43	71	91	89	60	86	63	72	55	11	65	54	12	9	40	55	52	77	45	88	26	59	72	89	78	99	12	88	
39	74	54	62	70	26	35	98	50	73	62	82	91	92	86	84	12	83	98	93	19	62	65	46	65	51	42	28	89	53	22	56	46	33	4	79	1	43	95	28	
34	66	87	22	71	60	51	20	62	28	61	50	48	52	32	70	91	63	30	50	83	34	3	60	26	8	18	13	59	24	21	8	95	79	54	58	65	51	91	99	
92	61	69	16	47	57	44	44	61	59	90	16	89	66	12	66	49	44	52	22	80	41	12	26	11	75	7	91	9	26	37	67	65	1	41	69	33	62	54	9	
17	47	4	15	98	92	6	51	27	80	38	50	18	37	19	28	43	59	12	52	99	61	21	79	86	58	69	69	40	20	62	63	92	80	78	70	65	78	43	95	
7	50	81	23	35	26	46	16	46	82	66	7	1	59	79	94	2	38	28	58	15	52	25	65	11	59	46	39	9	8	84	89	79	83	68	48	12	90	47	50	
60	43	91	52	37	37	48	82	90	45	61	59	20	53	45	29	82	27	69	10	14	86	92	32	69	4	58	18	41	85	29	51	18	82	36	20	99	37	65	21	
77	74	94	80	29	87	81	28	8	75	33	6	27	38	31	28	46	31	88	5	30	33	50	95	37	88	76	73	44	19	69	93	23	20	29	13	31	88	42	90	
77	38	52	80	59	10	65	91	13	82	74	66	1	29	19	16	29	93	13	7	87	62	3	94	26	69	41	29	31	61	86	7	69	95	66	22	88	66	61	44	
16	66	5	42	87	38	95	5	91	76	73	52	14	69	7	22	27	6	84	85	46	80	28	22	51	75	41	51	52	94	87	15	38	89	47	54	41	94	93	13	
11	60	15	68	69	61	26	85	4	8	89	21	8	91	28	41	79	46	71	20	55	1	14	41	2	54	44	9	24	5	77	48	63	14	17	52	65	79	6	1	
73	48	63	57	60	10	3	24	1	27	76	16	65	12	13	66	69	55	18	92	15	43	62	74	14	51	88	31	76	85	94	91	92	98	89	97	64	21	17	90	
49	77	1	57	15	75	56	45	42	84	63	77	5	56	15	17	19	32	63	64	41	62	40	88	56	21	27	31	94	80	90	20	49	5	20	96	98	57	19	37	
58	31	55	17	99	60	55	56	20	61	4	45	62	13	92	32	99	76	13	26	37	16	91	45	13	63	31	17	77	46	77	11	99	75	42	46	19	41	51	31	
50	87	95	99	8	58	5	69	94	20	59	36	94	23	42	59	43	48	61	36	76	50	10	41	81	96	50	86	96	56	27	39	31	9	55	87	9	43	30	56	
56	2	58	96	83	69	15	14	30	5	63	5	81	97	94	14	62	66	82	38	81	34	55	33	73	63	22	98	60	31	23	53	34	68	73	27	32	91	33	17	
55	19	15	6	46	38	13	20	38	54	20	87	34	69	61	27	76	37	64	58	21	6	40	33	20	59	49	27	86	98	73	35	87	27	24	54	86	38	47	58	
44	24	17	2	32	33	20	91	30	63	75	23	15	70	40	72	43	13	4	82	3	67	62	92	84	6	20	98	83	89	81	37	55	34	7	30	63	60	62	53	
11	17	75	84	29	51	82	59	72	58	34	59	54	47	79	71	93	80	64	22	80	1	1	70	83	38	98	8	35	61	65	99	85	21	12	63	15	90	29	87	
16	25	12	8	28	55	54	11	52	20	40	37	87	2	92	82	82	87	77	50	63	15	61	72	12	41	58	16	87	56	42	57	21	34	86	59	22	81	70	9	
84	40	60	90	75	42	45	5	43	26	7	56	80	69	33	74	33	91	16	32	28	31	85	80	72	3	83	31	52	84	60	21	6	1	64	63	81	93	50	73	
95	94	25	9	34	44	16	65	83	29	10	30	78	23	27	73	96	44	5	20	47	93	10	60	19	8	15	67	7	47	97	37	10	28	47	70	83	29	93	61	
86	57	93	67	47	56	33	61	57	68	29	7	48	10	54	97	18	11	6	48	15	13	82	49	95	57	65	89	4	84	6	38	54	25	48	28	6	77	72	78	
57	76	12	56	13	3	83	61	83	7	54	85	36	23	97	71	99	10	49	96	83	40	40	27	88	25	79	33	90	54	16	64	40	68	84	15	12	12	36	39	
87	36	5	87	62	29	41	73	8	6	42	4	25	96	38	20	79	97	20	35	1	73	37	68	85	38	55	12	28	50	5	75	87	87	28	1	51	3	11	34	
48	62	66	9	45	26	90	65	6	26	30	19	1	41	9	47	14	75	11	58	62	96	32	72	35	91	24	99	23	37	6	38	83	91	20	87	74	68	43	69	
36	41	95	2	19	85	6	65	85	64	11	51	27	3	11	89	66	27	15	95	63	45	28	79	20	2	78	4	58	35	89	94	28	17	29	37	46	55	6	94	
99	86	93	67	48	91	89	44	10	15	53	31	20	59	79	57	98	94	92	1	55	9	77	64	29	74	69	6	40	18	87	15	92	16	74	68	66	54	64	14	
79	24	16	79	8	33	64	83	3	68	91	6	38	42	5	58	73	79	82	26	19	61	31	15	41	24	44	95	38	53	85	32	82	67	6	49	4	39	88	72	
53	18	77	29	93	56	22	13	86	42	61	47	69	95	17	89	61	75	71	78	32	22	52	87	13	4	56	82	48	73	60	49	10	30	34	63	24	45	31	24	
82	19	25	51	38	49	29	43	8	34	98	23	30	62	19	32	52	38	22	51	47	49	87	47	72	88	16	82	43	71	83	44	63	13	18	52	37	71	52	85	
74	55	48	23	30	48	87	72	75	18	88	62	69	1	81	5	79	74	60	47	80	67	85	84	21	68	13	98	44	32	73	37	93	90	17	53	43	22	15	71	
42	39	64	55	49	84	54	71	8	62	75	97	78	39	92	15	37	80	8	72	99	22	79	24	38	87	79	69	95	99	8	54	3	41	88	3	84	73	19	3	
74	21	50	57	96	59	13	59	80	84	29	84	8	50	59	80	19	89	85	15	25	63	24	98	97	9	23	8	36	64	91	62	35	16	48	33	5	71	6	5	
12	63	28	82	37	48	6	51	85	34	62	10	86	69	73	45	55	72	58	9	29	73	87	21	83	8	9	15	88	92	81	91	78	47	81	45	20	67	10	83	
28	53	15	62	46	42	20	88	92	9	11	76	54	36	27	58	54	53	50	75	48	6	4	21	17	8	96	84	54	78	67	38	73	77	22	60	86	75	74	83	
18	39	24	15	65	9	29	61	19	3	65	69	95	66	85	49	54	64	4	45	99	73	71	78	89	30	40	75	2	36	3	40	25	28	67	58	79	69	14	25	
91	3	24	35	60	2	93	93	6	80	60	5	81	64	22	81	83	29	5	62	4	59	22	30	99	89	37	76	79	14	7	51	21	95	74	93	82	6	43	26	
76	66	52	73	88	82	16	26	98	89	24	58	14	52	98	78	16	79	56	71	11	60	31	52	96	18	38	48	19	46	5	77	58	76	89	94	74	81	55	3	
22	23	85	83	71	89	53	72	37	1	74	77	83	46	13	45	50	3	15	84	39	58	98	39	34	11	11	43	56	34	40	9	75	32	51	40	28	20	56	53	
15	1	67	62	71	29	80	55	47	77	82	73	27	50	94	55	76	15	78	29	14	33	75	48	21	18	61	15	49	58	31	22	89	72	37	25	14	87	62	18	
96	64	92	66	79	98	19	32	45	79	85	92	93	92	65	35	62	76	32	74	15	92	51	37	92	53	13	98	12	21	89	75	43	83	75	97	10	50	45	31	
89	40	48	9	5	45	17	89	39	99	56	72	20	82	42	16	42	29	51	50	32	48	95	75	72	47	37	85	44	24	99	73	49	77	11	85	20	46	38	40	
30	73	4	41	71	53	82	32	47	27	34	77	5	8	14	75	9	65	59	31	22	8	60	37	52	20	43	61	76	70	39	23	56	78	19	98	91	5	99	18	
5	22	69	12	25	60	78	42	16	42	3	16	97	59	58	57	15	38	43	11	77	11	32	82	73	91	26	44	18	5	75	61	2	33	92	17	50	84	29	48	
96	77	1	8	39	8	73	28	43	49	34	38	86	84	27	70	79	87	23	61	98	92	42	12	13	26	66	91	4	81	2	73	90	65	67	55	29	53	39	1	
32	17	66	81	34	26	41	45	11	31	85	13	99	77	81	74	4	10	79	63	71	71	39	7	80	96	91	90	63	63	39	84	65	47	16	13	14	90	89	76	
42	86	65	50	98	39	29	13	27	41	45	95	6	94	80	45	85	57	38	27	54	78	10	47	17	94	87	36	83	54	89	39	87	13	91	2	89	26	73	47	
25	21	7	85	19	14	71	92	63	27	49	63	24	10	39	13	48	58	10	88	64	15	60	15	1	61	70	82	76	60	50	56	31	93	32	58	91	10	56	60	
12	83	43	78	12	35	65	65	11	79	39	39	42	86	23	95	73	83	82	89	81	32	51	76	64	52	15	77	66	83	80	69	68	96	16	37	70	8	79	44	
45	50	59	91	67	9	98	80	36	21	85	1	39	1	17	4	35	33	77	36	49	58	92	47	9	35	38	83	67	46	24	47	80	3	79	78	54	37	13	75	
61	16	17	79	97	98	41	89	43	18	67	61	12	75	43	28	48	59	58	47	82	44	91	33	36	18	36	71	79	49	89	94	56	1	85	71	21	26	67	43	
74	35	59	12	88	98	81	57	40	28	2	39	11	61	28	14	18	20	90	68	86	44	57	61	71	7	81	3	84	56	92	34	9	56	53	79	80	10	62	84	
78	93	68	53	60	30	31	61	23	79	34	5	81	39	42	5	92	59	68	85	80	30	63	86	11	99	77	91	48	14	38	69	93	4	38	67	55	52	48	6	
38	13	81	46	33	73	76	63	48	78	86	13	12	60	79	84	35	28	86	4	21	33	66	78	58	3	64	42	33	2	79	34	36	80	74	92	76	5	90	81	
3	81	56	60	99	29	92	70	26	51	59	8	88	12	3	85	82	28	78	19	43	20	76	91	82	88	82	76	11	13	18	14	61	78	69	87	76	90	3	42	
19	23	6	28	8	15	8	73	15	15	86	23	51	20	43	82	29	88	2	62	97	97	93	22	68	77	98	37	89	67	66	57	33	42	57	19	96	27	41	33	
44	91	75	64	37	86	33	66	18	78	54	47	62	78	54	73	6	79	89	33	99	52	87	30	82	53	74	71	39	52	66	62	97	83	4	33	92	72	53	62	
80	99	87	63	97	94	37	46	95	81	67	82	81	10	24	34	65	46	45	7	83	16	44	65	42	10	10	3	27	2	60	46	36	39	77	72	57	8	80	25	
98	77	33	77	26	74	83	98	73	56	82	80	40	64	43	58	83	86	8	30	60	68	65	54	93	30	26	72	59	98	28	2	17	54	63	89	36	51	26	12	
84	64	27	79	86	62	27	60	65	25	86	56	28	38	28	76	52	51	60	90	86	66	20	76	87	94	11	75	28	14	64	21	65	95	44	24	60	96	66	2	
72	29	14	3	80	45	60	63	97	26	37	90	86	35	2	59	89	78	8	73	34	8	61	29	73	21	28	67	66	74	30	19	27	1	34	73	80	95	28	23	
8	23	36	65	68	44	19	64	40	79	59	6	1	48	32	97	54	58	97	96	72	22	90	58	90	38	66	58	7	64	46	22	47	56	66	43	10	56	18	16	
94	65	50	76	86	22	42	47	43	67	99	29	11	85	20	70	64	31	8	28	49	97	80	81	70	84	61	84	47	54	49	45	50	2	39	72	65	84	10	53	
64	57	8	18	76	33	92	18	87	67	32	34	15	12	52	84	20	14	83	82	84	39	61	91	40	49	62	65	25	62	5	53	30	78	19	47	30	53	84	67	
41	29	87	16	23	92	29	68	29	93	20	63	88	36	7	4	38	61	35	6	68	52	48	37	42	31	62	34	96	52	75	94	41	94	2	90	7	97	35	32	
20	18	84	84	91	86	39	35	57	89	45	31	10	20	12	58	91	55	87	29	62	60	42	85	45	37	76	61	16	55	42	28	3	30	19	38	87	54	14	49	
49	79	58	59	79	5	22	24	60	41	75	14	80	25	67	31	49	25	92	13	12	60	76	70	76	14	90	49	36	24	87	16	4	71	19	91	23	14	52	1	
15	22	31	6	68	16	32	30	89	21	6	13	69	82	13	28	31	2	91	74	60	98	18	15	51	2	46	12	96	24	31	13	16	76	86	52	5	21	21	90	
40	85	48	11	80	59	81	30	43	69	44	4	48	4	65	31	60	4	34	87	73	85	37	42	10	29	1	35	35	52	20	27	14	71	30	42	48	98	60	62	
80	40	95	60	50	82	90	59	39	3	57	68	39	15	1	28	33	49	60	69	66	37	16	63	62	30	35	21	90	81	82	67	98	79	18	98	83	2	57	2	
35	22	64	85	94	2	4	69	10	51	74	1	73	28	96	30	79	5	27	47	41	54	28	48	42	1	13	9	26	46	28	67	33	78	79	57	54	6	79	20	
57	96	83	9	91	93	53	65	93	36	44	3	44	37	34	63	46	62	6	10	22	22	70	74	59	84	6	78	46	56	15	93	77	90	52	8	21	26	76	16	
75	60	3	52	62	21	85	30	34	66	51	58	79	54	52	48	76	50	23	33	12	53	44	62	62	83	72	42	27	35	61	36	33	9	94	42	69	64	19	23	
16	62	28	39	70	89	42	21	89	78	83	82	10	66	58	53	95	71	62	90	39	54	2	87	15	7	86	4	53	97	25	75	95	43	44	73	29	95	11	34	
40	67	22	74	9	37	94	55	46	95	65	63	48	33	94	40	7	75	26	50	17	23	43	77	61	49	31	12	57	57	30	37	9	11	46	39	94	74	45	11	
75	44	54	6	14	46	37	72	35	33	34	76	77	10	65	77	93	63	49	41	18	83	73	85	17	99	40	87	65	61	54	22	31	47	26	92	54	83	29	69	
65	89	8	61	65	99	37	81	60	16	83	79	38	2	18	44	23	18	65	15	35	48	15	51	51	83	5	35	56	59	72	24	2	54	23	66	26	4	51	54	
19	81	48	77	13	59	39	84	27	46	61	99	29	56	73	14	63	74	43	74	69	6	69	37	85	30	30	36	17	5	57	18	17	81	81	18	95	24	16	88	
65	59	41	2	87	78	28	87	84	89	17	86	6	77	25	18	99	14	58	96	12	55	51	50	89	80	50	19	7	85	29	42	15	28	96	65	68	77	27	5	
18	42	30	78	42	47	43	84	66	99	12	60	97	76	84	90	60	90	45	28	32	52	58	42	90	18	95	16	38	85	72	57	58	89	15	92	21	8	33	59	
45	76	71	17	75	61	57	33	45	67	86	29	19	53	88	91	49	92	82	63	80	5	16	93	89	36	28	1	47	76	3	76	35	28	93	44	60	74	25	31	
44	12	20	37	79	37	5	2	83	6	78	99	93	9	61	21	84	32	52	10	89	85	64	74	74	33	15	98	81	47	90	94	52	72	16	97	91	75	91	90	
26	12	79	99	87	42	63	5	3	70	98	58	82	89	28	3	41	66	43	23	82	84	10	94	48	40	75	93	93	56	38	87	48	56	61	20	88	19	31	67	
96	92	4	21	24	66	8	16	51	98	68	40	21	61	92	55	3	53	21	38	91	91	33	25	63	83	73	2	34	21	21	88	5	82	32	99	74	9	19	79	
60	94	53	58	66	20	96	62	74	93	7	76	54	12	68	46	19	30	44	68	79	6	44	8	56	71	72	33	59	34	79	62	63	16	38	65	7	76	33	58	
13	90	10	88	13	67	36	2	6	29	75	25	91	95	63	20	68	35	42	91	70	78	7	45	93	17	39	34	39	15	64	41	53	17	35	85	66	30	31	49	
51	11	49	60	52	87	89	78	47	93	83	78	59	97	20	15	25	49	52	20	79	91	5	69	23	91	14	12	73	90	47	56	23	96	21	47	56	46	88	96	
89	16	67	30	44	68	42	66	67	60	45	61	53	32	21	60	37	78	4	46	60	62	83	93	28	8	25	39	14	8	77	43	80	11	89	15	8	89	94	3	
72	90	65	78	4	31	28	84	1	86	91	98	16	76	38	46	10	58	70	73	49	77	24	45	92	38	72	35	95	76	4	33	31	78	36	76	85	56	95	75	
6	72	85	11	91	85	11	1	55	57	45	70	98	33	47	87	90	97	66	25	19	67	94	77	71	55	58	39	69	44	45	21	37	34	25	60	7	64	5	55	
85	10	11	33	16	20	18	13	25	38	46	51	50	21	95	60	61	50	6	38	38	1	47	68	63	18	74	55	42	4	23	16	65	17	8	47	65	55	59	24	
37	53	15	16	28	15	35	17	9	84	34	25	91	3	25	22	47	15	23	36	41	18	69	94	94	74	52	80	27	28	46	76	58	81	2	49	54	48	44	87	
59	78	71	33	39	99	54	44	38	59	89	79	15	41	52	11	15	73	36	84	95	93	3	88	6	5	62	19	96	40	56	23	97	44	23	82	9	8	61	55	
73	35	18	90	36	27	79	95	6	99	30	93	79	81	8	34	89	53	78	22	83	30	4	80	48	91	73	71	40	15	24	33	83	66	78	11	42	50	60	82	
86	35	79	25	99	88	89	45	7	1	59	91	12	76	24	25	75	25	80	85	87	80	72	15	82	26	67	12	34	6	6	18	14	57	7	77	93	85	28	11	
44	67	41	91	38	60	52	30	81	44	80	88	19	33	87	92	78	31	9	99	78	9	30	52	86	37	10	35	11	10	56	79	75	18	84	18	84	81	28	74	
8	43	84	32	16	71	3	19	65	44	54	12	4	93	46	46	39	43	66	62	16	70	57	56	66	62	77	1	39	60	91	49	34	13	83	45	76	65	2	2	
27	73	78	22	4	18	71	66	47	39	27	7	87	48	66	4	70	55	36	4	52	38	85	49	80	39	41	45	10	54	20	10	38	72	85	32	36	55	22	88	
25	81	20	1	17	91	69	44	31	99	3	21	39	76	51	80	6	3	99	27	41	48	46	67	58	39	5	79	24	4	18	95	25	26	52	56	13	21	6	55	
78	39	43	80	76	55	35	52	7	79	78	71	9	27	19	57	41	16	94	33	51	80	79	79	40	19	5	72	93	27	65	74	34	67	54	45	10	78	83	86	
22	41	72	43	64	42	29	20	26	94	36	97	69	20	29	37	3	7	36	26	94	71	88	95	9	20	56	8	44	66	44	11	27	55	53	86	76	14	18	54	
42	7	39	6	90	81	90	76	81	27	80	81	65	84	69	71	99	78	97	95	51	61	66	60	35	82	68	30	25	34	79	15	9	35	39	27	94	42	89	12	
85	16	50	82	68	67	52	12	95	71	52	67	66	27	2	77	2	80	43	86	4	63	59	18	32	2	1	62	23	1	53	65	66	4	33	57	79	91	32	85	
74	71	21	15	87	47	3	15	20	4	78	48	23	34	54	34	10	79	13	46	81	73	9	66	8	15	94	17	90	1	57	17	1	95	32	65	78	23	24	30	
21	98	52	93	6	49	14	92	27	82	89	43	41	99	87	54	39	70	74	54	7	6	28	90	31	9	39	74	67	80	21	91	76	10	21	82	87	80	36	81	
59	72	74	53	35	39	20	72	25	85	90	46	46	88	93	46	8	18	22	34	44	62	51	71	97	74	13	58	21	70	73	46	68	54	36	9	62	69	41	75	
70	74	38	51	42	4	56	85	66	77	89	68	65	32	73	54	32	28	37	44	70	32	29	88	10	81	70	75	85	91	83	26	20	40	87	12	42	74	71	63	
28	86	74	33	50	76	49	29	69	98	77	51	15	50	57	71	23	50	98	50	30	24	85	90	54	87	87	52	8	93	43	95	5	90	37	17	80	97	39	93	
36	12	94	68	48	76	64	12	40	3	70	64	86	8	83	48	97	13	60	81	14	25	29	54	95	78	64	42	6	24	8	55	98	87	26	71	77	37	9	87	
81	26	60	80	11	3	17	81	11	8	7	87	49	4	37	70	91	86	70	63	37	98	21	26	64	40	84	16	24	25	99	31	55	53	70	95	21	89	28	85	
92	62	4	45	19	33	29	32	71	93	94	69	50	88	44	28	75	81	62	41	23	6	97	37	59	63	29	38	99	69	59	58	82	57	7	10	38	88	15	84	
2	27	4	79	83	79	46	89	17	17	26	70	24	14	15	53	82	78	90	70	93	63	53	10	60	73	45	21	40	16	58	32	39	57	91	48	43	78	96	49	
12	47	18	9	90	54	17	88	99	68	36	86	13	14	57	54	41	83	24	99	69	30	74	37	30	1	76	60	94	11	68	51	22	69	59	45	1	4	17	8	
77	47	75	14	34	81	17	17	82	56	30	50	86	17	29	18	10	20	6	34	72	26	33	47	46	75	46	48	46	7	84	35	68	73	41	14	94	50	82	28	
78	57	20	60	65	31	41	52	2	21	51	23	69	89	65	99	27	51	52	73	33	80	37	51	17	52	95	78	97	21	5	28	66	45	32	99	91	2	80	75	
19	56	14	11	48	89	42	75	42	81	27	56	79	12	45	95	55	35	26	35	11	18	34	64	17	76	79	22	70	23	66	80	63	24	19	15	32	34	41	51	
10	42	96	16	21	57	31	64	6	15	46	40	65	83	24	90	44	1	50	61	15	64	72	17	25	67	19	85	9	52	40	10	87	7	64	55	5	43	67	13	
78	33	97	86	56	82	31	71	98	63	13	37	56	60	23	95	86	74	91	6	32	92	22	45	70	44	10	59	92	68	79	52	73	77	48	98	42	96	11	75	
72	7	9	51	38	21	93	80	15	77	45	89	16	23	67	54	94	17	89	94	61	99	43	54	78	76	89	34	47	31	22	83	94	65	57	86	19	24	13	96	
69	58	10	88	42	33	61	46	35	85	34	13	1	75	88	46	72	9	45	81	58	11	24	79	33	72	54	11	71	16	57	27	97	38	45	81	54	34	89	36	
3	4	54	46	15	5	93	15	22	95	60	65	28	79	78	58	97	54	72	74	80	17	59	10	35	88	36	84	62	53	39	46	53	20	36	12	22	65	90	3	
82	4	9	39	70	4	47	23	34	33	60	8	46	15	99	43	9	24	95	43	37	43	97	8	75	81	41	9	54	7	61	12	99	47	90	93	65	67	95	81	
28	27	45	29	84	70	12	83	31	5	60	38	17	72	56	58	2	27	8	18	58	48	41	1	8	81	33	48	57	76	90	52	6	49	27	34	23	12	82	42	
8	36	96	81	1	34	6	46	99	92	52	5	95	80	15	87	28	12	89	57	53	58	97	61	31	7	85	5	5	39	48	91	30	68	96	20	55	37	41	25	
80	9	67	16	38	61	21	47	75	86	40	9	25	57	87	40	7	4	75	5	84	23	94	60	79	97	76	30	7	15	56	55	89	3	19	82	76	24	48	13	
49	97	89	21	9	41	30	31	74	39	30	80	35	4	65	35	28	66	82	23	50	18	47	9	15	94	55	17	13	66	36	73	40	86	73	47	4	96	97	82	
17	8	55	62	39	91	48	59	35	61	86	44	41	19	13	62	82	2	95	15	63	60	78	78	28	36	49	72	74	31	64	50	54	97	38	61	97	68	88	37	
49	14	84	68	2	10	52	2	57	37	39	54	59	48	19	34	81	75	4	15	49	72	6	99	45	95	40	73	21	85	80	27	9	1	2	8	17	4	67	20	
42	7	61	98	46	40	52	4	57	81	49	26	20	67	97	3	88	79	97	76	37	63	69	48	40	46	88	2	34	33	60	18	81	15	12	90	81	18	24	10	
3	74	26	87	41	85	20	39	22	26	27	31	87	95	53	74	60	18	24	27	68	52	35	6	57	58	20	58	38	35	35	32	52	18	98	19	36	15	52	96	
23	6	19	79	27	44	81	42	74	28	11	91	96	34	97	98	89	31	90	11	4	14	34	8	32	25	60	67	86	64	75	71	6	84	40	50	23	41	55	40	
76	36	80	35	60	73	56	22	40	22	3	42	80	45	23	31	54	51	30	16	41	62	73	67	26	24	36	50	60	89	26	19	49	46	89	32	63	83	19	8	
7	15	16	26	81	94	54	57	24	97	53	79	13	58	32	93	77	80	28	72	36	63	96	84	65	7	23	89	76	99	96	96	29	89	63	21	37	94	33	94	
31	12	2	5	78	24	35	72	92	7	12	92	60	6	26	3	86	13	89	45	32	76	1	36	83	20	56	69	89	48	16	14	56	86	73	74	78	47	72	28	
44	49	63	66	59	30	18	95	63	5	26	71	30	88	46	81	86	75	81	94	97	30	10	41	71	58	94	99	16	39	33	95	42	51	31	35	72	21	32	43	
34	67	97	74	29	33	47	97	95	23	3	4	32	85	75	60	35	10	17	29	61	30	7	19	37	50	44	22	52	34	78	84	29	31	93	89	56	25	21	56	
3	22	61	85	77	27	22	13	93	70	19	40	47	72	87	47	19	79	6	32	66	92	19	15	65	72	30	89	2	1	85	35	43	29	73	13	34	42	13	1	
86	12	4	44	68	36	69	38	14	67	95	56	96	92	67	88	49	11	50	75	19	16	62	21	89	94	33	41	16	84	62	79	39	55	5	87	88	13	48	59	
91	38	70	64	40	98	87	18	76	14	24	85	25	48	70	11	53	66	10	8	50	79	36	66	66	62	79	46	30	15	20	83	57	11	64	11	4	48	96	70	
33	93	48	86	3	94	34	6	85	84	51	35	77	25	50	33	72	44	12	32	83	75	84	92	56	99	86	34	13	46	62	75	91	7	45	82	97	72	77	17	
75	87	79	25	55	84	75	13	52	54	13	86	1	45	42	75	73	15	24	53	5	68	4	17	16	55	64	6	20	19	27	61	53	7	94	65	53	96	30	92	
86	93	22	85	99	98	94	30	31	61	40	71	32	62	92	38	57	87	81	25	44	92	11	67	85	71	73	24	54	68	86	20	48	8	2	40	61	29	45	60	
93	40	73	74	59	45	51	40	57	96	98	39	8	72	58	66	80	4	69	53	56	75	68	1	97	86	43	88	31	48	99	80	61	46	41	31	67	5	54	80	
45	20	46	82	13	56	98	3	84	22	11	89	72	66	51	95	83	66	63	8	17	91	63	10	75	70	35	91	50	97	26	75	42	41	79	20	27	62	66	24	
82	39	4	49	27	58	60	26	45	28	7	5	93	12	46	77	16	99	26	91	16	51	45	1	55	90	79	50	79	32	94	87	97	66	31	33	62	40	75	69	
12	98	45	18	98	85	56	20	2	16	58	46	86	66	41	87	81	41	57	5	64	23	19	59	95	7	52	25	31	69	25	62	97	49	73	21	32	5	6	80	
89	95	55	57	98	9	92	25	8	13	46	48	41	17	75	13	76	59	4	90	2	76	90	96	12	98	16	19	60	87	8	12	77	11	16	5	2	19	33	61	
10	71	8	77	32	12	5	28	83	20	95	78	56	58	5	26	46	9	23	51	13	67	76	73	2	30	16	56	60	6	46	2	51	25	33	22	23	30	45	93	
96	78	19	21	92	85	52	59	86	86	71	88	84	99	28	33	36	15	7	59	54	49	65	9	86	31	34	43	66	12	39	6	35	21	38	33	19	97	68	63	
6	86	65	35	30	61	79	65	95	25	18	45	73	98	79	6	59	89	54	39	74	19	31	69	57	27	94	11	61	5	42	62	66	6	33	28	74	49	50	54	
34	13	53	26	27	73	25	68	98	46	61	36	28	32	64	96	62	74	9	35	58	86	11	40	19	88	31	35	2	78	61	89	42	29	96	1	34	65	92	36	
27	93	50	96	69	52	86	7	85	35	73	70	62	94	66	36	4	25	44	61	61	87	35	71	53	15	5	47	29	35	24	2	54	67	42	13	6	4	45	27	
4	73	62	60	39	49	49	50	51	48	79	41	69	32	93	6	36	13	14	28	61	13	12	19	79	51	84	13	7	28	89	93	32	53	22	34	70	41	55	37	
78	38	75	42	2	90	64	6	1	55	34	89	93	1	99	95	89	70	52	56	9	86	71	50	23	32	78	4	51	33	29	12	93	21	92	65	1	61	73	96	
95	73	54	57	3	70	85	2	62	98	46	34	11	64	43	47	71	62	32	64	89	56	66	46	93	65	22	45	74	62	50	6	8	93	39	44	79	63	15	61	
63	54	92	72	75	63	59	43	8	92	61	90	9	14	17	68	64	88	79	47	90	31	23	71	65	35	30	42	29	92	88	59	49	99	48	29	30	8	75	6	
5	65	21	44	46	76	79	68	78	50	6	71	84	28	25	40	32	14	44	28	70	41	57	37	62	44	90	93	66	42	49	10	72	20	41	68	53	87	7	88	
2	56	70	49	55	31	88	64	15	43	76	60	36	60	23	92	37	42	30	92	40	29	39	36	59	89	31	86	93	61	2	35	86	60	69	47	64	40	48	7	
56	27	96	82	73	74	39	84	95	92	97	79	69	55	7	76	53	5	72	9	47	80	19	65	75	58	25	61	38	74	41	35	39	69	54	18	45	77	11	26	
49	39	55	44	38	24	13	28	83	89	29	25	7	98	64	2	97	91	84	24	67	75	5	27	85	67	71	75	24	33	96	89	98	72	89	10	94	61	22	96	
15	63	35	11	81	40	95	18	73	49	25	96	7	2	79	66	57	13	49	43	2	74	5	7	32	27	15	30	50	13	98	95	54	43	7	21	90	99	22	48	
14	62	47	77	74	35	5	46	53	93	64	96	79	8	93	66	31	84	69	93	79	44	11	47	45	37	33	96	70	41	6	86	15	11	78	93	54	76	23	67	
13	94	71	90	76	7	77	12	60	70	20	19	24	42	26	80	71	53	81	60	70	99	57	82	64	17	75	8	91	47	79	37	15	91	1	65	24	17	18	49	
77	54	61	61	85	12	14	31	57	92	95	16	54	80	43	43	39	50	19	16	98	88	20	71	76	61	58	40	67	54	30	40	29	55	12	7	34	80	47	46	
62	50	96	52	99	60	76	34	5	24	16	43	49	62	91	94	54	71	28	21	65	3	79	3	49	33	18	72	99	95	96	76	88	19	78	39	97	83	26	78	
14	98	3	51	82	51	42	38	42	85	70	94	92	21	86	15	61	95	52	12	79	25	39	83	75	85	17	32	54	67	10	58	11	77	39	33	2	58	23	42	
76	65	21	31	37	33	19	13	80	94	16	8	33	56	50	36	4	32	61	66	90	98	98	12	29	13	13	14	73	6	86	52	30	65	92	83	1	37	97	87	
7	29	33	79	84	96	7	9	88	38	36	61	38	34	14	36	89	97	39	54	30	37	84	24	15	36	75	87	98	1	95	90	31	41	56	75	22	74	88	86	
89	74	47	20	46	99	29	86	3	73	58	43	65	15	73	21	83	22	36	61	61	59	37	31	35	18	65	80	98	39	76	60	1	12	71	26	77	93	70	74	
67	26	37	7	39	25	10	13	26	65	17	7	32	22	98	74	87	95	65	8	29	60	53	31	59	12	66	47	7	84	12	70	74	87	70	2	75	69	51	78	
71	3	37	8	70	65	7	45	46	51	89	8	95	25	3	4	39	34	64	35	25	9	83	3	99	34	77	18	60	73	57	5	90	65	92	31	47	39	40	26	
58	10	95	61	40	45	10	96	52	34	73	22	35	77	65	56	11	87	7	78	46	81	90	84	90	79	56	26	49	61	30	55	60	40	69	83	73	49	62	30	
53	60	81	24	57	66	86	76	64	15	31	38	48	60	13	21	18	69	76	26	76	21	58	32	78	58	23	20	67	88	49	37	32	57	49	41	22	27	32	64	
5	29	51	86	46	92	89	23	58	50	79	46	44	77	57	11	27	24	93	50	58	32	59	54	19	66	16	54	76	77	35	77	65	87	92	44	83	86	84	8	
37	37	66	84	79	60	14	5	10	42	48	88	47	72	85	29	84	23	96	28	81	7	82	35	70	93	11	65	68	66	68	2	20	37	18	22	25	68	63	85	
19	63	76	79	98	20	21	16	37	58	83	11	11	76	10	12	32	96	83	36	71	79	8	37	8	53	86	22	38	72	95	81	36	85	98	2	41	6	60	75	
24	96	46	31	53	17	9	39	50	88	18	77	29	91	74	55	44	85	6	32	89	14	48	78	32	48	57	65	67	82	1	79	33	62	28	4	12	27	18	9	
17	10	47	40	42	91	41	5	10	28	84	81	63	2	15	23	66	40	25	16	36	22	39	5	89	69	51	23	3	79	30	68	11	45	31	12	73	83	80	42	
26	70	6	81	57	19	37	16	89	91	99	28	65	16	76	36	58	32	15	69	57	14	88	25	99	23	55	9	51	97	68	32	52	96	33	29	85	15	10	18	
38	79	5	13	42	77	13	68	43	57	93	2	20	43	89	42	42	19	32	82	67	81	81	47	85	86	4	99	75	14	78	46	39	29	91	12	16	40	51	2	
87	48	38	67	49	49	79	42	84	53	2	16	79	3	98	66	64	17	32	55	66	5	42	76	10	6	38	1	98	57	95	44	74	1	75	90	19	83	57	3	
62	91	30	27	6	49	1	77	66	57	9	40	14	53	49	44	54	25	48	86	67	2	53	15	23	11	13	83	15	68	72	63	99	46	8	64	31	31	68	77	
6	74	4	79	86	88	1	38	66	44	53	12	64	67	30	36	94	66	29	37	39	97	26	19	12	71	56	11	5	76	84	69	37	30	58	82	68	17	48	9	
31	66	9	48	95	70	35	41	88	51	81	28	6	33	71	22	99	70	19	79	37	35	34	63	56	79	95	41	56	10	96	62	19	43	99	3	29	43	79	69	
43	45	6	14	45	9	14	84	56	88	68	20	7	76	4	79	93	75	13	30	61	11	99	64	92	67	36	15	97	42	74	70	36	21	12	36	1	29	9	73	
62	19	4	13	54	91	81	45	24	66	83	8	9	34	67	38	2	79	55	56	1	42	35	98	82	51	87	19	28	67	65	16	87	99	50	70	82	90	57	93	
55	92	58	14	38	64	55	62	86	64	20	32	99	38	75	19	40	99	96	69	1	68	41	96	91	12	59	40	60	4	21	68	40	93	64	71	3	55	75	75	
74	53	21	80	19	46	14	2	3	28	78	76	2	46	48	58	23	85	10	99	22	81	64	19	66	3	5	86	69	32	88	75	84	21	74	70	49	3	66	26	
3	90	51	13	33	86	49	99	17	93	5	61	62	96	84	5	62	48	61	47	21	89	8	14	24	88	23	6	44	64	54	79	14	39	8	33	6	44	57	78	
2	54	78	70	44	40	74	90	94	53	88	27	51	94	99	3	86	24	38	24	22	8	98	57	49	21	19	75	50	45	39	12	91	33	86	5	90	23	32	50	
71	37	23	79	71	81	78	13	58	38	14	91	63	30	23	60	57	77	30	61	6	85	11	71	91	37	14	72	91	79	57	66	37	16	71	41	5	56	14	70	
13	87	74	12	15	48	51	2	29	45	66	94	29	30	42	88	94	23	72	19	1	60	48	27	76	97	22	32	89	96	24	61	13	74	68	19	87	1	10	97	
93	57	26	61	90	18	52	53	83	89	99	20	33	39	10	31	12	87	38	56	76	48	80	28	12	48	73	80	54	45	27	75	19	42	85	30	73	53	14	12	
30	83	60	82	71	9	43	81	7	87	58	98	32	28	6	70	49	1	89	95	53	59	32	68	13	21	98	53	75	15	50	69	94	94	44	49	60	83	54	92	
63	91	98	28	36	24	74	48	55	69	48	98	87	43	54	19	20	14	93	67	9	50	36	87	26	58	68	94	10	96	50	85	22	91	53	95	83	93	13	77	
50	40	4	54	23	15	28	75	27	34	77	87	99	76	97	86	64	57	78	26	92	3	38	86	61	74	90	35	81	64	96	32	42	39	38	61	90	14	85	96	
57	89	33	16	87	82	15	45	37	17	43	82	45	75	28	34	2	21	57	63	52	36	56	44	28	43	60	51	83	99	64	46	74	86	19	36	28	26	15	98	
60	10	60	38	70	10	32	70	99	8	74	81	32	74	70	3	93	70	7	88	60	52	99	98	81	23	70	13	87	37	80	41	41	53	54	96	34	21	62	48	
53	9	42	70	71	21	73	57	16	85	39	70	45	72	31	33	20	94	1	95	50	13	44	24	74	9	74	98	64	45	33	28	98	89	35	96	34	84	47	11	
59	99	44	25	23	79	98	40	68	92	98	17	12	23	90	56	43	85	96	14	55	37	60	76	10	15	7	8	98	43	28	29	75	67	38	17	45	16	44	15	
49	1	29	91	81	9	55	5	22	36	26	47	65	72	63	69	2	42	84	35	59	48	2	31	9	90	63	41	26	41	11	61	19	1	34	16	85	78	25	95	
71	59	91	34	16	49	59	88	28	25	74	91	20	19	7	96	90	15	86	25	45	38	44	92	76	69	32	69	62	14	40	11	44	97	49	46	92	81	69	27	
79	12	57	74	3	47	33	62	42	31	3	31	45	7	90	28	58	76	19	18	63	64	91	91	79	42	83	84	45	9	16	82	88	48	93	64	41	91	22	23	
72	77	34	51	32	71	96	94	40	90	65	5	55	51	20	35	7	26	2	84	87	87	23	60	25	71	16	21	85	84	65	30	80	34	28	14	78	73	14	30	
38	73	20	59	20	66	19	98	46	28	42	15	98	94	15	77	99	18	37	91	97	27	10	93	55	30	58	77	18	75	91	74	4	82	8	92	52	70	36	95	
3	75	66	76	20	28	21	54	59	18	45	4	54	91	51	81	72	37	27	36	50	61	84	81	32	70	30	1	59	96	65	97	75	38	64	3	57	7	67	21	
92	96	4	66	47	20	35	21	98	73	60	12	38	33	45	9	55	84	64	58	66	45	57	35	48	30	50	59	80	68	84	16	26	73	55	75	80	23	63	93	
89	3	14	65	9	15	31	23	43	69	65	27	9	89	12	94	95	14	68	48	25	72	5	84	24	66	17	5	72	85	84	42	88	33	66	86	54	51	97	99	
7	63	64	49	38	73	78	22	82	95	86	98	88	97	61	80	93	85	83	16	58	59	2	65	30	19	27	99	30	7	6	21	95	1	68	49	20	9	63	20	
62	26	1	77	34	44	88	64	77	38	25	49	83	67	69	20	35	59	28	59	54	64	15	76	97	10	62	37	32	79	18	50	74	3	33	81	86	30	23	7	
58	26	89	29	10	5	92	20	16	98	31	55	12	30	86	63	41	16	7	3	69	39	51	30	52	67	31	41	38	97	3	82	57	46	1	64	13	33	28	39	
72	27	22	11	49	30	86	89	90	39	39	21	39	12	20	37	14	9	71	21	43	6	66	77	38	91	60	45	81	88	84	8	95	79	15	79	78	8	77	67	
54	93	72	48	61	91	33	5	69	58	55	17	19	36	55	83	97	50	44	44	20	75	22	15	62	36	50	50	75	31	28	19	74	92	97	23	71	44	51	27	
17	94	11	57	49	88	13	3	77	5	6	18	44	67	53	4	41	24	92	42	79	84	7	72	36	39	81	70	21	3	87	51	44	42	92	5	81	85	82	41	
55	35	76	4	86	11	40	81	87	14	37	9	94	75	81	65	61	36	68	92	71	74	7	86	26	68	82	53	25	68	9	16	47	13	61	26	92	21	97	8	
49	21	4	36	88	30	26	43	13	79	77	79	2	34	24	98	29	87	88	30	55	97	41	50	11	10	46	86	23	82	93	2	60	8	37	44	93	96	11	57	
90	60	6	2	3	28	6	11	7	60	45	96	12	58	27	75	41	88	89	73	49	53	44	42	44	81	10	83	5	41	14	70	34	67	26	12	79	72	70	5	
3	89	14	45	96	50	18	32	71	10	28	57	61	58	20	64	14	94	24	38	83	53	8	48	24	82	88	48	54	53	90	18	50	26	82	2	77	98	64	66	
77	28	75	90	59	94	41	59	72	45	3	27	52	38	72	68	77	82	20	28	59	28	85	48	70	66	63	26	85	45	21	34	70	94	20	9	60	29	81	78	
10	75	1	99	2	27	87	14	51	42	23	55	42	23	30	49	73	49	99	8	16	53	41	96	3	54	29	31	94	99	64	31	6	73	94	38	81	67	32	77	
42	28	77	13	65	37	49	35	59	62	58	72	28	8	83	27	63	48	44	58	5	14	66	83	32	74	92	59	9	27	89	58	84	6	38	70	6	36	19	75	
17	35	32	77	44	12	6	1	84	14	86	73	49	50	14	58	44	55	26	11	64	97	44	64	53	32	38	77	52	60	67	97	24	46	41	12	53	90	67	7	
33	81	51	46	2	55	86	40	90	42	52	74	92	86	80	9	62	63	87	67	9	18	74	87	47	16	35	99	6	88	29	38	18	79	10	24	47	49	15	66	
8	3	59	65	2	26	86	17	63	48	71	56	94	85	71	90	43	13	85	95	17	71	54	95	85	29	12	39	85	20	79	35	22	53	56	29	63	64	51	18	
47	32	51	44	42	15	41	6	56	48	92	87	67	24	8	90	23	47	83	9	31	27	16	3	46	53	83	46	16	72	63	51	46	55	67	11	97	24	18	94	
21	80	83	98	1	51	55	40	54	49	26	30	14	1	8	81	84	9	6	29	59	41	16	63	29	52	35	22	21	2	87	72	59	13	13	80	24	80	64	68	
43	41	19	84	74	39	92	43	30	70	14	23	58	82	2	8	4	55	45	26	86	10	87	15	85	92	58	22	9	57	4	11	93	27	17	35	70	14	58	17	
64	34	26	7	41	27	16	48	19	90	66	51	83	77	7	55	98	16	27	41	90	48	45	6	48	7	51	29	72	65	45	87	58	42	88	91	2	27	54	52	
61	78	45	12	15	6	86	83	90	20	52	92	71	41	59	4	88	73	32	95	64	5	44	1	71	79	70	20	95	54	17	98	56	37	2	3	95	65	19	49	
40	90	93	59	13	42	21	61	33	16	43	47	46	11	97	59	52	80	71	70	45	2	1	73	69	77	35	4	58	97	46	56	16	56	38	60	44	79	6	42	
43	21	45	79	29	38	2	23	40	20	14	51	34	81	9	68	5	7	20	76	47	15	65	70	75	91	96	47	57	1	90	18	17	68	78	68	41	6	1	9	
60	23	51	5	13	27	43	86	4	30	8	63	21	97	23	13	64	19	9	3	8	74	53	70	91	32	55	76	23	7	94	93	31	56	59	8	93	91	8	35	
51	43	26	93	52	98	17	63	20	3	42	44	16	88	74	85	44	83	69	46	29	5	30	10	55	33	43	65	54	49	9	32	65	40	79	75	29	41	97	60	
66	53	86	20	67	52	36	61	89	88	85	5	29	30	9	50	29	13	32	21	36	92	53	2	9	10	48	3	51	17	66	96	16	28	62	14	9	95	20	98	
83	10	50	60	5	86	83	62	35	98	84	46	43	37	51	76	80	36	91	51	34	88	76	27	73	28	16	39	53	66	12	10	20	2	83	5	55	48	58	55	
44	41	83	49	47	18	13	95	18	98	43	77	8	91	32	63	29	1	17	44	76	35	98	15	30	19	83	15	91	58	87	91	20	33	40	67	79	88	49	8	
97	72	13	24	15	28	90	71	65	38	66	10	21	92	67	39	87	7	24	45	37	31	79	94	13	15	90	74	39	25	74	68	39	26	88	15	13	72	58	80	
51	77	87	49	88	48	7	18	4	8	54	38	33	49	91	45	60	72	99	73	86	23	5	42	94	26	34	56	72	69	95	73	46	1	33	9	50	32	10	94	
27	61	3	16	31	68	35	81	92	35	55	4	48	97	56	98	61	32	90	38	79	33	13	92	98	38	81	67	38	96	67	18	48	1	73	85	1	14	70	99	
27	80	75	34	13	85	47	19	71	1	73	33	34	49	73	38	45	62	38	37	47	13	74	47	94	52	46	35	22	79	12	52	70	28	3	69	36	43	96	89	
98	82	77	95	50	72	90	67	12	90	33	62	41	72	26	48	33	42	76	36	91	32	24	53	18	45	8	45	34	47	28	5	54	25	71	63	53	28	30	96	
15	89	25	21	42	86	20	93	70	87	99	42	18	7	23	69	55	43	85	30	89	95	62	67	88	68	4	59	87	14	9	98	58	66	97	22	41	88	54	67	
53	5	25	92	26	10	77	30	56	79	60	25	48	5	26	88	92	52	96	84	7	93	96	5	35	77	63	11	90	30	31	56	63	3	39	7	52	17	7	20	
82	55	80	66	21	13	43	86	94	7	51	28	81	6	13	4	28	22	59	61	8	84	50	59	27	87	5	86	49	76	80	81	88	20	22	20	80	77	44	86	
62	61	41	57	95	56	29	43	10	45	50	83	72	44	17	80	5	58	61	18	83	4	23	16	13	65	87	86	65	77	55	23	5	38	22	24	47	23	69	27	
39	39	26	18	32	24	35	33	99	11	26	70	34	86	8	80	87	31	6	98	78	11	10	37	65	55	21	64	48	52	9	18	66	37	5	40	93	57	12	37	
52	36	90	94	95	82	61	92	31	98	34	22	85	97	39	79	31	27	46	96	25	63	73	36	31	23	30	56	32	97	55	23	41	22	25	24	75	21	60	27	
51	99	52	56	18	76	77	7	27	62	79	19	17	43	41	60	60	22	72	7	83	20	74	24	85	49	74	76	95	97	33	15	46	6	71	31	68	7	60	84	
14	65	79	17	78	50	43	25	70	7	30	63	50	20	82	86	45	93	62	52	93	83	61	45	3	38	25	13	95	68	24	85	96	36	82	55	78	15	59	24	
69	93	24	33	98	11	90	62	14	30	86	32	19	16	76	67	94	61	75	96	24	63	8	90	15	69	1	84	97	34	22	11	50	46	7	54	56	28	14	10	
31	24	24	82	36	6	62	85	88	85	12	13	39	10	53	88	51	55	23	34	35	78	17	92	97	71	54	97	18	29	68	97	68	39	25	51	23	30	53	63	
36	65	49	24	90	49	99	75	23	79	14	21	98	86	79	37	84	23	69	66	42	88	71	99	43	33	20	70	72	41	37	22	81	4	28	26	94	43	91	55	
90	23	17	41	14	70	96	69	73	98	82	98	48	4	42	1	7	60	14	52	91	57	51	40	55	44	18	47	29	73	74	41	51	61	50	75	19	8	8	72	
16	43	50	64	25	90	2	91	51	69	87	94	99	70	85	53	79	80	13	48	37	42	94	51	41	67	8	85	67	52	4	86	51	45	54	65	20	85	72	70	
9	4	1	76	33	40	81	58	62	48	33	23	26	69	98	15	37	7	62	20	25	22	27	10	11	39	7	36	48	47	76	43	50	5	87	60	38	98	33	6	
5	29	28	97	65	99	38	67	53	43	61	5	73	9	71	99	11	5	41	46	86	52	41	25	83	5	59	90	80	46	83	6	92	51	71	33	92	94	62	51	
45	32	31	52	6	75	80	68	59	67	22	95	79	99	92	39	58	36	4	94	35	55	30	27	5	86	64	21	5	38	26	17	4	27	71	57	33	53	53	88	
53	96	37	18	31	6	59	14	61	23	87	84	92	68	19	94	6	54	35	85	66	33	81	26	61	75	61	96	76	44	36	89	79	9	4	80	12	10	71	87	
21	86	50	54	59	95	50	92	52	17	36	86	4	3	86	42	90	23	54	30	74	21	31	60	10	64	63	82	56	71	60	7	1	42	9	77	54	23	74	61	
87	82	49	13	9	91	96	42	2	6	81	99	76	26	88	44	11	70	84	55	63	69	60	23	7	2	59	16	9	1	93	2	45	7	80	89	36	63	72	7	
42	59	51	33	49	73	12	45	34	77	63	65	94	3	5	99	82	72	72	11	72	53	62	69	47	87	65	72	6	4	73	28	2	13	46	36	71	45	56	23	
21	83	22	9	77	91	30	5	12	55	94	85	4	73	86	78	5	69	63	50	2	17	61	2	8	90	30	1	35	95	27	98	4	30	9	17	1	75	75	15	
15	48	50	50	80	26	22	4	20	43	61	45	69	28	1	35	27	13	37	2	49	50	81	46	1	5	99	53	20	16	79	16	53	44	41	92	90	45	77	73	
80	43	72	13	23	82	57	41	63	94	82	94	35	1	31	1	23	40	94	15	54	92	82	98	28	30	42	86	38	35	13	77	66	50	37	40	37	47	96	42	
63	46	56	21	26	14	35	55	66	16	24	29	85	7	28	65	77	89	9	89	40	70	41	61	44	89	22	48	51	7	87	66	10	73	26	1	74	24	6	59	
21	53	41	58	61	79	59	22	79	1	70	39	28	96	25	28	70	33	21	88	69	68	99	51	26	78	34	40	42	36	9	20	60	23	28	98	92	53	24	86	
52	39	34	57	47	30	78	39	91	97	51	49	59	60	5	42	72	57	3	28	7	26	58	4	50	38	92	75	52	88	66	82	52	72	83	48	58	54	69	16	
43	44	62	48	53	27	76	90	52	2	26	34	60	40	23	33	47	57	70	50	81	69	38	40	73	65	78	98	34	27	15	34	48	79	25	38	46	38	87	58	
3	98	79	13	9	94	20	89	91	87	21	16	82	97	87	99	52	77	55	79	63	74	83	30	20	56	38	2	99	79	17	13	5	31	11	1	71	75	20	13	
18	76	33	97	23	95	67	8	60	64	27	44	47	93	98	94	60	72	30	58	37	60	39	30	75	76	48	16	83	39	45	98	48	22	20	56	32	8	32	21	
11	77	83	26	1	50	31	80	60	71	51	56	46	10	36	94	72	8	93	61	90	14	68	3	91	62	23	80	8	96	35	1	56	60	90	46	56	83	5	95	
99	41	81	79	79	74	87	97	91	93	27	22	57	97	16	36	48	84	10	96	7	46	33	18	86	55	91	5	55	99	96	7	48	15	27	43	54	25	76	39	
68	97	4	64	57	56	62	69	7	20	74	61	54	60	85	50	32	98	5	85	57	76	34	36	64	71	19	96	49	50	85	26	77	79	56	41	82	30	38	32	
45	44	37	65	37	63	51	86	60	22	28	56	35	63	95	68	95	35	17	21	10	59	2	73	31	91	94	83	36	26	21	9	31	80	45	29	6	1	92	18	
80	52	32	66	72	78	12	41	77	76	6	30	45	81	11	5	82	85	5	10	37	23	43	43	19	96	70	11	77	38	71	48	39	12	66	48	72	11	64	53	
37	10	96	71	26	69	3	51	23	6	48	17	17	70	87	37	55	3	16	97	30	59	52	85	22	18	56	18	47	19	86	59	86	94	30	25	89	91	67	51	
83	92	63	87	23	87	87	50	73	58	7	11	9	71	1	49	55	84	4	72	27	33	64	73	31	38	69	3	38	40	95	50	33	80	66	86	14	64	30	98	
95	66	95	5	20	98	85	63	2	19	88	92	52	53	34	66	63	89	8	50	34	25	82	3	80	3	50	61	66	60	52	58	36	75	64	65	36	89	75	61	
65	24	65	44	81	48	84	66	65	45	61	45	8	78	21	71	73	82	81	41	67	6	43	61	94	79	18	14	93	9	40	83	87	1	66	72	84	60	54	60	
7	46	75	99	51	52	9	27	98	44	6	40	21	2	44	98	62	17	89	2	91	45	53	80	51	41	98	6	45	99	36	93	47	81	23	58	22	18	44	44	
82	3	46	53	42	20	45	19	17	72	39	15	93	5	88	7	75	36	49	59	63	46	71	67	37	80	99	95	40	68	25	12	90	70	99	60	63	99	92	27	
29	75	52	70	28	15	20	28	20	70	77	25	51	53	56	42	14	22	31	23	92	16	54	21	25	55	41	21	28	53	79	88	55	2	42	20	87	24	26	17	
83	23	22	82	36	41	36	36	4	28	67	81	26	94	34	73	30	60	22	81	95	63	54	24	42	70	48	47	27	1	83	51	3	70	98	92	58	2	9	24	
24	67	86	47	55	56	69	78	87	83	69	67	40	81	15	14	25	49	36	69	68	33	74	21	56	82	97	97	72	98	23	41	79	53	93	28	57	76	64	52	
19	18	89	89	46	31	12	95	29	47	96	34	93	29	79	21	58	27	87	25	49	63	80	76	64	43	18	63	72	48	28	20	83	52	62	40	17	4	45	63	
67	21	51	25	54	20	81	55	64	62	11	83	70	99	32	81	60	42	17	28	8	84	68	13	81	70	46	94	65	62	69	72	44	73	44	56	59	53	65	33	
67	48	90	65	33	80	82	61	42	99	74	29	31	22	95	72	51	52	74	12	23	41	88	31	50	49	47	75	87	98	19	76	2	35	23	44	49	49	87	82	
70	10	1	4	77	15	24	46	70	71	57	33	32	44	59	10	65	43	59	64	78	47	28	10	37	70	82	78	44	20	54	66	95	12	33	25	42	38	64	89	
54	99	83	80	50	44	89	34	62	90	7	35	37	10	82	69	86	97	20	8	56	77	41	93	56	91	35	97	88	87	34	66	59	99	16	63	48	87	38	88	
98	76	39	35	31	16	74	97	99	53	61	57	39	74	57	2	82	79	96	60	43	78	49	48	80	35	95	70	12	86	16	16	22	27	36	43	94	17	94	44	
65	71	11	30	60	38	65	88	90	51	33	81	92	48	28	15	51	59	39	73	40	29	85	16	70	16	2	70	24	84	39	66	12	80	49	18	3	62	78	6	
88	29	89	66	93	52	89	51	43	24	40	28	47	67	61	45	69	63	69	61	78	10	3	32	6	5	34	89	60	13	61	67	71	77	35	50	63	67	57	55	
69	77	69	72	60	29	9	21	35	32	94	94	85	5	82	15	54	62	96	2	43	25	31	41	25	10	64	1	82	91	52	27	80	59	72	27	22	9	45	16	
72	33	63	80	32	3	77	94	4	68	48	90	75	6	54	54	21	82	3	22	97	41	1	77	65	8	72	95	87	74	39	60	72	19	86	60	72	54	88	62	
36	33	75	76	93	31	52	93	25	97	98	46	20	54	27	27	55	55	70	65	26	61	11	44	20	90	1	12	23	34	16	14	77	60	41	62	51	47	93	99	
87	4	27	42	23	89	60	98	16	29	41	5	22	76	32	14	85	93	72	43	65	35	65	55	88	52	84	34	14	71	4	75	49	92	91	10	43	25	30	29	
56	53	39	65	73	97	27	74	30	19	90	95	43	69	41	99	71	4	22	58	60	91	55	77	42	4	21	81	85	58	66	57	21	45	92	83	91	71	69	88	
4	3	73	43	68	72	49	67	67	6	47	89	85	64	73	23	83	20	71	23	14	10	1	36	95	19	9	75	4	17	86	75	44	25	64	94	12	98	97	85	
55	44	28	59	97	19	37	86	83	70	24	34	60	19	69	20	6	83	69	43	49	21	56	14	79	14	34	87	13	21	96	91	55	2	11	85	18	52	74	99	
38	30	88	44	19	43	6	75	13	43	34	68	82	42	9	40	28	39	80	97	71	34	58	30	25	54	19	68	83	35	65	53	33	18	99	19	47	65	49	75	
21	97	38	19	71	10	25	47	93	21	26	28	54	54	94	52	60	75	50	88	45	4	42	92	46	98	20	55	69	83	36	99	70	42	93	43	98	23	38	86	
72	19	21	18	89	17	21	18	97	31	80	14	66	68	89	25	40	82	37	82	70	19	7	39	43	67	90	72	61	51	31	67	48	43	42	39	71	76	52	94	
12	86	63	91	25	10	41	13	69	25	66	64	2	13	5	87	57	57	93	21	68	33	41	58	94	45	93	94	59	10	6	57	19	97	25	52	15	75	84	76	
76	28	50	94	77	26	73	51	72	93	44	87	45	79	55	82	73	25	5	22	72	14	2	89	69	20	72	10	41	87	58	96	92	35	56	2	77	40	55	41	
85	53	61	51	30	70	14	23	35	25	31	90	97	4	60	82	57	1	86	60	26	36	51	9	39	41	78	48	44	56	98	77	34	8	41	74	75	56	5	21	
21	35	57	4	85	18	4	35	14	84	27	84	2	81	6	8	25	79	39	27	84	97	51	87	93	22	53	6	48	59	72	74	61	88	92	95	49	13	56	52	
9	12	28	44	20	55	14	46	50	35	84	65	69	7	62	7	79	60	48	70	30	69	11	39	72	67	71	35	66	66	42	50	52	16	99	84	41	57	20	32	
3	33	91	21	33	44	84	79	45	79	49	82	14	48	63	30	63	94	58	23	80	75	89	51	91	28	33	32	44	61	21	36	59	48	59	88	76	95	68	55	
83	32	57	35	10	28	28	19	30	41	42	91	95	60	27	83	16	73	89	98	18	9	64	82	85	96	16	92	61	63	68	94	28	66	52	6	41	12	53	35	
57	23	38	10	84	57	83	86	51	72	13	78	68	12	50	55	37	42	15	89	15	70	42	63	48	25	86	53	44	70	39	65	22	1	89	75	79	26	91	5	
62	42	20	47	14	52	27	95	58	94	38	72	29	61	46	36	55	48	92	22	69	47	36	55	86	81	64	21	79	46	84	92	55	92	5	62	88	84	98	3	
82	6	91	62	58	1	39	94	98	68	77	37	82	55	49	9	4	15	58	11	47	17	95	12	73	31	39	68	39	31	19	33	31	77	10	18	23	73	81	31	
65	16	25	6	63	78	31	86	15	1	93	44	8	57	63	30	99	59	68	88	27	85	92	2	17	52	52	28	7	82	36	41	84	15	96	20	5	71	89	6	
52	78	19	51	54	9	24	25	56	74	19	31	27	12	78	82	39	21	7	13	56	56	66	32	22	85	29	53	14	56	81	44	35	37	9	94	38	30	17	80	
4	69	90	85	28	44	82	4	87	18	86	29	83	37	36	17	82	43	36	62	12	28	17	37	73	9	66	70	80	4	84	90	43	33	59	26	35	87	67	55	
42	25	32	63	64	92	15	18	13	98	9	88	35	52	56	74	63	72	19	9	63	29	68	54	12	47	80	8	64	17	43	81	69	66	9	37	39	10	68	62	
93	57	14	52	31	62	12	7	94	51	21	71	33	28	13	80	89	90	83	69	47	75	73	88	25	15	10	2	10	92	67	89	50	20	94	59	65	65	49	43	
41	14	55	52	1	43	63	84	92	38	75	34	30	81	72	36	57	85	56	46	46	69	84	43	43	84	71	97	16	36	81	48	69	73	29	78	41	35	67	91	
78	58	40	5	72	19	9	44	98	41	94	86	78	87	91	75	73	41	41	38	72	20	77	45	34	91	76	12	92	86	73	31	41	15	36	69	48	44	97	90	
75	88	95	75	4	14	62	48	81	78	76	34	41	34	56	15	77	71	59	44	60	99	33	44	17	69	1	97	44	84	11	10	97	79	60	98	82	36	75	29	
45	78	27	23	43	64	86	97	34	63	65	3	9	98	96	76	77	75	47	42	63	35	68	95	70	12	14	72	37	63	7	93	83	19	20	24	11	68	91	89	
23	63	8	44	70	26	18	84	36	83	65	39	20	64	42	97	82	29	9	46	57	22	36	26	54	72	58	38	93	73	44	44	56	11	28	62	40	44	53	31	
45	40	21	8	46	10	58	25	15	19	25	4	94	62	44	19	52	8	20	50	52	75	70	75	34	92	94	79	77	39	58	85	94	85	57	47	84	77	90	44	
37	16	67	61	65	52	14	70	13	89	63	29	63	44	45	54	44	40	99	54	6	13	90	27	14	57	92	44	93	46	67	78	8	98	68	66	51	82	28	89	
11	74	19	25	17	16	96	6	64	29	64	75	12	91	12	42	72	86	24	63	46	64	67	11	72	90	86	1	94	60	73	89	60	19	96	71	17	1	6	19	
61	81	36	67	47	19	81	25	77	99	23	55	27	51	22	80	69	62	8	78	5	18	36	95	12	72	82	83	82	76	4	36	92	66	88	84	28	59	63	76	
76	19	39	53	38	94	12	85	24	28	44	47	54	5	6	37	58	78	38	61	44	92	72	58	2	94	21	15	34	1	21	8	56	63	97	72	91	54	70	80	
49	48	33	86	79	91	72	52	30	78	4	86	50	68	46	45	23	24	61	81	8	46	22	35	41	44	2	10	18	59	84	79	50	28	40	9	82	68	27	88	
96	8	93	23	60	93	12	15	79	57	61	37	58	23	32	84	94	70	28	47	59	10	88	53	20	19	57	59	26	47	63	99	66	97	99	18	49	28	6	41	
84	45	3	68	55	77	22	88	21	45	34	49	70	75	73	31	38	17	3	17	40	59	77	48	87	73	90	3	5	2	18	56	38	79	90	94	37	75	61	88	
61	68	50	60	24	97	76	98	76	62	20	92	17	56	63	3	46	58	12	89	31	16	88	52	30	99	58	70	3	5	23	34	98	33	84	12	4	86	90	1	
95	44	81	29	14	11	22	42	69	67	84	74	42	41	10	77	41	90	66	78	15	72	80	79	51	30	24	16	9	24	58	40	44	92	84	5	52	15	50	52	
21	13	8	37	71	19	26	37	40	81	98	39	3	6	9	91	80	43	28	67	51	60	74	76	60	84	53	28	16	80	51	25	5	3	55	37	62	60	31	95	
82	47	70	2	58	53	85	42	84	52	35	43	59	18	84	28	70	45	40	41	55	42	27	62	65	40	79	19	74	47	73	74	17	9	19	50	38	82	88	10	
99	33	61	5	71	88	86	69	89	40	21	21	82	52	81	73	83	23	8	12	80	33	51	53	77	32	11	2	60	82	99	83	4	56	95	95	45	35	29	36	
26	84	1	72	76	84	21	74	80	44	44	23	67	38	13	70	89	27	39	6	12	61	97	58	13	87	8	42	48	89	15	18	71	35	10	39	75	33	52	89	
18	92	70	47	35	57	62	20	66	50	22	44	40	49	68	38	80	89	41	53	64	55	93	64	9	97	6	93	87	12	85	52	92	53	44	59	1	53	50	56	
12	4	5	31	57	94	94	34	1	19	17	21	89	5	70	83	13	20	71	41	81	56	30	2	45	4	98	17	92	58	83	88	17	35	59	16	39	67	63	65	
7	26	32	19	36	82	2	38	43	97	18	23	90	21	98	87	52	20	46	61	53	77	17	86	63	35	84	77	27	58	63	58	71	59	60	7	29	2	92	52	
51	69	82	9	12	81	5	63	30	71	72	18	41	84	58	77	21	41	7	30	26	76	83	48	5	60	53	24	8	47	3	6	75	22	27	6	8	32	64	93	
34	23	42	91	27	23	68	44	47	38	76	21	3	54	14	77	57	68	38	93	25	73	43	37	45	84	44	50	4	89	92	50	59	36	95	73	96	9	56	29	
92	52	71	27	92	42	48	96	17	17	18	21	49	5	73	41	77	34	48	13	88	90	9	12	39	66	50	35	49	26	85	33	92	57	98	62	90	11	79	63	
14	33	72	95	61	37	8	74	80	90	82	96	18	90	33	65	47	65	97	32	97	30	70	13	74	72	86	69	57	52	5	44	14	41	60	89	57	36	12	46	
48	22	18	38	8	67	86	7	93	78	11	2	71	47	76	84	53	61	96	28	19	78	21	12	23	60	13	57	46	36	2	27	66	38	50	6	41	17	92	38	
31	48	34	66	11	72	20	22	33	35	10	46	64	22	26	49	88	6	41	34	53	44	44	43	9	96	2	1	63	57	75	69	49	12	91	28	71	73	69	55	
8	46	40	68	45	34	21	45	93	86	31	42	14	36	60	80	39	1	23	59	85	26	61	19	75	2	83	73	24	84	47	73	59	95	24	70	79	89	8	95	
61	8	46	83	81	60	20	82	9	97	88	48	80	81	77	14	79	46	85	72	51	15	23	24	59	29	26	60	48	80	89	8	56	70	27	44	22	31	47	49	
58	80	3	66	87	2	54	86	67	67	51	77	52	40	22	12	69	36	37	80	96	21	72	93	77	70	87	92	15	38	14	39	19	87	92	47	8	85	22	80	
85	83	9	23	38	9	18	98	38	54	73	5	34	44	61	73	67	97	22	79	54	38	48	68	9	2	15	57	9	52	13	44	20	10	65	26	36	38	37	5	
5	63	80	41	34	4	65	75	5	40	99	40	48	59	26	11	37	53	52	94	20	41	61	34	93	53	4	87	85	16	59	8	97	90	28	28	33	75	94	37	
10	77	66	89	19	99	77	99	1	16	12	90	36	11	3	18	71	20	82	91	40	2	13	45	32	9	13	39	33	54	60	1	39	87	45	30	3	28	81	24	
86	9	31	9	15	41	73	66	55	9	38	4	68	23	79	10	16	34	59	80	1	53	74	20	90	44	33	42	50	83	71	32	69	96	70	48	80	34	14	61	
85	14	81	72	53	79	90	52	42	28	17	89	63	10	53	53	98	13	8	91	25	74	30	28	15	90	19	36	18	9	62	90	44	27	3	30	91	41	33	82	
96	1	62	38	17	79	11	69	40	57	20	27	6	81	92	75	74	46	90	37	79	7	61	52	51	34	66	91	91	46	41	68	52	5	99	31	17	37	65	42	
29	36	98	79	85	53	46	96	93	63	29	45	77	88	54	49	63	14	16	54	79	6	3	34	69	37	58	4	86	79	36	56	18	3	50	62	69	12	29	68	
2	87	1	90	93	36	86	92	79	44	67	97	93	99	56	62	2	43	94	26	12	23	44	1	98	5	55	72	79	45	30	29	21	13	1	32	68	51	4	5	
36	95	18	84	86	79	93	94	88	11	92	1	42	6	11	76	4	88	72	88	50	16	91	72	60	73	51	64	10	56	54	11	10	36	39	61	25	64	56	28	
58	75	60	63	90	83	60	88	3	91	37	74	30	54	7	50	19	52	98	15	88	92	87	48	15	27	78	57	89	47	38	19	31	16	34	82	37	35	19	52	
6	50	60	73	81	61	19	73	85	77	18	43	40	24	55	59	6	26	60	83	75	88	83	82	14	58	77	58	22	57	13	89	60	93	30	15	81	11	26	10	
36	20	10	40	63	33	11	95	74	86	87	34	90	21	90	88	3	72	78	24	52	69	70	30	54	48	12	9	21	42	73	85	37	99	3	32	22	23	6	16	
54	55	37	85	58	46	8	69	83	74	54	47	97	9	21	12	16	33	46	49	5	69	62	82	44	79	50	76	41	18	98	85	16	76	63	97	17	36	34	10	
31	24	47	26	92	36	97	80	9	65	50	11	52	74	42	44	2	66	33	64	15	61	46	81	69	88	97	15	15	35	22	57	9	29	25	94	36	28	33	89	
38	56	20	54	96	11	17	68	42	17	58	20	96	18	7	85	64	25	47	61	20	55	73	13	70	39	83	16	89	85	62	1	49	13	24	22	84	2	38	12	
87	28	59	97	7	72	41	86	89	17	96	46	10	80	44	38	56	53	46	88	80	29	21	82	23	36	12	37	77	40	13	89	50	46	97	88	28	29	12	83	
71	87	7	59	77	63	41	53	98	13	59	43	97	96	47	11	82	24	7	8	51	89	97	75	30	59	59	14	9	14	81	81	77	57	15	75	32	30	20	32	
17	5	99	43	97	50	80	72	89	69	9	24	93	85	2	97	18	4	57	28	60	72	17	94	12	41	34	51	92	72	90	12	21	63	69	84	98	69	62	59	
42	60	96	60	10	33	83	47	90	60	32	20	58	69	83	45	21	49	56	27	96	57	16	82	8	65	95	97	81	56	34	70	80	79	22	71	17	5	57	67	
17	55	51	9	43	91	50	61	87	88	46	24	92	19	7	93	65	35	33	42	95	32	41	16	83	5	17	96	45	47	84	63	52	57	7	49	17	46	86	79	
34	60	49	48	43	62	27	55	69	40	64	14	50	38	28	10	67	12	86	57	42	75	79	96	44	85	19	25	48	59	64	46	23	60	85	87	28	62	92	32	
85	96	96	41	20	36	43	77	89	68	15	57	65	76	11	87	27	99	33	57	70	78	56	13	54	80	50	12	37	67	70	46	68	62	64	82	45	8	35	49	
44	39	63	85	89	4	94	12	24	9	23	96	77	70	38	40	69	8	18	76	77	91	80	79	61	42	29	31	28	57	53	65	66	84	66	11	4	86	1	5	
48	63	87	29	31	24	84	96	45	25	38	17	67	22	91	71	96	86	78	15	35	7	50	72	30	59	37	86	8	20	51	60	3	62	53	69	53	45	74	59	
2	11	36	52	42	16	27	19	95	90	27	90	98	98	80	26	46	14	67	48	18	71	17	29	77	48	72	69	34	64	85	10	94	36	17	84	49	99	58	76	
69	95	15	51	14	97	96	87	68	93	21	14	65	78	24	19	53	9	25	12	26	30	1	42	22	71	58	99	51	71	13	55	17	87	10	20	38	87	58	30	
86	40	42	85	92	48	47	95	98	78	15	12	43	10	1	54	17	79	17	65	23	98	64	27	28	96	6	54	97	71	22	31	30	90	49	47	59	58	14	84	
72	37	74	19	68	94	70	55	54	19	25	30	54	21	44	20	79	99	24	44	77	74	47	75	68	74	39	65	36	58	3	67	22	7	64	13	44	92	94	58	
48	45	92	29	51	44	29	19	40	20	10	13	30	41	95	58	10	20	83	90	11	66	45	84	83	58	67	10	79	35	61	87	51	7	5	78	31	49	51	67	
63	23	37	16	70	36	30	82	99	50	32	54	81	70	22	32	83	7	97	56	48	70	59	73	53	50	23	76	26	83	94	68	94	22	8	41	78	46	16	56	
25	81	9	72	65	31	67	66	35	12	93	32	85	71	77	55	86	14	87	5	82	67	91	80	70	74	47	10	97	76	18	97	12	27	18	43	87	77	66	1	
42	79	18	48	92	28	8	78	20	34	14	29	61	90	30	20	11	84	9	76	37	52	5	32	22	95	37	47	93	9	56	5	97	60	64	52	34	50	45	98	
62	42	92	94	36	14	46	62	30	1	72	28	66	20	44	92	61	90	21	49	38	95	25	10	83	49	50	22	38	71	83	75	61	64	93	34	95	65	30	41	
28	15	45	83	22	47	8	20	70	11	3	94	92	77	12	1	69	89	21	67	98	41	19	81	4	21	61	59	44	47	21	46	95	68	59	96	5	20	67	63	
30	49	90	14	41	67	9	22	17	67	47	34	72	34	49	92	15	30	17	66	95	30	13	26	13	44	74	51	77	45	97	79	62	97	68	19	82	44	58	76	
74	15	26	96	79	41	75	94	61	4	60	34	83	55	47	86	47	73	76	65	68	52	73	32	26	39	97	5	30	61	55	25	78	10	83	66	6	75	97	81	
45	49	64	23	51	34	21	91	57	29	79	91	70	87	71	93	20	54	18	49	11	38	45	83	58	73	69	84	1	69	19	53	11	69	81	78	57	48	80	64	
88	33	22	12	39	20	69	44	80	19	42	13	64	68	27	30	28	74	62	27	76	76	44	20	40	61	40	27	74	51	24	82	76	51	68	43	94	37	49	72	
85	4	63	39	46	15	48	95	93	27	64	2	11	71	77	98	53	20	43	78	91	63	3	84	47	93	13	36	21	48	91	72	51	73	48	54	26	8	12	73	
50	88	9	48	45	48	27	12	12	33	73	25	8	79	16	66	13	16	73	71	67	83	80	48	31	90	40	68	86	52	67	12	79	63	50	41	84	20	3	93	
14	84	86	44	39	61	19	79	77	22	96	64	45	90	98	11	19	13	61	71	24	21	21	19	55	2	74	87	97	21	15	83	98	54	19	92	15	43	16	36	
32	56	53	63	32	41	34	80	48	89	10	40	51	58	28	58	38	96	91	25	20	8	74	30	43	17	79	12	78	29	61	4	58	13	42	48	66	24	74	83	
90	70	58	32	92	76	93	52	78	89	37	26	48	54	95	88	64	42	56	25	85	91	65	10	26	28	88	33	55	49	9	54	57	97	57	85	87	60	78	82	
16	64	76	96	42	57	93	22	18	95	13	41	10	76	86	39	93	85	45	64	66	48	29	35	98	8	34	26	89	65	90	85	79	52	97	73	30	31	86	4	
97	37	89	47	35	97	35	32	10	13	89	20	31	72	26	76	4	35	93	57	66	15	93	59	86	28	19	26	1	14	90	11	38	23	4	18	61	41	73	89	
13	84	26	12	48	92	95	37	99	9	15	70	98	5	1	56	43	14	82	59	8	59	27	31	11	5	49	7	2	60	17	70	27	18	86	85	77	99	33	82	
55	51	55	35	83	2	75	89	46	76	58	9	68	47	17	60	29	29	95	52	85	82	31	88	68	77	30	18	44	7	34	86	76	82	47	8	29	39	35	27	
80	27	42	43	65	72	83	1	42	37	89	75	52	4	31	18	41	73	39	20	37	46	99	31	9	17	3	24	59	25	47	95	19	23	58	64	45	54	51	62	
41	65	55	80	59	88	88	89	39	59	26	34	9	69	29	5	35	64	6	4	13	35	32	82	26	65	54	6	17	28	46	63	55	48	90	52	74	75	21	92	
45	37	29	37	76	50	25	5	81	29	21	51	40	16	59	30	52	4	8	36	55	54	95	30	52	12	73	61	84	70	3	73	31	50	12	36	23	81	89	37	
8	13	87	51	9	84	53	37	39	30	20	55	97	10	30	96	38	80	56	60	84	50	55	38	55	89	64	73	90	76	29	14	18	11	22	72	97	28	86	64	
18	82	21	96	47	93	79	5	60	71	68	82	88	63	54	47	70	91	5	25	90	69	49	56	52	14	17	66	2	6	86	27	7	46	65	24	69	25	75	4	
4	98	17	46	22	27	27	23	13	38	77	95	96	15	59	92	89	9	41	66	27	43	29	99	14	47	36	38	95	43	54	51	92	72	82	53	25	29	50	41	
12	55	52	26	44	86	68	58	49	77	41	89	98	40	44	14	37	63	42	69	19	8	50	12	90	95	26	84	51	29	54	40	83	14	27	89	36	78	87	98	
88	95	40	37	50	64	11	60	62	11	19	82	98	97	99	59	98	67	81	9	69	54	21	11	35	33	24	91	38	8	30	64	5	37	35	90	33	56	63	85	
65	57	28	73	57	15	42	74	61	84	63	72	61	4	82	7	59	74	93	69	78	9	11	16	35	68	3	15	12	23	83	95	11	11	57	73	81	79	17	45	
56	37	59	10	25	49	23	37	42	45	14	96	52	37	44	21	53	52	95	58	65	46	7	53	52	28	22	43	22	31	67	68	4	9	34	33	68	28	78	68	
56	99	87	75	16	68	50	54	74	48	42	52	84	73	20	80	32	10	64	80	93	32	36	48	64	82	31	41	18	50	38	26	63	36	44	43	92	99	46	98	
50	10	47	10	76	27	61	54	82	2	52	12	74	63	67	96	33	33	67	15	12	97	38	92	16	96	40	69	67	47	53	46	74	83	92	29	62	96	22	13	
25	95	79	98	8	26	9	34	48	33	40	15	2	20	70	8	52	73	58	56	89	47	93	95	78	17	37	88	77	42	41	51	67	28	69	36	1	44	8	86	
85	49	19	88	55	37	77	71	4	97	9	40	73	59	90	52	31	46	16	50	68	95	13	20	10	80	68	49	24	59	14	91	60	43	53	65	53	42	53	38	
87	51	28	87	97	58	71	31	43	9	40	59	99	58	81	29	40	81	51	97	13	33	77	91	25	71	66	55	89	96	42	24	12	59	77	2	5	44	60	55	
63	33	97	44	47	2	43	48	35	4	18	74	66	50	53	37	74	88	62	53	74	31	42	98	73	90	47	14	98	34	88	53	78	46	53	15	2	68	45	3	
61	64	97	5	48	13	93	88	40	42	17	36	30	48	1	92	56	61	52	92	52	66	84	64	15	67	48	65	69	70	87	74	74	27	43	47	84	46	56	11	
92	75	84	63	92	20	18	93	37	34	37	35	97	99	79	33	39	13	99	71	69	89	21	7	17	1	35	90	66	91	96	79	43	27	96	78	15	90	45	47	
78	13	67	75	34	15	8	13	56	94	3	92	33	79	47	97	24	38	82	59	51	16	74	77	40	31	62	7	60	72	86	56	34	50	41	78	24	10	4	66	
9	19	29	70	9	64	20	5	16	40	17	10	56	2	50	93	72	17	63	56	9	49	95	80	45	43	80	41	93	5	5	61	81	87	24	31	57	37	45	42	
6	51	99	32	66	56	87	27	68	9	62	19	54	73	79	39	42	34	32	93	33	39	46	74	93	98	14	79	54	60	80	82	94	59	18	47	28	3	47	82	
92	27	95	68	4	70	95	10	46	10	72	1	98	74	69	91	9	43	97	9	88	70	33	57	69	2	84	11	53	87	96	74	51	87	76	60	77	35	53	26	
66	5	4	57	7	90	15	5	26	12	52	89	64	70	63	53	11	58	40	10	19	75	2	25	89	99	96	36	12	30	13	79	99	94	53	93	41	89	25	14	
84	85	33	80	97	35	84	17	86	54	50	64	62	55	32	61	90	69	23	17	56	92	88	21	34	5	76	71	49	90	44	28	62	43	68	18	22	11	58	53	
52	61	10	29	89	30	55	22	77	99	97	8	74	26	42	57	45	4	54	84	40	38	19	62	77	59	66	25	81	13	99	22	54	95	37	87	67	30	44	51	
12	84	43	97	44	8	90	54	99	5	95	60	90	91	94	40	85	2	10	6	36	26	75	44	27	20	78	61	28	99	72	2	95	18	53	57	56	81	2	36	
50	68	34	60	38	35	21	93	81	37	59	48	60	7	4	96	95	40	7	2	67	7	14	34	66	85	4	39	17	66	92	83	42	98	31	76	87	69	49	63	
1	24	50	21	41	81	53	14	71	9	23	91	45	40	44	17	5	70	42	80	46	46	35	35	7	46	74	36	4	20	30	94	17	18	96	76	80	47	46	89	
57	24	50	49	85	8	42	26	29	50	96	2	77	79	50	88	65	6	78	95	19	27	17	43	41	68	87	53	94	70	54	74	44	28	44	26	77	37	86	46	
95	98	69	3	59	93	11	96	29	17	83	48	28	56	66	72	27	22	90	66	13	89	3	76	13	10	81	2	72	77	57	67	1	83	40	70	53	84	43	74	
97	68	57	19	90	90	34	52	63	19	46	20	79	11	66	62	32	3	68	95	86	97	39	90	80	68	64	71	35	22	23	90	59	89	94	63	30	34	77	61	
81	96	75	96	52	13	72	56	60	86	37	54	2	86	13	23	8	12	75	56	95	42	78	72	93	57	14	71	34	12	57	85	50	86	73	63	5	45	1	39	
44	84	48	59	60	55	67	78	96	70	82	58	39	55	89	8	65	93	64	67	53	68	35	20	76	15	13	70	22	24	80	52	21	66	84	25	71	31	87	81	
99	90	70	93	83	38	87	39	31	65	18	6	4	68	73	65	7	5	43	50	5	39	94	92	15	47	58	98	9	66	62	63	9	20	2	62	60	42	54	68	
36	85	75	75	64	97	36	32	29	73	89	18	66	51	77	16	42	87	10	60	7	31	82	60	53	97	16	44	18	84	26	54	14	13	64	97	79	61	89	38	
67	34	53	71	36	87	12	35	6	91	2	22	68	17	40	21	4	58	28	6	15	56	87	15	88	48	37	26	56	85	2	7	84	94	15	92	57	50	37	21	
97	12	28	29	57	33	27	98	68	35	30	92	26	17	75	24	72	42	73	47	67	18	41	74	86	59	28	45	84	7	39	3	1	44	5	60	3	13	40	55	
94	52	90	37	40	96	80	16	65	87	80	81	47	23	79	79	14	26	25	74	89	1	59	67	84	29	78	26	96	7	74	61	70	33	54	50	60	95	42	79	
58	24	90	80	97	89	87	71	47	89	15	12	57	40	88	58	11	53	19	71	96	87	28	94	21	92	44	29	3	86	53	63	32	35	64	31	80	24	40	7	
9	39	81	67	85	8	70	78	26	49	25	71	23	47	2	39	11	44	56	52	98	10	56	75	52	51	86	50	26	53	13	50	57	59	86	38	87	54	98	87	
69	94	20	38	62	99	95	89	45	93	67	79	92	75	48	77	78	48	70	88	24	27	81	73	90	31	69	1	90	1	19	5	68	13	55	11	62	76	12	46	
66	46	28	57	43	67	75	92	57	44	55	31	32	12	26	56	47	29	43	16	35	41	30	4	38	69	9	66	36	32	56	19	55	98	66	13	23	37	36	1	
23	7	7	92	69	96	25	88	3	24	99	28	75	36	80	20	84	80	85	13	61	40	34	24	35	44	86	53	20	7	79	38	2	46	18	24	21	90	61	63	
74	82	7	62	81	19	71	44	2	3	14	90	80	92	53	85	65	71	69	74	34	69	9	2	7	18	7	7	36	23	18	85	16	66	9	29	37	92	55	24	
72	41	53	72	96	7	21	37	44	65	73	50	81	87	75	42	40	25	20	56	25	42	78	65	21	30	26	19	37	31	35	69	70	45	85	66	80	16	49	17	
12	4	32	39	91	96	85	72	94	14	28	20	65	20	30	23	23	28	56	7	94	76	66	42	55	8	22	11	65	74	50	74	45	63	56	82	7	97	94	60	
50	76	31	78	97	44	61	85	93	7	74	52	35	43	57	66	78	70	99	77	49	58	37	65	59	12	33	4	84	66	10	32	78	51	52	45	26	26	60	86	
45	8	30	92	96	16	66	23	78	18	81	70	93	62	25	53	12	17	27	11	95	47	91	72	37	20	45	65	20	97	20	69	25	71	50	53	33	49	2	49	
86	79	58	29	23	3	31	9	95	37	77	91	27	54	51	24	75	11	88	20	12	8	30	83	25	28	39	40	12	67	28	41	17	33	46	23	28	16	72	12	
46	29	3	21	77	73	49	86	29	97	85	20	97	29	87	87	71	8	76	40	15	65	56	53	78	98	88	56	63	58	71	49	34	43	95	52	60	58	2	17	