600
40
5	27	55	32	16	25	63	36	17	48	68	63	93	1	80	46	90	74	53	56	33	38	37	8	75	85	56	86	81	11	71	18	48	44	16	86	34	78	15	68	
61	65	23	67	85	67	40	40	62	75	93	55	52	50	1	37	52	41	37	67	32	84	87	58	15	89	44	20	41	56	87	84	93	4	67	57	87	83	50	10	
29	5	22	30	17	17	56	2	46	7	79	83	5	13	98	87	9	62	76	97	6	88	63	75	22	80	26	40	64	64	25	10	88	35	39	63	79	79	38	49	
33	49	44	32	22	94	43	87	71	57	24	69	10	73	74	95	38	56	48	51	46	44	77	97	77	34	19	22	4	45	28	84	78	77	21	41	69	52	61	47	
82	65	76	66	50	81	6	52	29	41	10	64	26	79	25	42	69	64	14	52	66	95	62	70	36	47	23	74	99	26	94	61	63	72	99	4	37	51	92	13	
66	86	17	82	62	47	83	19	79	83	53	86	62	78	27	28	47	59	93	27	26	76	86	36	70	58	35	78	95	93	23	3	13	92	96	43	76	42	73	10	
61	46	42	38	95	15	60	37	44	60	1	28	27	85	82	81	3	1	1	71	64	87	35	5	19	2	7	15	54	81	16	7	7	1	61	4	89	95	52	33	
48	41	38	37	47	55	29	20	96	69	92	45	94	85	21	60	26	4	30	1	46	3	32	8	47	90	71	62	76	81	45	11	69	38	27	49	91	8	73	76	
28	32	81	45	53	7	21	65	63	33	75	36	65	62	45	20	52	57	5	76	7	3	30	24	6	35	17	90	32	84	66	88	13	50	17	1	23	44	31	77	
48	68	80	89	89	38	82	58	32	34	75	91	41	61	53	80	45	57	80	22	5	49	57	98	4	83	22	23	96	57	94	12	89	36	7	61	61	28	69	43	
35	50	69	36	59	29	10	49	65	78	20	33	7	84	1	57	94	81	98	7	83	80	10	38	83	7	44	84	87	50	35	7	49	34	52	19	49	47	48	56	
32	17	61	51	2	93	49	25	17	94	26	28	7	14	24	87	15	94	8	28	38	43	9	85	1	4	65	34	18	29	67	84	1	35	60	34	18	2	60	67	
42	65	57	47	4	30	37	46	60	61	40	88	46	66	24	25	55	75	26	58	84	57	17	76	15	42	96	71	46	50	90	58	80	33	24	8	25	73	3	60	
80	13	10	99	11	97	12	79	19	62	29	51	80	83	1	30	9	91	78	87	42	5	98	81	81	31	34	34	36	55	21	33	31	1	14	26	94	38	9	10	
33	69	44	54	54	33	71	2	5	83	38	39	24	51	45	27	33	88	70	35	16	60	49	25	53	23	72	65	24	6	50	85	82	99	21	91	66	97	36	9	
13	62	36	15	76	91	93	92	63	31	94	2	57	42	91	54	77	21	36	48	89	42	73	82	87	49	80	71	91	43	50	21	35	17	60	37	46	54	6	83	
38	77	44	8	68	24	8	97	23	82	78	38	45	7	19	85	12	12	26	84	21	2	23	70	61	83	25	59	45	81	48	14	63	44	33	11	69	1	6	90	
1	40	2	31	10	80	27	88	52	75	34	3	57	78	14	44	67	43	67	71	49	42	86	5	83	41	51	50	97	38	46	24	7	72	34	57	66	64	41	90	
51	23	57	83	17	49	36	89	24	20	56	92	98	21	89	85	82	73	65	47	1	69	43	47	31	3	30	76	62	80	5	1	84	32	26	65	33	58	51	10	
86	85	84	75	96	25	28	93	82	44	20	9	43	1	59	70	47	98	72	85	7	69	63	34	69	78	48	68	50	21	75	66	1	57	70	7	11	79	72	73	
46	48	34	21	3	7	11	56	21	76	68	11	76	92	65	15	64	29	7	98	28	24	74	79	2	95	62	7	72	34	96	78	73	78	5	56	70	35	65	30	
8	93	52	13	9	34	58	74	62	50	62	43	40	22	66	26	14	9	32	25	79	53	73	68	5	21	6	68	53	2	40	72	51	56	85	83	8	95	92	51	
99	2	49	71	75	43	21	40	49	49	78	46	90	28	81	11	19	59	86	92	69	91	7	23	82	14	55	51	40	99	21	94	49	37	82	37	34	82	58	16	
10	13	29	88	30	63	96	83	34	71	72	48	53	63	87	77	24	61	76	72	37	89	95	58	23	9	51	75	33	9	52	3	87	45	34	3	85	89	98	69	
8	29	68	39	53	43	54	90	85	40	89	40	93	30	73	5	73	60	22	4	3	57	27	12	62	32	74	70	11	54	69	60	36	1	52	48	31	29	33	76	
68	36	62	77	68	3	11	6	90	35	36	26	86	37	57	7	4	10	56	8	21	28	89	56	53	51	80	43	62	87	99	3	60	79	87	42	86	14	64	39	
5	67	15	24	42	26	70	13	68	55	10	63	96	97	45	64	34	40	86	76	38	59	83	99	39	48	87	25	34	86	94	90	84	89	53	65	42	72	47	12	
6	92	94	19	81	74	20	98	92	19	78	79	62	50	62	51	71	63	8	47	63	66	63	55	38	30	23	99	72	94	16	43	50	92	96	88	85	88	1	84	
80	40	42	69	53	41	69	3	14	92	23	66	88	17	33	35	12	9	74	60	34	80	59	6	30	70	28	19	80	89	78	50	89	48	40	45	42	79	86	55	
11	48	32	68	90	26	68	38	91	45	32	62	41	91	12	54	56	84	26	89	4	48	41	36	51	81	11	87	77	84	48	68	96	88	63	76	12	97	35	83	
4	51	98	4	22	55	57	1	35	42	56	14	54	54	81	88	33	77	71	63	17	47	40	58	94	16	68	44	61	57	1	96	12	35	53	64	18	72	33	18	
59	92	10	37	97	21	92	60	45	66	12	17	37	27	1	1	17	79	29	58	10	53	34	9	18	2	50	10	87	13	28	34	9	33	6	38	63	78	70	15	
35	75	1	80	26	54	17	28	64	73	49	38	93	51	7	63	66	48	21	86	99	18	80	36	55	5	88	26	44	78	10	22	89	24	84	67	86	30	32	30	
28	35	64	37	13	37	90	8	37	69	75	22	40	97	82	67	58	94	29	46	95	93	9	58	35	31	83	72	35	24	36	57	86	51	33	39	30	20	59	98	
50	55	97	31	8	32	78	31	67	34	25	75	40	16	69	10	35	7	97	74	2	78	73	14	9	49	42	63	75	26	88	1	66	89	49	8	14	74	60	87	
21	1	2	23	61	58	89	70	94	61	99	35	32	5	40	65	52	6	3	60	39	4	55	85	83	53	68	29	86	46	76	54	44	17	10	31	10	53	74	41	
56	94	43	97	85	84	82	32	63	40	54	14	78	21	37	34	39	22	70	56	66	38	23	7	54	52	26	74	98	56	27	30	3	6	53	91	34	70	98	94	
78	20	64	40	14	66	15	33	10	66	44	33	8	14	49	79	57	19	55	62	5	38	53	54	55	89	37	24	64	84	39	89	21	53	24	88	29	49	70	79	
12	51	60	86	80	5	57	62	46	74	28	34	68	94	61	39	73	33	74	89	78	20	6	14	5	98	52	42	71	98	86	75	98	39	61	24	67	15	97	6	
5	25	1	63	95	39	60	15	56	20	23	63	91	39	50	19	33	56	94	16	54	63	48	33	66	86	68	39	66	18	76	16	5	18	58	57	57	7	59	24	
43	31	17	4	31	75	78	16	98	74	23	56	54	14	41	71	45	46	79	5	87	55	47	58	8	49	11	55	84	53	71	14	11	40	66	51	43	34	46	73	
81	44	36	44	12	40	53	17	9	63	68	80	56	43	17	54	65	58	94	28	76	52	10	40	76	18	60	30	82	88	62	19	51	4	60	93	32	51	75	5	
68	82	85	6	13	65	45	85	16	30	74	81	93	99	90	65	95	29	60	47	22	81	84	36	68	36	45	51	81	79	96	77	72	40	58	3	10	75	42	89	
88	94	38	53	63	12	30	63	61	33	10	92	46	30	24	67	79	68	70	94	95	75	11	84	12	71	90	79	15	98	69	63	1	29	5	13	73	25	46	11	
9	87	23	38	55	18	44	12	22	75	41	37	69	11	12	84	14	3	61	24	10	30	39	59	59	53	16	64	78	95	58	95	11	43	94	39	62	1	58	29	
23	74	88	23	63	76	95	44	46	60	29	7	89	36	18	90	60	34	41	44	96	1	90	14	78	47	93	34	95	4	33	32	97	31	69	29	4	84	59	37	
15	60	26	83	64	51	20	25	87	84	77	20	10	36	63	66	62	39	69	42	96	24	84	95	50	54	69	66	79	67	1	43	65	20	63	90	57	82	16	91	
17	59	47	94	63	20	2	65	53	59	42	69	20	26	81	51	73	97	1	77	42	78	21	54	82	48	26	49	7	6	23	74	9	62	1	2	68	90	32	27	
80	37	14	1	37	47	45	87	51	62	98	39	11	88	22	65	88	49	77	61	65	67	14	16	17	41	13	10	97	5	83	79	11	3	59	5	30	94	46	51	
53	93	29	58	64	92	8	82	48	25	58	13	96	85	10	18	82	88	86	18	90	43	83	56	52	77	32	36	98	46	9	47	42	82	81	78	49	4	82	19	
61	70	84	71	83	47	85	39	34	43	51	58	49	2	63	97	50	80	62	27	54	47	8	37	66	64	74	72	75	56	54	94	69	75	48	90	18	9	67	94	
93	87	62	98	38	1	55	55	90	26	55	97	23	18	70	42	64	20	52	49	15	3	29	39	52	29	19	3	8	99	32	59	66	52	2	37	90	79	93	85	
97	23	92	46	44	44	73	40	65	77	84	47	6	19	18	86	28	10	42	24	76	18	9	64	52	10	79	4	98	97	14	53	35	74	36	57	72	86	47	66	
85	7	68	39	49	99	32	82	55	97	41	56	60	32	78	1	36	81	29	64	21	35	54	31	5	81	19	96	76	72	72	16	30	27	27	32	10	59	84	79	
31	63	15	81	9	80	72	16	93	31	13	14	81	91	51	2	48	38	54	14	38	2	83	38	94	99	12	63	20	34	89	35	90	74	38	64	86	72	73	15	
89	69	20	84	66	88	46	51	46	35	32	40	54	42	63	44	64	33	98	4	70	78	63	19	10	93	63	53	71	88	19	60	78	51	65	37	26	65	80	78	
18	57	16	89	35	36	48	1	10	79	90	58	20	69	24	6	2	80	20	78	57	77	92	74	1	78	90	68	74	85	98	85	23	86	49	60	5	90	25	33	
95	38	19	63	90	4	88	77	21	87	13	55	49	59	36	36	90	96	63	6	91	28	44	86	58	99	49	33	3	88	34	23	72	53	38	89	67	96	79	27	
59	64	23	79	67	26	37	80	67	96	78	11	20	95	64	99	60	66	13	69	79	79	65	11	79	14	32	38	2	85	19	52	48	53	10	31	49	36	37	3	
41	15	57	77	66	12	7	53	6	54	10	17	5	83	60	96	47	53	12	44	6	28	30	58	57	96	8	71	40	23	29	55	11	35	48	31	1	17	22	82	
10	26	89	3	57	92	14	35	94	51	11	76	59	3	39	62	97	27	29	46	6	86	58	49	64	84	25	33	60	74	59	31	26	38	76	39	32	69	70	41	
27	34	93	36	3	6	72	84	16	75	60	83	21	98	20	50	78	34	88	74	43	68	73	50	46	44	72	20	38	44	28	85	43	71	48	57	43	55	58	55	
99	66	67	93	76	2	62	86	21	4	67	81	12	99	17	97	5	92	54	23	98	19	34	98	28	78	91	5	50	91	27	13	77	22	90	69	79	8	85	40	
44	55	14	11	94	94	47	42	70	25	77	7	51	67	88	68	55	18	65	79	59	71	11	3	14	58	49	87	47	1	38	52	94	97	11	54	81	96	21	56	
56	82	72	15	45	32	43	39	90	93	39	13	67	75	42	78	13	84	36	8	13	32	24	23	6	85	63	34	29	68	96	24	9	96	47	73	47	26	2	14	
84	59	8	69	37	3	55	1	20	10	23	72	24	25	96	8	97	18	6	9	56	96	35	35	19	98	85	89	36	33	18	54	81	10	93	49	95	73	88	40	
17	35	56	5	41	73	61	24	83	39	99	65	47	84	98	86	12	12	49	56	5	6	98	78	10	89	45	79	33	26	77	71	26	58	61	13	41	42	74	41	
63	40	31	27	48	58	51	84	55	57	73	45	60	69	1	63	91	84	37	27	4	23	62	80	9	70	38	87	12	64	46	91	27	54	13	49	71	63	58	43	
54	50	74	15	25	17	35	42	35	28	72	85	27	43	85	60	64	61	63	3	57	45	36	63	53	62	86	18	92	64	85	84	54	1	41	4	34	15	61	9	
38	98	78	85	84	88	87	10	32	13	91	12	94	58	55	3	9	91	17	54	52	50	2	36	38	14	41	34	36	96	92	12	88	20	10	87	24	80	14	38	
90	5	52	56	55	51	67	13	50	12	98	12	52	25	77	36	28	92	17	13	95	68	92	59	62	59	49	87	55	60	9	61	56	10	52	56	85	37	87	55	
25	40	50	76	62	16	82	29	87	33	90	26	89	5	77	18	24	32	4	12	55	89	22	3	86	97	75	17	45	2	81	49	66	38	19	67	14	70	92	67	
16	26	57	46	10	53	14	9	29	97	8	22	60	52	99	94	77	33	81	25	7	3	68	73	99	13	77	35	2	56	79	12	54	58	89	25	63	30	20	15	
21	60	23	11	75	49	93	75	61	75	8	50	58	66	16	62	36	16	25	66	87	60	21	32	80	15	39	1	67	20	67	74	32	70	37	4	66	4	55	92	
13	80	65	46	3	88	46	8	79	47	86	76	95	91	94	2	14	71	32	91	58	81	77	84	82	23	63	59	64	59	38	2	45	97	46	49	55	36	32	61	
20	47	17	16	12	78	79	6	11	1	69	1	83	40	24	99	85	59	44	69	66	79	98	64	9	72	15	75	46	47	97	32	37	6	92	68	90	68	56	36	
67	72	33	12	4	95	31	33	38	64	46	58	29	47	90	53	94	48	15	29	19	29	19	85	2	56	21	48	47	31	8	92	19	50	77	93	95	14	75	53	
31	69	62	82	77	68	75	45	33	58	64	92	31	59	22	46	70	76	34	6	63	56	18	82	39	92	36	95	50	34	85	90	41	52	14	34	99	65	11	26	
92	36	61	32	56	87	87	96	91	92	89	22	81	53	71	20	43	54	17	52	71	64	41	29	36	34	49	33	44	84	58	91	81	9	76	99	80	30	44	74	
2	73	74	10	11	51	57	29	81	83	7	79	76	83	73	13	71	82	39	38	30	90	80	43	46	98	59	26	3	78	75	79	26	33	99	18	24	2	61	40	
47	28	67	74	97	41	64	43	90	10	86	35	34	67	43	89	72	22	36	27	38	89	14	67	78	32	4	25	58	73	76	91	69	25	38	22	82	55	50	80	
31	73	17	45	1	23	12	49	86	92	8	2	16	94	45	49	63	76	51	44	14	59	92	31	19	12	34	83	91	16	15	41	13	77	83	25	39	82	53	47	
51	19	54	29	77	92	6	97	73	17	35	20	55	69	5	12	3	20	48	9	98	83	96	99	49	68	66	58	19	91	37	16	70	5	30	75	79	54	84	40	
90	49	71	32	11	35	7	95	71	73	47	28	91	89	84	89	42	43	71	67	77	18	34	97	86	48	67	85	92	19	21	65	84	16	7	91	74	9	94	52	
9	95	76	52	74	32	20	2	80	38	33	3	14	48	16	40	80	44	73	88	2	98	6	16	16	2	13	41	3	62	67	60	42	3	59	78	62	84	93	82	
45	39	10	51	91	88	57	1	73	81	35	98	6	73	83	95	34	40	84	57	17	88	25	5	37	7	92	86	87	86	51	41	4	74	87	30	40	68	34	43	
24	45	13	10	17	95	46	63	75	9	49	51	1	98	67	79	96	16	52	36	94	50	85	39	14	22	79	89	51	34	21	40	31	15	44	99	62	87	42	38	
68	29	57	64	5	27	97	84	63	32	87	71	42	57	45	98	22	98	25	15	79	54	98	71	32	67	44	29	82	39	68	94	29	69	84	71	41	27	20	29	
21	53	29	21	3	59	28	1	64	72	89	21	47	17	46	25	4	71	5	41	33	14	74	66	62	44	37	80	88	71	41	30	88	73	78	93	63	80	84	81	
64	53	65	59	37	33	45	95	62	95	92	63	82	44	59	45	62	12	44	33	86	55	67	13	29	81	20	82	25	13	16	36	37	97	71	10	97	29	78	87	
61	98	53	4	14	34	77	80	12	74	64	2	41	92	8	9	39	60	8	63	4	19	74	19	85	8	54	88	42	56	32	13	95	39	7	55	25	55	32	78	
83	83	80	93	23	18	74	58	58	90	78	94	28	32	66	40	1	30	84	44	46	83	91	89	97	68	51	90	27	52	78	5	40	32	3	47	63	85	77	9	
64	46	42	16	42	56	47	68	63	56	61	55	51	2	45	44	39	34	59	69	44	39	24	81	30	61	68	35	61	71	31	18	73	97	86	52	2	66	24	29	
43	24	10	37	60	20	81	13	32	77	82	32	17	98	26	89	93	55	41	62	77	71	51	47	41	9	74	12	78	7	57	9	1	18	82	34	44	69	92	37	
26	38	48	1	98	87	95	66	60	45	11	65	39	99	54	68	61	42	46	81	59	90	58	47	83	63	56	27	34	2	70	66	10	49	59	80	56	29	95	9	
46	7	93	17	34	94	58	62	69	53	20	35	42	4	87	46	29	36	37	27	26	88	9	61	13	38	96	62	71	19	37	69	59	60	33	18	18	11	83	14	
36	91	88	29	41	3	61	63	62	53	56	78	82	20	4	85	1	29	18	17	39	23	86	61	95	73	98	5	7	26	51	20	74	6	23	98	83	11	43	13	
99	80	70	60	28	9	53	14	80	41	54	98	70	75	59	52	39	57	87	47	83	38	84	81	35	36	68	66	12	26	52	69	45	26	66	80	51	87	55	27	
96	89	18	45	87	84	24	71	63	68	21	47	94	62	8	10	8	21	49	36	81	13	55	63	92	45	54	83	6	9	10	16	36	84	93	75	30	25	99	4	
32	11	50	38	49	38	47	24	22	91	64	93	62	10	74	83	24	37	71	45	7	45	20	76	20	29	45	92	48	45	58	90	97	31	49	88	22	24	31	48	
45	76	90	9	38	22	80	78	11	48	81	73	38	89	87	15	13	26	13	83	8	60	21	34	99	21	23	96	50	96	88	18	84	98	80	33	6	27	97	50	
15	69	77	12	43	56	20	42	14	69	12	16	90	58	63	91	70	22	97	97	37	55	50	74	86	76	65	2	78	73	99	63	84	35	74	32	31	77	22	80	
65	50	35	41	88	96	11	80	27	15	31	56	48	20	48	67	36	24	48	33	82	77	15	38	59	28	18	43	76	10	3	58	48	56	53	93	12	5	40	75	
79	30	5	70	15	28	17	54	58	50	15	26	58	29	20	50	66	74	77	84	16	26	71	11	78	68	10	89	80	79	80	7	24	41	27	72	30	41	91	99	
16	58	22	65	58	84	44	38	24	46	50	30	51	21	40	82	16	64	29	29	32	89	13	64	48	67	34	27	54	37	10	76	11	49	6	17	51	74	70	94	
36	60	60	82	47	10	21	26	57	15	10	94	16	74	69	97	26	74	87	30	8	19	10	67	85	17	79	29	21	96	30	70	98	78	57	83	34	28	28	1	
38	88	27	52	97	42	32	10	23	73	76	11	79	5	32	58	20	52	31	34	62	22	9	76	96	11	18	2	5	32	78	73	34	48	33	49	55	74	38	65	
92	17	14	34	18	36	18	47	33	41	27	46	86	87	41	78	2	9	46	43	18	96	88	20	59	51	56	17	80	19	72	85	77	9	43	92	39	74	11	38	
85	64	8	63	18	7	16	2	76	70	72	43	95	20	79	23	66	53	3	68	79	96	74	49	9	93	32	17	22	1	56	42	73	97	92	65	94	57	70	29	
73	41	51	72	22	16	69	74	47	2	53	2	74	97	34	91	8	62	75	67	9	17	1	80	34	12	77	15	69	90	96	2	31	9	66	33	48	24	82	72	
35	40	67	95	99	83	91	9	84	53	93	38	7	46	90	81	44	75	33	59	9	27	37	17	79	9	28	60	88	99	41	24	97	10	79	12	3	85	40	52	
38	48	36	54	85	29	77	78	17	50	7	25	94	59	84	31	37	20	72	22	20	22	71	43	47	44	1	96	48	4	26	32	55	72	75	77	82	30	12	16	
7	92	26	25	21	48	84	59	12	68	61	20	84	88	1	52	30	73	20	77	11	11	43	16	15	2	15	98	95	31	46	44	9	56	89	54	96	25	34	72	
1	23	84	86	89	16	57	81	35	23	2	63	82	49	40	31	81	52	79	44	87	36	35	23	52	88	76	87	44	92	81	99	87	99	57	89	4	44	70	67	
88	15	85	50	68	30	16	59	11	86	24	70	86	68	34	19	10	34	41	86	2	23	27	30	48	60	23	28	62	32	73	57	56	63	91	13	87	36	22	42	
47	16	30	69	82	72	2	7	91	30	15	93	19	59	22	7	47	11	50	34	64	59	96	5	43	81	13	11	73	22	60	79	24	91	5	64	33	12	94	68	
47	11	5	34	61	15	69	34	35	3	33	72	70	23	78	69	91	74	21	86	71	9	83	28	63	14	81	11	55	72	75	94	63	8	95	16	10	72	25	73	
56	33	95	41	8	45	52	21	86	45	62	63	45	91	98	3	76	28	20	99	34	57	5	82	69	42	47	31	55	86	92	42	40	44	85	70	67	65	57	37	
49	90	61	50	68	34	62	76	64	23	8	51	16	92	48	38	32	37	96	53	6	81	32	18	8	23	78	24	3	43	32	2	40	3	19	37	30	69	83	78	
16	35	58	21	13	24	69	75	55	6	59	38	83	50	52	34	66	3	74	97	34	60	19	8	60	71	12	96	35	4	21	97	11	43	12	97	2	17	35	16	
84	59	25	27	23	58	14	83	16	62	5	22	43	17	59	55	47	77	94	86	99	11	88	80	15	74	34	99	21	58	14	88	3	4	60	42	74	41	30	16	
43	24	22	56	76	35	97	53	80	2	96	43	56	36	47	30	86	99	20	81	74	54	76	30	34	40	9	87	1	4	63	39	24	56	8	97	45	56	80	16	
77	16	25	89	50	94	13	8	71	34	86	29	30	32	93	86	39	65	90	51	79	21	31	18	24	74	70	72	24	42	53	68	94	90	63	30	40	72	52	34	
4	41	82	61	21	37	38	9	19	71	3	6	3	39	99	76	97	38	45	40	53	75	66	42	26	89	70	51	2	27	82	86	8	28	79	30	41	39	85	58	
14	45	19	3	76	75	87	95	88	51	92	95	33	57	69	75	7	73	84	24	21	82	74	98	95	45	77	19	51	24	11	4	3	68	86	79	20	16	66	15	
28	63	1	63	33	13	15	17	12	96	18	2	99	37	47	64	70	91	2	46	76	1	92	21	4	20	35	56	67	17	56	31	39	70	82	4	83	83	56	22	
51	10	59	18	55	56	75	35	23	11	5	62	5	96	10	93	73	71	65	34	67	6	31	98	32	14	80	6	79	34	48	51	78	59	76	92	17	79	82	18	
34	90	67	48	86	62	44	14	9	93	58	97	80	80	17	29	6	78	61	96	80	47	47	77	83	84	12	28	29	13	43	79	71	63	92	22	40	65	76	80	
44	48	68	15	82	8	88	93	49	95	18	31	10	27	12	77	96	23	83	6	49	35	86	45	94	10	15	31	45	94	91	2	54	94	29	36	66	27	75	21	
41	43	72	1	55	99	2	39	85	7	88	95	49	94	90	94	50	54	91	57	46	61	74	92	53	87	50	95	33	46	57	95	48	42	71	28	67	8	78	55	
59	62	99	45	16	9	85	70	74	64	9	15	51	93	13	75	92	76	16	9	3	44	64	61	26	59	88	67	62	18	4	28	65	12	64	87	49	68	54	68	
94	57	77	50	34	43	95	81	63	7	89	75	7	69	80	21	19	7	23	9	19	15	44	67	87	72	10	38	64	31	29	44	23	91	38	43	29	79	13	49	
97	18	10	75	92	42	39	32	61	44	3	72	81	5	63	91	53	58	37	95	88	27	96	12	64	73	53	7	39	94	55	26	63	45	91	75	20	52	27	13	
77	74	79	13	58	13	31	24	25	77	25	40	65	55	91	41	11	53	16	86	28	98	17	64	70	21	28	22	62	58	81	38	78	44	36	17	20	85	15	99	
8	32	30	36	50	87	5	61	45	28	44	60	25	23	93	28	66	71	87	45	10	91	90	41	66	49	75	5	3	90	86	58	42	23	82	30	14	62	74	59	
36	38	82	40	22	20	80	85	37	16	14	58	65	52	95	12	30	27	33	27	6	14	17	50	10	42	90	51	42	92	92	79	46	70	3	68	76	62	76	15	
10	73	29	56	44	12	89	97	50	63	67	71	94	63	80	30	31	81	41	12	33	58	1	24	22	58	2	23	10	41	80	2	49	55	32	19	77	12	16	7	
95	86	65	54	96	65	54	63	66	24	94	8	98	10	95	54	3	77	4	13	6	69	94	40	58	69	97	8	11	62	68	2	22	73	38	27	4	69	12	22	
13	50	88	16	66	70	22	85	16	52	61	79	15	80	21	30	80	18	77	66	2	47	95	6	77	43	27	73	71	42	35	85	10	36	38	97	77	32	77	95	
76	49	50	1	50	28	63	80	98	98	97	22	24	17	95	96	97	61	96	11	21	73	2	43	32	51	34	95	86	56	12	18	89	81	75	81	88	85	28	9	
33	6	65	84	65	94	17	13	7	39	39	87	36	71	94	88	96	63	45	36	62	76	25	43	50	10	68	64	70	47	23	39	44	28	59	47	26	73	63	49	
18	33	73	85	65	64	96	28	58	32	15	29	89	95	70	20	41	36	84	23	3	26	56	4	32	49	38	84	21	16	86	59	35	45	45	20	21	4	92	69	
10	16	64	66	62	85	51	56	35	10	9	62	54	58	39	44	34	49	35	55	78	55	91	54	49	21	28	40	79	58	68	34	84	65	90	23	94	91	23	17	
93	27	51	23	58	98	83	6	28	1	62	2	44	96	35	2	42	54	18	25	81	18	13	49	55	28	68	55	11	27	92	24	66	26	48	75	12	21	3	47	
30	75	7	46	73	13	25	29	82	81	41	87	31	93	14	47	32	47	48	4	50	75	19	58	93	92	64	26	77	22	12	30	96	39	31	95	39	48	19	20	
31	85	50	75	96	15	63	73	64	60	56	92	66	92	13	57	4	57	89	12	80	17	29	26	22	50	77	41	25	19	30	17	35	94	23	67	13	34	54	75	
43	99	97	28	26	3	34	18	14	95	39	4	12	43	70	16	39	66	61	53	32	8	19	20	32	82	64	75	74	21	80	14	95	95	51	97	11	1	97	93	
32	29	57	4	23	56	57	84	21	39	77	88	73	71	1	86	48	68	5	43	43	68	37	53	88	71	74	73	18	52	68	95	53	23	14	49	33	32	12	28	
80	13	95	84	75	35	41	33	98	16	4	49	43	88	23	67	30	46	2	10	55	92	61	94	61	91	4	9	24	69	55	49	67	32	61	61	81	95	57	31	
87	34	45	3	64	14	34	38	63	33	41	44	47	29	45	17	32	89	52	83	41	85	14	57	72	31	99	24	47	18	18	14	9	78	39	47	59	94	73	55	
74	44	80	97	31	37	39	47	28	20	6	8	95	17	13	72	23	45	9	58	41	39	42	69	44	48	25	59	45	7	42	15	86	82	82	70	59	64	16	30	
99	31	43	50	61	22	79	19	89	99	66	34	48	66	3	44	66	89	66	47	3	41	43	23	61	50	86	51	97	26	95	64	89	16	64	10	75	80	44	32	
77	20	24	2	66	75	24	44	35	92	54	53	77	13	82	92	2	42	9	7	26	12	54	10	28	12	1	20	41	89	38	53	33	22	12	97	7	16	79	30	
1	93	6	50	78	55	66	43	47	49	42	88	39	77	17	81	34	3	6	46	24	68	91	32	42	21	37	39	96	5	96	23	2	73	64	46	79	21	2	4	
78	58	56	30	43	51	61	55	15	19	64	87	55	56	40	25	28	26	80	27	75	30	53	1	65	58	2	81	17	87	1	12	14	51	96	50	62	33	16	62	
68	33	82	75	29	14	20	98	55	41	2	44	96	50	79	99	10	22	14	28	93	46	72	10	12	4	86	47	32	89	61	92	82	64	96	73	3	20	66	25	
26	66	37	57	30	93	55	13	39	79	24	91	74	15	32	49	68	89	24	4	3	60	29	92	31	79	69	78	1	75	19	84	81	95	97	15	56	60	15	92	
50	94	84	11	89	28	91	91	21	75	84	85	38	54	4	69	78	87	88	21	9	1	18	66	3	20	74	48	73	18	42	47	26	75	69	58	31	41	68	4	
44	25	21	40	17	52	20	85	78	44	69	63	76	36	5	67	9	24	31	73	90	8	72	45	40	73	83	35	57	30	79	60	50	96	61	99	32	3	65	61	
75	50	53	1	21	43	24	91	58	90	10	86	33	39	93	10	55	89	57	80	91	90	45	45	95	42	12	77	89	26	76	76	98	52	8	61	19	3	19	50	
49	94	30	67	39	92	45	25	21	65	46	63	18	41	84	49	69	13	53	69	11	13	43	67	70	41	29	8	14	18	36	64	18	7	85	80	62	19	17	31	
79	91	33	86	86	18	21	70	6	50	44	56	29	24	9	29	1	53	37	32	13	11	25	61	41	95	49	71	67	39	52	27	58	2	27	84	12	76	77	17	
73	96	20	98	94	90	64	13	87	71	80	61	86	22	34	75	33	23	68	68	36	43	43	67	77	75	66	26	71	96	79	2	81	84	92	43	68	14	56	29	
19	23	33	55	70	16	15	52	49	45	68	82	63	94	37	67	44	38	11	12	8	75	55	47	79	45	49	16	29	66	78	46	72	80	96	7	64	75	20	40	
79	17	51	9	58	24	29	98	54	60	52	75	27	32	32	83	55	4	54	30	67	88	80	89	15	61	97	40	29	3	4	1	59	83	92	24	43	33	67	90	
94	57	5	83	98	3	39	49	35	81	50	76	86	94	60	43	99	30	91	14	94	23	22	98	58	90	49	87	55	95	54	30	38	89	12	35	57	48	11	89	
83	93	53	34	8	65	69	47	71	94	57	18	50	78	32	9	86	76	51	42	46	54	39	64	50	65	42	63	2	47	77	57	7	52	58	59	62	54	9	2	
64	9	3	76	52	36	93	15	93	74	7	15	79	21	26	94	83	34	90	33	94	98	75	14	48	63	37	95	98	85	34	63	1	71	63	46	20	77	65	6	
68	15	98	13	37	80	69	81	78	92	79	41	61	23	41	30	91	29	36	68	77	52	50	47	91	28	96	17	36	10	12	80	38	22	88	27	10	85	74	46	
67	85	58	19	92	59	12	79	57	47	80	83	73	18	14	25	37	68	91	8	50	57	94	44	68	15	15	31	5	61	2	62	70	97	1	29	44	69	27	50	
7	10	69	32	77	18	33	29	27	28	60	76	71	65	80	10	65	10	89	83	45	1	57	65	95	64	9	68	33	33	27	33	40	5	80	87	91	55	69	46	
40	85	44	10	76	99	35	99	74	17	4	22	66	70	5	48	42	61	12	66	43	51	56	28	97	16	67	6	34	5	34	22	44	68	8	28	6	47	27	43	
77	42	24	70	16	4	55	59	95	14	64	83	20	45	57	44	56	22	60	26	36	14	89	61	95	48	47	84	62	15	27	76	98	86	94	33	59	6	72	7	
34	89	48	16	76	57	76	96	34	95	67	68	42	95	51	25	40	40	79	65	14	28	5	45	99	48	36	97	73	54	73	57	22	4	69	89	84	49	60	11	
86	7	69	39	14	36	85	33	13	7	52	88	93	34	35	2	81	17	43	36	49	92	24	34	14	15	64	66	86	3	59	16	10	20	29	24	25	92	11	63	
38	54	38	7	95	2	92	7	82	80	90	1	93	39	44	17	53	28	94	39	82	21	22	53	38	95	80	94	61	90	95	50	28	35	36	5	81	17	52	29	
83	21	29	30	26	78	3	46	72	92	46	32	41	27	1	69	45	87	39	2	26	27	61	85	84	48	73	99	74	89	91	43	3	17	82	41	80	69	22	17	
92	5	34	7	93	63	49	19	42	46	92	83	35	69	81	22	99	36	1	41	62	46	91	34	95	42	55	37	4	38	76	86	26	5	98	52	35	93	23	64	
83	19	8	56	18	54	79	67	53	86	97	13	98	36	32	93	59	62	27	3	60	82	90	65	70	79	8	93	24	2	78	78	57	45	28	22	18	89	31	87	
14	33	71	29	98	29	94	21	29	44	53	7	24	69	40	24	15	59	56	87	83	91	73	37	94	62	71	66	95	53	63	8	41	55	52	40	44	14	65	24	
79	45	67	97	84	38	53	90	39	20	63	26	2	88	68	28	63	1	35	54	21	94	56	9	80	76	99	26	77	99	28	17	23	20	76	10	49	95	11	51	
8	85	75	30	31	37	24	45	72	89	90	36	80	30	40	31	70	67	99	3	9	17	69	24	13	18	69	60	33	23	43	49	77	22	68	55	85	1	3	90	
69	49	87	44	74	50	95	71	35	42	63	15	9	15	79	75	40	83	6	46	69	66	34	87	93	41	41	90	45	67	70	72	38	97	52	94	19	14	57	85	
89	61	29	44	17	66	48	9	35	58	25	51	6	48	17	23	89	2	20	57	53	41	91	11	5	48	84	84	40	51	10	88	37	31	62	3	31	59	67	72	
68	77	44	38	1	55	77	74	89	8	58	10	18	48	34	29	34	9	65	95	81	60	90	48	70	1	54	36	17	8	30	19	48	71	53	55	30	50	53	17	
6	6	37	34	11	35	68	60	29	83	48	92	98	13	87	95	71	66	24	22	4	41	31	12	21	67	22	33	82	61	34	82	38	91	61	49	68	68	63	46	
32	70	66	21	64	49	41	18	11	71	15	71	84	12	67	20	75	85	94	84	59	90	60	61	77	3	64	10	89	35	92	36	23	64	28	9	60	79	41	57	
48	1	98	29	16	91	36	21	37	43	92	5	78	8	24	3	4	24	7	99	38	42	30	85	24	55	17	71	87	84	32	18	33	87	74	70	18	73	38	1	
70	53	16	72	70	54	68	13	84	85	74	37	44	18	49	59	93	26	95	2	58	17	8	58	3	8	64	7	77	70	72	52	79	22	38	50	79	43	89	55	
78	62	79	72	96	9	29	30	30	59	2	78	99	97	14	97	85	86	22	79	42	15	44	76	7	52	11	81	65	54	34	51	31	73	60	90	54	85	47	76	
72	28	50	61	51	18	49	12	95	89	22	63	25	59	57	83	36	43	61	92	99	41	99	81	78	86	84	8	36	34	83	87	95	5	33	94	68	42	62	34	
39	31	71	66	5	79	16	88	86	87	94	95	71	26	38	83	45	12	43	73	26	64	20	59	17	55	16	5	22	2	53	54	11	69	97	30	21	68	29	17	
19	74	92	81	79	2	49	51	45	6	56	69	73	6	40	93	89	40	45	1	92	99	75	24	93	9	61	27	80	40	6	2	34	87	12	26	40	30	86	39	
81	68	68	10	90	7	28	4	9	16	40	74	78	9	33	48	59	97	44	64	52	29	55	81	68	6	85	87	82	47	55	57	45	49	52	44	53	38	70	7	
7	36	99	99	91	73	80	92	69	32	56	81	68	90	89	5	1	5	27	8	50	54	12	74	18	38	6	52	2	89	55	30	55	46	96	36	56	8	25	80	
75	51	35	49	29	1	25	28	46	53	21	10	99	26	62	18	69	74	55	47	42	71	71	10	65	90	82	22	12	94	26	90	16	40	45	73	93	53	73	15	
61	17	33	1	3	8	68	70	59	39	50	75	41	15	10	86	87	6	83	81	12	90	91	62	20	30	74	91	88	65	53	36	41	57	3	71	45	14	39	75	
35	62	71	16	33	70	64	12	11	25	5	21	24	19	86	91	4	95	41	73	5	72	83	70	19	30	47	91	26	29	38	33	33	16	23	81	14	9	28	44	
63	78	25	28	30	74	22	32	76	58	88	23	93	31	82	7	66	84	60	19	58	8	78	99	81	20	36	16	44	23	96	48	13	87	2	75	25	24	62	95	
33	84	84	76	74	19	73	38	96	69	12	90	71	77	27	92	94	38	68	95	49	24	67	97	64	74	67	17	18	3	26	51	57	86	27	2	30	32	77	68	
59	26	49	28	5	32	1	83	76	79	5	33	19	44	39	75	64	50	34	89	34	17	79	26	24	22	39	2	4	87	21	7	46	90	93	33	16	40	67	5	
22	98	56	69	4	36	13	70	97	28	86	15	11	42	42	6	95	91	68	11	9	25	28	72	84	96	47	93	74	36	47	44	12	95	61	82	24	73	90	80	
86	10	87	94	99	26	85	33	25	43	92	95	17	1	29	91	43	71	85	78	63	28	14	50	19	17	83	79	58	48	74	9	94	98	78	14	66	85	33	9	
52	71	13	56	66	94	51	98	29	39	61	41	80	92	88	26	3	52	13	3	52	74	70	69	24	88	74	42	90	8	58	91	9	13	60	26	61	4	26	34	
88	16	4	14	39	77	47	35	14	37	68	26	16	86	85	82	13	72	68	31	67	50	85	97	12	53	87	70	65	47	85	48	7	17	19	17	63	99	17	96	
90	54	93	57	23	38	27	77	44	34	29	13	4	41	94	1	72	19	79	87	12	65	64	97	8	51	89	48	95	49	75	90	61	29	57	35	10	4	5	89	
34	57	3	7	23	79	13	33	85	85	44	11	92	17	97	49	55	23	75	93	88	83	52	50	42	33	58	34	78	77	31	63	42	18	13	11	60	32	22	84	
39	73	16	3	67	82	23	74	51	31	12	18	12	31	29	71	40	85	21	58	93	75	18	50	65	88	57	9	67	39	52	3	8	46	58	60	59	62	78	54	
38	72	11	71	46	90	37	4	48	46	92	47	85	33	80	11	39	37	12	64	7	10	88	93	56	14	58	14	53	76	5	77	95	35	62	83	88	32	63	58	
53	26	52	72	48	5	33	12	38	27	28	28	57	23	65	20	38	33	32	26	2	66	43	40	43	6	30	70	49	95	41	2	26	75	3	36	38	67	95	28	
77	15	36	29	13	29	70	2	95	4	20	91	18	91	37	47	40	65	57	30	53	89	60	58	30	94	74	76	78	18	85	44	10	55	40	81	77	48	40	19	
61	72	90	39	81	36	31	11	83	89	61	41	38	96	57	11	16	26	22	63	54	71	25	51	27	97	22	82	74	70	66	9	56	30	40	31	35	99	73	50	
12	51	39	67	58	65	25	1	25	60	30	97	15	66	34	46	61	84	40	12	37	57	89	64	88	14	87	59	85	5	10	93	98	15	60	55	78	18	5	26	
84	30	8	17	75	58	38	36	82	57	30	30	14	39	2	38	59	7	81	51	4	94	90	75	60	45	74	32	80	45	89	43	15	17	90	87	14	27	63	37	
1	49	3	84	68	17	49	41	55	34	97	66	25	32	68	40	50	97	6	11	59	9	27	64	24	45	42	12	71	68	34	69	64	90	47	1	76	64	27	41	
53	70	36	97	48	98	94	39	61	26	56	84	23	40	11	64	6	84	52	22	55	3	81	63	60	9	27	91	30	21	83	63	20	32	23	69	37	99	23	29	
27	77	4	30	95	41	91	70	49	51	34	85	34	66	34	58	16	22	82	49	33	1	17	90	10	84	15	40	19	56	10	79	17	96	2	9	13	85	68	70	
26	6	33	1	43	19	24	98	95	47	34	50	6	86	78	66	68	34	90	99	83	16	14	63	42	22	82	62	27	16	93	11	2	55	16	2	80	40	83	37	
6	95	73	53	79	30	70	87	28	36	58	73	87	39	92	63	51	86	52	17	2	44	69	93	29	50	79	52	10	29	49	36	89	75	73	1	4	55	47	13	
11	89	51	16	50	14	7	69	33	21	96	79	18	55	51	79	48	88	45	49	55	5	56	65	30	86	80	18	38	55	14	55	28	39	30	17	55	42	19	80	
16	49	75	43	67	2	45	88	92	13	62	25	9	9	42	99	49	27	18	12	58	94	27	89	81	74	81	98	49	51	91	1	64	91	26	80	58	9	9	95	
80	9	5	42	25	1	47	26	8	89	88	72	53	8	95	44	60	31	19	16	45	86	91	45	85	62	62	49	11	69	51	36	22	11	75	96	23	60	12	35	
6	62	67	74	27	98	80	9	42	89	82	56	18	13	85	35	24	73	75	87	62	49	33	2	15	96	2	19	83	90	78	28	82	28	9	71	96	42	92	28	
94	74	39	40	7	17	40	98	62	29	32	19	61	83	68	42	45	90	39	68	55	11	92	13	17	65	44	4	93	83	94	7	76	58	81	20	17	5	27	74	
24	32	74	49	71	76	20	65	90	59	69	42	47	64	97	6	25	49	78	93	63	38	2	7	31	57	29	83	14	4	17	7	70	78	24	64	70	5	4	37	
17	19	99	66	37	12	43	30	63	47	95	44	66	91	81	47	94	33	29	49	32	61	82	47	4	60	77	37	49	14	86	80	76	28	65	1	60	36	76	17	
28	24	56	42	76	1	51	5	90	91	53	67	66	44	98	57	62	64	8	20	15	20	87	77	15	90	27	40	23	40	48	8	53	41	96	59	80	91	79	15	
32	87	3	25	76	40	43	5	25	72	64	50	85	10	76	65	63	58	72	10	90	46	11	48	13	51	29	48	80	60	88	71	21	16	1	36	87	58	90	66	
12	63	74	47	96	40	76	43	44	26	16	67	94	97	18	92	19	7	44	44	91	74	50	24	48	22	3	54	86	25	23	26	77	11	40	12	94	38	60	63	
66	33	98	6	30	58	24	6	23	52	8	65	46	71	89	81	94	93	85	59	27	90	20	75	20	81	40	30	43	2	52	40	32	66	86	48	57	11	85	56	
16	30	63	13	85	59	81	11	29	63	56	69	24	23	64	13	74	39	33	69	18	97	29	43	28	58	75	53	97	61	61	24	27	74	29	71	70	15	54	35	
10	11	46	32	58	12	39	47	14	44	49	79	8	65	20	99	33	83	84	10	40	33	11	94	26	19	1	8	70	86	85	36	83	60	15	29	74	67	31	93	
52	51	97	95	18	13	3	96	14	65	62	40	35	70	94	62	21	90	52	72	73	94	7	55	88	81	47	73	81	19	27	74	43	8	66	32	66	18	11	77	
26	70	80	2	99	39	76	29	57	10	31	96	78	26	99	88	48	89	55	14	50	17	15	21	75	60	16	88	85	31	26	43	16	11	40	81	12	25	22	5	
23	95	63	96	2	40	97	92	78	43	76	29	20	32	85	70	82	49	84	46	22	70	81	53	16	46	68	1	16	32	94	7	42	61	51	69	69	68	86	79	
81	50	77	32	88	55	30	71	33	9	89	71	36	27	65	26	49	77	18	15	19	88	63	60	78	15	74	97	26	8	3	21	52	59	49	68	22	96	43	76	
35	71	22	10	2	59	14	34	29	54	69	9	93	39	96	97	36	58	86	45	27	31	34	45	70	67	10	16	50	88	19	48	36	62	50	91	8	98	16	13	
56	70	28	3	75	50	66	61	56	92	20	56	42	77	20	40	7	16	4	85	63	82	54	56	24	4	19	31	57	45	12	50	21	64	28	50	63	11	44	99	
21	11	83	63	58	58	53	49	23	92	3	23	21	51	46	78	24	12	51	23	67	70	95	96	3	21	28	36	23	26	4	68	51	3	61	76	71	53	75	75	
66	28	4	2	43	86	94	1	2	98	44	47	67	15	9	57	70	70	15	77	81	25	20	33	5	53	16	90	97	16	82	77	75	99	32	34	14	1	2	17	
60	72	72	63	3	90	48	96	81	86	2	27	31	54	71	65	82	42	84	85	60	66	19	74	76	32	39	61	84	28	68	26	43	36	88	17	32	79	60	37	
80	90	26	66	28	83	34	45	20	44	82	21	3	96	83	42	86	90	1	59	66	21	2	38	33	86	19	35	29	33	43	56	6	49	54	14	91	99	90	60	
93	32	1	40	79	70	25	14	12	90	23	34	36	54	5	70	49	18	69	27	80	75	46	93	81	70	80	18	8	13	21	7	21	70	7	69	59	19	44	80	
44	89	35	28	37	20	85	47	54	19	20	86	86	96	72	43	20	14	21	61	23	51	9	87	56	21	44	18	24	46	94	92	67	92	94	15	73	34	54	1	
46	73	29	87	63	63	74	58	25	78	23	58	51	64	39	14	92	40	36	77	73	25	77	55	55	47	85	99	16	30	21	71	63	61	31	89	40	6	57	50	
88	13	58	57	68	23	97	6	63	80	77	23	17	97	50	34	68	49	18	23	95	63	96	6	82	56	35	34	59	29	75	87	91	9	26	38	14	17	72	88	
40	88	44	12	79	80	20	51	56	39	29	56	12	10	96	61	23	29	30	44	79	8	39	95	4	3	50	15	93	55	54	98	34	7	86	85	2	56	45	88	
60	99	81	4	26	64	35	2	37	44	78	27	70	85	6	61	83	79	82	33	76	69	32	76	95	74	31	65	36	80	34	82	8	64	66	4	63	43	29	97	
21	63	22	71	19	77	86	24	80	66	2	73	94	12	99	75	14	24	80	59	51	76	51	30	17	7	1	27	14	81	96	28	8	41	77	51	23	67	45	85	
32	36	14	46	44	51	50	50	16	84	17	54	27	41	8	85	93	49	26	75	31	36	58	80	71	30	37	21	97	12	94	3	62	8	48	95	86	81	80	69	
71	78	96	23	60	38	70	59	35	57	13	86	33	84	35	50	22	74	72	18	70	37	2	91	88	46	64	1	46	14	87	6	83	26	53	20	60	5	53	22	
25	44	57	29	2	24	50	39	12	19	30	64	81	37	81	25	14	60	46	71	14	79	70	41	1	42	95	81	50	46	26	99	37	65	82	5	82	70	28	58	
30	99	33	62	88	79	5	34	32	5	6	50	40	32	28	63	6	35	11	28	69	39	8	78	36	23	38	46	86	63	94	25	6	48	80	99	60	1	90	9	
27	79	79	14	43	45	63	72	22	12	63	63	68	31	69	1	71	66	98	24	87	59	78	66	7	92	49	45	80	7	12	95	68	31	32	69	5	11	80	71	
14	71	90	72	13	37	33	68	86	88	68	35	24	38	8	17	41	56	91	50	48	76	90	98	18	48	54	60	68	42	83	73	80	10	9	24	83	46	74	38	
11	26	75	14	96	97	14	17	54	58	39	51	73	55	3	80	24	67	63	60	45	74	79	98	64	19	13	68	74	16	18	27	63	64	76	27	73	56	30	16	
31	12	94	64	84	63	75	61	27	71	4	76	8	60	76	77	44	83	70	41	92	73	41	10	52	31	52	71	84	54	88	72	96	25	44	90	20	86	85	19	
54	85	45	48	93	75	84	44	39	87	28	58	62	18	73	18	74	1	13	79	23	50	27	51	15	4	44	14	35	83	63	90	22	81	85	49	3	14	15	43	
8	6	9	20	18	17	95	41	18	92	91	15	48	26	80	25	86	46	31	1	96	85	89	68	37	77	48	83	3	91	79	28	46	12	10	9	10	11	38	28	
56	73	53	75	83	79	88	75	54	48	18	98	88	88	97	5	94	35	83	92	23	42	94	56	90	73	8	89	4	7	85	82	56	51	84	89	15	33	91	89	
97	99	93	40	7	63	72	9	77	62	67	44	56	24	74	95	17	52	54	11	76	86	73	67	69	82	1	22	91	26	31	64	37	86	23	39	61	50	48	47	
59	13	4	45	59	10	37	23	38	8	79	4	21	97	88	6	38	67	43	65	31	21	50	5	32	89	48	94	76	58	14	45	3	85	22	30	56	98	3	21	
8	92	87	81	45	62	67	75	96	53	80	50	10	98	94	23	78	84	86	85	90	67	8	86	58	23	79	70	31	7	90	79	19	56	60	42	67	70	2	14	
63	31	7	37	71	60	10	38	15	43	36	74	58	30	21	10	67	15	59	67	35	69	23	97	2	43	55	63	23	82	33	14	49	36	44	19	24	30	44	77	
15	33	65	9	44	64	95	15	58	95	69	57	81	45	25	82	28	91	10	8	62	29	52	28	53	52	40	24	36	48	48	77	96	15	25	17	29	64	25	57	
50	45	47	8	47	12	22	49	6	37	33	22	46	13	6	67	63	7	68	11	45	77	72	80	11	48	38	9	9	89	54	51	50	87	55	19	76	66	39	18	
83	11	14	32	52	4	88	99	56	71	31	71	49	3	68	39	52	83	6	80	91	73	81	69	55	94	82	26	74	28	7	21	50	37	18	49	71	46	49	51	
97	64	55	32	11	26	92	11	53	70	8	8	2	17	53	40	50	80	45	94	11	35	53	93	31	36	85	67	8	50	86	4	43	50	94	49	58	70	98	62	
84	52	97	51	73	93	71	50	11	8	85	25	20	45	12	83	92	25	34	62	81	99	51	99	37	36	31	15	82	81	46	69	56	66	7	53	60	45	86	47	
99	81	71	48	1	38	15	44	40	14	57	92	26	48	46	38	13	75	69	52	39	23	91	14	18	48	42	39	27	85	2	32	71	53	99	29	16	15	97	35	
16	11	28	2	87	17	24	76	92	70	46	18	47	79	97	85	57	26	88	18	51	97	71	67	65	21	92	66	90	92	95	27	5	18	92	14	27	2	90	28	
87	62	20	99	89	55	26	82	3	26	6	80	28	36	3	70	15	26	97	89	17	13	47	96	27	31	75	36	21	64	4	67	98	43	77	22	16	76	39	11	
21	66	32	1	64	24	53	19	38	56	90	64	48	36	92	28	44	43	76	59	57	41	71	24	16	46	34	37	35	87	4	83	16	64	80	35	80	55	32	46	
45	45	72	84	3	43	71	14	56	43	73	56	40	35	54	85	16	54	28	35	25	55	85	23	33	28	42	24	13	96	99	44	34	69	72	79	65	34	27	54	
3	14	20	82	87	22	63	98	68	91	26	35	24	65	53	57	56	65	83	88	11	80	69	64	92	53	46	12	80	31	3	58	62	34	46	78	30	46	62	67	
29	30	22	89	37	25	77	25	9	76	49	35	37	15	5	13	95	65	72	76	60	75	45	40	50	76	58	63	14	24	66	53	44	85	35	85	30	60	29	69	
51	58	57	52	70	73	21	56	9	20	62	1	79	29	1	26	26	11	40	44	97	41	41	74	48	20	13	43	37	19	79	44	85	3	7	9	3	3	86	17	
87	76	48	44	76	74	20	45	81	3	52	7	56	52	5	11	65	41	26	12	53	67	7	9	50	96	68	60	38	19	19	76	74	40	91	99	54	14	51	39	
54	10	31	21	77	85	26	95	8	99	74	77	39	93	83	33	26	23	94	41	98	9	88	74	2	60	80	94	81	70	47	53	16	89	88	40	63	36	28	22	
78	95	85	56	17	7	90	92	30	59	10	73	16	29	19	8	91	32	30	86	86	86	62	43	79	91	16	1	28	72	82	40	68	69	11	99	77	34	5	70	
20	77	18	56	39	6	80	30	55	96	79	67	67	28	50	72	96	60	77	19	3	32	13	60	58	12	30	89	71	24	9	58	90	48	97	77	30	39	2	55	
90	40	96	61	81	75	67	11	58	38	18	98	32	21	94	47	16	55	48	43	15	47	83	57	78	33	6	2	65	94	56	51	88	93	76	26	53	36	73	37	
94	61	55	23	73	18	57	26	1	78	97	7	88	90	14	73	58	92	74	82	34	11	73	48	25	33	38	51	69	32	28	38	73	61	85	58	98	72	77	78	
59	6	36	64	38	66	84	22	42	80	14	51	40	97	33	31	67	81	30	59	81	9	90	7	4	65	81	54	94	1	86	44	28	7	51	28	70	2	83	27	
82	46	8	24	4	31	65	44	72	6	24	6	5	32	26	45	31	94	92	45	61	93	67	20	33	97	53	45	58	49	99	18	71	35	20	1	55	63	55	88	
84	18	21	80	20	86	98	63	43	68	44	44	13	9	52	63	89	36	80	96	38	78	22	34	40	87	88	63	42	11	35	24	38	75	49	3	68	78	72	79	
63	98	37	51	77	77	26	84	98	30	99	94	12	80	44	22	57	38	30	75	24	65	90	66	56	83	59	27	60	33	18	18	57	93	52	46	98	98	27	57	
56	29	1	83	43	65	57	35	31	19	35	84	76	86	61	91	50	88	33	41	66	97	2	13	27	57	43	92	32	42	42	10	41	29	2	43	61	66	57	36	
11	56	72	21	87	4	35	32	23	84	77	64	23	38	94	4	16	88	42	38	49	49	12	28	26	72	49	83	58	34	41	94	82	70	88	98	59	18	52	79	
62	12	23	49	29	42	71	40	4	80	58	13	33	30	28	56	69	45	12	49	92	41	6	88	71	78	3	13	9	1	5	80	50	54	31	80	49	16	4	78	
13	24	75	27	84	65	32	97	22	79	89	17	83	79	52	4	43	93	16	42	67	92	37	42	54	41	87	77	11	87	66	83	2	3	55	76	15	8	20	11	
20	53	7	95	18	62	80	33	2	23	1	47	78	6	45	29	31	48	5	88	7	5	38	28	68	98	36	39	50	77	37	16	90	88	13	27	43	22	93	77	
89	68	10	73	3	22	74	61	28	94	23	1	92	37	97	90	51	84	33	76	34	68	81	87	51	54	86	87	72	13	95	45	89	29	71	48	12	92	24	21	
81	47	7	28	89	70	23	59	27	33	37	31	19	41	2	59	6	62	31	85	84	8	93	55	22	97	87	79	92	41	43	43	15	16	48	21	80	16	96	31	
11	10	16	29	74	29	98	22	49	71	78	60	20	2	92	30	48	63	42	62	48	60	34	24	42	58	67	61	14	2	3	8	57	75	13	80	84	35	25	25	
64	87	84	85	83	8	4	2	67	10	91	70	90	13	50	17	66	75	10	64	3	77	25	2	61	87	50	76	46	33	85	75	23	58	34	68	45	61	37	13	
17	16	69	63	51	32	96	32	79	14	47	77	24	13	50	31	54	98	25	91	70	65	34	39	88	77	36	48	38	17	5	9	75	57	87	81	72	22	28	39	
62	65	77	81	17	98	66	24	10	54	12	84	81	46	78	37	10	86	29	95	61	50	20	47	58	4	32	49	12	56	52	64	84	68	26	90	87	44	62	14	
37	97	59	94	20	61	76	50	27	70	75	17	73	55	97	90	22	21	68	73	41	80	30	90	6	7	46	49	3	80	29	44	88	68	96	45	39	63	40	17	
67	59	65	49	3	50	55	11	60	67	36	43	45	8	72	62	74	6	14	38	96	58	60	65	51	96	26	43	6	77	29	33	51	30	16	63	39	70	11	87	
7	2	51	31	24	24	40	77	27	42	36	68	65	49	48	34	53	14	29	76	3	99	57	53	82	2	70	61	34	71	84	7	36	73	9	92	90	84	48	94	
90	32	42	84	69	45	90	18	64	42	61	16	24	95	90	87	59	41	97	80	7	31	96	64	57	29	77	66	72	14	63	30	78	41	92	64	35	58	83	90	
88	2	57	18	80	99	44	7	64	62	93	89	39	46	72	62	24	11	6	71	12	10	1	56	97	77	69	18	49	20	26	32	71	7	27	18	94	19	85	38	
73	20	82	89	77	34	35	11	24	56	16	13	64	37	30	4	40	97	85	88	67	83	18	34	98	66	55	37	6	29	36	65	48	17	14	16	32	32	11	29	
86	97	8	76	99	33	71	63	88	99	78	52	4	22	62	91	92	86	7	78	65	77	65	33	41	2	62	35	75	98	28	43	80	62	57	31	2	4	97	80	
15	31	12	18	42	27	62	11	17	67	21	27	38	81	96	42	93	66	31	47	47	12	15	86	13	73	17	31	69	28	31	60	79	80	75	27	26	14	22	4	
72	5	14	51	5	28	4	49	36	50	48	86	49	71	3	1	30	50	18	9	13	51	46	64	32	84	89	52	65	16	49	92	99	88	77	3	59	74	13	71	
86	36	71	17	47	95	25	36	16	5	65	82	59	92	71	15	11	25	95	4	34	87	52	5	78	7	81	16	11	48	1	83	54	53	81	38	72	23	14	49	
96	48	42	54	48	40	83	87	45	28	64	19	67	2	40	75	29	41	72	7	79	49	96	18	36	76	87	81	19	14	6	6	34	82	7	5	34	52	12	20	
50	66	93	71	69	55	24	51	8	67	72	75	4	45	81	62	19	24	25	11	45	48	38	78	31	9	94	3	85	57	39	5	32	55	8	67	4	62	17	82	
12	58	81	5	32	74	86	66	78	62	55	24	74	27	49	48	30	23	20	95	85	54	96	94	87	59	55	45	2	57	34	28	78	82	72	60	29	47	96	35	
78	99	67	49	91	69	78	4	10	13	69	17	28	13	69	98	98	85	14	75	54	97	90	57	80	1	1	89	73	42	45	31	72	93	75	50	48	17	69	41	
91	65	10	78	26	72	93	82	40	87	85	62	22	58	4	45	34	73	92	24	58	10	19	75	4	43	23	23	60	30	64	65	33	61	82	79	3	44	56	72	
72	63	3	42	25	36	93	73	91	53	54	77	89	70	58	47	4	95	75	94	5	91	8	86	33	77	7	99	96	7	95	51	48	56	20	86	50	46	81	35	
46	88	66	46	88	13	50	82	93	42	30	27	25	2	47	27	27	84	76	3	61	11	5	58	8	56	20	95	46	28	87	27	27	25	89	11	88	1	39	77	
82	20	8	13	28	84	30	14	91	49	64	34	62	78	24	93	79	96	14	6	27	37	37	56	7	99	57	31	39	62	15	82	70	10	54	80	85	80	6	80	
42	35	19	22	80	1	47	12	82	59	36	85	72	52	55	38	94	50	81	55	3	1	25	9	44	40	46	88	31	53	26	73	32	97	63	78	12	39	20	28	
24	66	50	36	23	69	69	93	37	5	50	8	56	86	63	24	80	83	83	29	65	86	43	41	53	90	99	96	64	25	39	14	1	90	46	89	84	9	7	54	
24	88	28	3	90	63	78	53	47	58	93	28	51	82	12	43	40	62	7	55	60	60	53	98	98	47	38	13	28	8	98	56	81	24	56	31	12	42	69	80	
98	27	32	42	15	65	87	47	62	55	39	14	38	19	61	69	92	95	69	7	87	26	75	46	74	26	52	69	37	6	86	47	78	98	77	63	48	78	28	28	
31	10	26	14	48	42	17	72	45	44	9	2	62	42	71	77	9	6	11	78	1	8	33	53	21	27	38	15	7	86	91	66	94	58	76	82	55	44	21	11	
11	43	52	64	13	55	22	12	27	70	3	98	49	71	62	54	47	11	48	53	10	75	39	53	42	30	74	27	39	8	30	44	30	89	22	90	67	85	61	17	
13	23	74	55	45	89	80	65	69	96	66	66	41	48	33	86	99	51	80	38	92	87	49	92	34	26	64	13	15	72	29	70	88	58	52	56	62	27	43	60	
88	71	81	78	47	31	37	71	36	41	32	90	24	7	36	31	43	40	57	93	12	77	63	57	15	71	34	91	89	17	60	67	93	73	6	43	41	68	16	23	
55	15	42	42	53	59	1	95	66	64	2	29	74	80	6	69	91	48	98	34	32	64	90	76	62	80	79	47	97	28	37	62	2	82	3	31	17	11	4	77	
2	77	26	49	87	83	99	8	57	73	99	40	7	44	48	34	64	20	70	13	57	94	67	18	60	50	79	79	63	95	58	26	36	2	83	14	97	7	88	80	
91	25	67	48	45	2	93	42	54	63	69	91	23	75	78	27	53	20	17	92	56	20	27	49	47	8	57	20	14	91	18	3	11	77	8	79	91	52	43	63	
79	25	98	71	62	96	41	34	41	86	34	60	75	59	27	14	98	8	55	92	13	2	34	98	72	98	5	40	8	81	62	17	73	69	3	69	8	6	28	92	
27	44	29	51	10	58	24	42	45	62	12	94	33	18	88	1	69	54	18	16	65	46	70	81	62	2	54	39	56	70	14	63	49	78	73	20	66	35	38	16	
31	76	87	18	77	42	29	47	39	4	84	78	54	71	36	89	56	74	54	62	66	77	75	14	86	72	19	4	64	74	39	73	87	98	71	87	12	99	9	85	
53	2	18	78	74	55	80	36	59	85	27	59	62	35	90	20	58	3	89	20	39	34	48	12	37	26	75	64	70	32	81	71	25	98	6	52	42	63	76	71	
61	78	27	78	34	73	37	66	21	44	90	72	37	41	40	86	90	97	42	38	45	3	2	67	6	42	16	20	88	34	48	4	44	42	31	4	31	38	97	44	
71	64	99	45	21	93	39	9	47	1	39	33	97	95	25	43	86	70	91	80	57	75	71	99	75	8	46	49	71	1	53	53	43	26	73	6	66	58	21	49	
95	65	59	8	49	15	12	77	96	22	50	20	5	64	72	82	14	57	5	65	35	50	88	1	12	89	45	6	63	74	15	37	14	69	24	51	89	86	21	58	
6	27	89	4	6	49	32	35	7	12	64	32	67	94	88	3	90	10	23	77	17	49	1	56	68	34	78	85	67	53	13	77	21	14	81	82	44	49	79	97	
90	44	12	65	74	65	42	81	32	34	93	37	44	62	9	51	17	27	98	68	1	80	51	38	89	4	74	88	22	53	97	66	90	66	58	10	32	12	35	67	
28	10	18	84	78	62	22	24	2	60	84	86	68	54	1	50	97	15	93	38	52	21	19	97	23	41	42	47	73	5	60	99	8	75	36	99	65	69	75	33	
58	92	61	62	13	80	27	30	69	59	43	27	64	79	29	5	88	71	28	89	2	35	8	24	41	67	63	49	66	71	55	95	10	26	82	48	44	83	96	4	
70	47	99	39	1	31	64	59	81	11	9	82	80	15	71	95	38	16	91	79	55	31	97	87	68	9	29	33	31	12	80	4	3	80	19	36	17	46	14	87	
84	52	2	4	39	74	46	76	45	49	89	22	20	76	91	41	36	36	8	35	12	31	49	72	10	58	34	66	84	63	17	79	66	40	51	65	69	65	28	35	
50	85	2	87	64	9	79	47	2	46	49	7	85	28	73	57	71	74	51	57	87	93	65	77	88	59	29	10	30	60	17	51	77	45	49	73	4	98	52	53	
45	24	16	34	16	10	28	16	10	19	58	23	25	20	2	83	98	43	33	15	41	52	10	9	93	38	32	57	70	88	54	66	35	98	91	34	31	5	88	12	
83	77	14	57	10	91	21	59	36	68	87	89	86	53	10	1	2	71	24	2	9	88	79	50	29	45	90	59	23	60	31	17	89	29	57	38	69	32	67	22	
27	57	43	76	17	95	19	30	45	50	76	51	76	82	76	26	73	84	51	92	49	45	35	13	68	48	4	27	43	32	41	47	86	78	78	50	45	34	41	5	
6	70	17	31	48	20	42	74	4	81	40	50	27	47	80	85	94	8	43	67	86	54	90	68	22	45	96	20	49	42	82	41	5	26	50	53	10	26	27	32	
45	47	48	81	43	74	48	32	84	72	44	84	69	32	16	76	26	15	28	25	68	13	50	63	3	6	58	9	62	91	34	94	11	39	95	69	45	58	22	55	
93	5	51	88	73	67	69	22	82	93	31	40	9	61	54	6	98	93	97	74	21	80	14	15	5	57	28	29	46	46	86	65	15	59	84	70	97	33	56	11	
64	30	88	70	41	22	4	6	31	69	3	8	16	26	73	4	17	50	17	7	21	9	28	83	80	90	42	6	52	74	30	9	31	18	11	56	97	49	13	14	
77	8	83	50	89	32	67	31	30	9	60	83	11	35	35	36	64	44	97	52	62	5	98	37	35	96	35	69	75	20	92	84	54	77	29	25	98	73	5	21	
13	70	84	74	21	37	95	56	75	62	2	49	67	8	22	76	16	53	25	14	38	27	60	81	16	45	3	41	16	92	43	60	26	19	41	24	20	45	2	88	
65	84	81	21	21	38	8	65	1	17	70	28	9	88	31	76	59	71	43	85	26	6	95	89	16	82	8	12	40	10	46	81	23	44	41	72	89	21	20	1	
8	63	88	82	79	39	25	48	16	11	69	32	28	97	23	9	20	34	89	49	77	3	22	94	75	67	60	93	56	51	70	35	44	15	21	80	3	37	60	84	
60	16	73	36	36	24	40	76	65	92	18	81	93	15	26	93	91	80	95	55	17	94	24	80	6	37	38	57	96	57	59	80	3	32	27	34	78	9	13	8	
67	22	52	86	14	58	54	52	77	2	81	12	79	86	97	7	76	41	37	83	43	98	46	37	94	2	75	49	95	49	57	76	29	31	74	73	27	66	7	51	
77	45	27	1	68	34	58	40	31	85	40	58	88	76	43	66	27	62	43	83	44	12	43	13	45	76	97	85	84	89	83	80	76	22	19	42	21	12	27	67	
33	71	96	18	42	30	77	85	27	46	29	23	92	33	90	7	97	56	59	99	6	4	86	37	97	35	20	39	90	67	74	30	33	48	81	30	79	18	77	22	
64	80	9	39	27	19	71	5	59	17	23	25	70	99	19	27	5	87	70	76	42	19	23	30	72	7	99	92	37	16	72	9	44	89	37	81	43	47	9	11	
88	48	79	1	25	91	86	61	98	72	86	24	54	51	46	24	82	85	77	41	17	26	91	87	15	90	42	86	54	65	77	88	37	87	47	3	76	14	94	62	
20	82	60	32	24	25	70	30	81	70	73	40	87	64	69	9	60	97	30	71	86	90	5	57	42	15	68	39	1	20	53	58	48	5	61	35	56	66	73	22	
78	87	67	87	77	71	39	28	5	19	84	37	79	13	68	95	32	57	16	47	33	83	70	84	4	19	36	50	75	73	83	32	69	14	68	17	81	8	35	13	
13	61	63	67	87	88	98	39	25	86	84	3	76	2	58	85	42	3	7	76	18	15	81	48	42	66	14	89	58	51	95	34	85	21	3	26	78	47	75	81	
25	20	98	9	95	87	29	14	62	29	71	96	32	31	98	20	71	12	63	5	31	4	59	73	65	95	15	64	35	87	33	74	28	21	9	6	21	77	98	28	
99	65	7	76	83	30	19	52	23	59	6	91	84	85	66	20	32	74	89	14	53	79	54	27	18	95	91	64	45	27	81	95	29	74	65	64	50	90	78	8	
48	65	57	13	71	37	58	69	6	43	91	88	45	63	75	7	67	97	50	87	26	11	96	93	65	14	74	90	25	64	63	9	90	30	59	63	5	19	78	27	
45	83	62	85	33	47	85	39	39	27	14	13	85	27	61	4	60	38	39	69	14	69	11	33	83	99	78	71	65	14	71	3	47	69	21	85	56	13	22	5	
85	26	41	10	10	91	97	17	8	95	43	96	38	98	12	17	45	65	11	99	93	24	84	19	50	74	62	52	68	10	76	46	45	83	12	81	48	42	28	32	
37	30	43	53	32	11	8	55	87	64	77	40	98	69	65	2	29	65	58	30	34	60	90	61	47	35	39	63	15	34	75	56	21	82	75	1	44	38	91	1	
9	78	26	20	50	93	64	86	97	3	56	48	36	55	57	6	12	59	56	22	87	47	65	4	68	85	50	83	37	81	7	63	96	36	30	98	83	59	31	17	
12	46	82	18	68	56	23	93	45	82	27	60	10	77	25	96	26	71	56	30	88	13	50	12	28	8	92	69	97	50	19	45	64	46	38	35	40	93	84	97	
44	73	40	11	85	45	82	65	83	64	58	51	89	73	70	69	69	13	39	56	56	69	82	29	86	52	99	74	73	71	90	47	95	49	12	39	86	86	69	46	
66	85	96	40	43	76	64	22	76	15	25	18	86	39	76	34	50	8	23	96	7	62	40	29	72	70	85	47	47	62	15	86	41	51	90	73	70	5	85	10	
91	23	31	45	79	5	60	38	65	51	39	46	89	7	85	88	38	43	28	64	64	50	54	38	12	71	33	10	4	11	34	32	50	88	63	60	90	31	91	20	
80	17	54	46	87	21	29	29	47	19	36	57	2	50	21	64	23	54	95	91	90	19	64	47	73	14	56	21	38	2	32	72	85	33	54	6	80	85	26	11	
41	94	32	24	84	82	52	33	56	2	26	43	91	21	82	67	73	41	69	17	8	21	41	91	7	26	98	17	61	56	82	53	50	13	63	94	5	87	84	21	
35	10	47	72	81	81	46	67	50	62	91	68	45	16	85	85	12	14	26	52	37	56	57	33	94	60	7	32	16	24	59	13	20	72	61	69	51	35	61	76	
93	11	34	31	63	30	29	65	5	14	48	69	29	80	57	84	84	70	62	33	38	73	16	2	11	77	43	7	3	85	90	82	81	68	38	92	37	31	38	53	
31	35	57	8	73	92	46	98	16	22	60	26	51	37	98	88	47	7	49	42	55	9	45	33	81	60	70	73	7	4	81	79	74	83	20	90	19	29	35	27	
77	38	53	73	5	37	49	79	7	41	8	13	38	50	87	31	52	57	24	28	74	56	30	80	57	61	79	21	30	93	87	76	45	86	24	70	9	14	15	91	
7	52	26	42	98	23	33	38	37	76	18	40	11	13	53	2	41	64	56	88	82	62	21	12	84	82	80	44	37	29	43	49	4	11	87	32	95	15	47	74	
72	79	98	30	45	23	26	93	28	84	46	64	70	82	99	57	50	84	57	54	30	65	82	82	92	79	53	71	3	82	50	16	81	73	40	49	75	53	22	20	
57	9	23	2	97	68	45	94	84	97	16	93	90	26	82	33	9	21	57	31	9	50	9	98	77	10	40	81	60	90	18	46	8	20	37	36	84	8	27	62	
21	73	43	89	84	34	95	45	26	87	15	61	14	16	46	15	62	87	25	45	24	44	90	49	96	95	14	87	65	57	66	56	80	5	53	99	44	31	76	76	
55	31	15	1	35	47	34	17	27	49	48	90	56	42	20	14	82	10	57	58	88	44	37	32	73	34	87	16	64	82	78	88	49	96	24	65	3	79	96	11	
52	82	88	99	8	33	86	32	61	29	45	34	15	66	64	3	1	46	13	62	4	70	58	52	99	27	84	58	60	22	11	65	7	23	51	88	94	85	73	2	
67	18	35	80	21	90	24	37	50	73	24	96	86	99	75	45	34	56	15	62	65	53	2	3	49	47	68	7	97	88	64	31	75	36	59	49	96	55	44	64	
99	91	40	9	99	95	88	55	23	17	13	45	90	20	50	7	26	80	99	34	62	53	44	35	99	37	27	74	46	69	6	69	17	23	10	21	95	2	60	75	
73	36	49	56	23	41	85	16	75	91	29	85	95	8	99	37	91	70	23	70	88	11	39	96	57	35	6	89	88	83	51	8	32	36	74	28	61	7	90	27	
21	97	69	9	71	4	21	68	43	82	11	38	55	30	27	48	65	40	29	2	58	27	28	62	86	35	13	76	21	74	98	97	78	56	59	81	25	11	97	66	
84	12	29	58	92	45	5	81	75	95	5	80	49	37	55	56	60	44	67	99	30	74	94	40	50	74	63	19	57	21	21	78	85	94	91	94	61	46	56	16	
12	5	87	77	67	39	2	16	19	74	16	78	31	7	15	25	30	3	73	64	34	44	85	58	54	62	92	96	37	92	21	24	84	16	57	82	86	81	36	72	
63	27	15	75	80	42	48	80	99	37	7	97	82	12	84	68	39	40	1	92	6	16	86	40	96	24	20	13	42	29	28	68	39	1	94	39	48	20	35	95	
30	19	10	29	96	76	16	77	28	50	58	96	72	17	94	55	37	67	8	22	33	69	51	51	24	91	64	98	21	51	66	13	79	35	52	3	34	10	77	64	
44	10	89	4	53	64	37	16	86	30	81	94	24	10	78	79	41	88	10	64	94	17	84	35	98	18	32	95	14	5	68	15	54	30	92	93	77	2	58	30	
13	42	28	50	42	77	85	16	49	75	91	34	84	68	83	22	25	44	74	17	22	73	89	22	62	20	40	27	91	40	52	60	73	78	58	38	80	21	50	33	
46	33	47	83	16	29	12	91	84	37	31	9	8	50	44	85	11	79	86	48	54	60	65	30	15	60	12	43	95	9	49	12	70	36	92	74	30	88	64	21	
95	63	77	46	84	85	36	16	82	10	57	85	38	15	98	17	73	52	55	80	7	28	63	38	97	56	18	49	82	10	92	42	60	39	18	37	29	56	71	29	
97	3	57	46	29	28	99	60	73	65	79	1	97	88	75	10	44	60	91	36	42	27	95	46	75	20	84	23	82	54	58	49	17	47	68	26	30	89	71	54	
28	56	6	86	18	19	67	29	64	7	58	42	91	41	27	83	24	12	34	76	50	95	5	11	40	27	48	98	55	65	65	52	40	27	77	51	79	69	24	7	
52	55	37	61	28	27	89	61	76	63	50	6	3	13	22	51	5	22	30	22	34	87	88	65	3	23	67	44	59	9	32	63	41	56	27	66	62	27	39	42	
96	68	42	47	72	62	21	21	89	7	25	39	10	60	95	61	95	38	75	44	96	28	78	25	3	57	3	16	21	56	82	51	33	68	49	75	57	19	16	73	
10	50	20	72	39	57	93	68	88	9	24	66	96	36	54	26	48	1	13	50	42	97	79	67	27	46	32	93	18	78	23	74	21	19	80	29	93	23	44	68	
42	19	67	56	28	65	50	10	28	26	85	92	80	7	39	29	5	35	82	40	81	56	58	93	18	73	45	98	59	71	56	6	4	95	82	92	24	66	57	26	
30	64	25	48	2	8	23	32	86	9	17	85	37	88	39	12	35	68	32	53	36	89	93	79	10	13	75	87	80	11	70	33	82	45	10	7	89	95	45	31	
77	89	78	33	38	32	86	15	44	56	33	49	36	30	69	48	87	89	75	86	59	88	86	96	54	92	98	40	38	37	69	37	74	44	36	18	3	64	23	97	
57	83	21	24	87	21	50	25	52	88	43	66	83	13	1	90	51	25	24	2	56	67	14	21	61	82	87	10	14	80	69	64	26	91	40	97	33	57	52	86	
8	22	61	36	44	17	14	96	17	58	95	29	69	91	44	8	12	63	53	10	16	99	51	23	40	18	14	74	27	5	45	61	47	41	41	41	93	51	25	4	
38	1	2	43	15	86	81	83	89	88	85	53	19	59	95	93	27	93	44	41	40	1	48	39	54	49	22	56	48	90	36	11	37	58	3	45	44	99	96	91	
47	5	58	8	98	17	28	3	57	48	5	67	55	51	33	68	1	89	66	89	90	27	51	20	77	31	40	23	24	48	12	32	24	8	74	71	91	50	80	82	
36	4	50	4	71	34	25	51	45	53	65	83	64	74	75	46	59	15	29	43	33	18	1	64	52	33	63	79	2	60	81	76	10	79	10	85	1	96	96	51	
39	77	36	12	78	66	16	10	25	1	63	57	66	68	90	4	49	65	81	96	93	63	65	32	64	88	88	32	68	56	76	89	20	41	24	82	9	57	79	39	
53	75	11	1	31	26	58	25	25	34	10	21	97	1	64	9	24	40	70	42	14	2	42	43	17	73	97	35	89	21	76	70	62	20	19	88	50	89	32	60	
75	12	57	84	10	31	15	71	51	38	14	99	93	91	23	47	46	44	56	42	25	53	18	47	12	12	10	23	60	28	93	98	88	21	59	52	87	35	54	91	
50	82	54	70	74	54	1	97	14	71	21	9	78	68	17	22	97	24	81	84	11	79	73	88	38	23	78	20	53	12	21	51	60	68	5	4	38	88	7	44	
15	18	44	75	81	3	88	54	56	22	11	38	65	54	55	34	89	31	2	18	93	82	54	38	64	85	53	32	82	64	27	95	33	91	1	11	26	11	48	12	
62	70	49	34	5	32	75	99	95	99	46	8	59	87	97	50	79	21	66	69	17	21	96	21	42	45	95	21	70	69	14	69	31	28	25	3	19	60	20	7	
1	28	52	86	66	88	92	90	66	53	85	12	66	68	4	44	4	77	57	41	36	74	4	11	14	46	44	56	16	62	27	33	35	65	87	82	91	67	85	71	
22	60	29	42	69	86	86	48	69	32	43	42	10	42	40	26	4	75	88	93	16	26	86	15	20	1	48	55	78	25	23	12	82	14	91	21	78	27	36	73	
79	97	36	26	41	11	43	15	32	59	16	91	53	14	40	48	65	71	53	99	35	83	52	41	25	79	45	95	60	10	94	18	62	9	45	29	43	36	38	83	
70	38	61	15	77	56	80	84	69	59	53	42	31	86	22	93	63	20	39	94	94	27	55	39	38	46	8	17	94	97	50	47	27	46	37	8	51	54	51	33	
22	92	21	43	2	95	85	14	52	92	96	29	78	40	64	49	14	34	84	92	37	91	6	27	50	13	31	97	50	80	50	63	97	43	58	92	46	94	94	51	
84	51	20	92	19	80	19	21	85	43	66	89	78	36	34	52	28	64	7	95	66	76	25	1	64	30	91	19	29	85	3	65	92	42	87	63	40	50	66	84	
38	88	68	73	86	70	64	62	86	21	7	95	4	54	73	28	75	15	75	77	74	93	66	23	47	10	52	2	77	23	6	27	48	32	32	45	96	53	30	3	
92	99	48	72	82	96	46	86	77	8	90	59	76	62	43	99	59	92	46	48	84	39	91	92	78	78	29	35	8	63	61	26	50	11	25	86	36	57	47	76	
3	62	44	89	89	55	92	76	77	24	77	31	24	15	25	85	81	80	52	10	80	2	95	94	4	62	9	79	10	58	30	54	72	77	70	23	33	57	74	44	
89	35	29	56	75	31	60	66	99	36	24	65	43	85	68	76	35	54	46	75	66	94	98	34	99	97	30	49	90	74	50	99	24	49	61	16	33	43	5	54	
64	85	94	34	85	56	17	48	67	85	62	83	79	29	11	88	84	14	8	91	10	30	84	50	47	86	14	84	4	74	16	25	94	17	37	77	62	75	81	96	
60	48	56	92	41	95	75	49	16	60	19	3	2	71	42	9	64	61	98	18	9	19	3	13	99	63	55	94	91	22	2	12	16	30	7	76	52	99	53	4	
72	17	4	71	42	64	89	96	20	86	7	56	84	42	26	11	77	3	75	12	56	96	22	95	71	15	67	90	32	17	55	97	22	11	28	19	71	93	96	44	
97	66	4	22	78	79	99	67	17	59	54	91	4	23	85	55	6	80	67	74	10	90	44	35	22	13	84	96	92	66	32	86	21	2	36	20	56	34	86	91	
91	1	72	30	44	40	38	8	36	1	14	49	34	37	35	77	17	39	93	91	74	10	66	70	51	90	21	39	93	83	2	49	68	42	38	53	53	12	27	76	
20	46	90	20	62	41	95	45	42	51	2	23	48	70	75	47	89	24	57	48	84	73	14	62	2	43	85	21	69	19	2	91	50	79	56	73	68	61	42	15	
23	56	81	42	10	16	31	77	75	88	17	4	32	20	41	13	35	7	75	28	94	65	11	94	63	61	49	79	41	22	44	22	70	7	32	34	20	34	10	30	
87	67	49	39	58	10	53	39	1	84	95	98	97	73	8	32	33	47	82	90	82	20	25	59	87	1	80	15	2	33	91	80	45	38	82	76	95	98	72	39	
20	70	62	93	9	86	46	58	70	86	44	44	7	23	54	76	64	80	77	36	44	41	53	14	4	73	18	16	93	15	71	67	4	7	14	3	24	67	80	37	
28	26	1	57	45	67	58	83	82	35	3	79	99	7	76	21	61	42	35	43	12	56	77	35	51	79	18	50	2	1	66	38	96	7	96	31	42	62	13	46	
11	98	63	62	83	99	44	2	51	9	90	26	29	89	64	14	52	18	69	94	65	89	64	40	6	63	49	50	54	84	43	87	7	48	89	31	76	8	40	62	
49	31	18	14	33	53	62	31	83	1	88	25	2	60	32	29	24	30	55	82	55	82	31	92	18	10	41	69	24	42	48	20	68	63	24	42	29	56	49	72	
13	48	22	64	64	56	32	1	60	32	86	75	30	75	4	97	81	51	4	89	33	31	58	95	61	56	96	25	36	76	58	82	95	29	44	68	66	42	27	55	
60	92	93	63	79	52	46	3	23	89	88	39	76	26	57	22	18	54	97	62	85	64	70	61	76	55	54	25	89	5	81	3	11	28	1	61	18	70	90	61	
56	83	34	98	91	97	36	36	71	96	64	36	23	38	21	70	90	84	80	56	75	48	60	60	36	53	11	67	73	62	23	88	84	39	6	80	78	36	85	84	
88	21	15	11	11	87	95	24	60	20	74	16	33	99	32	54	2	74	2	63	89	25	78	54	1	7	94	30	3	53	1	23	80	57	38	33	22	72	33	99	
97	10	16	89	33	6	66	18	10	96	29	11	22	31	46	88	87	83	20	25	92	79	74	12	93	31	6	34	46	24	20	28	5	48	13	98	13	32	33	90	
3	19	25	58	41	19	66	75	16	9	25	77	40	68	5	22	15	64	60	26	84	42	98	2	70	74	97	95	71	65	4	23	61	33	96	35	32	99	29	62	
43	72	81	30	3	90	88	31	70	73	25	6	55	97	60	67	75	72	30	64	72	15	54	70	8	31	31	52	92	56	79	50	21	4	88	60	3	38	27	24	
25	71	96	50	88	32	50	33	88	72	94	24	44	6	58	97	99	97	88	6	37	38	10	98	85	81	69	77	23	25	19	93	82	66	51	23	29	57	62	60	
65	49	7	25	79	87	93	76	37	11	7	74	91	67	68	27	65	28	74	24	15	83	69	42	86	59	40	67	35	55	43	72	54	23	4	51	33	27	38	87	
56	48	1	17	96	37	51	9	75	11	82	74	89	67	81	78	19	48	90	10	80	77	92	49	90	59	51	19	27	14	72	19	34	79	62	77	8	9	7	80	
22	44	96	38	25	51	61	19	99	28	8	61	52	47	60	28	97	69	43	78	43	57	77	64	87	70	58	82	93	15	38	31	97	86	48	54	62	27	17	87	
90	87	72	14	51	56	46	4	91	10	96	11	32	84	37	30	69	83	34	42	37	58	96	10	86	41	93	97	8	10	55	18	91	9	42	43	92	68	5	29	
72	81	59	32	5	47	36	26	75	74	9	47	36	13	85	25	62	57	18	73	30	34	88	49	39	73	51	8	6	17	41	16	35	32	1	88	38	14	60	70	
37	95	82	72	2	22	61	41	83	31	31	22	63	55	29	29	11	54	10	48	33	6	11	32	57	54	21	62	72	74	98	91	27	94	27	75	58	99	30	79	
4	1	68	15	4	49	89	15	24	22	6	89	32	9	22	4	12	83	46	66	13	40	39	23	56	14	92	96	46	30	50	22	60	51	95	57	14	10	86	69	
35	42	3	37	75	70	33	17	56	5	26	47	27	41	73	8	74	90	9	59	19	67	33	7	82	15	2	85	20	54	35	63	36	74	41	82	47	5	55	12	
39	44	39	82	49	28	93	96	71	58	77	69	43	36	40	28	87	65	3	71	10	18	54	76	63	75	38	95	47	98	52	90	97	77	92	85	74	73	94	47	
74	46	79	16	1	33	83	42	83	26	42	18	39	58	64	96	88	96	86	34	89	5	37	8	57	22	15	99	65	67	72	26	52	78	70	70	87	22	29	59	
65	61	90	61	25	50	86	18	23	84	58	34	1	51	75	82	35	42	65	4	45	24	23	6	9	72	85	86	12	39	92	49	18	84	43	69	49	92	43	43	
18	80	97	17	24	32	84	85	33	48	29	8	4	72	46	69	92	44	34	4	99	91	43	39	15	52	24	45	58	3	60	82	62	21	30	86	14	15	34	49	
47	93	17	54	93	68	41	5	85	4	3	39	87	54	98	14	19	65	81	22	62	18	63	54	87	40	53	30	40	35	42	62	58	78	66	20	32	82	12	10	
12	54	54	97	27	74	31	17	82	73	91	68	34	95	79	84	60	64	45	16	87	1	82	71	39	48	41	12	1	9	59	90	35	98	28	64	84	70	63	49	
48	69	56	83	13	15	39	9	86	17	58	95	53	88	78	81	49	94	32	73	44	61	90	58	55	31	40	7	40	27	69	68	43	90	7	1	2	74	71	66	
15	18	22	6	49	45	4	54	38	53	57	78	72	73	12	34	15	43	84	78	87	4	74	91	89	22	96	85	65	92	11	9	28	78	41	62	3	89	86	11	
46	4	60	34	57	98	31	47	92	21	29	12	34	28	56	92	93	90	9	37	34	10	90	91	52	9	1	67	52	9	4	30	99	74	12	80	37	13	57	33	
7	46	21	24	4	98	44	3	54	72	52	86	4	84	45	81	50	14	58	3	53	62	85	45	16	37	10	89	14	10	3	35	17	95	81	15	31	83	19	13	
56	85	61	97	32	97	13	50	24	92	50	35	73	79	13	52	1	9	75	67	52	5	80	7	18	42	11	67	67	22	11	70	76	95	99	67	41	49	32	80	
16	39	88	14	95	57	19	2	50	51	60	52	82	33	5	8	48	53	83	46	76	22	5	80	78	14	54	27	19	58	43	58	6	45	62	71	15	66	87	4	
47	73	42	16	97	50	90	4	80	91	52	99	38	65	35	6	16	94	41	37	15	68	86	82	13	96	36	20	43	46	55	25	64	28	23	62	55	32	57	71	
31	16	45	60	42	99	89	68	32	38	2	93	43	38	8	56	96	72	52	59	4	7	9	89	65	14	33	28	78	75	22	94	51	78	68	39	96	47	6	47	
59	91	4	26	84	50	50	90	55	50	31	68	36	28	88	81	1	73	28	82	51	97	7	62	35	30	3	35	23	96	73	77	17	46	41	94	79	7	61	8	
25	2	64	12	91	61	83	40	11	97	91	29	25	35	34	75	12	13	8	26	54	10	35	55	15	38	37	92	37	29	88	33	80	92	27	33	39	27	36	64	
26	20	34	2	13	44	26	38	54	68	18	75	40	17	81	32	53	51	38	48	28	59	81	4	39	85	65	62	57	17	42	12	62	20	90	70	92	3	10	67	
69	30	44	28	43	20	59	18	19	10	19	20	86	62	90	61	52	39	5	10	42	92	44	93	29	23	24	34	7	10	12	83	8	28	74	12	40	90	63	80	
89	89	80	99	11	18	70	59	15	4	46	71	2	84	40	84	23	98	24	27	61	82	60	17	56	87	74	36	22	71	42	46	31	7	50	14	66	32	73	54	
59	30	68	24	60	96	79	12	29	64	6	17	27	59	85	6	41	31	85	95	92	73	94	98	97	26	82	19	79	28	56	14	54	59	25	26	53	1	60	64	
22	78	12	2	37	99	20	96	29	72	24	67	73	80	70	78	36	54	57	8	40	48	77	14	13	32	47	22	32	39	36	86	66	50	11	14	91	82	94	41	
23	25	85	9	95	45	73	84	76	47	82	2	6	59	93	34	82	80	43	36	62	26	8	82	13	29	98	19	51	7	46	1	68	93	40	63	8	90	57	75	
44	3	92	57	93	43	66	67	53	35	96	76	24	44	32	12	6	13	97	15	43	93	10	46	48	80	35	54	69	10	27	64	48	66	46	65	89	8	59	10	
50	21	68	36	9	47	14	94	75	44	56	31	57	81	24	53	83	84	95	90	56	68	39	25	90	27	31	47	39	75	33	67	42	57	95	86	24	59	12	6	
41	10	49	32	48	32	28	7	36	97	22	61	59	98	3	86	60	21	61	57	55	93	55	54	33	58	92	86	92	75	35	80	12	42	79	14	36	25	63	98	
5	7	89	41	79	7	78	38	35	28	75	83	14	27	92	92	68	37	49	75	48	59	44	12	86	20	73	6	2	61	71	30	30	95	54	84	37	66	77	26	
84	73	42	46	52	63	12	10	31	97	33	74	41	47	52	47	52	67	87	68	93	63	97	9	89	43	46	31	60	23	63	53	63	30	52	98	77	7	83	45	
45	41	86	89	36	42	23	96	84	52	3	97	21	71	87	51	1	24	70	3	97	92	50	81	19	13	27	27	54	86	80	41	71	65	31	9	9	23	71	25	
50	89	27	20	60	49	86	80	20	5	12	3	7	60	6	31	85	83	12	49	17	48	74	52	11	61	62	3	51	33	65	56	2	37	94	96	48	77	46	28	
43	52	30	20	63	82	47	78	86	50	80	19	61	59	40	37	3	16	54	26	70	88	24	70	83	2	66	20	90	59	15	34	3	26	60	23	53	85	43	59	
35	65	31	19	45	8	53	66	28	13	56	14	85	78	17	7	28	31	31	17	52	18	46	45	74	80	18	65	79	65	16	66	34	25	91	67	95	3	92	15	
3	28	94	85	30	57	65	62	57	23	3	45	65	95	91	17	70	66	91	83	57	90	38	50	74	73	13	15	98	70	37	66	84	36	72	44	51	53	44	91	
81	17	21	97	25	57	8	12	41	29	47	93	17	97	33	20	35	99	73	43	8	61	66	12	70	5	69	73	13	63	78	8	99	97	55	96	90	85	50	1	
78	10	27	99	2	94	77	41	86	35	81	68	38	44	65	53	94	97	41	42	90	56	43	80	2	98	97	1	84	84	78	61	13	45	52	84	71	58	97	37	
86	60	66	39	71	7	16	95	33	74	20	99	73	69	67	38	64	95	68	99	95	79	51	80	11	67	17	15	97	38	74	92	82	99	89	37	51	60	4	56	
96	88	16	80	66	11	31	65	55	10	17	16	73	15	30	52	81	2	93	41	65	52	36	44	11	22	34	76	85	34	17	56	40	90	15	1	87	60	64	8	
31	10	15	6	36	55	78	78	72	72	32	94	75	89	65	91	97	43	13	4	48	78	44	27	53	25	78	58	68	66	51	65	35	7	62	56	61	87	59	69	
69	95	58	92	43	10	96	90	56	22	64	99	74	64	74	7	67	31	45	36	57	48	26	97	3	59	87	90	92	15	40	41	96	85	73	32	95	42	14	52	
90	64	54	76	66	81	1	43	52	46	31	97	13	96	73	23	56	71	42	61	39	65	87	21	19	49	56	93	76	85	54	49	94	22	72	78	87	43	16	89	
16	1	28	90	11	69	32	15	8	89	7	55	70	84	71	40	40	90	62	42	42	12	7	10	48	90	39	85	67	78	14	8	7	20	5	46	39	98	90	6	
59	9	88	93	25	40	62	41	1	10	24	23	61	60	10	21	23	11	96	8	98	40	93	68	12	26	6	76	1	84	89	88	1	67	19	27	1	17	32	71	
83	98	48	67	21	42	55	27	79	70	19	89	38	99	50	48	56	36	53	77	11	98	22	9	12	51	59	42	62	24	55	88	9	48	21	85	19	38	87	30	
65	1	2	8	8	51	85	34	5	62	45	28	3	80	30	75	61	88	94	55	38	88	6	56	36	43	4	74	68	99	99	90	20	79	69	70	90	7	99	18	
62	11	56	89	19	43	11	50	5	55	37	20	19	58	62	47	62	63	35	10	95	49	38	26	68	30	75	22	37	97	95	2	71	86	39	7	20	68	9	55	
90	71	27	18	62	1	3	41	27	83	28	55	41	78	99	12	29	19	94	36	60	79	77	93	14	85	19	6	77	8	25	71	54	3	30	66	87	6	6	25	
7	75	75	51	60	49	35	82	5	60	32	22	37	25	52	11	12	3	3	96	79	83	8	35	21	60	38	14	79	80	55	96	16	6	44	26	23	94	44	29	
91	14	18	19	9	28	25	77	25	26	71	72	26	89	59	42	3	99	70	44	86	56	33	58	10	34	79	87	12	18	79	1	72	81	11	1	81	4	7	27	
52	40	80	9	34	88	33	45	3	24	71	71	20	80	24	21	83	18	1	29	23	91	45	4	19	14	92	75	24	85	7	98	32	23	66	63	30	14	32	56	
15	78	16	43	57	24	15	4	67	10	6	24	69	59	95	4	93	5	75	80	70	29	38	40	42	50	39	78	60	68	15	42	18	56	99	39	39	76	93	34	
36	55	70	30	74	35	39	23	46	93	95	87	17	9	14	8	99	91	84	77	79	28	86	30	81	94	49	75	69	49	48	46	98	99	42	88	79	5	34	42	
16	67	16	4	26	22	50	65	58	13	69	66	60	35	10	5	67	76	16	95	18	71	72	83	7	78	51	22	36	20	89	98	32	55	27	64	24	82	62	84	
15	74	31	36	87	6	92	8	22	30	78	80	16	95	56	94	48	27	99	36	13	8	69	89	12	34	45	41	98	28	69	44	2	31	88	58	62	25	98	40	
81	29	41	41	60	91	94	39	51	71	67	21	90	62	84	67	62	24	13	37	7	14	91	31	91	36	35	88	95	47	42	58	74	91	36	22	13	52	83	82	
83	37	12	46	65	49	1	45	78	90	2	87	63	17	50	40	96	34	39	64	17	98	88	78	15	82	20	1	97	88	20	98	52	44	67	68	47	5	35	91	
46	48	7	62	51	35	67	73	68	67	50	7	67	74	55	74	7	11	79	87	4	34	3	68	2	5	42	23	58	34	54	35	39	52	51	63	17	85	69	43	
95	73	89	20	4	42	11	76	44	31	24	26	84	40	33	82	17	30	24	31	38	15	78	59	20	5	83	24	70	7	80	66	8	84	57	89	93	38	75	73	
10	44	91	91	57	79	12	37	21	25	74	95	38	92	78	8	41	54	80	13	85	54	31	69	72	29	30	85	23	68	21	14	74	93	47	93	3	46	43	38	
77	89	35	1	24	84	78	80	44	93	45	29	1	9	47	86	97	30	60	59	88	10	70	1	99	72	80	72	65	54	31	96	86	21	21	17	75	78	50	37	
57	60	6	6	18	68	62	58	29	5	77	46	3	12	99	96	35	15	10	4	56	36	83	36	89	9	25	94	86	32	21	93	2	39	18	9	3	52	7	36	
52	67	88	63	90	89	34	22	19	3	79	94	47	46	8	81	66	39	17	68	66	73	67	24	84	59	64	37	86	98	17	76	90	27	75	13	94	34	53	56	
78	63	58	83	75	60	14	72	36	94	42	54	35	1	19	60	5	93	53	21	64	68	26	44	9	88	97	76	67	2	85	33	32	67	44	45	44	71	14	51	
55	52	23	53	31	81	56	91	46	62	21	26	92	41	72	12	8	51	90	21	76	22	14	47	84	33	61	83	17	95	19	69	23	84	58	46	4	56	11	67	
86	30	28	49	95	16	93	61	31	9	66	94	6	92	68	50	32	22	59	38	25	67	45	87	74	57	25	99	17	33	66	91	89	8	64	19	60	15	32	80	
57	54	14	30	51	85	36	51	57	42	15	79	60	44	9	73	83	36	74	61	49	91	57	27	9	50	43	98	35	78	27	66	7	70	99	42	22	39	51	18	
34	48	32	12	82	1	25	2	66	77	34	63	93	82	72	95	86	59	8	83	36	67	23	24	38	40	64	28	44	62	3	74	24	36	39	73	11	33	16	55	
74	35	11	18	56	25	47	76	55	79	26	3	43	63	65	63	49	39	27	66	56	37	28	4	79	52	94	31	34	58	99	26	1	57	86	23	58	10	73	5	
35	4	91	17	96	68	99	5	76	38	82	22	10	13	19	46	40	84	79	89	99	14	99	12	76	90	19	56	33	97	92	77	37	67	27	19	6	4	75	77	
96	5	3	40	71	12	17	1	35	66	5	83	23	56	40	20	72	71	42	81	31	20	96	44	58	53	78	37	41	13	40	15	24	1	36	50	23	24	16	24	
83	79	6	80	81	63	46	64	97	37	69	44	14	78	30	16	88	89	23	30	36	58	46	62	13	83	7	62	59	12	61	28	92	47	45	82	17	33	44	67	
1	17	87	70	58	44	89	62	4	48	59	89	91	23	46	69	55	7	17	71	88	7	50	86	58	40	13	23	36	83	62	58	69	35	61	72	55	59	23	7	
69	46	15	42	70	10	94	94	84	17	44	54	33	11	30	29	67	75	25	67	9	53	33	76	31	14	33	43	11	36	29	33	42	48	45	45	99	42	47	7	
71	58	42	71	32	96	3	41	93	13	22	16	69	1	84	66	49	69	20	58	43	57	58	83	66	62	31	88	69	65	61	79	27	70	43	65	34	7	18	70	
1	58	74	1	17	6	53	82	31	12	15	77	84	75	13	57	73	43	77	96	37	43	94	94	98	85	54	61	6	55	79	19	42	64	77	87	12	68	71	84	
19	48	90	43	83	15	48	11	87	89	21	26	21	60	10	42	76	35	59	68	26	25	42	47	59	27	53	72	83	7	76	43	95	81	93	78	1	69	68	59	
19	45	19	65	5	21	68	21	86	42	20	76	87	69	12	73	83	89	50	87	20	61	7	35	84	8	49	93	12	1	30	75	69	2	61	37	36	50	33	37	
96	27	72	60	97	13	46	76	35	38	43	94	76	92	1	43	45	20	55	76	6	45	43	88	27	92	59	95	26	94	69	3	12	5	31	76	79	49	55	88	
22	8	35	91	71	82	99	62	78	7	91	2	86	6	67	87	71	98	54	29	50	20	45	40	76	86	86	65	66	44	1	2	43	74	53	7	88	31	46	91	
24	51	11	24	70	59	14	19	69	47	12	57	50	12	27	78	74	77	6	48	8	32	92	67	85	62	52	3	74	59	84	39	58	30	44	83	89	49	46	85	
78	8	26	34	27	77	86	54	29	79	31	30	69	19	96	91	26	40	14	72	39	9	61	21	1	20	96	2	89	91	79	50	43	97	16	45	51	43	94	14	
1	89	84	99	27	78	29	41	28	22	47	45	57	42	22	61	6	88	52	82	31	71	79	31	1	77	28	10	52	55	24	9	90	97	61	28	72	59	55	39	
48	68	84	80	69	41	17	90	70	99	71	13	85	46	64	7	72	56	36	78	28	82	49	99	40	93	35	69	12	75	94	67	29	82	89	71	76	9	94	50	
27	15	90	63	43	42	5	12	73	84	37	38	37	12	46	54	27	57	56	58	65	15	18	63	3	15	48	43	47	67	9	85	51	87	24	86	5	54	20	39	
4	61	59	4	5	51	93	50	70	67	51	15	66	33	47	25	91	61	74	56	13	61	13	53	55	69	58	18	85	52	83	39	56	28	54	26	19	30	70	69	
25	97	21	42	63	59	55	6	6	62	11	1	66	52	60	14	89	6	62	77	16	70	21	21	10	74	2	89	32	95	57	6	89	16	47	24	18	88	67	20	
45	4	23	1	69	25	10	40	46	37	77	64	41	19	5	50	35	34	6	8	59	18	36	57	98	85	84	28	6	90	59	36	97	16	7	15	45	84	18	10	
54	1	24	64	18	74	65	51	88	84	1	30	81	86	92	32	26	66	67	6	17	3	60	83	42	77	80	32	79	54	46	9	81	28	96	43	18	85	80	7	
19	52	44	39	44	9	10	44	84	13	3	89	56	33	50	47	46	8	92	75	25	79	53	31	38	46	69	51	29	71	80	56	62	5	22	47	54	18	76	18	
29	73	77	96	42	61	59	71	63	76	16	1	96	24	5	79	70	76	89	22	50	20	47	95	44	57	45	2	85	61	81	83	48	93	53	24	6	36	70	58	
41	95	51	96	74	74	63	63	62	38	84	68	96	91	15	83	78	71	52	83	73	11	14	80	73	14	69	55	94	76	18	65	12	22	26	83	2	37	95	99	
42	42	55	90	96	14	67	30	69	51	10	5	20	57	65	53	75	70	42	55	69	72	88	10	98	58	91	15	85	36	69	14	71	97	79	69	92	88	43	8	
10	48	8	10	88	12	31	58	61	92	61	69	4	84	20	68	15	55	29	79	99	20	53	39	55	9	15	68	40	85	29	46	80	59	64	78	10	6	5	56	
80	8	97	29	85	42	99	73	61	5	45	95	77	53	18	18	34	74	91	33	11	44	66	30	53	24	26	22	74	91	82	17	19	37	95	48	19	45	69	14	
29	47	72	17	21	24	36	96	90	87	19	94	89	76	45	6	87	30	61	82	40	40	62	18	2	97	76	21	21	66	21	40	95	66	70	28	93	39	81	33	
45	39	80	64	74	63	9	74	32	10	70	38	28	44	45	46	94	2	38	27	20	47	97	57	31	91	25	46	22	26	30	91	56	13	39	38	78	55	51	95	
25	40	77	97	24	18	31	93	2	55	56	27	63	96	96	29	91	97	49	23	99	34	57	44	23	88	32	92	28	74	20	89	93	43	32	4	75	91	22	62	
66	63	81	66	8	98	62	77	25	7	82	42	82	29	42	70	83	43	75	88	64	13	12	29	53	88	13	31	96	22	24	60	70	22	42	71	28	5	94	82	
66	82	89	21	89	2	65	59	14	46	58	70	42	33	75	50	11	88	24	88	65	79	42	4	34	26	42	52	10	38	44	82	40	37	64	8	7	59	8	6	
29	63	49	64	32	67	13	42	58	3	94	17	22	60	84	19	18	64	63	2	55	90	11	70	60	26	25	85	81	32	54	13	85	58	93	78	15	20	75	55	
80	33	83	87	71	77	58	38	23	19	63	94	78	26	48	2	30	51	17	68	27	69	87	93	75	84	11	6	88	62	66	96	49	31	74	10	83	66	75	99	
85	71	76	90	9	77	61	85	41	60	12	5	19	40	94	64	33	96	98	21	65	39	43	31	26	89	77	21	92	82	48	52	83	95	12	30	90	49	6	90	
74	44	9	74	97	34	63	54	29	41	32	80	69	64	12	80	60	49	29	93	95	99	88	53	34	61	58	36	79	15	90	45	99	42	34	91	68	63	83	96	
75	59	61	26	40	22	30	26	93	94	92	33	54	14	14	64	92	33	79	17	49	18	73	32	75	35	37	3	98	57	46	35	23	90	13	80	31	65	10	5	
53	58	58	76	93	41	40	58	53	72	15	61	82	74	67	92	51	52	98	86	23	67	43	19	59	68	90	49	10	22	11	14	57	14	43	93	5	17	85	13	
49	36	83	42	80	69	33	29	63	66	21	54	36	64	69	8	13	21	74	21	58	84	48	8	12	82	90	88	39	99	69	17	55	73	76	14	56	57	85	97	
38	97	38	51	1	41	20	65	51	70	23	68	71	19	85	95	14	32	69	97	17	63	14	63	81	32	65	16	37	63	90	14	91	9	7	55	40	9	92	67	
80	39	67	45	59	62	40	49	47	73	76	89	20	8	42	56	78	53	96	67	65	85	64	52	27	10	11	75	45	99	85	94	46	39	19	88	45	20	78	95	
86	63	34	65	92	49	78	6	38	74	92	73	96	87	75	43	38	55	62	55	66	66	1	37	34	80	63	19	67	67	21	19	93	5	92	59	45	25	49	30	
87	29	54	20	1	8	46	75	8	45	99	71	23	81	37	90	65	69	64	39	77	52	39	62	22	45	27	40	53	93	82	56	94	43	58	75	61	53	46	95	
8	26	85	33	94	39	2	62	4	5	61	34	42	91	55	27	12	78	40	8	54	34	7	16	68	41	56	92	76	99	99	9	98	86	11	79	28	51	96	62	
51	84	70	73	39	73	44	70	93	41	61	93	50	43	52	53	53	40	77	7	58	95	82	78	29	63	94	87	31	53	30	14	49	97	84	8	64	53	30	10	
86	18	46	64	7	42	53	16	35	54	30	36	33	58	20	23	39	38	79	62	77	98	10	44	75	32	73	71	26	61	91	20	98	38	76	20	55	68	43	62	
38	93	94	79	40	76	90	22	55	38	36	45	6	62	46	88	49	67	81	80	45	94	57	32	27	75	61	89	90	82	56	58	27	61	31	21	34	8	24	10	
95	33	61	9	16	38	49	93	30	83	33	37	59	22	8	36	59	50	36	38	70	64	31	74	2	58	74	27	83	81	2	81	66	42	78	58	73	41	33	9	
13	50	26	21	18	82	74	78	69	26	63	63	17	14	6	94	5	78	38	46	69	96	56	87	61	28	39	32	9	8	12	94	35	36	36	98	84	85	41	66	
23	13	30	93	17	52	21	5	18	12	11	11	90	23	72	38	65	97	20	1	15	93	2	20	71	4	16	19	39	10	43	62	73	68	52	93	22	19	17	3	
59	44	57	35	55	98	85	99	50	4	22	70	50	73	19	58	36	13	92	12	73	7	67	86	63	91	70	57	45	77	39	92	88	57	20	16	88	36	83	98	
80	46	77	76	35	45	84	92	81	15	73	92	93	94	52	20	24	29	55	13	67	7	31	86	3	26	17	35	29	14	6	15	6	67	42	87	57	24	18	16	
1	59	39	56	22	65	86	96	76	71	98	23	30	10	39	4	38	24	44	54	30	82	42	91	66	57	98	9	65	47	41	25	26	91	48	82	90	78	13	13	
31	57	23	79	41	9	13	72	72	16	72	19	58	64	34	26	92	49	56	73	74	73	79	28	26	49	36	34	50	66	24	21	86	67	76	10	69	46	99	28	
19	64	51	59	92	49	77	75	2	25	52	50	60	78	57	38	11	68	14	55	62	29	63	29	30	30	33	73	52	84	52	14	32	27	3	84	30	98	16	52	
3	8	48	40	67	61	1	77	29	79	69	75	5	40	29	8	39	17	94	63	88	7	23	80	5	57	31	91	78	46	47	29	90	68	34	76	2	39	40	76	
68	7	68	4	67	39	66	80	80	46	86	4	40	16	66	87	70	3	14	56	60	91	19	35	52	23	25	27	31	52	5	73	55	71	50	35	56	41	75	33	
9	81	65	53	35	37	38	2	98	7	4	38	14	10	32	58	61	33	64	89	92	57	26	14	55	89	34	44	90	26	8	4	68	32	11	3	65	13	94	97	
99	8	33	80	89	42	37	43	82	3	20	96	82	35	36	51	73	72	14	91	2	49	65	94	92	51	29	75	84	8	96	56	24	40	9	9	52	2	38	93	
68	85	88	14	64	83	72	46	53	27	60	18	38	33	2	61	4	37	55	27	14	6	4	69	59	33	16	31	80	72	89	71	60	77	90	38	64	24	68	67	
78	55	22	49	61	70	22	19	12	36	49	48	35	14	77	35	33	12	15	38	69	9	96	92	89	21	75	2	73	95	64	92	70	54	21	91	46	26	83	40	
20	37	97	59	97	55	82	57	11	94	43	5	25	33	19	36	76	4	19	65	45	59	98	7	90	17	59	37	81	34	95	54	16	75	15	17	12	76	83	52	
1	98	14	87	69	41	64	35	29	59	23	28	98	95	12	3	38	31	13	57	71	97	18	51	78	32	39	7	53	43	48	39	44	34	18	25	37	96	93	81	
46	64	14	18	17	5	46	79	52	79	37	10	32	94	62	76	76	32	39	51	63	42	43	48	27	7	22	42	78	35	21	26	16	43	48	95	46	10	48	46	
13	41	60	32	96	67	91	33	64	47	7	2	43	78	39	17	71	17	70	41	56	62	9	76	13	64	7	56	97	50	60	18	35	90	91	46	11	33	20	82	
90	93	62	46	63	79	9	88	39	62	82	12	48	52	73	96	4	42	98	29	46	89	32	19	76	94	12	57	33	75	16	46	87	33	51	2	53	92	24	17	
32	34	55	25	47	53	82	13	42	35	57	72	31	10	12	80	32	21	82	51	37	53	95	99	80	73	47	22	11	85	58	63	87	19	61	33	57	79	53	4	
71	50	44	79	54	13	49	43	36	27	40	98	12	90	29	78	82	65	49	89	95	46	89	94	86	1	51	73	99	19	58	9	25	35	46	77	83	22	97	53	
63	68	97	52	58	85	37	76	95	8	83	23	31	80	95	87	47	56	51	65	8	27	17	26	24	86	78	24	50	80	9	65	25	96	44	49	92	5	92	42	
11	43	3	71	6	20	55	26	26	58	64	12	29	32	4	10	77	44	81	12	49	52	39	43	72	56	46	6	44	86	21	86	8	61	85	19	72	11	48	1	
19	76	69	95	26	31	44	71	87	94	24	63	40	21	44	56	97	88	47	25	58	36	95	74	55	93	38	80	46	23	58	13	62	73	23	85	73	92	14	81	
42	69	97	37	46	89	83	84	30	31	65	89	91	34	46	30	13	20	91	5	9	45	69	69	29	8	57	33	64	54	42	69	18	45	24	23	54	83	16	14	
38	13	96	67	18	27	49	36	28	65	6	73	4	88	66	84	33	36	82	69	99	24	8	19	83	42	50	44	17	48	2	37	30	63	14	8	22	33	37	31	
36	97	65	1	39	80	36	82	27	5	83	13	99	80	41	75	93	30	49	54	48	48	7	57	52	5	66	44	4	43	91	15	62	34	82	33	89	74	68	92	
3	62	22	61	96	73	27	40	93	20	23	44	28	67	92	83	90	53	79	90	79	16	46	41	23	33	96	50	88	38	53	55	89	46	38	95	36	23	98	71	
18	69	95	34	1	14	26	34	72	22	55	46	76	79	84	23	20	99	71	66	40	63	81	16	58	92	46	82	78	17	42	87	89	82	23	77	73	12	75	34	
58	20	72	91	37	35	45	32	47	86	98	25	6	61	47	29	17	34	39	68	99	17	94	62	20	8	83	62	19	9	10	16	54	51	86	90	18	52	16	96	
85	88	96	6	17	64	45	55	14	94	85	82	86	52	46	30	12	38	83	7	72	71	98	21	2	13	29	89	89	71	36	5	6	48	11	19	65	23	71	67	
35	96	29	40	42	24	36	79	54	13	57	65	33	85	16	98	82	1	8	19	36	4	96	98	67	50	12	9	8	10	25	40	7	58	92	35	83	3	57	60	
26	17	63	22	65	59	33	5	15	3	9	89	58	30	42	82	21	29	96	52	65	18	5	60	94	89	74	46	41	30	54	78	97	80	87	94	97	19	28	4	
61	6	93	97	66	2	66	17	3	61	91	57	23	59	12	22	2	98	49	35	60	18	21	97	26	76	43	34	21	15	76	68	18	88	98	20	88	41	15	17	
41	68	46	68	30	66	49	25	71	88	67	47	99	47	4	39	56	28	68	26	92	13	57	77	24	26	41	18	66	39	86	61	51	20	38	59	99	93	21	78	