700
40
34	64	12	40	7	32	69	71	27	3	94	19	79	87	49	55	30	91	1	84	82	31	29	79	51	17	3	89	7	82	37	55	34	24	64	70	32	78	66	64	
29	74	52	9	9	6	82	69	48	22	78	45	33	50	54	81	98	77	73	44	96	52	16	81	3	1	92	27	15	61	67	4	90	78	53	50	42	6	2	66	
81	24	1	47	69	62	56	68	42	75	9	21	93	32	13	32	33	98	8	95	77	30	11	15	22	6	48	27	90	70	99	63	95	67	95	62	24	66	29	34	
41	40	49	62	91	30	54	66	13	1	1	79	15	86	90	10	79	76	19	87	82	82	82	13	52	94	72	71	99	16	20	62	98	30	69	72	6	55	71	83	
27	62	48	91	87	82	60	92	64	35	80	43	68	27	60	11	9	27	21	71	69	14	36	26	63	29	74	22	69	18	5	22	54	19	8	62	31	24	30	55	
24	54	80	71	16	89	52	88	17	63	18	75	77	16	43	85	32	46	5	42	39	31	3	60	69	80	21	34	48	67	70	78	51	32	99	13	17	58	84	19	
23	76	19	8	38	30	63	92	42	20	31	33	89	7	20	14	43	35	12	64	14	20	6	31	81	94	50	71	80	23	92	12	70	17	66	8	35	13	77	84	
80	13	59	55	16	60	21	38	39	46	87	25	70	40	22	73	1	93	80	17	39	74	20	19	96	12	82	29	22	76	22	92	76	15	27	34	34	10	76	28	
20	54	37	2	35	40	60	54	34	7	68	80	42	5	15	29	35	65	74	39	25	82	94	33	7	43	4	60	80	73	66	18	40	76	32	92	90	82	22	9	
56	39	26	59	61	9	36	69	15	57	29	19	38	43	49	12	92	40	92	86	11	70	76	78	51	7	30	13	94	80	62	65	87	22	96	15	88	81	51	8	
59	45	19	64	28	23	96	27	99	76	31	31	4	23	4	24	99	14	66	89	70	1	99	37	89	13	60	72	36	22	32	50	88	61	98	84	30	40	7	61	
39	48	87	75	54	52	49	5	27	45	63	63	15	59	5	31	72	97	26	20	35	26	60	43	15	17	5	5	50	60	7	89	70	76	63	66	81	85	25	9	
71	24	25	91	94	25	11	38	91	86	36	10	39	96	27	70	50	97	58	61	64	5	81	74	93	13	92	14	21	47	47	67	64	50	37	43	46	19	7	42	
47	18	67	61	21	35	28	55	98	66	61	7	20	44	74	68	57	33	44	91	33	65	43	47	34	99	68	2	75	13	38	15	83	55	29	53	73	43	68	60	
61	63	1	7	34	2	85	13	55	39	17	38	95	69	47	56	4	26	72	66	61	29	10	16	92	89	61	32	11	29	61	87	33	5	43	41	93	50	74	37	
24	59	43	55	7	89	99	40	91	58	82	48	50	44	84	95	9	38	39	8	65	96	27	77	6	82	41	5	56	16	56	60	49	50	90	10	84	60	51	84	
11	3	18	72	59	83	83	92	15	45	70	51	92	55	94	11	65	67	29	4	50	76	7	91	58	93	56	32	70	13	59	14	71	42	77	81	77	26	83	35	
36	81	93	3	67	15	99	5	92	4	23	63	73	60	56	27	26	99	71	16	22	84	88	90	76	35	46	27	63	1	21	39	45	43	83	61	82	85	87	18	
66	15	23	17	94	49	94	55	71	2	2	20	21	12	13	17	27	18	88	79	46	88	88	12	59	54	44	94	55	81	8	47	58	1	11	16	53	73	71	49	
60	63	43	66	66	34	11	36	17	2	55	20	24	24	40	47	41	65	14	31	19	17	23	29	35	34	54	25	57	18	89	74	3	71	25	43	78	89	73	28	
37	77	76	45	65	89	82	30	97	53	65	63	31	8	97	38	60	70	98	21	87	17	14	85	53	42	12	99	99	23	96	11	73	9	68	64	12	22	83	33	
83	21	1	51	66	71	10	88	92	36	76	98	93	58	64	24	14	17	96	51	89	75	83	45	6	38	27	5	73	9	69	18	96	97	58	15	22	27	41	33	
85	36	2	63	95	78	21	22	30	63	10	76	31	92	47	27	11	83	33	2	29	88	21	37	79	40	8	40	15	95	82	65	86	54	70	35	83	69	19	99	
93	76	11	19	24	21	8	95	60	41	50	11	29	52	80	30	23	33	50	78	80	98	33	16	42	48	62	50	18	70	54	68	41	77	94	84	92	8	91	24	
21	82	23	96	96	43	45	26	60	83	23	42	77	61	99	55	89	52	39	55	31	75	78	25	54	15	87	44	77	4	35	29	55	55	81	40	21	52	71	44	
71	29	91	10	82	7	96	92	64	78	47	15	23	30	2	59	60	62	49	34	43	60	80	63	20	85	35	38	64	28	74	91	82	32	59	24	93	64	46	76	
97	15	13	5	66	28	91	47	33	21	72	52	70	29	81	22	68	72	80	96	59	64	24	64	62	81	59	90	30	61	77	94	14	25	47	17	3	19	74	55	
90	19	80	62	65	64	93	35	48	95	93	40	7	12	51	49	27	93	56	79	29	28	29	73	34	52	44	55	45	1	34	38	94	9	33	90	49	23	86	74	
3	8	34	6	79	70	43	20	38	10	52	25	50	95	46	79	73	13	79	39	75	26	10	41	54	73	21	30	67	61	33	51	70	43	45	45	21	89	45	41	
2	1	78	25	72	97	83	17	44	1	14	2	46	94	4	96	25	18	66	36	83	39	16	13	86	6	52	21	44	74	59	64	69	61	98	43	94	69	1	29	
53	87	86	89	82	62	70	27	4	76	27	26	83	17	26	49	80	82	63	15	32	79	48	33	37	12	12	5	37	46	67	99	3	22	24	65	76	33	26	44	
37	11	91	84	70	55	60	87	74	32	70	19	38	10	29	77	48	4	48	1	40	66	61	50	88	25	34	4	92	65	42	48	14	6	81	60	69	20	25	93	
91	93	46	41	87	24	78	17	89	10	72	85	64	69	66	41	5	1	7	92	64	67	50	29	69	77	53	62	28	75	34	74	45	79	49	2	74	32	32	61	
95	33	78	78	88	96	75	74	39	23	14	37	96	99	37	64	84	63	92	69	11	88	8	72	46	80	17	37	62	93	81	9	42	2	96	61	17	90	87	87	
73	47	14	54	65	72	51	23	84	31	21	19	4	27	76	73	99	64	73	96	87	22	75	45	54	70	89	81	67	94	13	59	88	4	43	75	14	50	93	61	
40	73	91	15	15	61	77	98	9	73	23	44	54	80	23	49	99	21	50	49	84	55	65	7	56	99	26	46	59	47	28	25	69	11	89	26	68	62	54	11	
68	29	53	57	40	85	88	84	93	60	7	40	28	19	71	86	47	17	63	27	86	30	72	48	33	89	36	84	14	4	61	10	71	27	37	26	88	4	97	5	
94	24	20	92	81	35	59	93	25	17	46	89	51	17	5	55	38	81	80	85	17	60	57	37	5	40	26	58	17	54	29	55	8	72	82	10	47	53	71	63	
49	35	42	24	80	76	61	60	38	87	8	88	66	8	12	70	50	20	57	73	12	8	23	68	82	94	21	59	48	27	53	68	75	85	4	31	71	31	32	64	
29	32	36	19	69	24	1	28	86	91	50	4	30	84	75	64	15	3	92	71	27	9	60	21	55	57	68	26	89	52	71	58	54	68	16	64	55	87	7	67	
85	57	7	99	99	59	42	54	46	40	90	41	48	53	54	74	32	16	54	40	74	65	84	22	3	75	28	77	72	80	23	84	17	98	12	21	16	57	35	38	
61	71	38	29	93	18	8	17	49	6	62	16	31	45	40	26	8	59	90	73	89	84	49	14	43	69	34	45	49	54	24	5	91	92	92	57	70	61	98	80	
41	45	75	14	40	20	60	28	48	51	51	34	96	83	91	32	25	4	22	61	36	78	38	32	14	24	44	14	1	41	13	33	40	29	63	4	48	67	29	75	
48	11	90	3	2	64	66	49	15	10	11	74	84	10	62	85	50	12	16	50	29	21	44	83	74	32	72	72	73	19	85	4	77	23	24	88	37	12	95	21	
63	74	16	3	75	79	40	23	67	30	63	81	23	62	94	76	64	2	38	21	7	55	27	39	52	99	97	63	50	16	11	36	16	59	36	77	56	70	73	88	
78	78	74	87	65	30	74	1	29	64	74	62	5	12	8	96	30	79	91	64	14	67	50	27	12	3	53	47	46	17	22	17	41	84	70	12	63	90	1	78	
80	21	79	27	99	72	43	79	19	28	19	92	18	57	60	62	86	21	32	69	35	5	3	31	58	1	6	62	42	11	98	76	28	51	35	55	89	74	4	79	
67	36	25	12	73	78	94	52	72	6	21	21	84	71	90	42	79	8	67	11	48	60	2	96	73	11	4	5	45	6	17	80	73	22	87	51	13	26	17	42	
93	25	48	89	23	6	18	51	96	12	74	92	48	10	51	81	18	30	33	46	7	7	71	50	77	31	18	4	86	97	95	20	73	25	27	78	51	48	74	51	
50	46	79	8	30	31	94	13	53	19	52	64	85	68	10	51	67	33	60	26	67	90	9	12	28	26	55	3	40	92	11	19	24	69	68	21	98	97	89	10	
70	61	73	57	62	33	35	32	73	27	90	39	48	4	43	82	70	28	10	95	33	80	32	24	48	68	58	59	84	86	1	33	54	19	92	38	88	96	8	29	
74	37	19	29	41	40	89	36	6	5	52	98	38	8	2	23	97	55	1	15	34	72	99	81	83	30	85	33	85	4	46	70	93	15	87	43	79	99	51	16	
39	7	27	74	40	23	42	63	92	70	80	45	15	36	66	90	35	9	15	83	45	53	24	72	96	37	71	96	17	89	35	3	67	63	62	92	89	22	32	81	
98	78	12	68	17	56	88	39	79	47	24	45	31	93	76	39	98	8	78	65	26	14	60	20	84	78	66	42	11	56	11	99	27	72	45	70	48	14	62	42	
82	13	38	85	74	25	94	66	58	57	50	90	2	79	49	25	78	33	33	23	93	28	71	34	33	71	63	98	37	94	90	53	5	49	66	89	79	2	28	36	
78	44	59	77	57	97	36	20	34	85	37	51	4	88	68	85	20	20	81	65	35	80	85	68	4	78	2	53	19	26	82	21	9	51	13	96	29	77	59	41	
31	69	37	56	73	44	13	48	34	90	45	48	10	59	65	19	32	96	18	87	36	54	24	83	45	88	49	81	70	31	68	67	43	94	75	80	8	49	72	1	
67	82	37	86	52	19	57	77	36	79	73	18	45	92	74	72	25	93	40	28	57	71	18	14	40	49	73	80	78	14	74	14	57	20	70	85	73	48	96	55	
58	76	8	84	30	1	14	28	36	30	91	98	85	16	72	37	87	97	40	29	32	95	3	48	86	56	90	14	3	39	25	1	37	14	44	40	45	87	81	79	
7	87	41	20	70	78	3	32	46	79	64	12	81	6	98	49	83	67	77	3	92	82	92	6	6	96	89	52	17	15	73	44	15	82	59	80	48	79	87	31	
72	12	19	27	13	8	64	56	23	60	42	51	13	74	58	95	92	6	32	3	38	97	42	28	79	58	48	35	75	39	16	8	17	88	58	88	82	15	55	94	
21	64	30	19	56	9	87	40	21	96	44	86	76	98	99	28	68	84	44	1	28	77	80	74	26	79	21	25	14	92	88	80	44	40	18	31	34	84	54	44	
12	3	78	13	65	35	17	28	92	58	17	59	5	18	85	80	41	32	28	77	4	58	36	17	99	70	17	76	79	99	40	53	77	34	73	8	13	75	20	3	
10	1	68	57	23	85	41	17	1	68	81	1	18	80	31	97	44	66	69	8	44	54	35	52	29	78	49	6	95	39	93	14	22	63	31	5	18	6	64	13	
36	88	70	66	94	80	61	6	77	66	51	42	2	51	35	65	71	96	8	62	58	95	81	15	77	20	74	75	51	8	82	36	75	68	62	56	39	29	73	13	
43	34	71	61	44	92	45	53	5	30	36	40	19	69	84	46	68	74	97	8	97	19	30	92	43	62	9	70	29	49	71	79	34	60	71	11	86	84	79	19	
25	94	2	21	65	34	60	38	33	55	34	4	59	71	47	30	55	99	47	20	12	18	20	55	85	63	26	98	61	34	58	3	23	83	56	97	55	16	26	11	
56	19	49	29	52	96	84	34	26	84	92	30	6	59	37	78	77	85	42	98	24	48	10	84	85	64	34	79	16	90	56	70	65	47	42	16	18	30	98	27	
66	2	47	42	98	54	3	77	38	99	59	48	47	37	69	83	93	84	52	88	45	89	81	16	36	48	43	57	14	6	56	74	78	9	93	10	48	29	50	69	
39	1	50	48	28	12	82	57	26	66	10	60	13	90	91	33	87	58	17	12	22	62	29	76	62	42	97	2	84	68	76	59	97	13	22	66	79	86	1	3	
52	8	88	45	58	28	36	97	83	38	60	3	42	36	97	76	14	15	10	99	6	3	30	42	75	86	11	30	37	74	82	55	42	85	56	8	88	83	18	74	
36	77	4	16	93	69	51	54	23	14	60	99	80	17	22	4	81	98	89	33	58	91	97	90	57	52	59	27	84	93	2	16	98	91	10	2	19	4	85	30	
74	7	64	13	51	47	19	15	67	51	62	34	18	56	19	24	56	35	29	94	96	44	9	66	74	20	73	76	77	81	7	61	50	34	19	64	25	80	46	40	
34	76	65	54	13	86	32	7	93	39	79	17	43	74	18	56	8	33	23	17	52	48	24	46	27	15	5	91	83	57	86	28	23	29	67	79	58	5	26	32	
17	48	7	15	17	72	64	7	90	24	20	67	44	50	59	23	74	44	84	47	77	66	79	22	24	92	72	60	92	31	99	31	71	19	91	23	76	81	44	28	
59	15	58	34	75	36	40	65	60	93	5	98	27	51	24	48	71	75	16	10	72	90	61	74	94	86	94	90	54	93	9	19	96	53	63	88	88	54	2	89	
47	11	92	26	24	5	76	28	46	16	64	6	75	9	24	70	24	63	61	79	52	53	68	66	29	14	95	65	47	56	86	49	91	22	61	24	30	73	51	67	
71	75	20	90	1	12	10	69	88	37	21	67	40	57	90	49	31	97	48	64	33	95	46	37	47	27	4	2	76	53	19	62	19	43	16	71	64	29	49	58	
13	72	82	45	61	53	3	32	19	31	45	47	50	27	40	86	61	6	98	83	65	91	11	99	4	35	19	18	6	90	79	63	19	10	39	17	28	39	86	70	
56	69	45	43	22	4	34	67	78	10	4	4	70	90	13	54	86	92	28	63	84	27	47	50	22	67	69	3	23	66	83	9	52	93	38	41	92	86	4	89	
36	73	63	16	34	1	70	88	74	86	76	7	78	72	5	25	34	40	30	35	97	37	93	81	60	10	48	98	26	31	31	4	69	2	2	83	68	24	88	56	
18	12	28	11	88	60	15	29	60	98	65	60	78	6	73	9	79	52	31	34	8	1	6	97	7	79	29	85	58	18	25	99	16	89	80	2	33	29	45	47	
5	89	97	41	56	78	38	3	55	81	77	31	41	56	27	98	72	68	35	17	56	85	1	48	8	69	65	70	53	15	73	2	63	38	36	53	95	11	60	64	
77	83	8	37	53	60	98	74	87	5	93	83	86	87	91	24	83	26	46	70	9	58	83	52	30	44	70	83	31	11	69	83	80	72	77	64	88	80	36	28	
67	3	62	8	44	31	32	34	74	61	18	21	80	99	68	98	91	84	73	38	67	41	54	38	45	88	73	87	12	81	60	6	22	52	80	24	92	77	14	77	
60	4	10	5	69	81	29	81	31	14	3	32	78	12	61	95	97	98	18	47	12	33	99	91	57	21	70	82	68	40	87	42	62	7	84	69	96	48	72	78	
27	62	94	98	11	85	93	14	8	94	63	47	93	5	92	8	74	53	37	47	76	83	60	3	51	54	37	24	5	45	16	7	54	35	73	82	78	78	14	37	
94	97	94	54	83	67	82	15	69	67	68	94	91	21	97	25	41	52	93	44	54	20	81	23	81	18	42	44	68	56	40	1	17	53	32	1	29	94	23	16	
35	60	36	17	60	22	23	64	89	37	15	70	28	21	3	22	73	68	87	57	36	38	51	30	83	34	27	83	98	60	74	50	58	7	92	19	98	4	18	64	
3	67	94	3	30	99	18	38	89	25	80	8	8	91	80	36	47	40	63	62	78	42	5	95	22	55	75	23	93	37	22	56	31	33	58	11	80	7	73	45	
85	1	73	99	80	39	23	22	4	97	58	60	77	16	90	70	3	32	4	60	2	45	30	61	68	47	64	25	25	95	26	56	10	83	3	48	22	52	27	78	
97	57	63	66	23	62	16	33	74	41	79	80	50	98	98	91	56	51	5	40	26	23	37	23	11	41	86	83	67	56	3	85	17	99	61	33	65	62	71	78	
5	61	86	44	37	25	39	46	80	13	4	15	67	43	77	35	28	16	25	49	27	27	17	13	95	31	66	76	72	96	58	43	58	48	94	29	29	99	23	14	
73	25	18	74	53	17	27	23	98	27	5	4	77	90	92	18	12	82	28	76	34	51	82	99	94	35	52	24	65	50	76	72	10	8	38	5	8	2	70	55	
53	69	90	19	66	27	12	49	89	13	28	78	59	11	59	63	66	31	93	34	53	58	86	88	13	10	86	57	76	60	3	40	20	18	32	80	14	66	14	43	
99	8	80	89	78	62	13	84	24	21	36	76	72	53	96	19	49	4	20	48	24	54	26	24	21	19	63	89	8	90	98	24	56	78	32	82	41	94	72	56	
12	68	76	84	71	18	9	8	31	89	25	57	36	50	48	94	72	1	99	61	8	34	19	7	20	64	62	95	19	97	78	9	71	12	97	4	70	88	82	89	
18	95	24	27	18	12	88	74	89	62	38	22	43	80	89	95	94	31	83	28	2	63	75	12	38	66	63	94	58	48	33	86	11	72	71	66	95	8	71	30	
78	85	59	16	14	67	80	82	34	68	43	44	2	84	19	72	41	24	23	33	94	37	37	12	59	3	52	46	16	8	31	62	44	23	29	97	89	82	21	50	
32	95	17	74	49	57	69	41	9	53	5	6	11	43	27	67	57	91	88	2	44	80	8	16	84	8	92	40	12	66	98	68	30	56	18	11	96	77	98	3	
61	99	22	17	8	7	93	41	44	71	31	35	69	1	50	70	94	49	79	27	90	11	56	97	16	24	89	9	16	43	84	83	17	83	71	81	54	20	84	15	
4	3	65	8	96	40	15	46	63	30	2	56	8	57	97	85	22	93	7	91	99	54	10	48	85	6	32	32	94	27	6	56	65	71	10	50	56	75	66	5	
75	14	55	41	14	2	81	72	24	92	81	44	60	12	70	2	77	38	63	12	37	23	23	23	5	89	16	52	92	83	76	42	12	37	17	10	30	89	27	83	
46	69	55	14	32	18	66	86	92	34	11	81	66	54	56	60	42	97	66	71	77	42	26	96	46	15	48	1	50	18	9	35	55	3	3	15	66	76	8	84	
31	21	2	12	33	21	86	6	43	61	78	27	96	31	3	46	51	39	91	71	35	37	61	33	66	96	32	25	38	94	9	17	84	3	46	91	60	71	50	82	
18	71	1	4	60	33	1	6	92	77	74	88	18	47	75	70	36	81	84	84	41	79	96	44	43	61	36	21	41	8	42	5	24	48	16	50	96	31	26	29	
31	73	6	37	3	1	1	32	69	15	32	98	89	40	2	65	90	53	47	16	37	82	17	76	62	37	39	79	56	10	87	11	23	48	77	13	60	2	43	88	
16	79	83	38	19	86	66	20	7	14	38	4	83	1	84	87	80	10	19	65	8	55	6	84	21	99	63	28	36	6	69	3	69	87	76	36	82	31	36	83	
65	52	50	30	83	19	15	21	70	64	34	51	43	55	8	21	72	2	23	7	44	19	99	25	69	74	82	88	56	87	68	74	36	57	7	50	11	45	32	45	
69	27	98	40	70	99	27	32	20	5	93	89	68	1	16	94	3	4	8	59	35	70	26	46	84	92	15	37	10	38	22	19	59	50	59	2	22	78	7	68	
2	35	2	30	62	60	56	39	98	66	89	72	37	97	80	95	72	98	63	75	95	9	27	92	70	10	94	67	47	86	97	17	49	97	51	94	51	61	16	77	
33	78	97	18	95	86	12	54	54	91	26	64	53	21	46	1	74	13	17	34	19	15	57	8	93	72	32	64	31	15	49	17	28	83	36	50	69	57	7	96	
81	65	58	18	37	86	37	72	91	89	71	64	29	62	51	8	56	17	14	37	66	86	68	51	48	50	40	86	33	32	59	34	1	90	96	64	74	72	17	20	
84	98	34	80	87	24	54	23	58	62	54	20	94	93	42	67	7	75	79	9	85	33	73	17	54	13	62	44	59	94	57	50	63	24	16	74	29	98	47	98	
14	21	87	38	19	4	97	37	60	81	56	64	44	85	58	35	78	56	59	14	59	24	90	55	82	77	60	96	4	87	20	20	31	77	35	30	19	35	21	26	
12	19	3	61	45	16	34	18	7	21	74	42	11	79	5	18	43	95	42	64	86	92	68	10	18	96	1	45	39	60	54	83	8	63	88	74	48	50	24	33	
66	82	76	15	20	33	47	9	89	44	71	61	70	18	99	31	71	17	68	52	96	1	98	52	42	17	13	42	31	19	64	88	80	93	17	28	64	8	23	90	
13	13	89	29	67	66	26	84	90	54	7	29	80	32	12	62	53	9	9	67	91	53	96	30	67	84	32	94	91	79	93	12	48	20	70	80	12	47	66	13	
64	3	68	70	47	78	11	33	25	94	42	15	50	84	69	42	41	60	39	41	20	73	80	12	77	9	21	85	59	66	51	93	80	31	85	84	24	19	69	71	
84	56	11	16	45	48	41	50	10	5	37	7	36	69	60	17	28	49	82	84	82	35	16	48	19	84	77	92	11	80	20	76	8	4	47	65	36	78	75	18	
78	76	12	46	99	95	70	45	70	39	26	76	77	64	5	31	58	86	42	33	74	45	53	33	15	71	15	21	4	13	47	45	47	12	28	27	40	35	3	3	
22	3	57	29	58	66	69	42	70	35	62	54	55	44	15	18	68	21	11	5	48	89	36	76	10	21	35	32	54	19	11	84	46	88	16	69	61	57	70	17	
22	7	4	21	62	61	11	95	80	41	65	5	88	50	30	90	57	95	64	58	14	32	2	74	50	75	72	93	41	51	73	29	77	53	15	11	74	32	5	19	
6	47	41	70	67	35	27	8	75	99	31	15	57	10	44	45	88	64	32	58	74	66	56	93	93	3	27	19	41	43	18	30	46	80	33	17	45	88	31	86	
44	74	31	27	93	41	63	58	57	86	29	84	57	22	99	64	25	61	52	49	84	32	28	62	46	9	69	23	4	54	53	25	41	40	47	34	6	63	40	67	
2	98	36	59	7	38	95	33	21	11	89	23	92	89	73	36	97	28	12	32	44	80	14	59	37	90	40	86	42	68	18	11	11	83	53	33	59	39	44	30	
24	9	16	74	28	55	47	60	39	58	54	50	88	14	41	66	97	97	56	53	25	97	91	19	19	50	17	17	73	46	49	28	74	90	95	54	21	25	3	34	
50	48	22	49	80	5	69	59	87	11	26	14	44	45	21	9	6	35	94	91	25	85	28	34	8	68	72	23	73	41	49	46	59	72	75	63	81	4	43	93	
62	53	58	63	62	57	17	90	96	1	88	98	12	85	99	97	53	29	74	58	56	99	54	73	39	30	8	92	75	64	13	62	75	27	48	11	11	29	53	57	
61	36	31	43	53	72	97	7	36	38	13	51	12	49	44	81	8	50	43	98	65	39	38	96	74	10	73	79	92	10	59	97	16	57	89	96	88	78	57	87	
77	36	80	7	53	89	3	25	29	87	40	11	74	86	84	69	4	56	93	5	79	98	22	85	21	8	62	92	74	34	25	7	94	42	54	44	62	69	71	49	
11	21	88	19	48	61	27	88	1	97	52	40	15	49	86	83	83	55	83	30	90	71	53	67	96	49	93	95	92	92	49	87	7	58	13	78	49	24	48	5	
99	41	72	48	11	62	56	45	54	94	16	70	38	28	6	15	91	28	39	10	66	13	91	62	17	34	68	9	62	35	38	7	32	70	65	10	51	93	91	13	
30	49	58	40	34	37	49	31	81	27	17	46	77	36	16	83	85	8	46	93	92	56	95	21	19	48	20	19	90	50	13	17	54	67	41	30	21	39	61	38	
62	70	33	80	91	18	92	53	3	67	66	81	66	51	25	14	83	10	12	80	52	87	94	77	14	24	28	95	58	72	28	96	29	57	79	3	40	67	53	60	
3	25	84	82	28	85	41	91	39	69	96	17	31	18	71	4	41	21	15	54	27	77	39	8	67	65	29	17	30	46	85	83	67	21	88	72	44	26	64	99	
96	18	15	64	90	99	36	93	15	86	32	89	27	97	97	11	61	49	37	38	35	63	36	90	22	23	98	92	99	40	25	20	63	23	87	72	67	47	39	35	
58	75	39	47	80	76	10	82	90	39	42	1	99	84	9	38	37	23	67	44	2	98	59	76	38	27	22	3	65	24	86	3	40	69	32	39	29	60	92	41	
27	40	66	48	40	24	64	71	30	41	82	97	78	72	13	30	19	50	4	35	61	45	46	64	74	76	38	40	35	95	70	43	41	37	15	41	43	46	23	26	
62	24	61	83	75	35	37	81	97	88	6	60	99	77	39	71	21	31	18	88	80	32	72	83	96	89	74	52	63	72	61	26	40	43	56	98	59	61	93	72	
61	17	80	83	98	41	47	69	84	94	64	87	67	20	40	97	54	35	15	71	28	69	15	83	17	99	51	2	20	27	50	80	92	84	65	26	44	6	10	90	
15	54	4	4	19	11	21	57	68	84	88	97	33	59	76	2	90	19	64	18	64	9	83	23	67	18	78	20	91	92	25	56	8	24	93	69	78	58	68	76	
89	29	32	50	46	15	97	70	3	53	45	35	21	87	76	59	61	19	22	15	69	75	45	76	3	45	27	79	10	17	46	6	63	35	63	56	4	60	86	70	
43	81	76	5	38	44	22	83	42	68	82	71	75	80	83	52	86	84	27	92	95	44	25	37	32	45	84	60	15	71	8	71	44	10	75	45	85	60	19	32	
72	21	26	66	76	82	11	70	90	38	51	32	41	97	82	98	30	77	78	22	56	74	88	31	86	70	88	35	51	19	74	78	13	11	3	90	12	10	54	11	
91	23	90	86	71	37	6	61	90	29	13	12	77	50	8	96	92	21	98	19	46	8	5	36	16	46	47	46	88	44	1	39	12	89	66	6	29	25	88	32	
40	72	38	17	96	27	8	5	32	49	20	6	99	13	32	58	32	13	75	53	86	14	93	12	17	9	35	7	81	23	33	57	1	56	84	37	2	88	84	80	
22	64	98	68	62	23	86	36	7	72	86	44	54	4	34	73	20	83	84	67	12	94	49	23	89	6	70	87	52	68	93	39	20	6	15	42	4	28	8	99	
80	65	61	63	12	47	81	58	80	38	36	33	28	9	53	55	21	23	91	95	78	50	49	84	33	40	81	29	16	20	42	20	87	6	65	73	48	30	53	89	
99	26	44	11	54	30	71	17	3	87	30	4	80	72	21	9	11	56	44	93	9	91	44	4	59	86	45	48	23	90	24	79	27	29	95	71	38	30	37	13	
38	54	50	69	27	22	39	92	51	74	80	63	16	39	74	99	23	75	32	75	67	18	26	30	55	52	11	52	46	77	91	83	25	55	97	62	59	40	89	9	
93	39	2	33	86	58	5	94	98	18	38	58	81	52	51	29	25	28	40	53	64	46	82	12	59	97	2	67	88	17	17	16	27	21	51	58	94	47	11	14	
4	36	59	14	36	85	47	59	19	18	70	37	1	8	66	18	29	68	75	83	95	94	24	63	81	17	8	60	31	5	79	23	51	27	74	72	73	61	20	86	
68	6	20	32	81	40	9	60	21	27	13	24	31	70	69	88	35	53	78	25	11	34	4	26	47	66	45	78	4	75	34	69	48	6	38	30	57	19	80	37	
13	14	93	15	18	88	72	19	11	80	7	99	64	35	84	66	94	6	16	91	11	74	11	54	77	57	11	88	93	23	63	88	81	41	76	96	47	46	9	70	
76	75	67	99	47	15	31	25	92	72	13	84	44	57	30	77	23	25	52	27	81	32	43	88	97	1	6	25	82	94	11	48	45	42	68	1	31	77	60	24	
34	70	47	44	28	73	29	62	95	2	14	29	27	28	17	54	27	61	8	69	54	32	70	47	75	12	51	44	12	30	95	23	7	82	10	72	55	25	3	24	
51	7	77	44	61	93	87	39	31	66	91	13	67	13	38	49	72	41	88	36	3	83	70	21	96	64	78	82	88	64	5	63	91	85	56	83	33	15	67	39	
66	38	49	51	94	40	19	29	83	15	87	46	38	46	24	58	81	52	10	5	61	95	46	74	63	10	99	24	12	76	73	84	84	71	55	96	79	69	78	45	
5	43	86	6	73	32	6	10	36	54	45	82	77	77	95	38	59	78	88	7	88	67	35	50	33	43	67	74	36	8	39	50	75	61	58	15	84	53	70	93	
31	60	10	73	11	15	79	22	17	16	35	36	72	76	84	45	56	2	26	24	48	13	81	82	81	35	7	35	65	26	81	65	31	32	9	48	6	69	81	87	
19	75	85	80	95	94	66	20	89	75	54	97	70	96	44	71	52	52	70	89	33	66	11	19	96	12	33	92	77	50	44	82	92	34	20	72	8	15	29	63	
67	68	58	64	28	20	23	34	63	31	20	70	24	93	38	87	84	15	54	6	11	21	67	43	13	96	50	9	80	32	32	4	18	59	27	6	16	94	71	77	
37	15	57	31	92	27	50	45	45	36	28	1	60	95	9	96	97	95	20	50	7	40	41	10	65	6	31	16	99	88	1	97	40	71	20	88	18	87	40	3	
25	45	91	7	52	40	84	57	12	88	8	22	96	37	30	85	29	42	25	6	15	15	81	78	82	98	75	25	96	99	13	12	66	88	67	64	82	70	67	30	
63	59	23	13	83	23	80	78	23	76	47	98	68	44	40	94	23	20	27	86	45	86	78	62	6	89	57	30	18	55	88	9	8	20	9	75	19	96	81	71	
57	96	18	32	35	94	62	10	62	82	8	83	3	75	54	82	76	47	49	72	93	16	38	76	46	7	42	28	77	60	30	88	37	65	38	58	62	37	90	74	
50	63	85	89	26	93	67	41	7	39	11	76	18	25	61	3	22	86	31	51	50	18	31	92	63	22	95	42	67	94	26	31	78	66	60	43	93	69	51	44	
18	19	95	40	67	4	64	49	27	47	16	89	53	73	98	85	30	83	57	65	38	42	27	9	85	19	66	47	5	35	48	39	29	14	38	74	88	28	8	66	
97	8	73	53	18	35	52	7	30	42	74	21	31	4	10	27	54	76	67	66	77	23	7	11	54	31	55	6	1	26	13	91	14	12	9	14	99	10	20	38	
48	66	82	17	75	58	48	94	15	23	63	32	52	66	84	83	3	52	48	74	91	73	58	54	3	31	63	12	73	9	40	96	67	4	97	75	68	35	74	9	
41	65	84	39	88	1	47	21	77	39	1	36	20	1	79	69	37	60	9	45	32	42	54	40	64	75	20	34	78	13	78	56	53	40	95	45	65	63	67	24	
80	25	78	56	13	89	69	44	33	24	51	82	92	22	16	67	12	81	32	41	45	24	8	11	15	10	94	73	83	93	26	36	4	22	31	19	71	72	79	74	
53	72	29	51	89	64	84	13	76	96	97	61	78	53	68	39	37	60	11	9	63	31	12	37	40	21	89	20	64	34	21	42	7	83	14	45	78	85	27	52	
21	73	67	74	56	34	22	93	74	10	6	5	46	17	21	46	74	85	68	70	31	11	59	22	45	59	10	23	36	2	20	98	5	40	70	71	29	55	90	17	
29	97	75	73	92	95	57	23	86	59	64	94	80	88	19	75	67	29	52	7	58	32	44	7	80	3	22	59	18	53	54	41	46	92	49	95	84	12	34	63	
54	59	60	30	95	8	84	53	18	50	12	80	61	97	93	68	97	42	17	59	12	19	47	87	18	88	86	13	24	11	70	7	48	81	16	31	25	58	94	97	
84	7	91	96	82	22	64	15	1	18	36	5	72	92	65	64	79	9	82	33	32	43	93	27	35	96	79	62	89	82	49	36	4	6	26	66	78	27	64	16	
28	63	42	46	30	68	61	72	15	99	63	26	52	55	40	39	76	54	78	6	82	73	5	87	53	85	83	69	28	38	9	81	15	91	78	44	87	90	44	97	
51	37	88	28	46	2	52	98	32	78	25	57	62	78	73	60	58	7	65	47	29	83	18	60	91	89	73	77	16	55	81	20	59	20	51	37	98	32	81	97	
52	70	13	24	63	92	27	50	90	61	5	7	98	91	23	40	83	23	39	37	56	10	1	3	59	76	74	17	11	3	87	67	85	8	20	29	87	64	97	43	
64	62	68	17	75	91	61	47	11	32	67	26	22	52	84	2	14	61	18	94	8	68	36	80	76	46	5	10	7	94	70	14	42	54	55	14	19	16	78	47	
90	35	35	64	94	36	73	62	31	54	72	61	33	86	2	47	63	16	11	18	63	35	91	25	28	4	97	93	8	96	29	45	33	27	2	85	29	61	68	17	
65	64	61	73	51	18	67	16	80	25	64	18	70	87	64	31	75	9	61	20	42	70	73	84	46	77	9	37	47	83	24	87	16	23	40	49	47	20	23	74	
55	56	71	88	13	8	48	73	81	90	43	19	41	71	80	48	31	34	81	78	42	7	57	86	27	91	98	72	25	57	66	52	15	72	26	24	43	2	63	82	
86	96	74	81	44	38	27	58	85	21	26	87	79	88	40	15	89	57	58	90	10	92	4	14	77	9	1	30	86	27	86	78	79	4	19	62	13	11	98	76	
2	39	35	51	92	37	2	59	37	34	75	16	48	91	48	65	59	81	51	30	36	92	50	71	92	13	71	78	28	31	86	2	67	65	79	73	85	14	32	2	
51	60	36	24	5	20	21	52	70	78	20	58	56	60	48	57	5	51	61	15	89	39	92	74	66	54	17	73	33	29	75	8	57	4	62	53	67	47	52	58	
18	68	26	64	83	42	30	26	39	75	51	17	20	80	24	71	76	34	84	80	81	46	37	35	28	57	6	9	41	43	78	5	1	94	77	13	22	3	3	51	
64	67	35	95	59	1	96	11	72	14	6	41	45	81	78	28	77	41	53	57	53	78	44	54	18	76	60	79	48	56	33	99	94	33	41	26	71	48	35	49	
24	75	84	16	11	99	19	24	68	1	24	32	51	27	3	8	59	11	46	57	8	71	44	26	89	8	30	47	37	69	69	81	93	80	7	76	33	19	36	44	
8	10	68	29	2	62	14	5	13	72	89	51	16	66	16	72	53	52	93	62	59	17	41	41	42	63	44	12	40	10	63	4	49	66	72	7	92	61	47	25	
61	9	25	82	61	12	88	73	36	56	57	38	61	41	95	4	25	38	49	25	27	92	95	4	88	97	52	90	32	3	77	85	81	47	73	83	98	29	58	48	
33	31	81	6	86	95	88	80	92	94	57	30	62	40	82	35	69	55	59	68	48	63	89	45	48	91	36	3	56	90	80	9	85	20	57	60	97	37	82	24	
89	98	86	57	82	76	34	77	80	20	75	92	90	26	74	97	28	20	98	3	31	24	66	54	79	88	9	61	79	20	48	24	59	93	39	50	95	78	14	2	
55	95	18	79	28	73	32	80	85	88	27	58	91	3	87	74	45	32	93	31	35	4	64	11	35	97	98	69	79	71	48	65	72	15	33	9	49	87	69	66	
79	31	74	60	76	58	71	46	60	70	1	59	88	48	18	52	51	8	32	84	81	35	19	15	56	37	3	26	63	55	2	69	64	55	72	13	91	67	5	37	
46	51	53	95	86	15	2	58	33	96	88	82	22	1	65	88	76	46	43	38	1	64	53	42	89	47	37	35	19	62	29	2	70	46	8	55	92	65	18	74	
4	12	2	63	87	50	84	10	48	56	99	19	13	2	53	76	1	70	68	57	6	27	48	86	45	58	51	19	93	65	76	86	81	79	86	42	40	16	33	94	
32	5	51	5	68	58	40	2	38	62	47	28	70	93	20	25	29	12	7	30	93	80	95	20	77	3	41	47	7	83	24	45	32	55	13	96	59	27	62	87	
36	39	38	6	6	50	62	40	24	61	26	96	19	78	98	39	1	59	47	21	89	90	27	56	99	2	28	58	96	99	71	44	26	92	89	66	68	33	49	45	
79	87	97	89	16	28	21	47	55	5	66	19	56	25	72	8	32	61	76	19	12	71	32	18	35	91	30	98	90	31	15	39	88	94	41	44	52	99	2	86	
39	71	48	13	49	26	46	71	68	78	68	71	56	39	12	95	84	80	74	4	72	85	49	15	91	17	8	62	14	66	91	39	48	66	20	86	79	84	92	6	
98	24	47	73	3	1	89	5	89	81	18	99	85	88	99	50	71	14	83	6	9	2	45	23	69	75	94	40	26	45	15	62	52	97	90	45	43	56	51	8	
64	92	38	16	70	83	73	14	58	72	87	5	63	80	28	99	89	60	67	84	42	2	71	76	7	22	8	71	89	7	88	11	16	88	97	98	38	65	34	63	
28	4	69	50	26	80	12	67	88	59	16	48	48	99	82	76	86	48	41	3	77	54	5	56	46	21	41	6	71	82	4	46	99	48	13	97	66	79	76	64	
40	85	1	71	37	38	22	77	58	54	65	50	57	3	7	26	53	18	94	11	23	32	62	95	40	70	35	67	70	58	11	65	18	31	65	9	71	64	24	86	
35	44	88	92	4	59	13	40	32	82	68	1	14	63	47	39	59	63	85	45	49	97	10	86	84	64	36	29	83	80	80	95	76	49	52	70	12	31	46	61	
69	97	54	76	37	79	52	89	15	47	46	78	31	81	77	84	5	29	23	17	75	38	39	89	86	25	29	89	94	27	40	86	51	21	30	53	57	33	32	48	
7	65	31	79	64	94	24	51	33	46	17	67	22	42	9	40	13	57	25	19	87	56	34	56	54	84	52	60	7	29	97	9	82	91	89	24	21	23	68	20	
21	13	92	93	65	46	52	10	52	55	80	92	45	33	77	46	56	1	61	40	88	23	17	52	35	23	1	54	88	54	39	63	18	4	9	20	21	59	93	47	
43	55	67	8	43	69	24	73	24	56	83	50	78	23	16	47	2	86	79	73	79	77	69	91	65	68	5	85	71	39	13	92	70	22	89	26	75	81	39	93	
26	16	25	63	20	87	79	54	64	32	70	50	24	85	2	56	1	35	3	44	72	95	47	75	66	45	85	73	59	86	93	2	20	19	73	63	27	30	50	20	
52	39	54	18	73	69	87	44	58	7	11	63	48	91	94	12	5	41	25	39	31	1	66	31	63	82	4	50	85	10	28	82	38	13	42	73	97	23	84	85	
66	64	17	25	94	38	8	10	8	52	12	77	47	46	44	53	7	1	69	37	51	43	69	68	40	83	77	76	88	43	59	46	48	64	92	24	75	3	97	65	
42	50	82	6	83	44	23	82	97	44	9	53	48	95	91	91	25	10	40	53	60	27	83	34	24	40	92	69	29	99	35	62	20	29	5	7	38	16	5	67	
76	57	43	38	74	82	67	58	99	76	38	92	42	72	41	92	7	1	53	86	59	97	47	74	96	14	80	25	27	87	1	99	81	66	76	49	93	74	27	60	
20	93	17	46	88	80	20	8	8	34	95	13	43	17	19	65	75	52	45	72	89	85	28	7	45	68	93	56	45	91	61	81	84	99	50	33	72	52	18	3	
31	3	22	98	28	27	91	87	4	21	65	21	83	37	13	58	94	41	66	41	34	5	15	92	41	59	48	32	86	92	39	40	77	46	18	12	31	51	68	81	
75	22	42	11	86	70	90	60	53	37	44	5	37	37	94	55	78	63	51	90	44	6	97	21	43	81	53	30	38	65	7	77	28	84	7	43	97	18	1	58	
39	86	64	56	4	65	61	18	33	28	34	17	79	98	14	86	19	99	77	50	8	92	23	94	46	65	26	84	35	11	95	39	66	94	42	24	50	15	35	19	
85	97	5	83	46	79	16	17	90	71	26	78	68	12	90	41	57	46	98	64	40	84	30	27	44	44	80	46	64	64	95	87	64	44	3	30	19	57	40	30	
40	42	15	37	18	52	42	14	36	34	55	79	70	73	70	83	75	94	60	78	7	43	77	41	40	62	1	55	92	44	31	84	45	34	44	63	25	92	68	1	
3	66	60	85	7	15	89	13	62	81	50	88	4	32	74	83	30	77	4	27	82	53	39	76	77	47	96	6	28	66	16	76	22	5	12	7	49	47	68	56	
97	17	97	59	56	65	39	11	96	39	51	73	23	97	26	43	5	55	37	31	37	57	89	5	5	37	39	30	19	12	94	92	72	90	35	85	32	25	79	8	
48	24	14	88	71	94	57	59	89	13	15	15	31	98	53	40	5	78	4	5	55	49	66	44	72	66	75	79	71	49	63	46	38	35	94	30	3	62	10	39	
89	46	59	52	60	79	29	26	23	70	2	46	21	3	86	68	78	87	19	64	85	24	15	88	63	3	33	19	13	18	66	34	60	62	85	48	44	37	93	92	
8	81	62	34	96	19	67	62	66	72	43	79	53	89	18	86	69	83	96	43	20	82	18	39	49	43	90	24	73	61	85	60	48	7	45	10	83	42	29	63	
8	16	13	77	25	35	12	81	45	60	88	51	59	79	62	83	1	45	52	14	9	92	97	41	82	66	45	80	6	22	98	47	70	89	73	25	23	5	96	1	
24	43	44	56	89	32	7	39	55	6	34	66	82	26	84	32	91	9	88	19	4	7	13	29	15	42	53	2	38	89	27	63	85	67	31	38	86	66	66	15	
46	34	79	45	94	4	53	22	4	8	35	57	41	49	14	63	99	97	63	4	31	38	18	78	56	95	50	37	50	8	62	58	4	20	19	26	17	23	74	88	
90	65	76	96	1	1	53	42	77	58	98	40	34	44	41	40	6	18	36	60	97	85	25	58	54	27	61	99	91	32	71	95	71	9	39	1	85	16	89	97	
96	1	36	32	50	58	25	36	49	48	55	78	67	31	92	41	18	97	99	73	32	29	30	1	10	91	79	94	21	51	89	3	99	80	36	18	50	79	58	39	
49	32	6	25	19	73	11	72	11	48	12	63	20	65	90	47	13	94	89	70	48	63	29	65	26	29	41	49	78	59	85	15	10	35	21	98	30	47	32	57	
44	73	56	5	8	43	52	68	35	26	91	84	34	11	88	36	9	52	75	89	48	2	11	15	83	55	65	61	1	87	18	39	25	45	74	43	20	16	71	86	
75	18	44	55	61	55	59	3	78	36	49	20	42	59	93	81	68	13	37	39	52	30	38	1	55	10	91	40	49	89	63	13	79	32	34	67	36	59	39	92	
59	40	52	32	14	41	54	46	6	58	66	24	23	13	69	64	32	90	15	72	60	21	1	47	37	55	83	66	83	84	33	73	70	3	59	34	87	4	67	27	
82	64	17	69	73	75	96	91	48	90	35	28	86	19	15	81	82	99	49	65	48	97	56	49	29	37	27	46	58	55	68	36	32	35	84	94	84	59	12	80	
90	84	26	10	33	44	91	91	96	6	18	40	96	65	29	65	43	33	95	6	89	58	49	68	32	97	98	81	57	6	15	72	45	28	42	36	74	7	79	47	
5	42	9	30	16	55	80	6	21	58	85	61	18	25	60	14	8	8	22	77	14	60	15	45	87	49	23	39	55	71	81	4	79	98	76	38	10	38	49	92	
62	56	4	75	46	19	9	46	26	45	47	93	94	67	28	15	92	57	90	63	91	51	58	8	36	97	7	33	9	84	77	88	65	47	37	27	53	56	60	33	
2	20	3	4	62	74	76	39	30	34	49	68	70	15	30	93	36	84	19	47	57	68	21	92	19	28	57	8	82	4	38	27	93	65	49	48	98	32	93	13	
64	39	85	29	45	79	74	85	87	32	64	75	23	63	37	47	13	70	18	23	51	79	24	73	8	43	79	29	7	87	18	70	54	11	70	32	45	14	27	95	
42	39	27	78	94	47	96	29	29	27	55	92	46	55	56	3	92	40	20	13	10	95	96	85	55	60	56	79	64	39	79	28	97	33	25	80	79	95	74	58	
45	21	88	50	23	52	32	37	45	70	28	32	50	9	84	70	19	78	78	87	71	29	82	71	96	64	8	69	7	89	54	90	33	57	21	44	10	44	6	88	
5	76	96	81	91	81	45	76	90	31	55	86	4	7	45	8	29	15	58	96	24	9	29	22	62	15	35	36	5	54	89	54	58	25	49	20	18	71	49	95	
10	60	89	19	68	48	34	5	27	87	92	80	1	37	96	88	96	49	99	3	74	62	55	26	36	9	43	71	33	36	74	56	15	86	64	44	44	80	73	22	
69	16	59	99	26	56	65	64	95	94	66	34	58	93	29	79	15	49	69	23	62	35	7	29	36	6	46	35	77	83	44	7	81	58	40	98	11	53	51	62	
12	58	67	33	63	29	97	81	18	93	49	26	49	30	41	19	1	89	85	75	89	87	87	94	32	1	49	86	82	16	76	36	96	27	19	19	68	99	5	89	
11	16	39	95	60	84	79	76	31	86	15	68	66	73	99	11	37	55	33	36	93	31	71	75	93	62	20	24	24	87	52	47	7	15	27	12	79	61	31	84	
46	24	49	26	70	76	37	71	54	59	71	83	14	89	74	12	44	5	52	94	47	29	97	88	64	18	35	19	14	28	14	70	57	2	86	77	28	80	13	78	
92	78	77	30	34	83	33	16	83	67	81	91	30	8	61	38	85	78	16	23	87	51	53	96	72	1	9	66	41	22	96	26	99	4	95	39	64	7	1	94	
42	44	53	88	32	62	15	7	19	76	57	97	49	1	81	67	96	75	79	47	78	90	19	94	73	54	6	40	38	53	40	95	47	2	99	74	82	82	92	96	
59	19	79	77	63	47	40	25	28	57	44	91	82	25	66	56	55	74	18	27	7	21	21	8	19	87	32	52	81	7	85	96	44	37	34	62	19	62	77	50	
60	54	34	84	62	16	82	69	31	35	76	55	41	6	21	55	74	22	46	38	3	30	41	88	59	92	6	17	22	20	50	63	83	52	59	25	98	9	69	83	
34	34	57	46	35	8	24	3	27	3	23	63	84	93	66	38	35	70	14	68	99	95	24	25	82	13	17	24	45	95	88	36	40	95	70	84	99	29	26	55	
83	5	21	72	40	93	24	5	44	82	9	10	1	66	69	33	37	73	83	11	21	25	57	56	73	72	58	21	69	72	27	55	46	80	86	24	50	78	37	34	
9	70	73	96	93	12	67	24	23	49	20	24	20	91	50	57	1	40	96	66	97	42	35	85	14	57	46	91	68	44	84	62	93	97	26	49	65	10	6	76	
11	31	70	20	4	47	3	46	36	3	91	1	57	42	67	67	78	39	10	61	17	42	5	14	10	57	16	52	27	43	79	5	66	86	61	67	5	90	5	17	
39	92	85	62	42	82	49	59	31	8	69	35	87	73	91	2	14	68	23	53	6	94	92	64	52	60	99	49	26	76	6	52	11	65	51	59	67	70	12	62	
54	21	2	28	44	90	99	31	8	77	64	65	51	50	56	48	23	73	80	63	41	6	13	25	4	6	95	58	67	17	96	14	27	11	64	68	19	99	38	90	
38	55	86	64	35	94	89	89	32	23	76	20	93	36	90	95	11	24	57	95	96	35	51	91	24	91	98	99	18	56	76	63	96	99	71	91	45	17	20	61	
27	83	45	44	97	74	62	17	71	56	9	66	31	37	30	13	17	47	28	80	14	68	42	20	22	38	32	51	92	5	80	73	49	5	28	76	37	77	8	25	
71	66	55	34	65	38	98	32	69	43	60	81	51	94	18	17	95	21	14	11	9	52	15	77	37	14	47	69	66	57	65	51	42	44	33	24	17	56	28	44	
42	20	84	86	44	47	46	5	47	27	95	5	43	49	73	60	24	16	10	91	11	75	31	13	58	7	14	24	19	9	96	83	91	94	72	97	78	86	28	19	
49	60	91	29	69	90	15	51	39	89	4	23	64	44	58	15	40	96	99	90	31	17	91	22	68	60	80	27	9	29	20	86	20	53	43	45	76	72	4	18	
5	91	1	60	93	29	59	55	56	84	28	40	29	99	8	71	19	86	46	3	62	39	38	24	24	63	30	76	78	91	14	66	42	57	55	12	35	46	4	18	
18	66	67	54	9	82	49	83	86	21	89	66	33	33	56	33	72	74	62	13	7	47	28	42	64	94	5	4	92	64	19	76	81	64	18	79	88	89	24	47	
7	86	16	72	87	81	5	10	17	99	82	8	14	40	35	29	81	91	69	71	44	2	88	94	49	28	17	26	7	46	53	91	13	83	10	92	63	4	73	35	
60	74	66	78	73	70	32	51	98	10	51	68	37	30	57	23	68	34	29	68	21	80	60	85	32	86	42	10	67	72	8	80	46	65	23	5	77	43	25	71	
17	89	37	58	86	71	25	5	34	84	56	44	9	22	80	35	87	50	64	23	75	9	14	8	65	60	94	33	40	64	25	90	30	48	94	24	80	1	50	68	
82	8	30	55	70	1	56	87	98	4	11	42	36	90	53	66	54	79	54	71	94	38	53	50	32	76	75	58	77	44	50	33	97	61	18	67	24	50	36	27	
77	53	1	95	66	43	47	93	94	65	9	94	96	73	39	30	7	45	14	68	5	78	97	9	10	25	17	13	8	4	77	79	34	80	33	22	55	44	72	20	
13	88	1	39	19	81	18	48	37	98	27	77	60	32	25	91	92	10	59	85	82	96	45	7	72	45	91	75	61	24	65	59	79	46	1	7	57	72	34	63	
99	61	14	21	14	85	23	68	64	49	9	42	29	66	14	11	92	83	42	25	13	63	20	19	14	62	14	62	27	59	39	71	66	31	57	50	4	72	38	14	
91	7	62	8	45	52	62	35	89	7	35	52	8	94	87	94	76	85	80	36	62	56	93	9	6	83	22	29	38	73	75	93	83	70	50	66	54	92	79	59	
53	5	1	55	18	4	77	69	76	94	71	22	19	80	64	52	80	71	58	35	98	27	99	60	95	54	34	71	94	32	63	2	69	42	54	42	80	26	56	17	
67	92	89	76	74	48	27	13	49	22	94	62	33	18	31	57	29	1	11	35	29	11	17	23	19	61	93	38	8	48	50	99	46	9	72	23	24	78	65	46	
64	42	46	16	62	83	48	16	30	78	8	38	38	76	52	20	77	80	97	82	78	9	40	67	57	98	89	46	83	92	68	44	74	13	10	17	77	16	88	56	
89	80	86	23	24	73	88	30	17	94	30	28	43	1	68	62	90	47	43	96	91	14	37	38	26	92	64	1	38	55	45	89	46	30	41	95	9	51	55	27	
5	76	37	40	24	64	33	13	80	62	69	87	5	63	76	96	56	17	71	15	76	95	71	15	79	73	96	27	35	59	86	29	2	73	47	1	11	93	89	37	
5	80	36	97	1	69	1	32	1	96	77	24	93	79	77	19	17	85	15	53	66	47	27	87	66	11	72	4	66	35	52	43	90	65	43	68	77	57	34	90	
89	19	10	2	61	5	31	79	33	68	86	73	83	69	26	96	52	89	5	59	22	83	93	27	8	6	26	6	52	55	5	61	48	51	78	42	21	18	57	62	
45	48	37	50	91	79	43	88	6	87	24	88	79	89	42	75	71	17	50	80	65	94	51	70	97	32	77	49	85	18	40	22	17	78	24	10	14	34	45	34	
70	59	88	30	12	51	85	62	42	41	15	28	73	7	19	82	54	80	83	41	37	57	22	5	55	42	40	46	93	89	8	43	86	35	41	34	62	21	70	51	
28	48	52	44	57	23	61	5	28	89	56	51	30	37	99	42	16	44	7	12	96	5	12	65	86	24	9	66	43	3	97	95	78	33	28	92	16	80	40	78	
27	32	35	27	85	12	32	56	96	20	80	28	7	41	47	90	99	10	97	5	38	49	29	37	91	17	39	1	68	15	23	87	52	54	47	30	99	85	34	60	
44	29	52	77	28	60	14	43	52	53	99	44	2	68	83	6	11	50	17	57	56	63	88	55	2	80	99	36	34	18	76	53	46	58	42	9	86	27	16	92	
62	90	89	90	56	18	38	23	21	8	24	18	38	66	21	40	68	11	81	32	24	15	91	25	39	22	7	32	28	4	67	42	47	36	24	66	97	6	26	97	
56	89	57	1	95	63	13	44	39	23	68	24	73	37	66	54	3	58	32	23	19	60	89	38	15	81	41	7	90	94	40	27	95	26	45	88	31	98	64	6	
96	70	14	28	57	97	48	9	63	36	39	23	43	63	12	63	73	92	65	60	68	95	30	98	61	71	50	29	63	15	82	4	22	83	57	76	22	58	39	45	
92	47	81	34	10	82	71	41	23	13	1	92	38	73	4	88	23	6	66	32	35	59	85	54	86	69	22	14	81	35	2	9	6	11	44	25	43	90	14	32	
61	62	35	78	75	43	27	63	93	39	22	72	9	77	95	15	60	11	10	1	23	93	56	35	65	74	48	28	92	60	90	38	78	38	40	12	25	72	22	76	
34	5	77	89	66	19	44	79	9	67	10	10	1	52	78	48	77	11	43	38	25	65	62	98	62	14	68	97	4	80	71	70	48	64	25	85	10	35	71	83	
89	77	91	30	42	80	5	60	95	19	15	16	27	82	97	93	95	38	57	56	97	37	13	79	86	5	89	29	63	76	25	2	60	52	8	63	44	98	27	74	
18	25	79	85	7	89	72	40	56	39	26	21	65	63	44	24	43	42	33	50	68	97	58	44	69	81	94	25	73	79	96	80	85	80	88	35	94	66	70	95	
17	18	75	39	32	34	20	15	60	15	44	44	89	52	35	64	64	32	70	44	68	49	22	59	88	65	24	17	37	92	84	55	46	54	92	74	95	73	52	52	
23	91	48	70	12	98	27	52	84	47	36	66	34	80	69	80	60	86	2	47	4	51	14	56	8	5	43	1	25	58	11	24	62	67	2	52	37	93	10	37	
67	45	75	49	51	4	62	2	78	73	70	6	84	25	64	71	60	3	79	11	57	17	25	9	56	60	95	77	90	96	72	89	44	23	56	64	66	95	84	70	
68	87	11	38	87	2	52	15	58	55	33	7	2	28	80	73	26	19	53	96	17	71	8	15	42	51	28	97	99	87	74	23	98	12	38	51	44	67	1	39	
52	50	21	7	36	24	20	73	38	16	29	27	82	78	18	62	82	80	23	51	38	60	29	84	86	60	99	20	5	11	41	35	85	49	43	44	10	86	45	54	
5	53	11	45	70	82	13	18	84	36	57	38	42	49	6	70	89	70	74	78	39	21	11	33	99	90	79	65	42	51	16	50	85	55	22	97	88	51	10	5	
60	20	28	86	41	39	16	84	14	7	74	29	38	91	56	3	30	89	95	31	23	3	49	83	82	77	14	90	62	50	34	88	19	11	17	40	35	66	31	18	
11	62	47	36	13	15	32	54	7	39	38	14	13	79	20	66	45	97	75	96	37	50	18	72	62	64	87	54	93	19	80	54	76	53	68	28	95	86	1	34	
57	7	39	5	41	70	60	1	65	25	26	51	80	20	4	97	89	11	86	99	57	36	51	62	53	26	51	97	37	2	32	29	2	39	10	5	9	17	62	76	
83	89	18	53	78	34	40	46	96	61	43	61	38	11	86	4	26	51	38	2	10	60	3	65	58	55	46	31	86	9	72	73	84	52	35	68	40	64	83	39	
71	98	70	38	15	84	89	27	27	27	7	62	7	60	99	7	39	56	28	14	17	91	98	60	96	99	97	24	90	86	97	35	99	84	62	42	40	53	20	69	
35	77	66	63	39	3	15	59	50	16	16	99	9	60	4	93	96	44	56	11	80	78	55	33	60	57	96	1	37	62	95	58	71	53	59	55	42	91	50	65	
94	84	53	45	47	61	10	20	3	24	92	87	75	19	36	69	30	32	36	55	94	9	92	10	6	32	60	49	68	31	15	6	72	90	69	25	82	94	96	75	
82	6	26	72	65	86	28	23	78	99	22	60	78	43	45	29	49	19	77	24	90	26	24	3	74	40	72	25	37	8	2	85	46	82	4	50	59	63	27	8	
72	28	81	83	19	64	43	11	62	43	52	21	3	83	4	17	90	12	56	46	5	4	21	62	50	72	9	70	85	33	36	78	73	61	23	11	19	27	36	37	
48	62	57	44	21	15	85	47	6	64	94	5	47	36	6	10	95	21	55	43	93	80	67	30	37	20	39	37	53	33	31	81	55	61	99	64	77	28	11	31	
97	32	48	30	99	9	67	20	30	99	92	46	53	91	38	94	17	3	5	73	65	39	93	5	80	49	18	14	29	37	27	47	42	26	56	63	64	78	76	72	
45	9	1	21	55	54	77	44	58	82	77	47	67	51	45	58	61	63	84	91	50	54	88	12	8	32	44	64	17	51	57	39	78	72	92	69	10	58	19	90	
6	10	97	95	45	29	67	80	83	66	4	58	36	94	60	80	61	16	17	3	99	89	94	77	14	41	15	63	47	93	5	82	96	12	87	73	53	82	96	99	
78	50	14	39	3	76	14	47	63	16	66	64	29	2	32	36	78	95	46	33	19	54	86	11	63	92	54	47	16	72	31	35	22	29	85	25	87	17	28	46	
68	51	63	49	88	51	67	52	46	39	98	76	95	33	21	2	35	33	85	99	28	14	24	92	34	48	21	69	45	37	89	49	28	14	63	70	35	52	60	53	
35	5	17	54	69	27	74	24	36	88	54	25	55	69	85	68	82	76	57	89	53	57	94	70	89	73	4	56	92	70	25	52	11	48	79	90	52	32	21	83	
84	93	14	33	33	56	86	46	77	10	62	68	10	1	44	58	94	78	7	47	59	22	35	55	80	55	94	75	76	48	42	26	95	58	2	49	69	43	54	1	
77	71	39	50	31	91	50	4	80	52	75	99	98	76	22	55	1	37	6	61	94	74	28	35	79	67	38	9	38	49	73	94	83	11	21	47	54	57	30	36	
78	92	96	83	49	54	74	35	71	31	90	65	78	14	74	35	40	86	26	65	87	45	87	80	45	4	75	32	39	25	10	22	18	76	39	82	18	28	40	66	
37	2	56	68	23	69	86	87	78	53	51	84	34	54	96	99	53	53	4	43	62	23	24	70	21	58	55	94	80	19	23	9	88	40	45	16	41	47	78	95	
91	84	82	46	66	50	59	81	48	87	37	82	23	83	14	26	6	65	78	32	85	4	85	12	62	62	31	18	66	52	69	99	68	72	69	44	40	58	91	45	
12	63	43	17	41	39	29	75	87	6	29	20	50	9	48	16	40	14	22	46	52	93	88	78	96	87	48	86	83	57	69	99	74	61	19	77	55	23	27	42	
73	60	6	1	63	11	88	48	47	64	56	39	75	81	72	51	57	75	35	95	95	74	22	41	10	91	96	57	25	70	72	88	68	89	92	26	83	42	42	25	
55	12	8	98	28	26	64	76	28	58	29	8	46	91	41	57	37	89	39	15	31	19	39	19	72	29	55	64	38	81	4	52	83	78	82	88	26	41	17	50	
79	35	13	72	71	40	74	24	21	16	45	73	71	7	8	74	80	89	43	99	28	63	25	26	92	15	19	40	6	41	88	10	81	80	53	55	82	4	26	4	
73	60	44	20	69	74	66	34	82	62	87	28	21	70	14	30	91	98	86	46	22	41	49	29	96	49	96	33	58	18	60	51	48	37	98	4	63	64	13	20	
65	11	4	58	57	40	39	36	33	32	91	65	51	59	71	23	81	67	75	1	48	68	97	10	46	87	4	40	17	20	49	87	8	77	88	16	47	59	24	8	
15	45	69	18	89	15	41	43	90	41	3	62	73	93	17	11	14	80	87	9	10	84	88	38	86	81	23	40	70	67	52	95	82	95	90	90	53	29	46	84	
73	52	74	39	24	84	55	74	43	11	12	51	44	6	51	6	74	18	68	82	78	54	64	40	24	64	56	33	79	23	88	76	73	59	71	66	60	81	7	11	
70	99	69	75	43	31	64	67	37	58	72	10	91	62	59	71	73	63	4	59	26	21	72	89	31	96	55	92	14	77	24	20	77	94	88	52	47	11	63	38	
38	50	63	4	2	85	91	8	11	26	99	48	70	48	13	34	79	77	70	80	85	18	16	87	92	70	27	16	21	95	91	71	33	19	51	58	69	70	76	55	
61	17	45	40	9	32	32	58	49	87	46	7	48	98	52	92	87	27	78	65	46	39	1	61	75	65	32	82	27	12	85	12	95	25	74	42	62	1	61	49	
67	93	91	63	42	66	57	1	80	93	67	65	27	93	49	38	14	68	82	98	76	58	49	62	29	66	53	24	67	84	36	34	52	35	2	53	81	21	15	66	
35	23	52	42	86	18	3	74	90	81	61	45	91	12	53	82	22	82	81	21	83	15	4	78	22	31	52	96	48	13	67	34	59	95	23	86	69	66	38	80	
46	36	13	72	14	21	43	35	81	42	91	31	89	25	18	86	86	75	2	27	94	44	13	38	8	20	4	55	39	99	36	6	13	40	61	45	56	91	23	73	
59	42	48	16	84	49	38	3	53	38	92	90	44	70	8	99	79	29	51	66	81	77	87	38	20	78	16	43	3	77	54	39	52	3	49	3	89	25	35	10	
24	68	49	49	91	95	68	30	19	82	54	5	99	63	89	4	93	10	68	59	7	84	53	63	2	74	25	81	44	88	85	30	96	88	79	77	99	76	67	31	
17	69	34	16	20	19	49	71	53	72	90	2	93	70	98	66	95	32	39	7	8	81	73	25	62	1	74	66	3	23	33	90	7	1	47	14	88	11	79	45	
14	80	41	89	55	44	24	56	68	76	87	97	62	43	91	92	10	80	6	17	6	93	56	88	70	18	79	72	70	6	2	70	85	24	58	61	58	68	21	32	
95	36	99	37	9	16	40	74	23	82	31	48	83	2	80	92	33	86	52	32	51	71	45	31	74	70	65	64	38	54	40	81	2	66	37	71	67	45	28	46	
79	37	87	91	81	9	12	58	66	2	19	95	39	78	46	48	82	62	68	62	97	65	88	78	56	48	94	11	80	75	70	28	54	50	97	92	14	31	10	33	
86	80	65	33	59	97	51	85	6	22	53	34	15	19	32	90	73	89	99	31	10	55	91	74	15	7	66	11	67	35	95	49	55	71	10	74	59	3	12	43	
36	43	92	69	35	80	95	72	12	26	13	71	38	32	22	80	27	65	79	20	98	38	46	33	79	46	6	17	7	67	88	60	60	1	39	76	73	69	58	65	
75	18	27	34	67	57	3	82	49	63	9	8	32	10	96	97	12	5	35	20	89	69	50	18	61	44	29	73	18	56	59	3	16	52	68	85	21	82	80	52	
39	13	6	75	66	70	39	43	49	73	18	7	15	84	72	32	17	1	82	94	25	63	96	8	28	44	95	59	42	61	9	3	44	4	7	40	68	93	25	61	
36	3	3	67	13	92	39	60	99	72	2	87	21	63	24	88	52	35	98	48	93	48	52	86	12	3	31	30	74	5	62	34	60	73	72	52	30	75	43	99	
78	38	70	16	5	80	54	46	74	90	5	12	60	1	81	93	83	53	77	91	92	76	19	28	54	91	43	79	37	15	82	84	17	54	57	53	43	92	57	70	
26	7	68	74	45	75	73	53	93	72	32	81	2	39	17	3	98	88	63	28	22	94	64	88	73	54	13	90	74	28	61	36	83	3	81	24	73	34	16	35	
76	58	62	71	48	69	39	6	16	23	15	43	95	1	6	28	4	47	69	33	8	65	52	13	69	25	65	10	89	37	2	46	56	82	16	49	52	99	25	73	
77	80	11	32	86	20	28	52	56	18	44	98	21	36	73	56	50	48	76	48	59	48	34	34	58	93	27	13	3	11	73	30	96	72	99	69	46	40	63	53	
75	29	36	19	63	24	28	10	39	72	3	20	67	30	22	85	97	18	11	78	57	36	38	92	35	38	60	89	44	53	48	63	4	20	27	40	54	61	72	9	
93	25	66	68	19	49	82	24	87	57	64	74	47	61	34	62	96	43	6	94	72	50	31	50	74	6	80	24	83	36	27	75	17	57	21	99	41	74	42	15	
38	90	70	42	72	23	30	33	34	77	80	49	41	24	66	24	20	78	44	43	11	85	63	23	57	51	52	86	80	73	32	61	51	72	91	39	1	10	57	85	
41	60	64	81	81	69	14	32	66	6	49	88	67	97	17	52	9	12	81	65	2	19	95	5	26	35	74	36	75	60	1	91	61	35	67	84	47	84	45	60	
34	34	8	60	53	14	77	53	10	73	60	36	93	80	80	27	57	86	48	16	6	67	5	12	81	75	34	15	9	65	38	35	41	83	17	77	39	26	93	7	
45	93	73	61	63	33	43	49	33	13	26	79	73	73	73	92	32	76	40	94	58	12	77	21	98	54	53	68	66	77	70	79	46	60	40	69	38	53	47	30	
40	74	3	39	29	73	65	74	90	65	95	9	10	27	56	24	15	20	80	79	46	64	72	29	85	86	11	53	64	16	66	67	57	11	56	20	94	13	99	82	
81	90	43	6	94	11	76	84	92	32	41	70	61	33	22	3	84	10	70	69	13	2	80	99	60	34	47	65	62	88	50	34	71	31	58	97	68	70	46	85	
30	19	62	12	63	82	97	36	9	96	33	36	70	88	76	4	20	38	19	28	95	51	52	34	73	90	47	64	3	9	82	49	19	84	56	91	75	61	38	54	
69	39	49	40	46	59	50	94	2	88	96	79	25	1	95	76	47	99	52	45	93	36	11	35	50	10	13	12	89	73	38	70	23	57	2	27	70	97	6	28	
68	31	91	99	55	90	31	44	95	16	46	45	53	59	62	42	7	52	9	86	69	69	51	86	69	95	5	12	90	86	54	96	75	86	93	88	58	23	64	10	
69	23	36	36	17	89	77	9	67	47	3	45	47	55	87	95	58	27	7	69	77	14	14	34	75	51	79	56	78	54	60	36	61	31	61	49	41	39	4	13	
8	5	35	31	29	87	16	78	79	49	88	40	22	67	13	12	15	99	6	28	30	91	43	72	12	76	92	82	98	22	98	70	98	11	30	2	86	73	62	6	
72	87	61	30	33	36	84	42	37	83	13	43	96	93	90	57	8	24	36	97	86	52	24	38	3	31	94	28	66	71	12	35	19	93	74	6	42	11	72	73	
79	29	23	55	32	70	43	21	77	62	28	21	20	47	52	10	82	6	19	95	80	94	7	15	46	46	5	2	99	84	26	95	76	39	44	32	63	83	96	80	
97	9	40	42	35	26	62	18	93	51	73	5	17	4	46	83	30	50	64	14	77	51	4	37	55	95	63	54	83	45	3	42	89	6	75	14	89	8	41	37	
86	60	16	67	28	13	89	66	87	37	99	4	67	7	72	65	40	55	53	18	58	22	76	3	19	25	69	55	59	14	83	78	9	5	82	13	42	89	50	78	
82	64	85	95	81	47	6	85	50	49	67	33	25	29	84	46	98	60	90	48	41	68	92	92	2	31	95	81	53	48	3	25	26	17	34	77	51	73	83	45	
1	90	44	23	87	36	54	47	84	36	43	37	52	93	77	70	3	61	57	30	28	59	78	98	71	6	88	5	30	84	96	26	1	63	4	25	25	60	73	67	
80	1	58	33	32	19	58	39	44	95	54	27	4	43	66	82	19	69	23	92	89	82	43	53	55	31	47	91	81	74	81	60	32	31	6	11	36	69	61	68	
53	11	56	58	86	71	12	48	15	70	48	23	25	71	26	89	65	35	61	89	75	99	82	67	34	29	84	8	45	75	18	65	53	59	16	20	53	66	22	56	
49	1	5	40	47	55	58	36	26	89	16	96	93	12	32	17	25	24	28	27	56	67	72	74	63	71	67	25	53	5	57	55	57	77	67	54	92	42	62	33	
29	87	59	9	94	36	48	29	87	71	2	33	89	78	73	82	95	52	28	98	3	12	38	85	21	44	42	39	14	39	65	61	60	99	28	33	5	49	5	12	
50	54	4	57	83	42	78	14	61	84	99	82	89	66	44	74	67	72	70	30	85	56	4	39	1	71	38	92	24	80	34	63	88	80	66	94	97	93	52	31	
63	28	64	29	73	97	9	38	67	58	24	31	3	5	21	25	29	24	89	22	20	11	25	69	21	85	53	4	13	71	67	37	2	18	88	8	81	87	28	83	
39	26	10	7	80	98	70	14	17	57	65	73	32	71	26	6	13	31	62	6	28	12	6	73	70	67	22	1	15	68	52	5	45	26	64	85	54	50	11	45	
31	47	30	10	68	46	41	36	74	6	22	88	64	57	56	20	61	64	95	4	41	25	90	86	92	33	60	62	80	76	10	90	36	45	31	10	11	70	35	16	
61	26	95	2	63	48	14	96	59	74	24	28	1	92	12	2	35	53	2	94	33	95	43	66	87	80	2	67	7	31	29	85	74	31	79	61	84	28	83	62	
45	39	5	96	4	58	38	13	70	14	25	4	10	27	93	25	42	58	54	86	77	66	1	78	59	90	99	45	12	43	77	16	95	77	19	50	31	62	54	71	
43	73	99	75	27	89	51	59	46	60	85	89	13	65	86	15	8	98	20	96	45	38	15	91	81	85	28	40	32	95	1	16	42	14	28	60	22	7	17	99	
46	44	74	11	74	70	82	5	57	76	32	22	7	61	25	67	69	33	78	33	28	98	74	78	3	45	46	72	52	3	95	17	79	46	84	98	92	73	40	46	
88	73	63	92	39	63	41	57	22	70	98	10	10	66	33	75	3	4	21	89	93	2	2	21	81	77	59	17	70	20	69	29	29	61	73	43	6	94	9	16	
97	20	2	65	40	43	90	15	68	50	54	52	46	32	58	60	83	25	28	40	77	5	37	28	53	43	54	74	88	9	77	35	47	85	79	9	50	27	18	93	
69	76	80	69	27	21	94	22	10	55	1	62	56	77	71	11	76	46	32	47	92	59	7	48	20	43	11	62	42	65	45	96	23	97	64	9	74	99	48	32	
80	8	71	85	20	35	54	32	64	23	63	89	40	1	62	26	59	48	55	64	88	59	59	99	88	55	7	6	48	98	66	58	14	1	16	31	50	31	27	36	
25	56	40	93	74	93	21	78	4	32	55	64	32	59	6	66	72	18	39	59	27	51	1	3	19	29	92	31	2	64	89	56	12	52	84	15	62	93	63	55	
87	1	36	28	86	69	88	49	27	82	27	30	10	93	14	12	4	63	45	32	95	91	98	14	24	44	55	71	86	64	79	45	40	40	6	35	34	43	68	89	
48	70	67	46	17	60	74	67	69	51	96	95	26	17	68	23	6	92	39	47	51	65	68	74	84	10	56	78	30	87	62	19	79	31	90	96	87	89	58	90	
14	16	55	98	58	98	71	80	48	85	59	89	84	61	35	10	43	48	62	65	97	60	48	56	8	38	62	37	83	22	52	43	30	59	12	28	25	43	39	79	
86	36	70	11	29	18	93	58	29	68	78	17	31	70	60	13	65	93	75	86	84	97	47	26	6	57	39	88	32	13	59	95	99	83	60	86	52	2	65	63	
54	61	46	69	94	80	90	85	32	27	62	27	91	59	43	76	23	63	93	97	52	18	77	98	15	94	48	56	39	80	79	8	25	92	87	70	24	1	88	60	
29	92	82	5	27	51	50	74	61	10	13	86	33	22	98	44	2	62	89	24	97	25	73	16	41	7	7	85	25	95	62	16	27	71	31	32	31	18	82	36	
94	1	20	1	88	41	82	78	79	8	68	57	54	5	90	49	99	25	92	92	72	81	77	16	39	72	36	81	66	9	64	19	92	22	18	99	5	39	50	36	
7	75	6	87	55	95	85	8	92	42	16	81	13	26	58	15	25	29	57	94	16	71	27	17	19	32	95	58	38	37	79	41	92	39	51	12	68	70	18	32	
8	32	30	58	61	46	84	57	88	3	88	73	80	55	11	65	33	67	22	62	15	2	3	7	88	97	89	88	81	6	55	2	26	45	72	44	6	14	94	74	
81	81	55	84	84	14	62	38	90	42	50	16	32	55	16	34	92	78	39	44	3	79	74	33	26	7	60	72	2	50	87	88	98	78	16	59	70	1	36	47	
42	45	15	33	55	71	68	15	48	32	49	65	60	70	60	84	81	21	97	89	78	29	17	10	80	37	62	92	3	69	96	43	34	43	37	45	24	72	68	30	
43	38	4	5	3	59	3	52	59	65	69	60	31	75	94	38	12	22	19	44	63	77	13	19	6	77	15	95	44	35	82	47	10	4	18	78	99	30	3	71	
25	98	42	58	29	65	91	63	26	28	43	38	58	83	63	4	94	69	35	42	93	87	35	26	30	59	40	66	40	64	67	16	36	51	66	74	9	27	36	61	
97	76	24	60	12	47	35	64	32	14	63	57	23	7	8	14	25	64	51	14	33	50	11	99	47	33	76	14	80	40	14	99	50	13	85	63	67	29	23	12	
45	82	50	28	48	25	41	46	67	5	67	29	9	72	57	74	9	30	88	93	23	36	67	35	50	12	82	61	91	92	27	90	57	26	27	53	59	23	32	48	
69	91	33	84	17	21	37	32	65	4	1	46	83	98	99	12	10	74	4	36	68	2	57	87	83	69	10	48	16	35	35	36	91	63	30	17	30	85	88	4	
56	94	94	18	83	60	69	64	87	25	69	29	5	23	32	28	39	14	96	40	46	46	65	12	41	85	69	26	36	58	58	57	19	16	35	69	11	8	93	15	
86	19	35	49	26	24	76	76	31	39	69	73	51	92	93	69	67	49	98	77	49	33	1	4	82	61	70	76	27	78	47	77	55	36	86	68	78	73	24	35	
64	99	90	4	1	63	47	89	67	72	93	1	98	3	78	88	74	98	30	25	61	62	63	51	87	80	44	21	29	42	14	47	36	28	8	1	36	97	14	43	
82	1	67	87	37	66	60	1	15	73	27	20	15	98	33	28	22	88	60	9	64	3	97	93	41	32	49	50	66	87	38	90	97	6	62	94	37	21	25	64	
22	7	57	76	58	80	4	86	43	17	20	94	91	28	29	93	68	96	29	50	73	75	22	80	47	83	56	44	90	65	56	45	8	96	99	27	33	51	81	95	
80	53	41	7	39	94	74	9	5	84	40	14	10	56	26	51	8	59	58	20	10	1	49	47	79	19	16	14	50	7	31	12	11	11	75	37	54	79	6	37	
28	33	61	68	95	75	67	29	3	84	11	71	28	31	4	13	39	25	49	98	92	92	73	83	52	27	6	42	5	59	3	15	15	55	54	53	23	31	22	30	
97	37	88	13	98	60	30	25	85	41	27	52	12	8	88	44	70	68	48	41	80	16	52	20	35	45	61	25	55	72	23	60	9	20	99	20	96	93	43	5	
13	73	59	62	31	4	15	20	78	28	54	20	88	31	51	67	55	68	9	52	24	1	63	14	92	64	85	35	14	38	69	12	8	2	40	30	42	79	46	25	
31	24	4	26	59	86	3	12	37	70	6	19	33	67	89	73	55	27	19	63	66	4	40	46	56	84	43	71	8	90	36	60	30	3	13	71	42	68	18	48	
37	71	44	20	55	76	12	12	43	91	7	73	87	2	95	46	36	56	27	14	63	40	95	19	23	35	29	33	7	62	16	9	8	68	99	67	35	83	92	89	
53	69	87	99	33	42	83	87	23	27	34	2	11	84	93	82	1	21	34	51	42	56	24	64	94	37	29	87	84	95	54	58	25	96	34	39	77	39	60	89	
87	84	86	92	25	32	56	20	2	83	39	31	60	39	76	28	42	27	73	20	89	71	79	56	42	37	51	53	17	10	89	6	92	91	92	56	50	42	68	89	
9	77	91	40	90	4	16	49	86	65	54	16	4	21	4	14	37	81	75	69	66	68	42	31	2	89	41	80	1	25	71	42	50	78	71	12	85	40	92	16	
63	55	79	45	53	6	26	47	84	44	78	75	63	35	97	99	68	95	6	63	61	44	65	12	99	92	88	43	15	44	64	57	98	78	37	87	31	40	97	64	
6	70	62	25	64	29	43	84	45	2	40	18	88	13	8	27	75	51	89	94	70	12	97	41	19	89	97	40	5	87	31	60	67	30	64	37	44	71	73	96	
77	80	82	72	8	96	15	3	41	13	51	91	65	38	66	73	40	24	18	11	9	65	95	19	80	17	53	93	2	85	91	87	8	76	54	69	14	13	60	42	
8	60	82	22	31	25	52	98	79	91	33	25	49	41	20	16	4	56	30	40	54	96	8	46	74	14	58	63	74	30	74	40	28	7	29	39	20	70	43	2	
46	77	64	20	4	34	86	13	38	96	29	85	39	30	40	3	8	92	82	25	25	69	46	77	4	88	64	61	6	76	38	7	44	46	14	47	18	16	41	63	
31	14	19	7	14	15	14	25	37	88	94	37	72	3	23	28	79	70	98	68	80	48	42	75	75	36	67	72	9	8	82	7	76	12	98	39	58	77	65	20	
84	55	48	98	94	52	10	51	45	43	72	5	58	89	66	10	35	63	94	76	64	86	69	74	13	17	1	86	69	52	34	33	68	21	76	21	38	93	68	95	
38	24	61	82	73	8	32	51	13	22	45	52	41	75	20	84	24	86	92	15	67	68	70	50	4	92	98	31	22	53	18	2	39	57	71	72	79	10	68	78	
97	81	54	9	68	54	6	46	37	4	72	54	91	62	31	95	97	53	14	68	33	10	39	97	74	12	43	13	51	7	12	12	69	85	38	67	44	49	60	57	
28	75	70	98	99	68	82	33	56	61	7	86	31	91	65	98	16	87	49	5	83	10	6	8	5	59	96	65	37	42	72	3	16	38	51	9	74	24	97	64	
78	52	43	54	43	82	91	11	81	6	94	15	90	31	2	63	77	99	13	53	84	65	91	59	65	53	12	4	14	67	56	32	59	39	71	54	69	12	69	30	
34	18	19	71	9	84	60	15	54	82	52	93	97	2	21	91	87	9	83	73	40	39	47	15	88	10	24	83	79	67	8	41	79	99	92	69	92	88	48	37	
98	61	61	65	55	87	25	52	36	21	27	66	92	81	66	34	52	31	15	50	13	82	73	15	73	55	21	64	20	58	41	45	68	63	73	62	7	8	24	83	
14	31	38	98	33	37	20	47	32	44	41	81	79	46	91	16	12	15	38	80	85	14	23	91	17	95	2	89	73	2	97	19	66	7	46	47	43	51	18	52	
3	68	84	14	58	96	45	93	40	34	17	2	7	76	83	68	93	38	41	68	44	59	82	77	83	43	11	57	25	70	81	87	36	96	7	1	2	24	75	88	
48	95	57	79	20	66	22	8	42	49	73	33	81	22	72	70	5	60	27	34	1	42	37	27	99	3	54	9	31	72	79	32	67	10	95	27	82	10	45	79	
2	65	59	33	15	81	21	95	10	8	21	49	11	17	22	85	55	34	56	19	36	34	14	40	80	12	1	22	73	31	67	92	8	96	44	31	47	83	36	42	
27	59	52	37	21	44	77	19	61	16	22	26	78	54	93	21	12	65	72	7	88	57	10	96	90	32	56	3	49	25	87	85	30	16	13	98	12	78	56	19	
68	49	48	39	90	30	88	72	30	59	45	87	47	17	5	78	75	36	6	40	62	51	1	93	35	5	29	94	88	73	16	18	26	13	11	79	74	11	30	78	
53	10	84	34	87	40	87	65	82	49	86	47	1	63	58	20	6	80	57	54	73	85	24	86	77	59	69	86	3	94	5	15	40	59	90	81	68	57	6	22	
29	90	75	44	46	12	2	10	51	23	89	67	11	70	55	36	61	21	67	10	18	35	58	45	98	75	95	28	69	4	12	54	25	53	30	63	51	97	31	96	
26	40	49	89	65	89	91	15	12	6	30	15	34	34	93	21	80	55	63	35	89	13	66	6	77	8	93	52	39	76	3	2	29	66	91	42	21	1	24	12	
57	96	66	80	34	46	71	86	80	20	93	30	48	21	40	58	88	4	89	71	4	52	32	37	4	60	7	6	83	68	49	54	24	55	66	1	70	78	11	70	
43	18	16	3	86	66	9	35	56	63	27	97	10	83	90	4	41	10	17	30	77	55	73	9	31	19	4	82	69	88	87	94	55	26	93	9	63	88	58	96	
72	86	95	19	89	77	10	89	76	28	77	25	49	26	11	80	93	1	37	47	23	85	36	66	49	43	23	66	61	28	79	43	25	53	68	38	50	94	77	75	
89	55	73	67	64	48	81	15	23	91	5	30	97	30	49	85	4	1	33	57	79	28	73	14	96	14	2	74	64	47	39	27	7	58	28	97	8	89	17	94	
24	59	29	80	29	34	76	38	42	51	85	29	41	32	48	87	67	1	34	59	77	98	99	3	99	30	93	18	87	21	52	43	97	46	16	63	20	63	26	99	
33	76	75	93	86	85	21	79	10	21	87	36	6	63	20	47	82	90	55	96	30	13	32	22	42	72	52	54	47	33	62	38	90	86	30	23	77	37	14	48	
94	56	66	67	35	7	20	94	20	85	34	66	81	39	11	32	48	35	10	46	58	9	10	6	74	13	10	59	97	35	59	87	84	68	57	25	21	48	76	70	
17	87	79	22	11	73	48	14	3	8	42	44	66	11	50	46	88	19	8	4	48	29	95	34	40	91	30	96	90	57	24	87	27	97	76	25	4	92	12	45	
88	39	85	68	61	10	20	92	84	91	50	23	53	71	71	58	17	41	39	84	39	53	57	47	47	40	44	97	70	74	78	44	84	57	59	53	96	26	19	66	
56	45	94	50	54	15	41	75	64	6	19	6	35	11	25	41	21	67	30	29	39	97	33	69	61	63	65	45	3	34	99	78	44	20	34	78	16	16	67	35	
29	52	88	88	15	53	38	49	36	59	19	72	56	44	65	16	89	37	88	9	74	58	75	28	36	83	92	67	23	31	21	30	52	22	48	78	87	57	60	40	
27	22	26	43	92	94	75	19	32	36	97	17	81	75	17	3	61	31	26	42	77	17	80	88	69	35	83	32	29	48	18	72	72	87	99	21	38	35	71	53	
47	91	42	62	61	14	51	82	97	81	26	88	5	35	32	79	12	87	60	23	89	7	90	93	95	13	22	51	99	49	67	32	90	13	54	47	22	53	64	34	
66	82	14	57	50	46	70	12	8	52	30	36	86	63	21	41	67	85	6	42	11	26	87	7	11	85	53	91	43	25	1	12	35	8	46	66	78	13	95	32	
79	77	23	71	9	98	5	39	3	17	99	65	19	52	62	70	53	72	35	27	72	11	61	61	17	57	12	92	75	99	20	25	44	88	55	45	16	47	97	2	
60	44	82	59	94	19	30	53	58	13	83	99	30	46	5	17	68	57	31	81	45	72	58	18	14	88	25	85	37	93	13	34	47	34	66	23	31	18	38	25	
61	21	61	69	7	17	50	2	93	62	58	40	15	98	38	72	98	56	15	33	73	75	21	28	13	77	98	23	37	42	38	92	93	88	18	12	60	60	70	28	
40	52	79	40	31	48	91	94	1	46	85	45	93	80	52	65	55	92	56	85	46	87	94	7	80	85	81	16	23	64	99	97	3	32	16	18	60	91	59	24	
19	89	86	93	39	48	92	17	14	24	50	6	8	49	77	51	45	56	67	82	93	71	28	99	20	35	19	73	89	99	91	44	48	96	46	61	20	70	85	43	
76	42	24	40	95	26	63	54	3	23	69	30	45	73	3	14	76	22	74	69	25	48	43	73	78	50	76	49	17	90	35	91	75	46	55	9	2	18	37	79	
65	83	67	87	18	13	32	9	3	78	99	34	95	12	78	73	92	14	72	67	82	3	1	1	86	61	54	96	39	26	93	31	42	12	22	2	23	86	78	42	
71	16	47	61	49	67	71	41	72	24	12	44	38	52	99	97	35	36	61	54	41	51	33	52	35	60	77	30	42	40	64	61	6	75	98	6	52	92	1	14	
92	95	56	21	75	37	8	99	86	49	52	93	59	1	65	25	41	57	62	46	29	72	68	99	69	22	72	87	95	69	55	70	24	21	49	51	57	7	59	10	
55	5	36	91	69	77	6	70	54	6	84	36	4	33	30	83	74	48	17	90	86	77	29	24	33	67	16	5	16	63	44	24	1	34	52	90	64	90	79	49	
64	88	38	3	62	25	43	27	76	72	14	65	55	2	27	31	80	78	65	65	54	56	14	25	26	93	74	96	59	49	20	60	54	61	97	59	64	99	61	32	
76	41	78	22	49	25	59	84	23	75	90	29	45	91	73	84	79	67	10	76	87	63	65	43	4	60	23	36	46	62	94	89	23	25	60	37	41	36	45	17	
14	55	66	8	33	25	88	65	57	64	97	66	5	45	64	73	87	93	53	76	10	69	12	83	8	24	37	53	19	20	13	2	98	93	49	26	32	61	81	17	
98	24	9	62	85	8	74	68	75	51	14	37	30	29	40	80	68	62	25	72	92	68	95	49	21	39	79	25	26	61	32	78	88	8	49	26	27	67	57	83	
32	95	12	88	51	1	64	42	86	92	67	65	95	71	37	9	18	20	81	55	68	34	79	79	58	7	55	83	44	40	84	13	19	67	35	19	87	93	25	16	
91	92	46	63	75	22	85	71	24	40	61	86	85	42	20	37	82	37	99	24	72	44	36	91	91	83	58	25	25	72	23	38	56	67	71	63	7	13	2	62	
66	79	6	99	72	97	6	58	83	42	82	2	68	1	97	91	1	38	34	22	18	49	16	35	99	48	88	27	78	42	50	52	70	93	88	90	93	66	50	39	
27	90	43	35	10	29	66	25	94	99	3	36	91	91	20	23	86	92	74	78	5	5	5	45	54	18	63	67	84	64	22	64	24	80	48	5	93	54	43	42	
13	17	83	11	43	15	8	6	25	85	39	7	16	2	47	86	33	62	67	56	53	59	48	7	34	34	99	58	36	99	39	33	93	12	80	1	38	88	10	77	
71	39	27	65	65	31	67	62	16	11	21	92	75	70	15	30	56	99	33	5	76	92	72	27	70	84	81	75	14	34	17	20	24	89	13	70	26	96	61	94	
8	29	26	30	96	69	64	87	41	54	15	18	72	59	69	91	69	11	53	20	76	22	74	5	29	2	7	5	91	1	35	46	10	56	69	34	35	79	96	19	
80	1	45	36	2	31	63	34	14	45	50	31	3	75	87	92	77	67	48	12	75	49	1	19	17	7	19	83	77	74	71	54	13	66	57	62	63	36	96	1	
23	15	7	21	41	70	18	34	5	2	13	1	10	48	79	54	22	76	26	73	81	78	5	13	22	9	18	62	75	9	19	77	10	28	39	17	9	32	87	66	
92	50	8	47	51	6	99	31	9	32	25	13	75	71	70	4	35	10	23	66	79	82	86	87	83	65	49	57	93	40	73	18	67	83	73	86	72	33	96	69	
61	20	33	22	57	80	1	24	29	77	7	69	33	92	66	94	48	87	20	96	55	24	11	6	1	97	81	20	69	39	17	25	54	63	49	38	95	86	84	59	
23	47	32	29	17	77	29	2	5	30	18	5	22	64	94	36	11	17	38	15	55	38	10	96	62	60	56	11	30	22	71	86	79	81	95	68	30	73	57	50	
47	5	91	62	91	93	75	4	59	91	81	98	67	45	36	19	52	87	20	5	69	70	64	68	12	68	27	74	95	23	40	20	65	1	72	66	36	97	63	92	
53	98	83	66	61	75	63	68	85	96	87	99	92	66	29	60	72	24	90	96	52	65	71	31	45	82	76	27	91	11	24	75	48	40	47	76	12	46	66	59	
23	16	91	85	50	96	84	4	65	87	80	51	61	47	58	41	67	93	98	69	71	21	84	16	40	47	11	48	16	76	29	43	16	51	44	71	62	99	10	31	
34	29	25	16	6	11	11	50	9	52	22	31	54	67	26	63	74	75	42	69	90	87	42	13	14	84	43	76	19	66	43	62	71	43	84	34	85	4	49	92	
41	52	8	65	90	41	89	59	39	8	45	89	72	2	5	1	61	73	67	35	81	36	77	8	14	51	55	12	24	73	2	46	30	66	2	39	2	83	73	33	
69	55	54	22	19	43	22	76	97	53	79	96	79	3	66	67	43	99	61	22	63	69	4	25	38	43	33	32	79	89	34	3	45	52	39	45	8	36	10	49	
58	35	25	24	17	11	18	27	86	64	64	97	65	44	98	82	23	7	14	40	83	3	85	75	91	62	98	2	36	9	89	68	72	8	30	92	63	57	2	65	
18	45	55	39	15	49	36	13	38	58	37	72	48	21	99	48	77	74	67	96	22	87	91	21	65	36	7	95	62	88	43	48	53	70	59	9	14	39	77	47	
30	75	80	50	74	93	5	8	20	5	12	1	5	6	54	33	58	60	47	37	25	4	26	30	58	94	35	34	86	70	87	57	44	14	5	13	35	19	90	27	
79	95	32	48	43	91	22	71	67	98	30	35	34	55	90	56	40	96	72	7	76	98	42	53	17	5	51	9	72	49	99	70	62	15	59	38	17	80	48	41	
5	45	13	24	43	43	37	59	52	85	95	81	48	84	23	83	84	54	46	5	99	86	38	91	20	59	58	31	24	7	95	84	75	71	37	50	75	23	22	61	
95	94	61	78	86	88	20	38	74	47	96	80	1	87	64	31	50	51	28	55	84	7	33	84	81	25	29	75	24	99	60	73	14	83	58	80	95	71	31	44	
13	44	95	27	29	58	98	20	93	37	98	1	40	18	36	65	22	29	94	75	53	31	25	97	95	40	9	35	2	98	63	67	19	82	17	54	8	54	16	79	
39	94	33	22	49	79	90	85	87	83	25	37	96	24	45	23	78	76	67	55	50	34	29	13	7	76	16	81	33	87	52	17	20	25	28	37	92	33	88	46	
67	67	93	67	60	40	10	27	41	35	21	15	6	45	50	27	89	17	34	45	69	17	97	32	13	55	12	29	73	22	30	86	44	34	56	80	18	89	65	77	
11	79	90	54	56	99	55	91	71	69	91	94	50	56	5	12	42	41	47	45	11	88	24	84	96	12	51	10	15	38	16	33	57	5	31	77	7	67	82	30	
54	78	95	93	82	69	78	32	75	64	28	95	47	79	86	58	99	10	1	1	66	97	22	37	97	30	26	52	85	21	75	5	34	63	33	20	40	71	86	57	
29	32	82	56	44	41	40	62	20	10	10	13	58	37	3	26	93	3	95	11	38	33	88	17	3	22	74	64	70	30	52	43	60	79	70	64	85	24	18	93	
24	73	64	20	46	72	37	23	53	93	91	49	32	76	80	5	47	27	74	33	89	63	55	33	75	67	85	25	71	77	57	86	71	35	35	9	58	74	59	41	
27	4	97	26	57	30	21	48	51	28	69	46	83	43	35	58	23	83	53	4	26	53	8	14	17	10	74	82	89	64	62	82	13	58	32	67	19	70	85	65	
91	51	78	37	10	89	89	42	99	42	32	32	92	5	22	88	11	85	18	56	8	14	97	39	55	10	44	59	47	76	57	14	41	99	4	55	94	76	72	93	
45	84	14	5	35	88	65	62	98	30	85	60	49	48	71	89	42	38	17	56	89	29	29	88	68	53	29	60	36	29	95	14	46	77	24	82	36	59	7	25	
22	84	77	39	23	41	53	4	6	47	67	73	16	11	99	26	37	68	24	29	3	24	31	90	34	16	17	87	1	76	25	8	17	70	77	50	7	23	64	41	
27	71	43	91	16	6	77	99	7	76	37	53	31	88	5	2	84	19	85	7	53	98	6	79	16	81	53	65	48	70	88	46	28	68	25	54	97	99	76	23	
32	86	4	35	31	4	5	15	20	34	50	92	38	88	45	47	44	90	55	71	66	14	65	58	80	23	28	70	92	78	21	49	61	85	38	93	80	1	73	85	
8	35	69	61	21	8	42	57	26	48	14	69	50	37	91	2	97	48	99	13	50	33	40	69	40	35	41	61	29	61	12	58	60	22	28	90	86	22	9	97	
78	78	46	71	58	72	23	90	40	82	18	18	40	51	74	13	9	74	92	84	94	20	80	67	35	22	50	25	41	96	62	91	13	83	49	8	21	5	73	29	
14	89	97	86	55	27	68	51	3	19	58	23	69	63	95	36	36	87	88	72	10	98	27	4	40	43	5	21	38	71	14	10	69	62	82	83	6	52	77	92	
53	60	85	52	12	29	33	76	12	99	31	4	40	98	37	38	61	12	76	66	78	60	71	14	4	18	51	37	23	22	63	83	86	67	5	59	52	5	25	90	
54	64	95	56	97	65	32	36	76	21	12	16	84	12	35	13	56	3	16	41	58	32	96	12	24	84	28	49	91	33	61	68	5	14	36	28	69	73	62	79	
80	79	38	52	65	17	48	66	16	85	19	51	84	82	53	3	81	34	52	36	99	4	91	88	47	9	37	84	64	93	83	87	61	72	69	76	4	18	13	24	
14	66	38	89	94	71	21	23	72	14	55	53	20	62	22	20	10	34	17	53	8	5	60	22	5	61	1	99	49	11	89	22	27	68	82	40	99	1	90	73	
4	98	98	43	62	4	15	20	69	4	27	27	48	80	64	79	90	84	9	49	24	41	95	89	78	43	94	52	34	72	65	1	78	41	27	65	9	74	94	36	
46	56	50	60	55	2	76	98	94	55	55	66	21	6	8	40	36	68	49	40	50	90	52	83	94	67	67	93	13	73	38	3	4	57	4	74	16	48	84	55	
86	66	82	5	2	54	59	81	14	47	55	79	23	62	70	46	45	83	30	14	94	51	85	44	56	99	37	53	39	99	83	65	34	84	19	35	99	87	41	7	
69	11	51	13	45	94	42	46	20	68	7	28	49	8	30	76	57	3	32	45	55	42	77	84	96	55	71	40	18	59	2	98	8	17	14	45	32	95	2	84	
2	82	73	51	39	96	25	99	10	11	3	63	12	57	77	5	33	98	32	17	28	70	50	30	76	49	46	46	18	76	87	99	70	57	88	12	96	23	81	8	
60	96	98	83	80	34	2	61	93	12	77	76	74	78	49	63	72	17	90	49	56	48	48	67	1	5	93	54	27	43	69	81	2	59	99	46	49	59	78	24	
26	68	64	43	72	90	22	47	34	57	17	50	25	27	40	6	61	13	13	34	3	64	14	89	70	23	18	55	31	23	42	5	73	21	32	58	5	64	49	22	
46	35	31	14	18	26	26	70	20	44	51	25	70	46	99	91	50	39	2	81	54	15	34	54	72	94	5	73	26	11	69	17	40	39	69	63	50	62	78	55	
35	40	99	10	42	99	68	36	68	87	29	55	71	28	7	60	58	94	87	57	61	90	77	49	91	86	4	88	60	54	75	93	63	16	31	90	5	87	21	60	
98	72	12	74	53	57	16	52	58	99	70	90	6	18	29	25	22	20	37	45	3	22	5	58	56	67	99	79	14	24	14	90	60	25	94	99	91	97	29	97	
96	67	25	69	25	57	34	41	97	9	5	49	55	87	61	62	60	63	43	4	92	74	63	41	18	4	55	56	98	47	20	2	91	31	5	3	54	26	62	81	
29	51	76	83	15	73	47	56	17	51	83	6	40	55	44	18	79	92	4	33	6	3	69	10	59	2	47	16	99	89	42	20	75	67	53	92	98	4	72	29	
63	53	24	41	20	35	84	13	1	3	83	81	66	67	67	7	9	64	72	44	39	70	57	20	37	9	70	88	44	6	57	10	32	70	51	80	70	36	76	10	
80	72	70	21	52	41	11	17	44	81	83	42	18	37	52	34	63	51	94	45	11	6	26	67	50	77	33	6	97	29	64	78	66	65	72	32	58	28	5	2	
67	95	66	73	53	14	26	3	45	95	26	99	74	34	14	8	42	29	24	17	78	36	54	82	47	72	32	58	96	34	61	63	73	20	88	20	33	74	38	56	
24	72	97	54	36	21	61	78	26	53	57	25	61	35	8	68	58	12	23	11	2	64	3	42	53	49	3	74	14	45	5	14	80	38	75	76	14	99	19	64	
15	57	50	55	63	49	46	77	83	26	53	62	27	28	57	19	93	51	42	45	24	2	99	83	45	72	58	94	47	4	44	89	18	22	5	50	72	59	47	35	
47	86	62	50	48	34	59	11	76	72	24	54	63	75	55	62	91	85	76	5	95	68	1	17	40	9	4	61	48	93	46	60	22	89	22	76	59	94	54	77	
78	36	47	38	97	44	61	38	40	14	95	65	38	31	63	49	79	52	14	58	18	34	37	58	26	60	39	5	75	22	94	15	70	40	95	47	68	42	65	84	
55	17	12	98	76	30	12	28	33	64	82	24	82	13	71	24	20	47	52	67	32	31	39	58	23	61	33	45	83	52	73	68	47	85	54	90	31	6	34	34	
89	35	42	53	9	16	58	41	14	28	32	55	84	37	55	84	96	50	10	12	23	9	47	41	70	33	87	93	41	1	29	87	36	29	8	57	39	76	65	83	
58	6	82	28	9	58	19	7	50	37	55	38	36	98	9	46	27	1	6	20	69	57	97	45	52	87	77	60	81	83	17	13	54	11	40	7	2	15	13	78	
38	26	83	31	44	61	37	16	63	59	37	50	97	20	55	7	14	30	30	2	17	76	95	80	44	98	75	77	80	25	28	92	8	99	91	12	36	85	68	69	
70	1	42	27	26	37	19	8	93	52	29	34	96	46	43	27	17	52	91	89	80	13	64	78	5	16	58	15	73	13	96	19	83	47	17	56	77	54	18	25	
58	24	20	22	40	33	57	80	8	82	22	58	60	2	26	9	68	10	46	87	87	37	75	61	87	47	85	11	95	24	87	72	69	95	32	49	40	33	93	61	
96	24	35	59	96	17	29	90	32	92	1	94	79	2	15	85	7	75	10	24	41	94	71	6	84	90	76	9	57	89	67	76	7	40	33	37	87	84	95	74	
27	53	49	12	21	3	81	68	17	31	80	94	97	20	19	16	56	11	47	10	24	1	49	22	11	21	48	96	52	35	56	47	79	55	3	31	53	88	2	75	
34	43	23	88	69	55	90	36	34	33	22	74	42	14	69	83	23	80	48	8	28	96	47	36	9	40	54	55	90	58	58	63	22	64	95	30	79	55	53	37	
59	13	60	42	84	30	15	36	5	62	32	6	73	2	15	6	31	26	80	6	14	61	94	74	89	77	88	12	72	77	80	30	72	81	5	61	93	1	31	43	
61	36	31	88	69	83	13	61	58	8	41	14	77	3	8	44	89	87	27	88	11	80	55	63	6	46	81	98	82	28	22	58	46	95	12	18	14	77	3	47	
96	54	76	28	4	34	56	92	24	30	65	80	81	26	67	25	90	91	98	33	35	67	47	22	55	63	71	22	27	18	52	46	48	15	13	9	86	61	53	33	
34	64	93	71	87	75	16	44	50	77	47	57	5	25	25	66	31	88	39	88	48	45	40	79	11	14	57	31	89	41	72	64	12	76	33	8	55	92	5	85	
5	41	1	78	15	58	34	12	60	46	80	74	39	96	50	9	77	50	99	85	47	83	45	77	91	82	40	1	30	42	49	55	69	97	16	19	61	77	7	65	
76	37	90	98	79	15	74	33	34	2	14	74	63	47	57	50	54	20	1	28	77	91	69	97	55	36	34	14	8	42	36	27	57	91	98	41	71	41	15	93	
66	22	56	15	15	45	56	51	26	57	37	27	84	10	95	97	68	24	75	12	89	66	71	83	28	62	66	51	35	20	77	66	50	42	64	40	44	40	46	35	
77	86	1	4	56	64	65	77	9	5	46	77	12	13	21	11	54	32	88	39	13	97	79	70	62	67	60	93	68	46	87	50	25	27	79	24	21	29	21	97	
73	99	34	88	50	98	50	74	53	9	92	79	66	21	44	61	69	82	48	37	73	30	1	29	30	26	90	22	24	76	18	60	55	4	10	36	51	89	82	28	
82	27	39	11	77	39	3	34	38	47	17	43	15	10	63	97	99	56	86	91	35	80	16	5	41	90	28	26	30	5	99	17	47	47	21	37	49	2	96	24	
26	97	34	99	19	55	10	67	87	16	51	93	39	18	81	11	12	11	25	77	73	14	39	71	97	57	64	24	5	60	70	4	90	47	55	9	81	87	33	41	
90	33	3	52	47	66	93	96	47	89	19	26	39	40	99	15	29	71	28	5	86	70	80	86	80	84	14	85	72	79	83	10	51	58	90	56	85	5	34	18	
19	31	12	18	54	56	34	57	82	31	3	72	59	85	89	23	42	77	29	61	26	54	70	53	58	72	98	56	3	14	94	71	95	14	89	15	15	87	55	97	
43	4	13	87	6	63	68	6	16	67	2	78	52	88	60	41	45	79	42	70	69	76	76	92	42	93	20	95	90	10	34	25	42	81	17	73	30	60	95	63	
39	74	18	96	27	10	76	31	91	13	69	77	73	76	85	56	16	5	53	47	19	52	98	18	57	87	3	17	57	38	56	64	43	93	42	87	1	95	1	71	
21	30	61	23	26	99	38	74	72	54	23	76	7	92	35	43	9	66	95	69	32	56	46	17	55	98	26	37	89	78	74	97	4	18	33	15	54	33	55	2	
60	30	44	98	35	64	85	56	65	93	49	47	19	79	66	68	96	38	1	45	84	38	93	36	53	87	32	26	11	64	70	27	26	92	17	49	52	50	52	2	
39	68	53	29	4	70	26	4	85	37	82	27	44	10	14	1	31	76	37	92	66	85	20	82	8	81	23	72	77	82	95	15	88	18	28	59	91	96	43	50	
36	97	68	10	97	78	49	95	42	52	61	16	10	86	51	38	43	12	26	30	99	48	31	18	15	94	28	45	10	25	43	69	54	98	41	37	45	79	70	13	
38	4	49	60	54	62	19	1	62	75	74	94	80	85	35	23	68	79	40	58	3	24	58	66	46	95	63	66	56	3	6	35	14	51	80	55	30	6	84	20	
90	42	97	57	48	83	39	31	43	77	83	35	39	65	31	82	8	21	82	65	72	87	42	32	11	38	65	91	88	16	17	81	51	56	10	19	6	81	35	34	
76	24	11	74	5	21	10	99	36	81	27	21	4	26	25	63	17	36	47	28	4	89	95	12	59	39	5	96	22	72	70	10	53	76	8	41	8	65	50	37	
18	64	9	32	32	59	55	78	63	43	4	85	66	26	6	75	28	88	63	21	40	99	51	28	4	22	92	63	74	72	18	56	41	29	25	10	8	82	92	16	
28	83	45	49	89	26	39	76	64	80	46	37	69	59	42	45	4	72	16	33	53	20	84	53	82	14	51	82	52	43	57	3	33	8	12	66	7	93	98	58	
71	65	97	5	93	97	64	8	72	68	60	6	13	86	29	67	20	34	49	89	59	37	23	54	47	93	79	52	71	32	92	3	47	72	44	94	64	14	97	52	
75	74	44	2	41	51	41	75	23	80	62	87	89	15	24	75	83	46	57	83	56	47	37	31	85	5	95	95	4	56	79	3	24	83	16	7	47	97	15	92	
58	22	17	45	76	76	51	61	99	94	84	2	56	48	57	3	74	43	46	8	5	28	6	72	75	15	58	67	60	7	55	72	87	2	22	44	23	74	55	94	
1	97	35	11	85	41	84	19	97	47	70	46	31	81	28	65	29	13	85	95	29	65	72	11	66	41	70	83	3	12	41	48	35	37	17	81	77	39	61	16	
35	49	26	41	15	21	59	73	34	50	45	70	24	58	85	39	47	36	35	72	58	46	73	83	98	25	66	47	88	52	33	72	62	60	55	35	61	4	66	76	
81	26	19	30	36	74	21	31	77	63	74	38	5	82	77	50	30	97	58	6	93	95	57	4	47	68	81	85	44	37	76	45	9	64	20	79	73	2	15	95	
99	71	30	20	25	80	31	88	15	19	95	17	88	84	97	67	56	37	12	64	7	80	74	38	99	18	93	88	69	33	9	83	51	88	23	69	75	50	73	27	
84	78	16	9	87	34	24	56	50	6	35	55	65	44	1	5	81	65	20	88	72	60	54	85	66	17	60	55	78	53	1	83	13	91	91	69	29	64	17	5	
84	92	25	59	4	91	57	80	28	10	11	76	56	76	8	27	73	39	31	59	31	2	66	63	23	4	24	54	67	94	63	85	11	91	35	89	77	37	1	92	
58	84	10	14	10	78	35	77	95	10	7	76	98	62	82	64	79	83	49	78	80	46	57	10	74	71	5	74	12	45	47	56	35	47	94	25	47	64	12	42	
53	63	42	17	16	50	18	70	95	28	38	27	66	42	2	30	19	79	54	54	4	33	69	76	70	81	77	99	1	31	19	67	59	10	72	4	89	34	1	55	
28	58	89	44	41	8	9	34	80	39	87	85	19	70	98	45	16	98	98	89	22	79	44	37	25	36	20	74	95	32	15	82	78	25	40	40	42	68	93	52	
91	50	90	38	94	76	25	46	74	37	36	13	83	12	87	74	55	4	87	82	81	17	5	3	95	5	57	88	28	52	85	53	80	87	34	95	36	24	93	50	
89	60	97	50	79	32	51	42	49	53	59	92	64	11	69	59	72	97	39	29	78	87	17	42	70	7	67	56	22	36	11	19	52	60	24	47	23	44	50	42	
4	2	5	84	31	87	69	80	46	36	21	62	89	7	29	66	78	35	28	32	98	86	37	1	98	53	91	12	48	55	4	15	10	40	75	53	38	73	19	86	
1	73	66	55	82	41	71	11	19	79	33	48	85	5	94	35	10	83	7	19	9	74	41	41	53	40	5	6	16	45	93	84	66	91	75	39	95	25	3	1	
2	23	81	46	68	66	60	50	13	21	9	6	79	11	98	38	16	45	10	65	61	32	25	73	16	1	79	8	88	93	87	97	30	24	59	79	8	2	70	62	
79	63	71	73	55	74	20	64	75	78	90	67	42	15	3	39	69	36	42	19	41	84	98	6	4	19	30	16	32	92	19	77	27	35	98	86	50	80	56	18	
4	40	30	62	99	25	74	56	91	59	61	94	53	37	17	66	18	19	44	38	39	70	56	91	18	84	31	76	1	42	69	33	67	5	92	15	40	46	46	89	
93	58	65	24	46	89	31	58	63	14	33	43	99	21	92	87	60	89	39	35	62	74	24	85	31	24	27	3	46	14	79	93	30	48	18	55	61	85	37	4	
26	68	11	41	53	80	94	38	6	53	26	22	11	96	97	90	52	28	64	19	64	14	97	11	1	71	14	5	58	67	40	59	84	25	76	55	9	35	88	7	
55	6	29	57	43	28	73	99	84	21	18	70	18	85	78	72	54	94	81	51	20	80	51	23	18	3	8	26	47	24	55	44	50	3	18	27	74	87	41	6	
76	84	84	76	95	18	57	98	79	15	83	36	47	70	90	33	95	95	70	5	20	39	37	91	81	28	95	81	43	98	99	41	72	77	44	72	58	53	31	1	
16	51	12	67	62	86	86	64	85	76	8	59	46	21	31	76	82	91	96	35	7	85	57	74	12	36	58	8	37	84	50	77	43	52	93	15	8	77	73	31	
49	92	50	69	19	64	93	19	34	28	89	65	41	72	26	17	30	69	72	44	34	54	25	15	89	92	88	16	46	94	95	88	44	68	9	30	98	14	39	25	
59	1	75	14	45	86	29	16	56	67	14	59	20	61	24	92	28	73	88	67	61	91	4	29	24	7	77	50	17	67	39	92	30	98	87	87	37	56	96	59	
17	93	94	44	38	51	73	75	75	22	20	34	55	21	56	84	36	84	34	52	77	72	23	7	62	38	92	56	55	13	67	73	32	89	7	2	99	25	55	18	
96	91	39	42	53	40	21	27	24	56	37	74	51	29	79	43	16	62	89	54	59	87	84	25	18	72	27	54	87	31	12	65	99	64	38	82	97	6	71	66	
26	53	30	67	82	89	52	63	97	38	12	80	27	12	4	17	85	38	15	32	55	74	43	51	39	46	40	12	54	77	89	51	76	83	39	95	83	56	45	23	
59	62	23	96	58	23	85	95	42	56	12	83	25	7	4	96	13	71	2	49	7	14	67	71	5	30	71	39	37	84	19	61	96	57	22	29	73	55	99	42	
89	75	43	69	91	35	11	14	66	1	11	77	60	79	2	53	36	54	19	89	97	79	91	11	53	71	39	68	12	47	22	78	24	18	16	65	18	15	35	4	
88	21	90	45	40	37	98	63	89	93	55	56	89	1	41	90	17	78	37	69	35	39	37	66	40	85	21	61	39	56	9	55	17	44	96	62	90	51	71	7	
80	62	37	60	7	55	2	11	19	81	12	51	22	71	38	6	25	54	31	59	59	18	19	46	29	13	15	7	80	89	42	29	20	49	4	36	14	6	63	68	
39	10	93	94	75	85	25	35	61	79	2	77	53	14	11	46	52	91	66	16	92	20	39	14	13	23	79	33	46	64	78	52	99	16	44	49	15	27	7	34	
28	90	72	48	66	5	90	10	58	73	5	95	36	12	99	83	62	26	67	16	10	94	53	37	70	82	57	24	83	41	98	18	98	94	65	16	14	7	18	84	
62	80	16	13	36	38	68	99	63	79	56	61	78	13	54	88	64	18	61	93	43	75	24	45	43	74	83	40	81	85	13	5	27	56	19	98	41	71	99	64	
8	79	16	61	98	86	4	60	41	56	17	98	75	78	16	10	25	90	15	95	25	60	53	93	58	74	64	50	17	84	52	16	82	98	3	22	87	33	83	97	
7	58	16	40	82	1	12	46	5	78	30	69	71	99	73	65	10	36	38	27	52	56	94	34	71	87	50	62	32	23	33	32	10	13	83	86	88	93	60	28	
38	53	81	63	17	25	67	21	78	64	57	53	55	62	3	37	51	72	79	17	87	79	48	85	45	33	81	68	36	12	16	69	73	3	5	93	30	8	84	52	
8	14	71	18	53	83	62	81	95	56	91	34	81	74	84	67	55	59	98	81	88	9	42	20	58	93	18	90	46	74	34	38	86	63	63	72	96	99	63	63	
72	18	71	74	12	34	54	78	26	60	60	84	30	42	8	70	34	68	23	96	73	98	81	49	47	18	49	33	53	92	5	19	45	14	87	15	46	34	27	8	
86	30	24	1	64	70	93	52	35	47	4	72	90	10	52	44	68	10	78	79	12	48	95	22	73	77	90	45	24	3	32	32	16	87	79	18	16	52	84	33	
94	26	27	87	45	84	28	68	75	98	31	58	83	50	51	85	12	17	13	70	51	20	54	19	35	81	48	87	30	49	74	21	39	75	42	30	56	55	47	60	
38	68	22	75	96	86	92	63	9	18	70	8	8	17	37	24	11	83	88	24	71	26	66	63	90	47	83	98	12	3	10	43	71	32	97	6	3	46	52	45	
11	43	63	90	44	76	82	92	55	96	86	9	25	44	69	45	67	64	64	10	72	60	69	34	34	28	39	83	71	19	68	62	56	32	73	64	77	32	50	59	
28	45	64	84	97	71	99	92	82	30	84	89	66	15	39	35	32	21	57	12	94	96	86	83	82	98	64	90	97	71	56	46	31	82	75	58	14	75	85	70	
43	24	23	82	94	2	91	39	17	3	98	53	82	72	62	20	20	36	83	42	66	31	76	65	13	90	7	4	22	25	57	79	54	99	46	44	27	9	54	28	
84	90	42	38	67	41	56	17	94	12	61	9	13	99	44	20	67	73	79	54	86	90	57	63	13	90	98	44	4	76	14	72	76	30	97	58	99	99	40	61	
27	71	12	92	38	18	48	97	33	65	44	12	95	45	35	4	15	4	10	69	35	96	16	32	79	92	9	71	53	46	90	80	36	38	29	11	12	78	38	79	
95	26	87	39	56	61	45	21	49	25	93	16	3	13	61	56	25	76	53	98	19	79	92	39	32	8	92	93	77	25	20	33	84	41	26	64	96	16	53	74	
1	15	44	98	58	17	11	82	90	4	40	24	10	2	40	40	24	56	64	85	44	53	58	17	74	24	12	80	63	84	31	62	49	13	39	44	23	57	82	38	
99	28	12	97	60	15	34	27	14	34	88	46	95	9	73	77	84	12	29	42	25	46	59	22	69	32	39	92	89	31	52	39	20	26	43	31	22	23	83	81	
98	70	90	49	83	90	46	49	82	73	92	71	71	80	25	30	34	64	87	98	20	87	53	91	63	2	42	4	69	33	5	26	74	69	82	79	29	49	14	57	
78	98	53	50	10	70	24	4	8	78	12	32	46	27	76	88	90	84	50	55	96	51	23	20	27	12	56	40	27	86	71	17	29	8	92	29	70	97	59	95	
52	17	19	76	72	2	71	13	5	34	41	92	18	87	70	62	42	56	87	45	40	54	71	29	35	46	26	20	2	48	44	2	24	2	4	28	70	17	46	38	
55	32	20	83	68	52	87	91	99	35	34	24	1	57	26	85	44	85	1	97	73	8	95	53	74	31	38	98	85	26	63	26	36	90	26	62	1	57	21	86	
72	59	37	20	14	52	3	69	47	24	97	5	77	64	41	22	52	76	81	13	30	38	47	26	87	45	32	26	92	16	27	61	31	18	21	90	52	48	29	48	
83	87	30	44	22	7	15	21	99	91	73	10	89	10	77	77	95	59	43	37	39	43	70	74	42	73	92	7	61	3	88	82	36	28	44	86	39	27	61	98	
54	1	37	44	17	52	92	9	89	24	96	21	55	57	22	18	64	66	41	54	55	27	23	20	31	24	20	62	78	18	28	44	49	10	79	82	39	27	87	39	
45	54	62	66	77	75	60	26	54	14	39	32	19	83	34	97	43	79	67	69	13	71	75	86	13	97	87	7	49	48	18	74	84	95	44	29	62	18	73	71	
63	10	41	54	9	87	77	42	91	26	33	69	33	85	68	92	69	22	35	12	15	79	94	11	72	15	77	25	86	6	55	67	38	23	86	49	48	4	70	69	
39	22	92	85	52	56	80	68	39	15	74	9	69	37	87	32	23	11	32	37	48	62	10	63	21	2	95	56	36	49	84	82	96	51	58	8	1	83	94	60	
34	87	44	20	21	90	23	13	91	6	10	11	63	12	46	50	47	69	72	34	36	92	53	74	18	26	71	88	32	66	98	51	66	27	64	83	45	57	86	17	
81	48	44	56	69	81	82	55	51	24	2	50	85	54	63	30	4	83	10	45	20	8	90	66	39	94	37	51	88	10	21	94	40	14	3	48	27	98	46	48	
59	43	55	88	92	7	63	19	98	87	79	59	56	10	75	67	54	31	48	89	68	71	28	87	59	7	86	24	12	91	70	35	96	78	82	49	33	72	56	3	
93	29	25	76	54	79	65	55	8	52	66	77	71	14	64	27	79	55	27	86	23	91	97	63	78	61	20	42	54	27	7	30	25	26	19	4	50	22	81	72	
88	51	43	11	56	65	48	31	82	15	90	2	80	32	76	18	22	97	85	94	74	97	32	41	73	22	68	17	95	47	52	97	85	97	13	95	50	2	52	9	
98	67	76	99	24	46	64	22	33	68	79	46	82	60	13	62	65	87	14	52	65	62	15	49	79	36	92	54	52	52	9	56	1	23	16	75	11	69	27	39	
18	33	84	50	36	47	84	12	73	19	28	11	55	80	12	86	46	90	80	25	30	98	9	61	10	16	72	87	23	39	37	72	76	29	67	76	63	38	40	94	
15	41	17	59	80	15	95	6	59	58	60	55	23	70	97	99	90	8	43	57	60	93	74	63	3	67	76	7	64	66	31	7	52	4	18	27	75	78	26	42	
86	17	97	12	40	53	83	34	51	87	59	72	42	73	30	92	86	36	44	37	9	15	66	31	92	82	4	6	95	87	70	71	89	17	40	72	61	81	27	19	
50	70	80	84	11	21	98	79	14	3	84	77	35	22	15	41	89	82	77	56	19	60	5	8	28	87	19	28	36	42	51	97	85	97	6	6	27	77	84	82	
66	7	95	54	54	73	99	98	42	33	75	97	39	17	11	5	54	34	48	87	84	72	34	2	6	38	60	17	71	90	99	99	20	69	57	4	45	9	5	56	
92	89	68	17	74	75	80	55	18	38	24	69	97	63	12	50	1	85	7	60	47	5	65	67	46	83	33	80	60	19	69	53	32	36	57	64	61	60	14	88	
63	59	26	10	35	56	78	56	9	61	39	43	76	68	7	62	12	23	67	50	20	46	93	19	93	81	79	53	57	93	15	76	30	31	16	56	29	44	88	16	
10	14	83	36	99	32	62	98	77	33	90	92	15	83	32	72	57	62	2	61	40	3	99	28	51	65	40	72	81	70	50	18	32	17	99	73	81	46	72	31	
4	41	13	5	7	76	99	21	48	42	26	32	8	13	89	91	59	50	25	35	62	32	32	39	49	72	80	56	5	63	90	51	40	47	29	93	28	22	67	60	
36	9	84	69	77	54	15	55	78	50	82	35	15	77	60	47	78	7	50	45	71	38	73	93	37	30	16	83	80	69	66	77	38	78	45	46	88	55	14	46	
29	8	5	77	51	4	17	95	83	75	66	69	7	26	89	27	37	44	34	11	36	17	82	47	14	92	7	94	99	48	32	28	28	38	69	80	53	63	45	29	
72	57	21	20	54	84	14	62	78	20	26	27	39	17	62	31	69	23	1	14	89	65	22	8	86	38	35	78	74	58	42	80	98	61	37	51	77	73	27	50	
95	64	16	96	2	73	8	84	57	62	92	65	58	43	46	28	11	77	43	18	39	42	66	73	63	20	71	83	62	53	20	77	19	63	14	98	7	39	80	47	
74	33	81	77	25	17	73	72	4	4	19	59	39	21	32	18	10	94	12	1	12	84	90	72	70	75	11	27	9	23	97	52	63	85	95	39	31	25	79	62	
61	41	70	78	40	51	13	15	27	70	81	49	53	32	44	1	73	40	79	88	32	80	38	18	10	92	1	5	35	7	50	59	77	89	87	65	74	41	37	54	
52	63	36	41	32	60	95	68	40	70	78	5	69	21	35	53	48	58	91	94	19	3	78	62	39	27	43	24	48	52	94	15	64	12	61	51	12	37	65	20	
83	57	45	11	87	7	80	58	57	9	97	89	83	55	63	12	30	7	92	69	35	94	31	63	90	81	78	21	81	31	83	40	8	65	4	57	21	50	24	18	
58	1	80	38	50	10	14	85	29	59	76	35	81	32	50	57	1	68	41	53	46	10	85	50	15	41	59	7	74	15	74	10	22	15	35	49	59	11	45	1	
9	90	16	65	2	80	13	42	12	89	35	16	32	47	18	12	1	4	98	37	24	16	96	99	61	58	88	99	74	6	81	14	40	85	14	22	81	5	40	52	
84	92	79	41	87	16	33	28	58	48	93	40	15	21	14	40	36	67	2	27	77	44	55	19	86	3	59	76	77	24	9	13	28	50	26	25	79	89	90	36	
74	50	96	21	63	49	7	76	51	2	67	34	70	75	5	53	8	79	22	17	17	7	52	36	93	62	58	27	94	45	59	17	30	58	46	1	57	70	16	40	
57	49	12	89	77	52	77	87	59	29	53	46	94	74	66	23	78	53	94	71	43	59	15	86	5	98	60	12	52	6	37	52	48	25	92	23	40	28	28	36	
91	40	90	79	79	99	99	66	27	76	84	46	52	13	42	5	71	75	41	3	76	30	26	25	65	69	3	31	23	57	21	50	49	79	52	47	8	7	61	46	
26	12	11	5	70	85	33	65	97	66	74	36	26	68	92	56	94	49	66	71	9	96	24	21	75	89	39	93	87	72	18	31	9	63	90	61	66	59	85	6	
47	29	26	87	70	95	10	37	68	59	40	68	3	5	19	76	5	89	34	75	95	22	92	78	56	64	71	98	30	20	8	97	80	94	48	47	46	41	5	43	
61	20	13	10	29	42	88	87	69	76	7	66	81	36	68	38	91	73	34	59	71	51	16	57	50	73	73	19	62	84	62	42	96	77	10	45	33	68	30	60	
96	22	5	51	64	45	85	44	84	76	93	52	19	42	31	35	6	50	18	21	98	56	28	89	41	6	85	92	78	47	43	43	9	74	61	32	31	30	40	23	
50	84	97	51	24	78	85	23	93	88	81	85	3	40	2	32	8	6	28	30	52	43	39	22	23	61	92	21	43	24	88	89	47	36	24	90	57	53	18	51	
53	27	45	60	94	70	43	2	53	4	58	1	58	23	35	21	53	82	94	48	28	14	44	46	83	96	87	73	10	57	73	89	21	79	73	4	63	32	70	22	
82	53	31	14	24	52	55	5	6	18	51	56	87	36	76	86	8	57	32	62	91	83	7	48	26	40	13	91	70	63	57	6	42	33	33	40	95	2	33	77	
85	23	24	99	89	77	17	92	18	37	37	87	34	27	81	72	96	75	95	13	45	53	37	54	28	51	83	15	39	41	11	79	91	29	60	51	76	78	50	35	
53	79	13	42	90	84	65	51	52	32	34	69	87	43	1	58	77	39	36	40	41	44	36	93	18	44	89	94	58	32	21	72	3	56	4	81	32	53	37	9	
12	31	24	77	69	23	95	95	75	57	74	77	10	83	66	40	54	54	24	29	17	78	32	55	97	65	85	27	51	34	81	12	85	70	43	68	32	39	29	36	
51	92	18	56	73	34	65	77	83	20	59	66	2	15	43	21	15	32	68	65	60	28	92	62	82	25	53	87	86	84	63	36	80	56	17	68	78	73	5	5	
88	80	72	34	37	85	72	96	77	6	94	43	93	37	71	5	4	47	99	92	15	8	22	44	84	87	55	70	93	80	65	60	43	49	24	73	13	88	96	97	
53	65	40	76	3	65	27	20	49	63	9	57	69	7	84	93	27	53	49	81	7	35	35	20	18	18	58	38	92	73	47	30	56	14	11	40	63	19	75	30	
12	79	90	68	73	31	86	10	20	45	49	85	28	19	9	99	79	53	2	98	8	41	16	87	44	81	50	75	68	6	42	95	79	75	37	27	18	82	26	8	
19	82	35	33	85	15	91	53	89	2	62	37	63	43	53	53	21	28	29	89	32	35	58	16	36	9	25	48	67	15	54	88	27	11	25	34	29	7	92	76	
5	82	32	51	31	84	65	1	37	34	55	51	88	16	65	28	62	15	12	60	54	31	81	45	89	2	64	66	28	82	32	1	76	93	86	52	54	19	17	90	
85	12	68	92	93	61	10	10	32	3	39	9	83	89	78	59	99	54	34	70	73	30	37	98	51	10	83	64	48	55	31	73	7	98	40	13	22	85	49	79	
15	61	31	49	28	96	70	98	95	92	48	50	75	38	42	80	73	80	62	29	95	51	87	87	86	56	74	73	69	3	46	90	76	54	93	53	33	12	42	24	
58	70	53	75	63	96	89	97	80	33	47	97	52	18	25	63	55	75	10	98	52	30	72	38	76	21	18	7	13	47	35	82	17	64	27	77	89	1	30	38	
5	71	43	38	42	15	40	18	88	73	16	79	6	86	7	56	72	78	74	9	52	63	49	13	45	79	82	53	25	42	21	31	75	75	40	33	60	57	84	58	
7	92	97	69	86	90	36	18	15	22	19	72	7	76	43	39	61	48	64	65	62	18	29	42	17	3	8	76	73	10	72	79	77	4	88	86	72	65	56	35	
50	20	89	27	3	50	32	79	30	28	49	36	11	24	27	79	48	85	3	79	17	87	71	66	12	2	60	13	59	32	69	57	21	19	8	12	35	3	89	35	
60	3	47	56	6	61	97	87	82	35	61	64	95	60	10	93	67	10	13	93	65	17	85	74	62	43	77	84	70	3	46	2	7	84	3	78	97	29	30	51	
30	37	3	70	86	46	72	23	46	77	80	39	28	45	24	18	9	91	83	15	45	70	91	61	69	11	91	19	61	28	21	93	97	55	32	49	37	16	3	8	
95	80	32	23	5	45	10	53	87	41	96	85	66	77	71	84	94	46	21	60	87	64	75	77	83	28	32	65	64	93	99	88	9	23	66	85	75	46	77	88	
21	45	68	95	11	47	91	34	71	79	33	46	91	40	8	4	85	72	74	99	54	53	24	95	24	32	16	26	37	78	68	70	29	32	33	56	27	55	15	57	
37	31	4	86	7	64	36	15	92	81	8	46	66	20	90	48	26	63	48	13	10	74	33	83	23	9	9	93	32	28	59	93	72	42	38	55	86	44	90	89	
92	24	67	13	27	71	74	55	42	1	61	76	32	68	27	52	14	57	97	49	14	43	6	72	4	84	77	89	7	89	8	46	66	46	70	23	35	36	7	12	
48	51	85	10	63	95	18	40	6	37	80	75	31	31	87	9	4	56	93	90	61	12	30	43	90	70	16	11	59	94	78	7	62	51	85	71	85	93	76	49	
97	83	25	41	13	71	1	9	89	78	92	23	65	24	11	77	39	95	86	28	38	79	36	15	49	62	59	85	96	2	84	21	84	9	79	28	57	98	94	68	
23	4	14	18	54	40	10	85	78	97	48	38	81	73	84	1	21	73	36	38	18	58	31	37	58	3	75	34	35	96	80	71	12	8	27	68	84	76	93	42	
72	28	49	20	68	12	88	17	32	99	77	78	90	7	11	16	2	30	29	68	84	2	24	90	10	93	37	31	31	50	37	61	77	16	20	66	49	82	69	7	
82	80	80	23	75	88	30	16	97	33	36	56	17	1	50	87	15	91	79	30	90	80	25	95	48	66	73	82	43	23	4	3	19	87	72	50	54	51	1	36	
22	30	77	35	11	32	43	15	71	57	26	48	79	88	48	38	34	61	9	90	42	22	30	25	34	13	14	2	28	39	41	12	46	16	16	59	19	87	42	12	
68	75	78	38	35	96	4	20	78	59	3	25	5	23	41	82	62	78	1	85	20	2	79	21	36	62	97	93	61	10	45	9	41	54	71	13	14	29	99	12	
21	94	19	34	64	17	91	76	87	32	57	72	72	86	52	76	55	18	50	20	29	90	10	24	67	30	73	49	94	9	50	23	96	80	3	79	21	49	89	92	
37	48	45	97	47	47	1	33	61	8	86	33	83	76	50	64	72	65	84	90	75	65	76	2	36	3	81	40	47	17	5	9	82	28	55	60	28	35	78	84	
6	32	1	42	56	65	36	26	29	49	40	43	72	27	10	36	63	27	65	6	84	65	61	90	43	99	13	23	18	5	43	61	37	70	69	68	51	4	98	95	
50	98	6	76	26	22	87	52	1	94	48	81	44	96	43	94	81	16	76	14	40	12	61	36	98	75	52	51	39	91	26	48	97	55	80	25	94	83	56	17	
62	24	7	86	12	59	91	64	6	58	37	23	40	15	8	19	30	79	91	40	63	82	61	46	77	88	97	87	57	45	67	33	61	8	1	53	37	56	6	32	
70	33	17	7	80	70	65	58	64	89	15	1	37	77	10	43	43	92	21	26	13	40	83	46	4	18	70	30	45	41	43	22	75	75	73	84	47	42	23	43	
31	89	28	12	44	33	31	80	88	90	49	66	82	5	73	38	91	2	41	77	30	21	19	44	64	44	95	39	44	89	80	1	54	41	24	66	37	53	44	90	
58	31	12	99	5	78	15	31	23	83	21	70	54	50	4	98	27	28	6	19	97	76	42	97	55	81	75	73	41	97	25	91	39	88	73	81	41	99	90	86	
88	63	99	98	52	40	30	76	99	38	58	35	52	70	22	40	49	24	40	52	50	75	9	93	64	65	29	29	71	10	95	4	77	19	50	66	29	48	84	55	
61	17	41	62	74	36	41	71	45	58	57	40	29	46	86	94	11	90	9	25	96	51	28	23	73	3	30	89	59	88	15	4	39	29	74	42	50	42	30	75	