800
20
19	71	84	72	15	96	5	2	34	84	10	24	49	50	65	80	49	12	31	7	
32	41	67	56	24	33	13	22	67	98	95	16	37	19	62	23	80	30	24	39	
5	7	39	43	44	79	17	83	79	91	86	74	99	91	57	18	26	15	2	13	
42	85	98	14	84	69	35	47	5	33	60	94	8	5	22	14	10	41	47	40	
87	36	40	4	8	40	1	48	55	64	5	28	99	87	82	48	69	4	93	34	
33	65	89	78	81	9	1	85	87	87	1	14	79	15	24	91	37	22	52	50	
23	78	81	2	92	8	46	51	47	29	61	42	28	82	93	39	59	28	2	24	
91	21	80	55	8	23	5	2	85	70	72	70	35	25	73	79	44	97	47	46	
16	79	93	87	76	48	62	65	72	44	33	10	5	97	47	9	68	82	78	58	
74	22	30	88	94	54	7	23	48	65	99	43	21	14	81	57	81	23	94	85	
43	19	84	34	81	23	20	4	5	42	75	54	43	14	3	29	97	88	86	8	
69	66	77	44	51	21	46	95	69	71	94	64	92	90	32	5	46	54	74	61	
4	77	61	42	52	86	75	52	38	29	6	24	40	9	9	38	42	13	42	16	
85	58	77	9	37	72	31	44	91	2	46	89	97	89	30	42	82	81	39	57	
4	52	36	73	67	54	83	4	74	30	57	94	94	49	64	63	85	54	22	86	
83	26	26	87	65	7	12	36	34	40	96	84	77	13	33	74	24	14	47	9	
73	39	12	69	84	14	84	11	44	4	26	82	57	39	64	41	30	84	68	71	
29	7	53	12	37	40	37	58	56	50	4	10	12	34	59	45	61	22	73	74	
14	64	50	94	17	6	70	28	61	4	94	58	9	28	27	56	57	42	68	70	
78	78	15	51	5	33	86	89	51	45	78	17	92	56	81	1	39	42	8	13	
71	73	17	72	36	49	41	73	8	1	32	71	77	66	99	70	14	83	11	35	
1	56	50	38	71	75	89	92	70	13	99	50	22	26	96	51	91	21	27	60	
52	77	16	34	10	30	36	89	47	58	84	77	78	30	50	77	37	95	31	76	
25	39	29	83	17	25	27	98	79	93	24	51	50	7	88	47	99	39	59	23	
55	55	92	75	72	42	47	15	71	66	39	71	90	90	34	44	5	56	33	82	
21	18	79	18	57	4	4	11	46	16	61	71	38	3	52	55	89	70	16	68	
54	15	35	12	25	89	12	56	82	35	74	33	61	48	48	74	24	57	96	43	
15	33	92	26	37	51	13	4	59	94	41	94	57	43	21	45	53	8	16	28	
90	2	41	46	62	39	93	72	95	34	86	72	44	13	63	68	42	81	58	73	
29	94	14	89	49	31	81	34	75	72	59	59	15	24	59	79	9	48	85	3	
14	75	74	42	41	33	38	65	84	97	4	80	68	54	35	89	93	35	83	54	
57	58	13	41	86	95	85	58	5	32	3	94	15	2	44	13	82	20	42	77	
45	33	98	6	66	56	11	68	50	86	77	95	37	94	4	48	82	38	9	68	
73	52	32	16	30	9	62	54	19	53	58	51	47	46	23	92	34	86	57	39	
71	95	98	62	25	60	19	50	25	96	54	63	61	68	67	76	86	69	79	54	
68	63	24	23	60	22	91	51	98	33	96	54	9	48	61	73	97	87	1	2	
79	45	74	56	33	44	9	23	7	32	28	13	18	31	38	18	1	72	52	52	
13	83	60	5	7	6	65	60	6	57	52	47	60	84	60	28	73	44	69	40	
9	23	24	43	29	90	56	51	27	36	83	33	46	28	86	23	6	7	91	69	
67	7	31	22	24	42	31	22	87	35	63	53	4	43	63	74	30	28	91	26	
45	78	99	95	90	59	21	76	41	68	6	62	73	19	55	48	75	70	43	46	
4	82	18	28	2	71	29	50	21	78	14	35	7	90	44	3	55	69	19	75	
43	81	55	12	82	33	99	39	61	49	80	71	66	57	66	65	6	64	84	25	
72	31	54	60	7	90	95	83	72	54	43	66	39	15	68	8	26	38	97	94	
76	84	65	35	42	29	48	10	15	52	76	70	24	26	97	72	86	23	67	32	
94	10	61	37	50	13	61	53	5	73	38	6	59	11	49	36	19	71	13	41	
23	45	33	71	87	54	89	31	34	60	99	5	93	34	53	13	92	98	27	62	
88	33	71	52	94	86	17	38	4	56	18	80	19	26	68	26	43	59	31	85	
81	98	72	22	61	27	3	59	79	69	45	68	20	59	3	3	13	97	86	69	
23	60	27	87	88	57	76	48	42	34	82	73	5	64	93	68	11	89	4	79	
17	99	77	16	9	48	95	13	87	57	11	23	27	60	12	60	11	78	35	63	
8	27	63	22	27	6	6	94	75	25	58	17	10	42	68	62	38	46	73	32	
40	5	70	53	81	35	53	36	63	2	6	13	31	33	47	47	17	4	84	13	
8	37	74	53	54	23	45	81	61	52	14	92	36	6	84	81	76	63	38	92	
14	20	31	51	73	4	69	54	87	59	37	1	82	31	68	11	44	48	17	61	
97	16	55	23	86	52	2	92	20	29	63	44	31	99	37	49	69	38	20	38	
96	5	4	99	92	15	65	48	68	97	75	1	43	38	92	33	47	63	4	33	
41	13	31	46	75	86	34	88	20	90	49	80	49	96	60	14	53	98	97	66	
12	30	98	17	59	73	80	29	20	85	6	17	89	1	53	92	3	1	13	66	
1	63	62	54	94	20	11	14	98	91	6	4	52	78	44	37	79	25	27	1	
51	89	55	20	36	79	49	17	65	39	49	93	53	12	26	22	27	83	95	33	
83	6	37	36	65	54	51	7	9	50	4	30	35	75	33	82	69	36	45	89	
12	77	1	96	91	43	62	33	85	25	85	69	83	54	47	80	21	44	46	81	
20	57	35	86	7	66	53	10	1	60	76	24	83	64	7	15	1	17	51	28	
56	7	87	82	94	54	1	93	83	13	35	33	57	4	6	29	50	16	61	70	
59	42	85	67	19	28	90	99	36	43	31	34	70	21	37	1	31	22	68	68	
15	1	7	47	36	2	59	6	93	2	36	95	98	76	23	11	51	72	59	21	
21	82	97	69	3	82	6	12	30	74	30	40	70	25	35	24	40	14	93	54	
10	28	90	84	87	56	46	81	8	76	1	59	50	48	6	41	73	35	97	70	
48	32	71	80	2	77	73	75	27	53	68	2	18	27	68	95	20	76	21	47	
15	98	86	10	90	6	65	45	51	48	46	94	62	17	88	2	54	30	60	30	
21	86	97	61	83	56	47	55	6	35	21	15	88	71	71	82	77	72	48	65	
46	18	23	65	68	52	83	54	70	28	18	30	18	31	55	39	14	1	37	52	
78	30	29	28	46	4	92	1	17	14	79	76	16	68	28	30	85	61	67	29	
86	95	49	30	83	54	72	27	64	72	81	39	89	63	34	73	96	84	70	4	
84	52	45	41	63	47	96	96	51	72	58	53	37	33	40	1	56	76	38	10	
35	7	57	34	14	36	33	73	45	75	7	41	28	56	88	12	35	32	96	42	
22	11	82	96	48	15	59	26	41	71	99	57	71	69	71	17	42	51	31	90	
90	16	88	80	64	50	10	29	25	24	27	2	77	7	73	66	44	95	60	3	
16	61	60	30	64	51	66	33	89	15	40	26	31	23	83	2	80	8	67	24	
70	53	21	79	16	92	72	7	42	5	78	44	29	21	84	78	50	69	16	91	
89	33	82	22	55	87	43	97	34	54	78	14	56	74	44	41	57	98	30	5	
56	47	29	75	96	76	91	42	9	67	28	67	96	14	85	56	52	81	2	78	
54	67	16	10	11	70	95	18	39	59	3	84	95	7	15	38	8	8	58	46	
68	17	42	95	84	67	85	50	1	49	76	63	37	76	13	7	9	50	7	3	
22	11	57	9	64	42	19	84	21	43	23	11	99	14	32	79	48	4	27	59	
80	14	66	91	53	61	58	91	68	48	41	54	86	89	64	80	62	88	6	83	
64	63	77	39	20	81	2	83	3	38	61	81	61	73	54	11	40	54	99	41	
56	27	96	96	31	35	7	41	84	58	26	18	37	3	73	28	92	71	90	38	
84	82	49	53	13	5	5	87	8	38	44	18	80	75	2	15	77	87	71	70	
22	41	11	84	10	44	21	60	25	60	69	36	47	55	57	49	97	58	68	98	
35	49	52	77	98	8	21	60	67	87	56	89	58	2	75	92	21	24	87	10	
69	50	43	36	68	72	60	82	72	64	73	38	72	73	47	61	12	65	48	47	
60	79	65	55	76	82	16	66	80	31	96	39	26	71	47	58	44	53	43	9	
92	28	35	11	40	50	7	1	63	17	13	55	38	8	10	66	51	2	13	46	
69	3	32	98	38	80	52	90	90	19	94	18	6	30	50	38	29	68	68	18	
47	57	75	26	4	19	10	60	54	55	31	82	38	30	33	29	93	60	61	80	
46	90	16	43	57	30	96	54	98	68	26	22	99	8	29	68	77	61	92	12	
54	13	14	44	7	55	99	59	28	21	8	44	65	93	11	53	85	62	39	9	
80	45	32	12	2	16	2	51	3	83	95	36	11	25	91	11	68	72	87	9	
21	98	61	59	28	52	96	58	26	38	20	64	76	42	95	75	82	56	52	11	
43	39	60	87	82	15	74	77	82	27	11	84	97	55	23	66	32	94	93	7	
8	45	69	96	57	56	86	90	13	30	73	46	80	77	38	59	22	84	58	52	
82	15	41	82	27	80	25	72	94	48	33	87	57	50	96	97	66	34	29	22	
12	64	89	20	18	56	87	82	77	13	19	58	69	84	8	88	27	89	35	49	
54	42	51	25	95	92	96	72	16	74	7	26	43	13	59	59	80	29	76	29	
92	52	16	34	16	37	97	78	57	26	53	28	70	11	94	85	38	89	43	40	
86	30	61	45	14	57	73	56	11	53	79	9	6	34	93	29	66	24	57	16	
24	58	10	10	22	84	17	75	95	37	97	32	34	2	92	15	79	4	55	65	
73	88	77	72	51	67	76	10	32	47	89	51	78	81	70	55	8	1	79	37	
76	6	2	97	79	43	57	56	38	86	60	7	53	96	61	6	57	36	72	53	
96	62	55	29	19	18	34	91	48	92	50	53	80	42	79	96	18	61	68	81	
36	66	79	64	56	37	30	39	50	99	73	55	15	75	72	79	85	16	30	9	
84	1	8	47	7	71	38	6	13	12	1	90	61	30	34	83	6	75	87	36	
48	96	54	21	10	44	18	23	68	51	22	62	74	64	35	78	47	92	69	13	
97	4	84	72	49	90	78	78	48	76	49	5	68	40	69	73	76	77	27	67	
98	25	7	70	1	23	27	48	89	83	45	22	77	96	7	7	81	88	1	24	
49	7	35	88	20	21	60	46	79	37	89	11	55	66	13	16	64	20	80	95	
18	98	22	50	28	4	14	60	83	89	21	58	95	34	75	71	10	6	48	90	
53	35	57	42	60	29	2	44	85	98	7	97	10	67	38	29	92	87	10	90	
26	87	93	87	92	30	7	75	38	39	39	69	4	35	38	36	84	95	68	68	
7	6	21	72	40	97	16	6	88	61	57	43	26	3	3	78	68	64	74	63	
3	39	21	61	7	53	96	58	41	73	41	62	89	88	46	76	76	71	59	37	
99	93	73	53	44	79	68	62	69	11	31	36	93	5	63	55	8	57	57	64	
88	96	79	64	16	95	14	5	84	49	56	99	84	2	38	43	88	92	43	36	
63	44	36	32	99	7	22	60	22	65	99	95	33	27	76	77	89	77	63	92	
25	67	76	79	67	55	84	28	11	41	10	59	37	40	58	32	3	96	33	93	
38	47	64	86	24	52	57	70	32	85	43	12	50	39	72	78	46	75	7	8	
10	50	86	57	99	76	74	53	79	2	14	90	12	26	47	57	57	87	82	72	
87	73	8	76	13	54	79	14	86	33	55	75	28	73	23	16	79	33	68	52	
5	22	68	98	70	73	3	20	72	71	43	79	19	96	19	38	58	78	18	14	
28	55	38	10	53	88	4	89	24	89	31	26	46	39	80	80	11	16	45	72	
56	72	62	51	10	12	49	86	28	55	86	24	76	16	21	81	19	3	42	93	
4	30	62	11	67	9	18	11	3	30	42	5	40	84	97	11	65	76	74	53	
57	4	72	1	11	42	30	47	5	47	87	8	7	37	70	78	28	63	32	81	
81	42	23	93	99	29	40	45	10	51	83	5	77	20	39	18	78	15	46	55	
35	80	23	78	43	97	69	44	81	12	56	94	58	34	74	8	58	52	12	6	
86	96	69	50	17	75	39	60	98	62	9	41	78	88	60	12	43	96	82	60	
78	39	6	70	10	36	39	2	82	27	68	9	62	75	33	37	97	20	4	30	
59	67	16	32	51	83	48	81	56	25	41	17	62	10	79	39	86	31	18	20	
84	54	97	33	22	53	86	50	36	78	48	39	22	63	23	41	13	4	66	25	
54	71	82	46	74	61	60	49	7	53	71	98	22	60	22	23	70	94	45	16	
46	54	71	18	14	36	42	71	68	13	26	41	27	29	55	17	51	9	12	60	
60	88	17	58	98	99	95	85	35	68	34	97	37	25	54	8	35	22	47	18	
69	5	74	95	85	89	12	38	22	45	81	47	9	75	28	14	63	51	4	92	
61	43	88	97	10	46	59	65	57	10	64	60	11	95	87	18	61	49	14	57	
13	38	1	96	79	2	38	64	9	22	66	80	16	89	48	60	65	50	35	62	
19	38	80	69	36	31	79	99	7	3	33	61	47	33	80	14	76	8	38	1	
74	43	37	48	86	79	62	65	97	45	10	81	33	98	41	7	30	82	91	98	
94	51	46	75	40	51	18	14	67	86	75	3	46	76	1	61	79	87	86	34	
95	15	95	24	78	35	48	20	26	48	2	35	15	90	39	66	4	91	92	29	
96	82	58	39	51	8	75	46	22	88	85	25	44	23	88	99	8	41	62	46	
1	51	19	94	82	25	4	36	47	29	63	2	73	89	48	67	66	49	12	95	
63	59	32	38	23	6	65	38	43	63	99	15	76	43	86	26	30	56	43	29	
71	14	77	92	80	54	68	33	11	39	93	65	71	79	7	9	8	78	87	77	
75	99	38	40	22	2	77	42	11	87	64	26	76	75	59	74	69	77	98	71	
52	45	38	76	33	28	95	16	70	32	98	75	68	98	10	27	51	31	3	21	
97	26	85	49	53	17	21	33	63	7	75	10	98	58	93	12	59	86	95	74	
75	35	24	99	53	62	7	71	21	61	1	4	85	79	31	59	92	20	53	71	
55	44	94	59	9	97	43	21	78	38	10	38	84	31	73	33	33	41	77	55	
37	50	45	95	88	55	32	54	77	42	34	3	8	43	10	24	83	10	1	16	
39	68	49	3	55	41	39	73	82	40	29	51	48	80	44	66	41	64	30	73	
87	18	19	58	55	9	30	94	69	66	15	73	13	63	33	99	39	62	95	32	
44	14	27	21	47	64	35	48	97	20	73	94	96	57	51	79	99	96	26	54	
59	64	66	33	87	11	88	1	82	69	99	34	31	70	93	15	76	37	90	40	
35	34	16	32	75	47	53	24	17	15	24	70	89	31	68	1	75	99	51	18	
29	13	92	18	29	68	9	72	20	63	15	4	47	23	23	44	90	53	34	63	
50	23	7	5	44	17	66	43	7	22	61	1	17	19	97	38	92	17	11	23	
9	32	47	63	50	4	65	24	99	15	80	83	15	31	18	3	51	1	41	95	
31	68	71	39	78	92	20	61	45	78	96	82	18	60	57	10	80	94	22	5	
61	49	66	84	95	3	56	4	83	87	3	52	22	35	38	60	43	14	49	69	
83	66	19	58	68	91	47	95	94	15	80	61	25	49	47	77	48	51	80	33	
60	9	96	76	69	18	28	31	34	39	56	58	71	45	89	47	28	95	55	41	
69	85	36	3	38	84	60	92	96	42	7	6	45	22	99	90	86	12	14	59	
70	1	96	37	46	32	78	33	7	67	48	26	3	32	90	81	42	4	27	70	
39	93	7	26	48	13	23	85	5	18	79	90	66	11	7	30	13	93	13	90	
63	32	28	96	10	75	54	87	74	29	51	66	40	73	12	88	24	90	10	14	
77	35	13	7	33	54	7	75	48	49	78	82	99	36	31	64	31	45	46	50	
67	60	18	50	37	2	13	75	72	93	36	91	76	66	11	34	74	94	98	23	
98	71	17	59	62	58	22	2	22	67	92	36	48	73	97	7	37	51	55	57	
39	87	9	2	95	15	78	34	91	72	70	41	82	82	29	64	46	98	4	47	
63	71	26	53	41	22	43	34	17	45	43	95	15	61	71	87	48	85	30	9	
80	2	88	8	85	56	74	27	87	88	7	4	52	87	89	48	63	35	87	43	
23	58	40	40	34	34	97	59	68	84	84	98	31	77	5	19	66	18	68	66	
71	82	98	37	8	49	33	6	29	18	50	60	75	17	65	29	80	47	94	89	
10	21	70	82	30	68	53	80	52	46	85	89	27	62	76	78	69	90	13	50	
48	55	30	25	60	99	97	90	78	74	3	18	48	4	26	80	60	19	51	16	
42	68	57	96	27	38	72	21	96	46	94	44	24	5	12	93	38	35	73	41	
2	10	93	43	76	45	92	50	96	54	98	61	5	66	75	71	92	43	51	24	
70	54	51	91	56	2	60	32	35	7	84	87	66	79	74	32	10	56	24	88	
14	70	77	67	77	71	84	90	87	42	9	9	89	52	63	33	39	60	26	24	
52	45	84	24	35	32	82	14	85	54	79	31	77	45	53	97	71	67	92	19	
22	21	75	64	75	81	19	49	65	67	39	65	58	35	81	35	16	44	89	82	
58	53	27	54	51	30	73	31	64	89	61	9	52	95	15	39	68	82	16	59	
18	89	16	67	92	13	43	93	61	20	99	95	3	70	40	70	93	52	70	60	
8	24	12	5	79	8	20	48	31	99	58	23	78	68	53	53	65	66	93	62	
71	89	49	74	17	27	4	33	58	20	58	90	22	10	24	37	49	26	22	72	
42	77	57	37	25	22	30	61	57	35	17	91	88	8	8	6	18	41	9	36	
93	13	31	44	94	36	34	27	52	44	79	52	6	62	32	39	26	46	11	46	
19	8	52	22	3	59	78	39	41	37	52	9	44	89	71	54	89	44	35	83	
26	84	87	94	43	3	13	5	50	13	40	72	70	28	98	83	47	53	96	87	
44	37	43	24	49	85	39	70	37	28	81	7	52	93	72	72	97	48	32	48	
60	69	48	22	4	88	13	94	3	25	29	31	5	68	93	88	43	12	80	55	
38	31	82	84	58	47	94	19	30	49	35	24	12	41	46	89	80	36	8	61	
94	38	78	10	21	56	28	52	56	57	23	85	64	49	6	93	18	45	45	34	
26	59	73	26	59	29	27	84	32	66	56	82	91	81	77	30	12	30	74	3	
15	85	77	52	58	32	76	1	48	16	49	81	85	32	4	84	49	12	68	28	
61	29	86	41	11	70	92	63	14	19	71	66	39	39	37	60	31	76	79	59	
12	13	66	87	36	24	94	72	26	43	31	58	40	22	87	14	13	48	24	43	
87	56	65	9	44	34	78	29	67	34	55	15	19	17	85	43	19	92	20	99	
29	54	56	27	12	98	4	64	4	83	4	67	11	73	9	35	43	66	60	91	
18	9	4	1	23	35	32	6	98	95	62	15	90	52	71	97	89	61	39	45	
35	71	95	99	84	6	63	89	41	6	25	94	8	51	80	39	22	2	60	91	
61	94	12	6	41	23	83	51	55	64	53	97	5	34	98	65	28	89	97	53	
41	99	97	99	30	70	2	42	62	76	60	86	10	51	66	2	6	25	83	79	
65	15	65	52	53	21	42	55	79	63	89	50	40	72	85	81	48	20	39	9	
33	46	55	38	71	30	32	68	3	96	46	90	41	70	51	31	69	7	91	23	
3	66	23	41	30	25	78	30	96	11	24	29	68	25	97	57	90	95	22	11	
49	52	28	6	78	40	47	41	86	91	41	89	75	39	90	25	99	35	49	48	
80	3	44	81	50	53	77	19	33	14	58	73	54	82	68	60	42	85	43	81	
80	7	21	35	99	24	92	41	33	54	55	54	73	7	44	35	5	96	14	64	
85	55	69	41	25	52	90	3	67	18	90	40	77	5	92	9	97	66	37	68	
7	15	35	79	22	87	31	44	2	48	60	95	54	87	92	36	61	8	98	98	
58	2	95	91	44	68	51	19	10	11	41	24	95	22	9	68	40	57	63	57	
58	28	3	82	66	83	72	20	61	66	80	25	91	53	26	2	96	5	23	43	
97	4	27	64	69	60	82	81	15	85	62	8	35	82	60	55	68	15	62	93	
15	27	9	72	12	39	4	25	92	48	69	18	45	96	27	84	91	89	43	93	
2	87	4	19	41	84	84	12	27	58	23	96	11	62	35	47	37	78	10	6	
37	61	83	47	54	37	80	19	23	46	60	90	27	34	25	5	28	33	60	10	
32	88	22	9	32	22	96	70	53	41	83	75	80	31	90	98	47	78	34	41	
18	43	86	74	88	47	17	67	92	54	4	74	89	82	35	47	54	31	13	73	
17	50	22	56	18	70	50	3	68	74	44	63	26	69	59	62	51	97	31	96	
79	2	66	94	30	22	47	70	51	94	85	7	54	76	80	58	90	22	52	55	
79	79	71	38	95	92	94	84	54	10	76	74	75	52	31	22	99	85	49	72	
92	91	1	31	64	47	69	82	83	52	23	15	66	51	88	56	65	54	95	82	
5	61	19	69	15	14	13	72	69	56	42	90	41	76	24	22	15	39	61	16	
30	55	19	5	31	46	73	46	72	74	46	17	80	77	81	39	76	17	60	27	
27	19	31	98	55	83	8	70	44	78	82	36	4	52	30	13	99	25	12	77	
48	49	12	59	30	38	48	31	84	22	56	30	83	58	33	10	90	21	84	80	
59	46	19	12	29	88	78	89	17	49	98	59	21	50	44	95	71	74	57	82	
8	13	13	88	67	61	70	75	95	75	70	70	40	73	16	98	71	40	21	52	
47	81	35	36	11	26	74	25	93	66	8	18	63	2	77	77	30	17	73	88	
17	9	65	72	35	43	73	40	44	5	44	79	75	86	30	95	37	4	19	63	
56	49	53	52	10	27	32	32	42	16	81	79	92	59	49	33	63	88	51	71	
6	11	71	15	9	30	3	63	13	84	74	39	89	8	9	89	52	54	86	53	
93	49	40	17	59	43	88	12	16	96	67	16	58	11	56	65	72	79	77	2	
45	48	24	94	91	78	44	22	43	75	87	6	95	10	6	11	48	52	29	84	
51	6	94	85	51	84	83	5	12	4	88	15	38	48	30	84	34	50	87	32	
76	8	13	18	80	93	37	8	85	55	3	39	2	3	68	81	77	40	75	66	
95	74	75	45	90	17	39	82	57	62	28	89	95	96	74	82	99	97	7	94	
92	96	21	78	65	30	76	93	76	8	83	52	9	63	87	74	96	64	81	70	
70	6	8	54	86	13	16	58	25	18	91	98	85	97	80	19	15	78	69	1	
33	49	93	25	60	44	81	22	46	73	69	49	56	24	31	75	81	53	14	64	
49	55	76	82	78	58	59	91	90	92	52	73	76	50	23	14	76	91	22	47	
23	7	96	30	66	11	56	91	57	45	77	85	85	11	55	52	76	52	20	41	
5	68	89	68	81	22	22	9	6	84	79	50	9	2	42	41	21	14	2	29	
37	36	49	72	65	87	29	50	83	30	7	26	39	51	4	31	68	6	75	68	
16	99	37	67	77	73	65	22	13	29	43	4	89	7	5	37	44	89	7	58	
97	22	45	20	45	40	72	97	4	66	99	12	95	17	79	74	1	13	12	28	
5	7	15	22	26	58	51	57	93	22	5	98	12	30	46	10	46	84	35	93	
97	95	44	22	54	20	5	89	44	88	7	29	29	48	8	77	8	24	30	74	
9	92	48	30	15	36	2	95	35	87	85	32	8	14	90	50	20	89	15	65	
68	44	59	7	88	4	70	52	36	59	14	93	4	12	68	52	91	98	89	93	
74	1	78	16	34	66	55	6	44	12	22	96	32	99	60	60	57	79	11	21	
62	48	10	84	14	87	7	4	21	51	65	32	97	30	23	36	24	24	83	67	
93	73	44	17	86	54	86	98	77	29	92	43	79	2	57	79	92	34	11	62	
76	4	71	55	9	31	88	75	69	85	58	74	61	61	10	95	77	80	94	49	
63	60	39	69	29	57	28	77	16	63	36	44	30	45	32	20	82	11	2	3	
9	77	91	32	55	64	52	47	49	30	25	49	99	32	31	40	94	76	27	39	
79	92	47	5	45	38	53	97	61	30	46	77	25	50	30	8	8	75	14	19	
39	30	99	54	41	54	6	83	8	50	90	91	99	37	14	39	83	23	25	74	
62	98	65	47	45	82	53	36	69	86	46	2	80	82	27	30	13	88	59	18	
44	95	91	23	11	15	17	80	1	17	19	48	68	79	58	50	43	79	72	12	
12	90	7	23	2	70	93	58	9	48	46	48	25	55	31	87	71	47	42	2	
47	15	91	34	36	86	83	12	38	72	33	97	25	84	61	50	27	48	72	35	
94	97	78	72	16	99	46	3	57	55	84	14	71	84	81	58	90	86	55	47	
93	20	11	17	23	64	83	89	74	50	18	71	7	54	24	74	29	24	6	52	
66	61	48	69	13	74	7	63	28	94	47	61	20	5	18	60	37	31	56	86	
60	86	66	88	51	85	12	27	22	51	12	79	15	90	42	57	11	7	73	5	
14	80	91	47	70	40	96	78	20	82	67	26	93	43	38	25	5	10	25	95	
96	32	97	96	40	68	85	7	95	81	67	53	85	65	76	88	47	62	23	90	
45	22	15	31	78	83	37	33	13	99	9	30	1	40	31	77	3	24	4	85	
96	75	57	91	50	20	49	55	93	37	5	77	4	53	3	63	17	47	47	79	
93	77	62	72	28	80	14	59	78	85	31	1	37	41	95	18	84	67	15	9	
1	53	85	82	12	80	46	26	4	50	38	42	33	18	45	52	16	80	76	44	
67	83	10	99	34	9	18	45	36	83	34	98	5	29	38	18	2	12	63	59	
30	86	61	17	90	45	72	89	48	96	85	99	87	51	88	66	2	83	41	97	
22	94	29	63	87	9	69	54	29	53	83	43	82	24	50	11	93	37	19	92	
53	11	41	55	79	23	25	25	50	48	65	17	31	79	76	32	75	63	21	30	
66	16	43	96	43	8	22	47	40	24	17	58	7	32	72	5	2	33	84	39	
81	61	75	56	22	66	13	20	40	88	64	47	9	11	85	76	87	63	76	60	
98	84	56	73	27	95	45	9	35	19	39	12	97	60	36	84	24	37	32	33	
98	8	6	70	72	51	64	80	89	86	95	3	8	52	83	13	79	63	55	87	
78	20	71	84	92	56	96	83	34	25	84	68	14	73	83	30	91	50	37	44	
16	55	46	37	77	10	6	42	74	23	33	29	53	75	68	37	57	38	88	51	
24	14	81	8	92	60	68	20	23	26	73	43	30	20	75	42	87	92	84	14	
67	90	41	83	1	28	28	89	76	71	28	95	31	40	88	25	89	71	64	95	
42	94	47	91	89	10	14	11	86	86	41	70	59	7	75	66	81	21	53	1	
30	97	11	43	67	90	31	82	3	39	9	81	45	75	42	43	48	31	76	49	
94	32	55	45	95	41	63	55	76	97	56	67	96	36	18	31	12	5	91	32	
75	17	71	62	49	89	49	88	55	64	59	78	4	16	63	57	67	87	66	92	
88	7	57	28	46	81	12	13	17	73	11	13	97	89	54	88	90	58	66	60	
54	68	41	32	74	82	59	18	13	67	78	87	40	95	83	57	46	7	38	54	
1	38	87	55	3	66	92	72	27	7	2	29	85	78	85	60	37	23	95	24	
14	28	26	10	71	13	71	70	58	58	26	37	57	93	77	77	71	82	55	93	
36	59	68	3	83	6	36	25	92	81	83	66	96	44	69	93	48	11	63	21	
40	61	87	56	46	83	94	86	27	2	42	93	16	43	88	32	78	38	22	3	
14	56	88	20	34	17	99	39	51	41	11	3	45	18	16	20	99	7	11	78	
42	14	87	79	83	87	93	3	95	41	53	85	42	92	39	51	45	73	43	10	
83	59	72	47	20	5	88	50	21	10	56	41	31	33	58	20	78	21	20	42	
55	55	23	77	89	90	17	16	93	69	56	32	71	20	15	26	9	77	66	86	
82	94	17	47	55	2	54	49	60	76	13	16	74	97	9	97	40	2	63	57	
85	82	32	97	56	81	14	50	51	67	90	77	26	11	40	61	21	90	6	67	
6	86	28	30	63	63	68	79	45	28	78	10	77	23	91	61	4	3	50	67	
79	80	87	89	64	63	27	35	78	93	78	35	17	86	25	26	30	24	45	70	
29	23	19	94	67	23	92	43	98	43	15	66	24	3	64	2	82	5	40	12	
27	33	71	79	12	13	72	87	74	26	62	30	84	91	99	24	1	42	25	26	
44	66	6	75	10	93	14	8	33	43	96	23	8	58	13	91	31	2	48	38	
96	93	28	36	76	91	92	98	65	69	9	58	67	35	29	60	56	91	10	14	
40	35	74	86	8	43	69	25	35	94	37	37	86	27	33	76	39	32	28	7	
98	17	1	51	14	15	97	26	78	9	8	41	98	91	7	13	60	90	34	99	
5	31	31	85	34	5	50	54	75	71	95	29	80	25	87	80	47	72	33	19	
87	37	48	27	73	71	85	99	43	29	38	96	40	54	31	22	21	78	35	87	
62	24	40	31	37	59	89	85	56	75	64	21	88	43	53	19	98	88	62	34	
80	13	42	63	64	9	45	24	27	80	27	7	43	50	65	70	38	15	60	70	
46	95	30	56	83	70	29	81	80	7	43	93	41	23	41	12	17	40	88	10	
26	16	48	60	35	66	34	93	2	11	85	3	44	3	72	85	68	38	61	92	
93	41	94	42	38	67	63	15	62	94	85	36	86	69	2	5	22	39	64	34	
88	91	84	15	96	70	47	11	35	44	24	43	84	59	39	34	32	82	68	13	
80	22	67	97	72	99	75	15	62	85	35	17	6	33	9	3	71	72	13	70	
71	62	67	39	70	80	59	13	27	27	49	8	74	72	73	29	45	44	40	79	
79	76	79	54	6	32	43	26	57	86	37	45	59	40	31	99	36	73	92	12	
72	90	32	68	68	97	52	4	58	16	47	99	73	31	91	48	87	16	5	9	
60	89	97	51	76	6	32	60	39	61	37	53	65	85	74	24	4	51	57	35	
63	5	34	90	9	24	22	90	91	36	43	39	10	61	78	47	96	61	74	67	
7	18	46	45	45	54	70	71	46	88	51	73	6	75	18	83	23	78	79	61	
9	73	42	70	55	81	70	29	87	87	41	84	36	67	34	89	97	64	42	68	
77	65	6	10	26	72	99	21	26	69	30	29	71	32	17	18	64	34	73	31	
13	38	1	86	95	85	69	73	55	8	48	39	3	41	99	74	61	15	65	62	
92	26	97	52	58	44	17	62	27	1	93	28	31	48	4	63	23	2	80	76	
93	7	77	70	45	75	18	36	43	97	80	79	73	25	65	79	94	69	22	47	
53	69	48	34	97	25	83	20	28	95	54	64	35	8	53	15	52	28	54	2	
97	93	94	58	86	98	71	45	49	92	48	82	71	26	59	1	62	55	56	74	
86	98	33	92	47	84	31	86	86	63	13	20	48	52	41	99	20	29	14	76	
37	26	40	39	34	59	58	20	69	2	21	59	50	91	19	8	41	37	98	66	
34	46	2	76	13	97	35	17	34	48	48	86	18	8	80	55	10	60	81	22	
59	2	59	20	38	12	71	43	76	92	78	97	2	41	38	94	3	34	74	39	
58	42	88	80	97	3	79	31	90	20	78	76	67	72	35	18	39	43	7	21	
55	4	25	86	14	16	48	41	27	39	40	9	91	48	5	49	28	3	83	31	
86	31	1	92	25	4	97	27	13	23	2	54	26	50	23	7	18	41	65	17	
89	68	96	82	4	54	27	76	4	27	71	83	30	89	13	18	57	66	75	36	
90	42	87	45	82	40	93	93	79	85	29	65	88	53	89	31	37	98	40	31	
67	18	54	82	72	91	82	38	87	4	81	47	72	39	55	82	65	4	88	47	
86	23	89	67	19	3	49	38	2	75	89	73	5	48	74	83	86	35	88	80	
31	39	14	77	29	8	52	46	56	4	93	30	46	26	4	44	69	1	87	4	
77	25	77	54	48	16	10	9	64	20	16	10	1	68	48	58	3	91	86	5	
87	24	27	71	85	70	34	54	26	10	99	39	17	43	64	9	75	45	69	43	
18	47	58	29	4	69	47	34	5	84	21	16	32	77	40	64	52	34	54	97	
67	67	63	72	41	76	67	66	10	86	95	35	80	20	17	82	43	90	56	63	
16	35	78	26	12	4	15	62	16	94	44	10	70	88	39	44	43	22	63	41	
18	18	64	98	7	41	1	51	17	62	1	20	89	40	36	71	92	69	69	87	
63	32	90	68	4	63	71	9	84	28	84	39	13	43	83	10	69	18	26	57	
19	86	91	88	47	51	34	74	83	65	53	24	4	28	90	89	36	61	84	36	
98	96	23	55	54	93	92	11	61	57	17	60	36	47	21	73	82	69	66	52	
42	12	47	20	67	66	47	27	27	26	89	10	86	80	28	72	46	25	65	8	
98	68	7	59	55	99	65	87	58	47	86	5	70	53	66	86	3	31	71	76	
33	78	77	25	24	81	6	62	38	23	10	68	16	61	36	93	53	78	81	60	
9	89	5	25	15	62	60	3	80	8	82	68	7	15	24	94	53	57	22	86	
23	96	63	27	66	49	51	40	6	94	12	35	36	52	89	93	66	38	8	7	
89	86	7	76	95	11	85	43	88	14	98	95	43	83	98	80	27	44	9	16	
82	36	80	70	15	45	69	81	65	5	23	4	40	55	79	11	43	17	3	10	
14	10	17	30	81	46	21	91	92	62	72	75	49	66	92	36	90	25	26	47	
91	15	52	63	64	6	43	22	84	59	98	48	83	55	14	17	69	75	67	85	
78	20	15	14	65	25	39	18	76	4	3	39	75	45	74	18	13	29	48	99	
56	42	79	27	23	12	86	75	82	87	9	52	22	36	13	65	88	30	92	16	
58	44	99	93	89	3	1	62	55	21	52	71	84	45	34	26	27	92	88	11	
42	26	47	45	78	31	55	2	68	74	8	43	91	60	75	37	52	18	77	60	
85	76	22	4	93	26	34	41	61	63	31	20	15	60	21	81	25	25	36	35	
53	28	22	27	2	18	43	85	29	49	80	35	15	92	31	5	4	18	34	82	
61	40	83	86	13	86	96	44	59	41	58	17	82	38	57	11	83	34	78	43	
28	79	21	75	74	69	60	18	28	31	71	74	33	89	74	86	92	28	77	79	
98	6	33	36	95	28	17	48	6	76	11	4	4	22	41	35	18	6	99	29	
77	51	65	53	53	33	87	80	55	34	97	95	80	43	77	23	23	97	87	10	
2	66	31	48	57	13	18	31	18	4	46	61	56	41	20	72	69	41	66	22	
51	79	24	69	62	80	18	45	94	22	37	79	81	75	83	50	33	18	59	44	
67	67	5	77	65	42	20	96	96	36	11	52	71	68	56	37	24	50	88	9	
31	55	20	56	20	28	75	68	23	26	7	20	80	2	88	78	1	68	34	6	
24	91	80	1	55	30	29	1	63	79	31	60	53	27	69	50	65	96	68	54	
62	56	36	66	90	14	18	6	53	14	13	94	8	35	91	86	85	18	7	28	
98	4	95	86	73	42	3	88	36	11	81	45	32	52	53	59	52	11	22	39	
9	48	92	70	77	42	18	18	91	17	88	48	69	54	39	10	99	84	22	11	
20	47	94	70	58	83	97	34	39	4	36	96	49	16	87	56	30	42	91	92	
48	33	5	55	37	69	26	94	39	13	10	72	74	35	42	45	15	48	43	92	
46	2	6	37	52	41	99	88	35	16	2	97	73	4	22	10	79	83	30	42	
88	62	32	40	30	56	19	76	17	68	94	1	89	21	80	56	88	22	10	16	
31	95	97	8	34	90	34	33	96	37	32	95	45	46	38	96	83	43	74	59	
28	96	91	87	4	72	22	91	28	34	84	4	27	65	82	86	39	81	73	11	
11	70	20	35	97	52	59	39	7	81	21	77	56	8	5	48	43	74	96	18	
31	29	72	31	2	58	22	89	44	91	1	94	62	24	91	79	33	47	11	77	
38	5	23	4	54	6	37	38	86	44	81	48	58	36	3	89	7	63	35	58	
50	63	14	99	12	42	50	87	31	71	89	36	87	3	8	1	21	20	27	80	
29	99	57	37	61	61	90	86	61	17	1	25	3	63	38	4	41	69	7	57	
67	44	75	53	35	13	55	20	98	8	43	60	85	63	17	75	90	84	32	41	
56	10	57	10	94	87	37	50	51	52	83	26	16	61	33	82	32	27	9	2	
78	51	87	28	95	55	57	96	89	66	7	88	51	83	97	23	62	56	3	46	
66	38	7	69	40	94	7	89	99	86	65	74	94	61	97	97	16	2	86	68	
96	40	76	78	78	31	74	64	86	19	63	62	26	77	12	2	6	90	25	56	
28	85	81	57	25	72	39	48	23	26	19	3	49	18	87	73	39	95	98	20	
95	48	77	34	95	22	42	77	67	75	1	76	79	69	70	58	96	48	15	19	
15	56	76	46	75	88	66	49	5	75	37	67	62	45	38	60	56	24	49	89	
79	50	26	58	85	35	5	73	78	77	57	19	11	20	88	87	1	15	25	97	
18	17	16	74	5	39	69	4	12	36	92	69	89	92	80	27	49	30	15	87	
87	76	33	16	49	49	94	53	46	40	55	23	90	19	18	93	85	81	30	92	
86	17	37	89	40	57	23	18	41	55	86	77	83	87	41	46	87	73	38	9	
28	80	35	45	5	33	86	71	14	55	11	17	25	21	58	60	71	75	94	82	
7	61	65	5	73	78	16	8	6	26	73	58	58	31	23	96	15	60	18	40	
43	67	35	33	89	10	39	29	17	54	24	85	57	52	55	23	9	46	20	61	
4	43	62	47	42	62	60	24	42	56	71	22	73	50	59	60	65	42	69	85	
6	77	17	7	76	83	17	74	85	13	51	35	1	60	73	57	82	22	72	89	
82	26	61	29	49	65	72	81	59	81	47	57	63	7	65	39	18	59	68	89	
47	26	42	20	37	15	84	11	76	34	66	69	97	26	59	61	60	98	96	45	
93	90	77	11	8	79	43	89	7	38	86	89	81	61	54	68	72	48	78	68	
17	98	33	50	24	65	96	8	41	64	86	61	16	35	74	51	56	10	8	80	
36	30	6	81	20	21	85	1	88	98	49	31	91	93	46	38	64	4	61	48	
72	3	31	8	91	80	59	24	19	86	98	47	71	95	18	65	42	33	63	98	
85	10	96	37	83	72	60	48	93	52	99	50	80	79	48	23	7	97	62	11	
1	77	37	38	48	47	73	27	69	51	49	10	85	27	29	64	71	65	15	14	
58	75	15	69	36	88	93	11	68	54	19	36	4	27	29	18	70	49	79	43	
73	58	40	44	30	94	62	31	30	79	32	79	72	88	69	52	56	49	52	39	
2	22	74	61	25	54	63	63	14	17	2	79	66	62	61	77	80	60	21	93	
27	96	16	6	23	56	81	33	3	8	42	40	55	75	83	87	54	56	10	66	
25	17	64	89	8	97	74	48	20	72	34	46	27	79	54	66	64	96	30	37	
81	38	17	10	95	87	4	54	81	6	22	33	20	69	48	18	3	25	72	60	
50	82	44	25	90	62	15	47	25	81	48	75	45	37	60	8	12	36	5	41	
86	53	36	83	85	44	90	95	1	32	80	78	93	41	96	3	73	58	53	52	
1	29	31	52	92	33	88	58	11	97	62	65	49	25	72	50	78	61	90	46	
98	33	58	36	95	3	47	90	24	58	5	96	58	14	28	56	66	77	53	50	
21	51	61	84	41	23	33	82	26	96	3	78	35	68	96	28	17	22	58	42	
89	28	86	11	35	58	47	70	54	50	37	35	90	78	92	94	31	28	2	42	
25	74	38	93	97	7	20	13	43	55	99	48	11	10	99	37	39	41	56	61	
89	56	54	29	89	61	56	31	83	94	48	4	44	70	67	79	17	42	84	15	
78	62	52	37	25	24	31	36	48	86	78	88	52	28	56	13	8	83	59	68	
56	57	20	60	21	14	18	13	70	92	82	20	46	1	99	78	61	65	44	78	
10	75	96	99	66	24	22	31	53	31	16	19	5	24	53	13	63	83	77	63	
78	8	36	80	92	32	38	80	49	7	90	50	44	37	49	31	1	30	66	91	
56	91	51	36	77	79	62	81	52	11	88	84	9	61	98	13	81	21	67	88	
10	96	4	52	39	54	35	7	71	57	36	67	67	52	94	12	21	88	47	98	
34	79	53	22	74	51	61	94	98	31	99	91	61	61	96	98	54	60	9	43	
37	45	12	94	57	5	84	74	74	88	89	10	30	23	30	11	33	6	44	71	
49	27	50	12	16	4	69	18	19	40	83	43	5	57	6	74	17	41	67	96	
73	94	53	76	29	27	37	73	87	77	2	49	60	78	45	15	82	1	2	52	
33	31	31	98	25	87	63	72	57	52	98	84	49	99	86	71	90	29	48	21	
86	47	20	1	78	52	19	4	64	9	58	59	66	20	79	92	92	52	63	16	
10	36	40	87	28	71	19	85	47	19	96	56	25	21	19	62	68	22	11	20	
61	58	85	8	60	49	16	94	50	95	16	97	26	86	60	91	31	55	63	19	
96	37	72	69	39	32	51	33	19	57	69	46	65	60	13	84	24	8	84	66	
84	91	65	75	77	4	38	23	74	73	17	89	11	75	25	39	17	39	3	76	
37	33	52	2	68	96	52	86	41	39	88	54	27	35	88	70	58	85	58	46	
72	24	57	29	32	77	60	34	84	29	90	21	49	25	24	46	53	32	98	27	
60	39	86	98	55	52	94	66	80	34	14	65	31	80	45	80	71	39	42	12	
20	14	66	59	5	10	56	79	1	2	31	33	5	52	97	25	92	93	26	14	
76	52	8	24	52	95	27	5	10	7	91	19	42	34	13	47	70	65	28	37	
86	22	9	45	66	76	96	50	7	36	57	26	99	44	47	3	36	96	28	72	
1	78	89	91	17	53	48	5	36	72	29	96	81	83	76	19	7	62	18	78	
11	84	98	78	25	15	49	25	74	88	58	72	65	6	72	53	55	66	20	17	
9	12	54	74	51	53	59	23	60	9	53	6	63	69	87	14	45	72	38	50	
57	51	11	5	97	88	36	19	14	90	11	31	20	67	7	24	58	77	66	40	
28	69	49	14	68	48	1	37	74	26	47	76	67	44	62	84	60	80	34	90	
93	72	37	59	18	25	97	40	57	75	90	68	83	47	16	75	75	4	42	18	
48	85	16	43	84	1	69	41	86	86	75	61	41	83	45	78	72	68	47	55	
2	45	7	18	71	98	16	52	78	48	52	89	21	64	92	28	83	30	73	19	
80	62	31	10	50	22	16	30	72	87	81	41	38	61	71	15	6	29	73	94	
18	16	3	50	68	74	33	46	34	22	99	73	16	17	26	9	57	14	63	18	
31	71	34	10	10	72	26	98	69	99	67	42	78	72	98	60	85	32	1	55	
2	39	53	77	37	8	45	15	45	11	32	10	76	11	50	11	54	8	92	22	
18	18	37	23	91	7	77	46	87	54	67	48	47	22	25	15	59	47	30	77	
42	90	4	40	60	97	77	32	5	70	77	52	75	47	78	55	32	36	9	97	
13	58	11	59	26	86	86	86	66	97	81	34	22	58	87	4	55	27	75	4	
90	40	70	71	37	99	45	45	21	3	97	68	15	64	20	61	88	28	93	6	
15	72	56	11	3	45	30	63	51	93	10	92	34	73	42	75	69	41	48	89	
26	77	78	75	73	94	89	66	83	16	84	99	30	38	70	22	50	10	8	43	
61	96	54	4	56	6	47	73	7	87	58	72	57	56	21	3	83	72	21	24	
51	96	78	11	8	11	97	72	71	36	31	32	17	33	90	83	69	44	23	89	
57	8	2	67	73	61	27	94	63	21	25	25	29	94	81	94	14	59	69	56	
23	35	44	82	70	4	8	17	85	77	88	61	94	20	63	38	75	42	31	61	
50	67	21	99	49	8	77	20	85	6	73	55	4	45	21	12	96	10	4	27	
8	68	49	40	67	94	87	37	13	75	99	76	3	38	33	14	40	13	38	71	
30	20	58	42	60	30	71	2	86	57	83	75	38	55	87	91	92	57	73	5	
76	63	33	80	99	64	97	75	25	63	14	47	23	26	26	75	81	81	37	97	
54	48	58	65	72	55	75	97	56	78	80	70	6	35	65	73	39	76	55	31	
21	89	41	59	13	98	42	7	6	16	92	7	35	91	51	37	99	61	61	50	
18	87	25	54	84	46	61	22	39	6	55	66	43	95	35	33	18	64	24	74	
12	76	44	6	80	94	88	69	9	42	80	58	4	59	80	65	41	78	19	56	
40	87	54	4	99	65	98	10	26	3	52	6	28	36	32	29	67	66	8	81	
79	43	49	44	13	24	80	99	50	41	71	72	2	56	20	9	94	58	15	42	
94	41	60	18	26	88	30	79	89	19	52	32	90	88	68	44	15	60	13	44	
31	69	81	27	4	49	23	82	29	9	48	99	53	63	44	17	22	61	43	22	
61	65	74	18	12	76	20	8	46	3	26	74	49	25	46	43	46	6	44	67	
96	30	50	63	2	99	54	97	79	1	9	86	20	20	34	74	14	81	69	99	
18	33	25	54	14	97	96	8	49	65	73	42	87	11	50	32	8	36	99	44	
6	86	98	67	19	98	97	76	57	57	65	98	10	87	73	38	81	99	94	71	
54	70	7	29	88	17	63	13	12	8	47	29	55	21	18	21	36	19	42	40	
1	32	37	97	70	51	92	69	52	75	35	49	23	63	48	84	79	89	88	33	
24	3	23	16	25	33	3	69	66	99	49	16	98	11	1	2	20	64	61	77	
72	91	46	19	35	90	11	8	37	47	5	30	25	59	10	55	59	80	23	98	
28	61	11	97	99	74	51	32	50	16	16	85	33	44	90	24	94	96	12	34	
33	85	74	56	65	68	46	86	47	45	80	59	56	28	26	17	48	83	68	24	
21	47	51	2	72	52	60	71	22	31	81	41	34	76	45	78	65	73	33	40	
23	37	11	64	9	21	99	43	82	71	14	26	63	51	18	26	70	66	83	32	
60	43	54	43	2	67	44	78	16	66	25	35	66	93	81	92	64	67	47	86	
38	50	35	99	78	72	29	45	56	58	19	41	72	83	73	93	93	83	83	49	
80	92	36	77	3	75	94	85	20	93	91	95	45	8	57	24	39	8	49	38	
2	30	59	96	41	6	90	85	62	27	57	1	88	50	39	64	2	72	83	49	
93	29	61	57	29	9	91	87	87	3	7	69	25	10	29	64	70	63	64	51	
57	74	42	56	44	87	62	81	80	2	15	54	24	2	95	98	11	93	33	96	
34	59	84	94	88	51	86	68	82	13	61	63	21	80	99	52	19	3	94	5	
98	4	87	35	69	44	40	85	6	81	56	70	63	26	23	58	3	35	23	3	
23	11	56	30	91	76	70	40	55	50	80	95	62	49	34	88	11	90	46	23	
27	66	22	41	27	6	22	92	21	68	61	21	54	17	31	1	4	70	80	84	
67	30	23	8	25	32	19	79	46	75	77	53	78	19	70	56	48	53	39	22	
42	84	58	43	63	91	76	65	86	46	39	64	38	98	82	84	80	74	41	32	
94	33	3	61	64	86	28	78	22	73	87	56	10	44	3	52	53	96	89	50	
65	64	37	74	21	62	78	54	74	26	29	38	97	4	96	68	81	92	1	80	
12	24	41	95	16	35	17	96	50	95	77	22	59	62	48	20	41	78	87	39	
91	62	48	52	15	26	47	35	22	39	79	53	51	12	30	31	93	69	56	87	
98	54	53	86	83	54	29	24	91	57	44	47	66	83	94	92	28	41	44	61	
73	2	38	1	44	97	42	40	25	87	7	1	66	39	38	87	49	30	19	21	
38	58	39	77	76	18	95	41	37	91	89	86	20	35	31	38	67	94	24	90	
36	56	90	76	38	19	61	11	62	56	41	61	15	94	24	16	45	22	16	46	
63	21	90	89	40	69	98	98	65	64	78	39	95	69	60	17	20	62	60	76	
24	78	1	8	27	30	6	40	42	76	47	18	48	74	63	86	8	11	62	28	
52	23	68	32	23	45	2	91	40	42	78	47	30	14	85	38	51	80	49	14	
80	88	18	32	55	2	33	35	90	44	26	85	15	36	13	5	77	31	33	31	
44	31	71	25	72	61	66	44	33	13	79	92	20	94	89	25	64	49	29	30	
55	27	77	45	10	21	89	78	68	98	8	33	1	4	96	48	39	93	95	31	
87	47	75	20	64	53	54	3	80	68	91	6	60	98	86	93	62	48	32	69	
46	49	10	56	96	35	24	97	12	60	12	20	4	51	78	27	66	54	38	30	
25	11	68	35	61	70	6	34	70	39	35	77	10	8	55	24	41	5	30	89	
69	87	34	43	36	49	84	37	18	11	99	40	41	30	14	32	9	32	70	81	
99	66	48	94	2	26	96	27	61	90	96	81	83	77	63	50	13	14	47	59	
62	64	30	26	93	81	91	47	48	49	1	66	88	52	79	2	11	84	14	15	
7	74	18	70	24	12	84	3	31	69	80	94	84	81	55	49	64	21	71	71	
20	66	95	33	45	74	96	66	69	87	25	6	46	38	91	90	52	45	65	75	
59	93	54	32	16	57	30	31	59	8	31	35	61	2	41	38	45	60	24	47	
57	68	78	79	68	66	26	18	30	10	57	59	35	13	95	47	33	11	47	60	
3	1	59	6	4	52	4	55	39	87	42	92	99	84	54	80	82	43	36	63	
10	16	93	59	67	9	91	10	57	90	27	87	38	62	48	92	74	88	33	70	
45	87	91	38	64	23	67	17	21	57	44	81	42	48	89	92	34	12	84	73	
57	68	26	29	31	53	99	42	95	60	61	83	51	42	70	10	67	94	65	61	
31	95	82	62	71	69	45	92	85	5	77	84	44	46	33	64	67	41	24	41	
84	94	4	9	17	84	33	22	68	39	27	50	85	50	88	37	39	19	40	4	
39	21	29	76	76	50	68	36	52	88	39	13	54	91	60	75	72	1	92	77	
73	19	65	84	74	12	10	76	78	12	42	88	86	48	55	72	56	34	86	52	
13	65	70	23	13	31	9	25	18	26	21	70	32	28	27	30	8	74	98	86	
23	40	95	20	87	23	33	84	34	76	75	85	93	40	49	74	64	67	16	14	
22	50	47	80	42	83	87	14	19	32	19	17	96	71	33	88	70	34	94	15	
3	84	53	71	63	83	18	10	7	33	27	14	26	12	57	81	44	31	61	29	
58	81	40	54	23	51	66	94	38	23	30	53	1	91	72	9	7	67	26	9	
36	37	72	9	40	3	94	30	25	41	89	33	98	22	39	25	18	3	91	55	
61	80	87	78	13	56	20	63	33	66	28	93	40	63	62	97	46	66	64	77	
17	11	50	47	33	51	2	92	92	23	86	3	79	51	73	60	69	65	12	62	
68	54	90	23	4	73	93	92	95	97	24	60	96	65	52	56	72	71	22	61	
56	85	14	81	6	31	52	55	44	32	1	96	61	10	84	95	8	6	44	21	
10	41	92	7	87	56	39	9	51	85	99	74	10	44	18	49	22	66	45	9	
58	94	69	24	80	11	89	49	27	74	74	24	81	94	45	31	58	61	84	19	
23	96	45	15	53	25	25	78	79	55	32	59	77	20	34	63	13	37	94	59	
33	72	27	56	71	9	17	41	20	82	96	63	60	12	73	3	79	34	45	58	
1	47	51	29	14	99	45	1	69	71	94	43	91	65	29	87	14	83	96	28	
33	52	17	82	58	38	12	99	75	50	71	89	80	45	95	34	21	52	83	82	
77	94	92	55	63	97	88	99	11	71	36	77	2	28	19	83	30	83	89	3	
28	33	79	85	79	2	21	74	3	24	65	22	87	94	2	88	6	92	99	89	
36	75	40	61	73	91	8	34	11	60	49	52	14	16	27	76	32	21	37	44	
5	86	38	95	68	54	39	76	70	45	35	70	33	52	75	40	44	55	25	69	
55	79	37	25	10	10	56	6	42	60	12	23	20	38	82	44	12	64	32	90	
5	30	53	65	16	8	62	65	54	55	40	85	39	55	10	38	84	2	89	30	
83	26	72	82	85	5	11	72	26	13	16	43	51	97	94	16	67	2	83	76	
87	55	59	44	58	3	31	45	3	55	35	22	1	78	3	79	84	38	70	47	
43	90	33	83	48	75	81	73	44	44	75	1	74	45	20	72	27	38	71	43	
27	12	81	65	9	28	46	64	45	17	41	4	14	91	33	99	28	67	21	7	
70	95	35	57	92	41	92	59	83	79	12	63	12	87	2	61	91	38	2	72	
41	44	33	37	10	8	75	21	21	53	2	96	40	70	16	52	61	86	80	57	
82	48	37	80	8	76	51	22	6	22	27	31	89	53	90	8	22	37	25	16	
49	90	94	38	21	33	30	81	48	51	20	86	1	65	44	7	63	48	67	76	
76	45	38	55	57	2	93	43	62	75	55	87	32	12	55	43	46	99	47	30	
63	32	78	27	37	53	35	90	19	49	70	65	99	25	8	49	52	73	50	29	
64	22	48	84	84	28	19	33	23	38	92	71	66	51	60	25	8	36	19	24	
12	4	66	44	41	31	67	7	28	79	5	21	78	76	93	89	17	24	8	46	
29	68	54	68	57	58	96	91	50	42	16	35	74	11	39	83	37	82	6	11	
86	59	32	34	79	42	89	27	33	64	24	35	9	62	73	74	85	28	58	1	
24	96	51	92	35	47	59	66	95	51	71	31	73	74	42	51	60	22	39	59	
35	87	52	66	80	41	50	29	43	65	43	89	6	30	58	3	17	65	79	91	
93	61	66	30	77	18	75	16	33	20	55	87	17	11	62	18	32	79	45	62	
68	97	84	61	94	73	80	12	38	95	33	71	78	87	54	57	35	6	7	39	
34	44	60	52	70	27	5	84	20	3	72	95	45	80	48	81	10	58	66	6	
12	43	39	31	67	56	56	51	29	83	44	92	15	3	81	34	82	5	14	74	
72	89	8	35	2	96	33	81	90	20	72	8	47	90	96	11	49	46	49	39	
83	19	26	15	51	5	55	51	34	89	7	11	88	67	83	78	14	55	70	55	
96	93	65	82	49	97	90	65	81	85	69	38	73	12	25	7	37	61	26	62	
2	6	83	29	36	18	87	13	1	91	24	60	8	15	17	32	18	98	85	62	
94	57	10	54	13	84	48	34	88	85	44	63	59	50	26	78	54	72	68	13	
26	66	91	20	25	24	9	97	46	8	32	83	86	93	23	82	67	87	34	26	
41	92	72	91	73	98	99	25	52	14	31	44	1	69	4	21	67	60	29	60	
27	14	61	27	26	78	18	8	42	97	52	77	50	97	75	21	7	5	53	45	
10	79	40	59	80	15	21	15	76	66	74	38	43	80	87	3	53	48	61	3	
92	17	8	44	90	19	30	65	18	96	18	34	75	53	16	2	65	45	39	14	
13	85	49	91	77	51	9	34	79	89	78	28	15	77	37	50	60	74	19	79	
60	78	6	95	71	75	36	3	3	27	87	99	59	62	65	17	6	44	4	59	
83	43	52	37	55	34	11	78	74	86	32	55	82	34	15	52	86	35	39	82	
83	57	27	13	18	42	43	52	99	53	38	33	16	98	23	69	1	70	30	81	
71	75	70	22	30	20	25	38	82	74	18	52	43	55	51	62	9	74	9	73	
26	52	55	21	98	97	89	54	86	95	31	72	8	66	39	53	41	71	97	2	
90	85	26	10	66	69	87	17	75	9	98	93	46	88	84	4	22	34	8	10	
93	46	82	29	61	85	52	56	50	1	77	5	11	13	73	43	77	75	93	13	
80	96	57	69	18	86	37	76	48	54	90	44	45	84	83	92	29	57	33	79	
88	95	92	26	17	52	27	30	52	72	63	50	7	89	34	91	94	47	9	47	
9	54	12	53	12	99	69	71	31	12	12	12	81	21	55	56	49	52	13	37	
7	88	22	90	58	42	88	93	24	50	75	40	7	82	99	23	10	9	6	33	
4	79	25	79	49	17	56	98	20	13	15	18	4	77	27	61	58	10	87	46	
50	48	96	90	13	39	42	29	99	52	91	14	8	91	18	47	8	3	74	74	
13	82	74	17	54	21	68	54	51	51	5	59	10	72	16	51	71	75	84	34	
88	1	60	11	21	80	46	21	68	71	67	15	81	64	90	68	10	26	71	25	
99	25	24	82	39	32	58	86	95	95	29	90	27	48	76	87	43	82	69	44	
39	94	77	67	47	14	21	93	70	26	90	91	90	91	34	5	66	10	33	76	
67	53	38	41	13	18	38	70	93	32	57	1	20	20	29	94	5	34	78	6	
81	80	17	40	28	13	34	52	16	66	30	13	42	54	29	17	86	58	74	48	
14	68	86	10	9	71	30	70	18	83	37	3	33	77	71	15	36	52	30	92	
9	39	24	4	43	57	79	37	38	44	50	77	63	30	42	35	99	48	71	85	
21	70	27	76	58	31	9	30	62	75	34	31	59	43	70	70	64	71	22	11	
99	76	61	75	22	59	16	76	78	29	25	41	18	55	37	4	39	79	17	60	
70	49	68	12	78	67	11	48	71	58	50	37	48	85	37	26	92	97	9	71	
30	67	48	56	83	49	13	54	2	89	16	46	48	41	62	20	72	79	66	87	
98	29	14	3	8	25	39	74	94	89	29	99	32	92	78	63	64	16	57	82	
17	56	59	89	2	22	53	75	42	23	43	50	52	48	21	83	47	76	62	33	
71	80	91	77	59	13	38	6	74	70	33	35	1	97	34	60	57	63	84	43	
83	18	28	16	7	32	36	46	80	47	33	76	83	18	22	62	79	10	32	44	
1	78	59	48	15	60	57	88	63	37	11	22	89	61	93	74	8	47	83	43	
68	72	13	43	15	51	50	48	57	45	47	52	97	58	13	43	66	17	82	72	
84	20	91	52	46	26	91	33	73	12	43	19	14	14	94	36	65	29	16	70	
54	54	53	19	92	79	30	35	9	68	92	69	12	85	95	13	37	61	59	10	
88	97	56	6	67	59	4	23	60	6	66	3	24	50	3	44	83	62	3	26	
38	38	6	7	51	13	97	23	39	93	16	40	11	25	18	25	24	21	99	34	
42	32	58	57	17	24	33	45	35	81	82	6	98	80	72	69	32	81	83	38	
25	27	63	72	67	68	82	87	26	42	72	65	74	65	51	85	79	40	60	51	
85	59	76	55	78	74	74	12	3	72	44	55	64	40	86	66	55	52	63	93	
57	88	49	76	41	62	19	79	52	42	87	6	43	71	52	43	11	25	29	49	
31	66	78	11	21	89	54	1	42	54	31	32	50	54	84	88	46	79	38	67	
72	49	97	68	85	47	34	28	74	65	83	62	9	49	94	76	52	7	16	63	
67	1	12	79	81	60	68	91	13	77	95	18	70	57	59	11	61	63	3	57	
93	52	20	95	43	6	8	67	14	3	5	59	38	72	93	3	72	54	26	36	
88	17	84	40	73	39	21	19	88	51	98	68	39	73	52	57	65	23	40	36	
55	61	37	8	34	1	20	59	91	9	11	37	36	61	9	80	5	44	15	92	
55	92	20	84	25	39	27	21	25	89	23	73	21	45	13	39	4	67	90	93	
49	24	12	74	41	76	76	26	80	95	57	47	23	22	21	23	11	89	25	22	
93	95	94	10	52	93	13	2	66	8	66	39	6	27	50	91	11	26	6	99	
15	98	46	11	19	24	16	84	3	87	58	60	61	34	3	15	82	23	1	54	
12	8	64	19	62	71	80	96	69	78	21	66	16	30	62	25	44	34	75	63	
51	26	72	3	39	96	1	98	45	24	26	72	1	5	58	46	67	37	88	61	
64	3	57	31	87	45	69	47	69	42	29	42	53	23	46	77	58	79	50	7	
65	65	18	45	62	86	82	21	17	29	95	22	62	70	53	34	27	76	15	48	
34	87	62	89	50	23	89	76	71	77	21	28	64	91	89	73	97	95	26	35	
48	82	52	77	50	52	59	57	30	32	27	12	48	61	20	67	27	96	47	57	
50	90	91	86	59	26	36	74	78	24	39	66	45	55	45	91	34	24	31	21	
85	97	19	37	94	7	4	23	18	43	95	40	87	17	47	48	62	65	37	80	
44	14	26	83	39	34	91	93	43	59	34	84	78	34	84	37	24	19	75	94	
99	86	44	12	95	59	80	17	80	85	53	35	8	61	52	45	5	32	43	74	
24	36	39	47	88	78	4	39	58	42	52	10	93	76	35	20	7	18	93	36	
17	37	30	96	51	14	38	96	61	87	83	90	45	32	28	46	91	47	35	82	
89	76	9	85	70	92	43	77	76	99	94	86	70	48	93	39	26	69	64	74	
75	67	29	63	95	28	86	57	58	30	23	23	79	68	79	25	41	37	78	63	
76	9	1	90	33	23	53	49	54	77	68	3	57	63	28	75	84	6	12	97	
55	95	93	30	60	21	56	23	64	42	79	17	2	53	36	9	93	43	3	27	
30	41	45	95	64	94	64	75	40	48	7	21	42	87	57	87	37	86	86	64	
46	63	20	45	65	42	34	40	37	66	18	89	16	11	47	55	97	6	52	76	
12	39	82	22	77	28	4	90	81	66	79	20	33	86	7	16	4	85	33	22	
43	26	56	64	45	94	86	74	5	70	39	54	70	65	58	33	13	13	9	51	
37	19	97	51	22	20	80	64	70	95	82	32	84	33	59	95	22	45	31	34	
75	85	7	50	5	16	60	26	94	18	31	95	18	50	65	9	51	2	11	86	
41	86	38	88	33	75	50	40	19	73	8	3	50	77	67	67	26	79	25	12	
66	91	9	61	9	18	63	32	8	94	4	45	11	73	62	45	53	17	37	70	
82	37	1	42	11	97	67	76	65	46	93	40	65	62	67	4	64	33	28	51	
20	89	96	65	96	72	28	96	6	96	9	69	26	47	52	97	84	25	86	8	
72	11	16	2	26	34	11	88	8	57	56	81	64	3	59	36	34	3	14	77	
46	33	37	39	35	66	61	8	46	63	36	60	19	64	52	24	74	86	29	99	
36	3	2	31	62	77	96	13	79	83	7	60	26	19	78	92	64	9	87	98	
14	44	60	93	97	6	66	73	37	76	93	30	14	36	76	95	80	82	44	13	
9	36	2	56	91	24	70	56	40	40	44	85	51	26	37	33	19	30	33	57	
32	38	58	90	77	73	50	59	31	15	69	17	21	84	1	18	84	96	33	72	
58	77	7	73	68	92	77	67	16	36	33	20	74	79	61	5	33	81	49	96	
70	97	75	72	32	52	15	32	43	58	71	97	84	89	5	54	20	56	24	50	
42	26	57	47	72	89	22	11	55	80	59	70	99	79	96	89	80	66	63	31	
98	10	71	1	56	96	28	12	7	54	52	96	68	99	2	62	33	29	44	60	
92	42	24	33	69	37	99	41	24	55	70	80	79	26	2	65	79	70	24	18	
72	50	71	90	88	62	71	27	55	40	12	19	62	87	42	25	70	73	85	65	
41	46	71	88	8	62	15	90	32	35	95	32	9	36	22	75	18	18	79	44	
36	36	94	66	50	91	74	77	41	16	86	66	30	70	8	2	4	46	46	87	
61	64	7	5	51	28	79	61	87	73	46	52	65	12	44	97	15	81	35	9	
66	22	68	8	11	62	29	5	79	84	13	82	84	85	77	74	81	71	51	21	
53	37	2	34	30	37	93	20	84	32	99	27	74	72	30	23	21	53	91	22	
44	59	15	16	90	77	85	69	26	35	76	91	89	18	79	6	12	55	60	56	
57	74	1	30	39	76	3	4	22	80	62	17	3	31	37	42	37	68	66	6	
56	17	28	75	90	29	26	27	87	90	44	41	1	87	26	4	80	69	51	10	
92	81	13	91	55	34	44	28	53	40	15	89	90	40	13	37	71	81	91	94	
30	42	28	27	55	5	25	25	63	14	70	63	33	92	25	88	95	80	85	57	
38	26	81	16	90	55	66	7	68	90	37	43	7	85	76	77	29	8	3	56	
98	97	92	51	65	56	86	86	14	60	93	26	61	9	75	69	65	40	63	78	
35	72	30	49	79	71	38	70	2	34	21	52	40	36	79	23	28	14	94	7	
96	39	82	45	63	27	64	23	65	95	5	10	50	44	44	27	8	30	43	98	
24	68	3	56	90	70	27	95	84	8	52	8	25	57	49	37	51	65	73	38	
91	53	30	21	9	25	64	28	45	66	7	68	16	49	25	99	94	69	62	46	
14	83	72	86	73	35	74	43	9	65	84	66	87	69	7	99	27	36	80	46	
40	62	26	1	66	67	26	3	44	27	47	19	21	88	75	80	16	66	21	14	
84	16	39	49	41	27	39	94	42	98	92	13	36	75	77	30	37	64	99	74	
76	64	75	19	25	68	87	64	17	23	35	17	99	59	36	15	87	35	60	21	
12	37	6	96	73	41	26	6	60	32	98	16	72	31	73	18	69	75	46	55	
40	53	45	33	45	90	30	81	7	31	41	55	13	77	35	10	86	71	16	88	
36	15	32	14	61	98	2	52	18	59	92	5	42	83	62	56	84	53	35	57	
23	75	80	41	44	46	3	98	7	53	74	58	36	11	68	45	14	70	51	19	
52	72	79	8	76	13	81	96	47	46	24	39	8	59	12	83	24	71	38	51	
58	52	14	3	3	65	33	76	49	73	48	82	76	70	64	94	90	20	78	76	
37	16	27	12	75	97	4	53	89	83	80	94	61	10	26	30	49	78	10	62	
30	60	50	69	14	8	15	39	28	59	15	33	25	63	29	50	87	33	54	84	
1	14	74	93	33	43	87	56	56	2	40	48	65	14	47	71	9	42	6	48	
27	62	33	17	55	40	78	19	50	34	95	74	36	95	73	55	84	46	58	17	
78	36	24	65	10	40	64	44	26	34	19	74	23	37	57	92	41	49	75	69	
16	96	92	87	94	64	39	21	23	90	79	57	38	36	17	38	61	73	56	7	
48	42	45	4	44	66	96	41	64	45	82	45	80	43	43	49	98	56	40	73	
49	23	76	40	30	8	34	76	65	73	14	43	82	29	81	64	16	12	43	55	
80	34	19	75	86	22	78	49	84	8	53	37	61	68	55	39	17	7	48	82	
11	27	58	99	53	58	34	24	57	11	69	41	12	73	59	81	21	7	61	43	
16	60	64	71	51	27	9	45	33	43	89	44	34	48	44	88	5	96	17	85	
84	76	33	21	55	74	40	71	18	2	87	49	71	53	64	76	8	75	8	60	
83	75	46	40	15	77	59	85	6	9	51	96	7	99	73	29	72	95	51	44	
55	34	86	50	53	29	55	90	14	68	11	4	43	18	65	39	79	79	24	31	
39	63	65	38	32	47	13	17	1	51	44	86	56	59	22	93	82	34	44	94	
48	35	54	5	56	31	50	97	98	49	92	28	14	32	97	35	59	62	56	47	
44	5	26	75	88	57	85	89	99	12	47	3	84	82	60	11	40	31	61	60	
89	7	50	44	55	84	92	48	86	66	92	96	78	71	62	75	68	37	6	13	
68	10	87	73	91	94	34	81	78	83	20	63	13	96	15	12	12	93	3	78	
5	55	91	58	51	18	76	40	53	33	44	2	69	77	97	1	34	32	62	88	
28	8	2	30	76	91	40	27	49	36	88	65	2	2	7	38	76	64	51	15	
48	7	92	61	7	65	17	21	71	29	16	22	16	72	42	73	32	93	9	50	
57	85	19	88	60	56	76	54	41	80	23	31	5	45	77	56	2	26	92	6	
60	1	46	82	38	98	35	96	77	26	40	4	42	22	68	66	57	45	18	41	
4	88	89	10	17	63	57	20	98	11	78	68	49	35	90	86	62	59	31	88	
57	42	81	78	33	23	23	54	66	70	34	47	89	61	7	63	25	1	24	46	
61	75	39	60	85	99	66	63	25	78	38	31	57	22	19	24	78	69	72	51	
55	13	11	34	96	24	85	90	17	26	1	93	72	78	44	72	9	37	74	58	
35	32	22	91	13	69	66	58	47	45	18	89	87	28	14	78	93	52	96	79	
22	33	46	87	37	75	71	34	56	66	1	28	68	46	8	31	2	19	72	61	
29	33	65	45	24	48	94	70	18	76	68	8	17	42	49	14	79	28	9	15	
60	82	11	45	75	2	77	94	50	27	19	77	33	19	31	32	17	82	86	13	
77	73	86	44	25	99	33	25	44	97	49	23	46	59	54	96	73	28	70	20	
25	80	20	15	89	89	37	1	17	18	6	25	52	76	94	43	12	79	53	35	
95	45	94	4	37	46	64	81	52	7	84	32	43	90	23	46	49	34	15	44	
69	15	51	40	90	68	93	50	91	82	98	25	21	37	55	45	51	66	56	15	
70	72	74	45	64	96	7	9	81	42	4	91	14	13	5	3	12	82	44	98	
21	35	90	38	24	38	48	70	1	25	28	25	58	10	54	64	93	62	84	3	
78	6	48	14	85	28	31	73	6	5	62	13	4	90	81	82	32	16	99	45	
93	97	61	54	14	55	94	79	82	79	2	92	49	19	4	20	17	52	77	28	
32	73	23	5	87	29	60	28	90	41	41	71	34	42	19	59	10	97	25	75	
26	67	37	7	28	76	33	56	32	53	73	54	22	77	59	74	67	55	45	13	
67	82	15	92	21	89	48	11	84	76	32	21	66	70	1	40	64	73	5	10	
54	76	33	55	74	57	62	13	81	5	89	36	48	14	69	89	48	47	77	93	
49	82	58	75	90	59	38	47	32	10	96	8	99	43	52	47	62	5	79	1	
14	36	78	60	40	8	61	82	5	2	20	6	86	60	9	89	30	32	24	50	
22	83	94	14	79	53	8	61	27	63	18	4	95	35	30	16	72	40	54	31	
76	13	71	60	45	3	41	1	63	13	68	33	48	96	91	32	4	79	63	42	
77	30	41	82	1	14	93	93	90	87	22	33	43	21	8	84	49	57	75	36	
12	53	14	47	43	52	89	7	72	74	62	48	97	49	70	81	50	13	56	49	
65	29	43	28	79	38	91	19	89	20	85	11	43	30	36	3	59	53	96	18	
85	65	32	52	40	22	85	36	9	96	31	4	83	45	6	89	57	57	65	18	
29	41	7	31	72	48	43	79	72	7	30	88	35	57	82	42	25	95	25	73	
88	59	69	41	55	16	6	37	42	45	55	52	99	22	29	90	57	38	74	18	
74	19	14	78	11	31	5	19	48	73	83	5	45	19	53	9	8	26	46	22	
95	46	70	4	6	14	2	72	2	56	5	23	81	1	80	85	95	43	76	97	
70	9	14	34	79	20	96	21	91	59	39	40	73	82	4	69	19	21	32	50	
54	87	39	64	26	61	69	50	70	30	55	7	26	5	27	52	40	36	49	53	
77	3	4	24	29	50	29	60	83	98	85	83	11	41	19	75	65	12	31	49	
9	1	82	89	19	19	90	42	18	65	89	46	54	43	65	45	9	25	5	3	
13	54	83	24	11	54	14	54	72	68	18	98	81	43	81	5	22	59	33	71	
51	32	32	4	32	71	60	15	55	55	69	36	92	46	7	11	39	91	31	61	
44	44	96	54	52	22	59	22	81	83	38	1	23	89	22	95	42	77	31	82	
7	68	48	13	76	84	94	73	26	41	6	24	96	57	37	11	83	75	6	28	
11	4	47	78	60	15	40	53	36	55	26	39	96	69	46	99	88	31	41	28	
48	21	10	30	65	25	18	2	29	22	93	21	95	83	61	40	37	13	96	74	
83	96	6	11	52	38	52	80	25	98	2	82	26	74	46	34	6	68	28	99	
42	55	76	16	90	34	37	14	73	16	38	20	78	98	35	66	99	32	38	49	
50	53	87	32	26	69	51	55	97	7	60	17	68	44	94	39	22	24	90	14	
31	81	39	15	31	59	87	11	56	82	58	17	2	10	67	61	60	4	93	73	
35	66	19	4	50	37	66	33	85	68	94	44	22	93	13	47	73	76	45	90	
37	1	49	5	84	38	69	45	85	1	74	36	37	69	13	50	23	56	97	54	
47	37	81	99	98	64	2	70	60	50	96	89	52	73	33	53	74	55	79	45	
5	9	30	52	41	42	62	86	22	2	74	70	43	49	40	61	62	31	79	2	
61	82	40	32	6	63	10	13	19	34	38	15	64	4	25	96	5	14	92	78	
72	49	64	67	81	78	16	2	57	58	58	22	72	77	80	79	99	11	67	49	
36	96	48	94	59	87	61	7	7	12	37	35	98	53	22	42	38	47	15	81	
76	36	76	76	7	40	30	35	28	31	73	43	11	18	67	14	26	91	72	86	
46	68	37	2	18	41	79	7	61	30	98	49	53	82	11	74	96	77	10	38	
83	17	79	88	3	23	12	93	49	69	22	1	41	16	44	64	46	20	57	87	
69	53	88	45	70	41	67	89	97	96	48	68	51	38	19	93	38	88	56	41	