800
20
27	46	51	89	21	98	83	98	7	95	86	59	35	31	42	44	13	13	91	1	
12	91	37	1	94	25	92	76	4	55	32	27	72	47	3	57	18	7	91	78	
42	88	72	92	58	52	54	46	3	25	29	87	4	92	78	17	27	18	88	77	
9	48	79	30	53	92	55	23	44	41	37	40	14	81	3	96	61	35	93	93	
96	6	28	87	91	28	30	4	28	34	96	8	80	8	20	32	97	77	66	97	
43	56	69	86	14	57	87	55	63	16	36	9	80	18	89	51	12	6	29	86	
16	3	49	64	5	2	91	55	97	82	33	21	90	68	63	18	38	39	31	33	
67	47	28	62	97	13	64	53	30	1	32	94	18	92	75	26	51	15	99	71	
97	80	3	55	95	59	13	38	91	91	35	69	59	94	86	75	48	32	43	95	
46	50	20	57	67	11	96	44	71	45	22	4	3	31	66	92	98	72	29	52	
87	16	94	80	8	39	99	23	89	5	64	10	94	58	89	4	6	4	33	49	
2	5	6	27	76	84	58	50	74	19	47	67	46	51	2	59	64	73	25	32	
41	52	13	49	41	89	60	67	82	55	96	47	58	19	69	68	38	80	60	70	
31	71	21	91	96	78	40	74	62	6	89	77	73	80	16	97	83	75	72	82	
55	90	97	20	42	29	99	5	66	45	99	26	8	67	26	34	74	17	94	72	
19	59	92	90	22	88	49	62	53	10	83	83	89	73	39	27	36	88	57	67	
96	95	47	13	77	8	55	7	24	23	40	75	33	69	2	50	73	62	32	79	
14	51	75	9	58	6	23	4	8	65	69	36	23	39	21	54	45	59	25	22	
97	94	50	82	89	86	57	89	77	76	29	11	64	23	48	95	42	30	41	63	
6	42	35	44	96	69	83	1	50	50	70	94	54	67	91	69	52	75	66	90	
38	96	50	45	33	10	21	85	29	25	86	93	60	15	24	75	27	70	43	30	
63	74	47	40	61	18	27	88	68	14	11	90	20	76	51	97	81	64	36	20	
16	11	43	61	87	94	76	67	80	17	51	44	88	90	31	77	94	58	16	67	
71	94	39	74	43	58	32	9	8	1	53	42	7	47	92	7	84	6	2	7	
83	69	9	72	62	19	19	24	37	43	11	13	73	24	71	81	86	72	41	48	
39	96	56	96	15	31	12	49	31	86	79	32	18	80	57	73	56	47	27	1	
80	63	61	5	70	23	98	1	87	42	67	9	35	96	44	31	58	99	70	84	
90	90	62	34	24	89	86	29	70	24	91	31	23	51	11	4	44	26	81	73	
39	76	49	14	91	6	41	91	66	28	36	83	9	83	69	55	1	26	31	48	
41	63	71	38	70	77	99	43	55	81	51	94	95	72	68	10	35	97	88	29	
73	32	71	94	14	45	91	88	4	8	71	67	36	43	43	47	38	51	61	35	
48	52	9	7	65	21	51	71	24	5	49	94	23	65	34	43	19	72	92	80	
47	44	32	49	57	6	4	85	48	20	27	68	52	16	26	6	17	97	71	99	
51	28	7	41	66	21	75	29	16	73	3	28	4	30	82	84	38	57	73	81	
30	72	23	6	77	63	45	40	75	67	47	23	41	29	63	22	62	30	45	32	
83	71	25	78	2	52	39	86	44	68	89	64	23	36	67	89	18	98	78	10	
26	87	41	93	53	36	44	93	77	65	85	5	80	2	31	32	30	84	63	99	
75	72	12	67	70	74	78	38	49	41	9	64	8	2	62	93	77	40	92	14	
86	37	36	79	51	18	63	41	32	90	60	91	63	68	18	22	27	93	67	45	
31	24	88	6	22	42	64	30	37	96	72	40	72	93	30	64	20	83	37	8	
13	24	82	58	74	19	9	64	55	38	40	80	4	94	41	89	25	32	47	36	
89	25	68	35	25	24	96	42	94	77	33	86	32	27	27	22	5	49	3	30	
22	88	98	93	94	14	61	20	30	82	54	72	22	9	86	59	41	54	61	74	
67	93	8	85	8	29	36	31	86	51	41	57	5	69	40	7	9	57	11	54	
12	94	76	26	59	95	50	77	28	53	44	97	12	39	82	60	19	51	95	60	
82	78	83	85	89	40	58	22	38	14	26	1	99	57	48	10	53	96	7	53	
98	24	60	26	85	36	53	22	96	2	40	13	88	51	11	55	67	2	40	16	
56	87	10	20	82	49	51	64	93	88	21	55	75	13	20	51	27	19	84	30	
36	80	48	15	34	50	24	9	40	91	69	41	17	95	38	24	6	38	10	57	
1	10	79	51	85	4	28	38	58	38	12	98	84	72	41	23	80	22	44	91	
14	90	24	30	61	68	55	74	73	80	95	79	26	64	88	11	68	18	87	32	
85	56	39	89	51	55	89	19	23	79	14	48	6	14	77	86	10	54	77	88	
47	23	26	52	57	21	75	5	66	18	94	52	96	51	43	20	3	93	8	9	
88	96	94	27	40	19	1	96	67	10	89	31	46	99	61	22	14	11	85	8	
34	5	40	95	63	15	69	57	60	43	53	28	38	12	68	75	47	1	57	20	
20	11	49	21	48	35	9	60	45	31	88	92	32	18	12	35	37	52	34	20	
6	45	32	38	64	29	38	45	67	93	6	91	40	44	81	26	87	41	23	67	
38	39	71	37	27	37	92	21	55	84	24	77	78	34	94	27	93	14	26	86	
47	71	3	26	78	12	83	69	58	21	98	69	9	62	41	18	95	79	60	78	
38	45	95	52	75	30	36	9	83	98	76	54	42	46	98	12	71	30	22	22	
11	64	80	18	8	86	28	15	23	4	86	12	86	81	75	18	50	45	95	23	
27	78	51	4	15	70	39	16	37	28	35	10	52	53	56	93	17	64	78	9	
99	4	41	1	86	56	63	98	17	77	61	38	47	13	36	90	36	34	64	80	
77	51	30	7	51	55	59	1	53	14	63	81	26	17	86	99	5	44	25	72	
44	17	63	48	3	24	34	73	84	67	12	26	77	56	83	41	31	30	69	71	
65	13	71	18	9	16	83	42	92	37	99	65	61	41	78	73	82	1	69	13	
46	39	12	46	2	16	46	92	72	24	11	65	34	8	12	3	63	15	85	38	
82	38	94	59	53	17	28	61	9	93	87	68	15	57	92	16	2	16	35	89	
16	73	52	68	73	6	14	23	13	66	41	71	90	66	90	84	64	1	80	84	
38	18	53	4	92	68	76	82	10	57	39	16	60	5	9	90	31	79	30	67	
87	61	97	7	17	53	34	24	95	36	47	44	59	54	52	83	89	58	80	72	
40	54	19	5	59	31	41	71	85	66	29	28	26	31	92	80	43	45	46	11	
7	58	87	65	92	45	89	74	23	52	17	87	92	35	2	41	28	57	54	76	
51	66	2	93	75	44	64	10	32	3	17	33	15	89	3	4	92	98	91	43	
18	16	95	7	47	42	89	61	35	76	99	95	72	45	60	59	89	11	42	85	
34	1	5	27	94	44	42	38	45	87	5	58	7	50	19	85	68	31	51	54	
11	68	72	49	28	31	36	21	31	76	51	76	76	28	40	81	78	21	99	74	
71	46	95	91	33	98	86	54	2	74	27	58	42	6	16	80	29	16	79	72	
68	31	16	29	73	86	25	37	58	11	15	47	23	75	51	15	43	42	91	23	
77	55	29	67	72	47	14	61	19	57	64	14	80	97	50	63	21	92	30	87	
81	93	71	14	85	38	78	2	93	2	25	75	8	73	37	22	5	42	2	89	
74	77	81	43	52	42	68	78	98	78	95	74	53	38	98	62	77	63	6	28	
51	36	70	74	86	41	4	19	98	28	54	88	5	59	45	63	77	69	76	48	
65	87	33	94	40	2	72	4	48	43	79	70	85	44	9	57	93	84	49	2	
72	33	94	11	53	54	87	76	57	21	78	25	68	79	26	93	61	30	13	78	
83	34	69	8	77	63	14	38	89	46	67	70	3	72	92	33	94	73	62	85	
99	79	71	36	32	27	25	71	97	59	86	52	98	54	63	20	16	70	58	9	
16	79	19	72	21	51	59	59	36	94	43	98	23	67	49	86	68	17	53	76	
87	15	3	17	43	89	70	87	94	80	8	37	99	53	37	10	21	64	54	20	
19	59	24	21	50	43	1	57	69	50	4	12	24	9	18	91	98	88	19	95	
19	50	23	67	51	52	26	34	49	94	81	73	17	73	19	63	14	7	10	5	
10	42	39	29	62	46	35	22	81	63	59	28	98	71	60	20	62	73	56	49	
15	14	90	3	37	6	62	35	55	96	55	65	49	22	92	34	12	17	1	80	
38	89	60	70	53	77	72	92	6	27	74	11	81	84	75	18	17	89	10	49	
21	90	12	47	28	33	68	82	42	3	6	64	50	9	13	12	10	41	7	60	
41	38	92	26	71	56	76	56	30	24	36	18	67	5	50	40	70	32	40	82	
78	73	88	1	30	26	28	40	4	72	7	71	8	46	95	54	67	69	78	80	
79	68	37	58	59	93	35	6	82	91	53	93	7	88	33	40	25	8	35	48	
76	22	8	55	29	6	37	4	5	52	12	81	5	49	28	85	66	54	28	86	
55	96	21	26	68	96	65	60	14	88	84	28	78	78	45	15	12	83	43	37	
80	22	53	76	75	56	46	19	68	18	82	97	60	46	29	42	63	33	61	67	
8	64	50	73	68	71	47	30	43	61	9	68	49	85	23	7	94	44	47	77	
52	58	53	34	52	53	33	57	49	26	37	92	52	96	21	79	11	66	37	57	
95	34	98	61	22	39	87	43	98	30	8	83	14	87	83	64	70	47	58	35	
42	89	58	93	24	10	11	45	81	70	35	31	25	13	48	32	68	67	58	82	
57	95	25	60	55	56	17	37	34	68	1	94	14	29	35	54	34	92	51	67	
61	29	54	61	66	19	65	50	15	44	93	47	70	87	17	32	86	54	90	73	
48	73	27	4	97	37	20	86	25	98	94	47	39	27	6	33	40	92	25	34	
48	33	95	85	73	15	21	25	26	11	36	75	98	31	72	82	81	96	15	29	
73	44	15	87	13	87	93	11	50	83	74	54	10	84	11	74	34	53	95	66	
99	93	81	18	55	26	45	4	13	79	65	44	86	12	4	90	86	72	18	34	
81	60	30	35	2	41	33	17	52	39	18	85	42	10	50	53	69	56	22	90	
94	45	60	24	8	45	75	62	74	84	76	18	3	99	80	49	81	32	1	41	
60	75	87	14	95	7	61	13	76	33	50	17	91	45	36	84	10	54	63	8	
95	64	58	57	65	98	82	23	65	77	96	3	24	29	24	83	8	67	27	1	
94	83	48	10	22	16	75	71	2	12	23	38	79	90	50	19	4	63	63	33	
28	84	51	84	43	29	65	28	38	18	57	2	23	46	4	49	65	87	4	54	
21	57	27	60	62	83	35	50	34	17	23	10	2	52	37	95	48	71	71	83	
50	20	55	72	45	77	74	61	57	75	93	30	43	89	71	86	87	99	88	73	
56	94	29	33	75	65	74	70	3	13	23	87	17	78	23	51	29	43	90	31	
90	86	61	22	71	74	70	30	8	38	83	87	53	48	20	34	96	1	29	71	
6	77	20	77	21	33	53	48	21	28	50	88	17	15	70	81	45	43	59	5	
81	32	87	68	90	41	6	97	71	22	10	86	84	52	81	94	48	64	37	53	
55	26	23	19	47	45	28	84	37	88	95	27	78	59	63	67	16	51	66	57	
63	82	73	31	4	85	50	79	97	92	59	32	45	50	48	58	46	50	87	35	
48	67	53	15	72	32	69	14	59	71	50	2	92	25	20	47	58	94	87	77	
72	76	3	25	87	22	36	94	41	91	47	61	18	3	30	86	46	4	58	13	
37	9	78	67	38	82	95	3	75	56	72	32	84	13	41	53	64	82	67	66	
13	23	52	22	15	80	41	63	91	67	80	46	43	83	41	45	37	74	91	91	
18	14	10	89	53	39	48	10	37	83	92	63	3	81	89	97	41	49	25	67	
7	54	79	71	59	30	98	76	83	11	44	36	78	75	20	97	8	32	89	66	
51	91	32	29	9	98	94	99	33	24	37	22	99	34	94	25	46	97	83	53	
30	91	37	82	84	11	45	8	82	5	28	72	37	87	78	57	88	92	47	64	
57	82	57	52	82	17	60	18	49	49	95	22	86	4	96	8	94	56	49	70	
21	13	20	52	6	65	91	92	54	70	72	53	17	66	81	86	79	51	8	38	
96	60	9	76	21	25	95	11	1	9	15	37	73	49	19	7	50	36	4	32	
78	29	41	55	44	82	29	53	20	25	61	50	98	23	62	65	58	20	52	20	
30	34	44	62	1	44	73	14	49	21	18	24	91	53	67	87	5	1	38	80	
40	63	42	94	50	42	69	88	83	45	30	88	39	57	62	4	68	71	26	29	
61	56	6	68	79	19	13	91	99	55	67	2	88	34	66	90	25	36	14	95	
36	45	37	98	19	70	13	17	50	39	16	82	30	95	10	17	88	88	84	37	
60	44	95	50	17	40	46	32	83	38	48	89	18	52	27	56	92	29	60	61	
30	97	76	81	80	2	45	73	22	17	34	19	52	31	23	59	86	26	86	88	
68	96	94	25	83	88	99	95	18	53	88	97	97	35	38	12	21	55	92	91	
39	43	57	59	73	41	69	66	66	75	90	9	4	71	48	6	48	66	99	77	
81	25	4	88	51	79	24	32	43	48	8	77	60	1	97	7	53	64	74	10	
34	9	55	17	96	38	72	89	85	86	17	87	9	92	29	96	95	95	55	80	
21	88	15	89	61	8	41	36	55	57	98	27	74	88	72	13	38	86	1	85	
25	37	86	40	51	68	13	87	44	91	47	71	10	98	7	37	76	75	22	50	
76	37	22	61	78	14	32	74	2	20	38	53	54	97	88	75	98	26	18	28	
20	10	10	95	51	13	48	80	98	99	18	76	46	87	47	53	48	24	16	55	
42	54	59	4	22	36	49	59	71	8	33	86	51	35	50	18	66	80	76	33	
76	69	52	70	25	54	93	48	91	97	2	84	98	24	10	2	29	9	40	85	
22	16	63	32	75	89	67	83	61	65	93	58	19	59	93	12	9	48	5	92	
24	52	65	70	93	72	5	61	38	61	77	74	36	18	36	38	37	35	59	13	
23	45	78	72	90	35	57	11	24	45	41	31	68	43	75	94	31	59	30	49	
69	28	22	70	33	47	97	76	88	73	19	2	23	11	74	41	16	52	1	1	
32	83	85	15	57	66	95	19	97	59	42	82	98	34	81	47	65	98	16	22	
91	44	31	24	15	70	99	84	75	54	30	43	25	65	41	93	31	56	85	79	
64	60	66	32	62	91	9	5	17	32	78	50	13	25	78	28	35	41	39	73	
8	71	94	26	30	60	30	19	35	86	2	88	83	63	1	18	53	4	1	69	
5	72	94	39	29	35	41	42	3	58	50	28	10	28	90	62	4	96	94	45	
26	69	93	36	91	84	12	13	22	60	1	91	79	8	90	68	25	32	89	68	
21	69	60	23	37	33	58	94	40	71	1	26	65	57	7	88	6	54	37	41	
76	41	97	53	24	89	17	19	90	12	93	85	72	36	67	82	2	86	82	88	
62	43	30	20	24	40	83	87	28	16	83	79	83	17	24	57	53	35	42	72	
28	8	17	51	27	35	38	83	72	76	96	40	27	35	87	82	80	47	58	54	
42	28	29	53	67	45	60	38	17	24	54	14	42	96	18	96	33	57	12	53	
79	82	76	67	25	36	97	76	22	49	64	84	16	62	23	43	10	73	29	52	
95	2	64	28	49	90	51	31	27	5	96	73	8	70	43	19	78	94	6	61	
41	52	28	49	97	6	83	78	50	38	1	87	4	75	2	2	72	43	66	41	
22	96	70	73	2	96	63	68	44	29	75	99	41	4	71	97	22	58	98	42	
86	64	89	54	88	18	17	25	42	44	8	88	18	66	82	37	61	5	52	15	
9	18	93	57	31	89	13	56	2	34	29	67	75	67	57	90	30	66	79	86	
96	25	18	12	97	58	53	98	47	31	65	86	95	5	65	99	28	36	65	27	
37	61	3	39	28	49	8	63	40	21	81	78	83	55	30	27	25	35	72	43	
75	96	7	36	56	96	16	93	58	6	36	87	9	83	21	94	17	5	92	62	
64	47	34	94	55	44	75	26	47	69	97	9	22	15	25	43	79	66	93	9	
54	4	29	94	79	56	53	22	69	14	8	7	81	73	67	30	76	39	81	77	
94	50	62	84	19	86	13	14	84	50	62	17	57	70	43	79	96	50	40	60	
73	49	94	41	3	91	35	81	14	26	68	26	79	81	64	12	57	2	11	82	
24	46	12	87	16	87	72	50	90	49	92	1	73	68	40	36	71	60	8	45	
48	31	53	93	99	78	77	80	84	41	3	7	81	20	47	97	86	75	7	92	
71	54	90	87	71	22	76	90	65	98	78	23	62	21	49	77	32	72	40	37	
8	71	18	74	77	98	97	21	34	94	31	66	36	76	86	15	27	47	80	28	
91	93	60	14	51	96	62	54	38	8	65	75	91	51	32	97	62	74	10	35	
30	42	25	12	61	43	3	29	59	71	74	99	94	93	85	22	16	4	96	74	
63	43	35	42	56	27	64	16	19	4	52	17	55	57	64	41	8	94	30	27	
42	11	28	83	49	11	9	52	64	24	49	65	34	52	2	36	82	34	82	93	
63	7	14	48	97	15	20	48	20	86	31	57	11	70	53	82	63	24	2	9	
14	77	14	33	59	23	86	8	7	97	95	25	46	68	3	11	51	32	57	98	
24	87	39	23	56	44	10	29	76	72	59	99	89	25	79	56	34	54	83	57	
25	31	61	28	50	35	49	86	21	63	38	38	28	81	56	74	27	15	99	78	
64	64	96	34	23	65	30	94	31	62	55	39	90	36	79	49	88	21	1	60	
19	2	19	87	25	64	56	16	30	56	74	16	32	66	47	23	54	38	45	81	
11	76	35	57	14	7	98	58	10	2	30	20	61	81	51	43	88	48	83	4	
31	30	27	51	18	14	67	77	31	20	98	28	14	39	28	69	63	23	11	56	
94	18	24	51	77	72	83	79	76	58	50	43	52	84	97	21	95	4	30	12	
11	27	60	21	64	9	6	80	66	54	52	67	57	74	95	45	2	87	57	47	
31	33	41	94	73	60	72	89	69	96	33	41	55	16	96	24	68	56	15	52	
7	60	8	43	42	40	74	92	75	76	12	73	72	27	12	67	34	86	80	46	
76	20	90	82	37	80	67	77	16	66	68	95	26	89	4	62	30	46	11	85	
50	28	78	62	9	8	85	24	28	81	98	7	87	62	40	54	35	54	29	99	
78	40	52	71	25	78	15	30	32	91	77	18	84	70	87	93	29	55	59	76	
12	49	48	16	7	78	37	74	36	11	32	82	13	89	22	94	61	53	59	76	
92	35	64	85	42	71	62	25	3	66	96	90	94	88	94	43	69	84	58	67	
35	60	23	97	56	43	3	31	50	30	2	61	88	4	85	86	98	37	21	88	
86	51	35	81	48	81	50	84	43	64	2	55	35	55	44	90	30	42	89	97	
65	13	50	68	32	84	71	20	36	12	79	94	17	32	79	19	98	5	71	62	
32	63	84	61	47	85	33	84	37	43	51	63	37	94	61	8	65	31	75	84	
42	81	47	30	13	47	7	21	30	20	62	27	68	90	44	13	87	79	21	80	
64	15	22	48	55	58	33	18	63	61	70	82	14	69	29	57	78	49	63	59	
87	78	68	53	22	21	39	37	83	5	37	53	80	41	9	24	67	75	13	64	
36	55	50	19	58	38	25	17	99	4	66	57	70	22	84	44	90	92	46	64	
70	69	3	56	39	21	90	15	76	7	90	36	25	58	27	96	87	88	31	25	
44	89	4	87	37	81	47	29	8	8	66	24	87	19	38	20	73	65	14	94	
46	2	2	51	4	80	35	25	21	61	39	73	63	3	32	76	5	75	42	63	
40	33	17	49	85	39	56	49	2	1	95	90	95	99	27	53	79	93	29	10	
88	38	35	33	91	49	80	2	47	12	96	29	85	98	38	74	22	54	65	27	
24	67	25	80	4	27	94	14	93	37	82	61	26	35	99	47	46	53	46	92	
95	88	85	36	76	97	89	34	61	27	70	13	25	20	60	94	7	3	75	28	
17	11	91	91	77	13	11	41	25	49	98	28	41	91	29	18	75	90	50	66	
77	60	71	42	70	26	30	14	97	31	87	22	56	81	70	14	94	65	41	12	
13	87	75	42	31	96	90	38	79	99	21	9	51	95	63	27	8	67	33	70	
27	7	92	44	49	77	54	41	37	31	57	36	74	35	87	17	69	68	81	84	
20	10	22	3	70	14	35	56	70	41	39	50	7	16	99	71	68	93	98	89	
72	84	23	65	58	66	14	87	21	60	57	72	59	73	94	89	32	34	74	96	
72	58	87	87	2	30	60	8	17	86	80	78	76	40	95	29	93	77	4	41	
7	15	19	42	91	4	1	13	39	15	60	87	12	42	88	70	37	12	73	81	
31	78	95	25	31	49	30	32	96	72	77	17	5	64	11	63	46	81	20	17	
6	54	70	50	67	32	23	38	96	12	83	51	81	54	60	51	29	6	73	55	
62	73	25	3	51	29	26	30	83	48	55	48	50	89	75	78	4	80	41	81	
21	71	78	98	70	66	13	78	68	41	71	58	70	14	9	41	42	19	1	64	
98	11	29	55	1	95	42	43	65	53	63	42	8	19	94	34	33	26	9	30	
55	26	63	76	83	43	58	26	29	33	18	13	17	41	82	87	93	88	33	94	
81	32	81	14	13	74	10	92	37	13	26	33	5	68	83	20	46	24	76	99	
22	59	4	50	97	73	79	95	70	21	5	55	63	12	57	42	50	44	50	38	
84	68	63	14	38	18	61	77	86	33	33	59	88	74	32	78	35	7	3	33	
83	86	12	28	6	2	22	24	93	24	85	58	8	98	39	99	85	61	24	13	
16	61	71	53	55	44	19	24	52	5	55	54	91	18	1	90	85	23	77	8	
70	2	32	70	74	74	90	22	85	26	90	68	27	14	4	80	5	25	30	41	
8	93	61	14	60	85	15	97	63	15	97	92	68	50	49	16	82	29	77	13	
83	77	78	62	96	10	13	90	79	60	72	11	93	66	64	70	66	1	93	79	
79	26	24	32	34	34	46	64	66	61	78	4	33	21	98	87	83	81	50	86	
77	84	1	40	31	77	28	82	90	11	71	44	62	24	70	27	69	6	71	12	
88	34	92	30	94	98	57	16	29	77	41	23	56	18	14	62	78	46	39	11	
23	7	77	75	19	85	20	34	36	7	24	78	49	73	41	29	38	95	56	93	
59	57	78	4	30	73	57	39	25	56	1	17	62	14	35	34	40	7	26	57	
52	69	45	14	77	69	63	37	40	33	93	46	80	97	26	87	72	50	19	56	
91	55	38	65	14	98	65	58	99	91	14	56	93	13	23	93	36	76	19	94	
85	71	61	73	84	87	18	82	14	40	36	27	33	55	97	21	91	68	83	61	
56	64	76	40	96	45	89	20	23	15	89	42	67	11	47	53	43	30	58	48	
41	19	88	92	37	30	45	50	17	66	99	33	47	59	79	69	51	66	24	20	
66	66	75	23	84	90	36	38	13	42	23	96	2	56	1	19	26	22	66	22	
19	76	20	42	95	26	58	56	9	62	49	48	28	76	98	80	46	89	5	58	
32	57	57	91	98	9	46	98	50	33	67	5	35	21	46	30	8	28	17	65	
75	10	34	87	3	58	1	61	68	25	27	22	24	19	74	47	93	21	40	52	
97	31	76	72	10	63	73	18	70	42	31	12	19	74	92	45	18	84	43	11	
73	51	73	12	90	87	63	30	6	29	43	25	86	49	39	95	95	3	95	3	
54	61	47	63	61	10	84	55	34	95	9	80	95	66	8	87	22	37	77	58	
14	56	64	91	68	81	23	50	53	79	97	56	14	91	82	38	84	60	14	79	
44	93	98	18	71	4	89	85	85	54	45	1	52	15	56	49	29	90	17	13	
50	72	63	30	85	51	22	8	26	57	31	6	74	47	38	77	50	36	74	20	
35	43	61	79	13	9	14	26	84	98	28	60	64	1	70	50	88	74	23	91	
84	23	32	48	82	85	68	11	85	77	12	78	7	17	94	66	47	28	82	72	
84	94	84	72	78	21	91	18	25	11	13	65	13	68	56	48	61	5	54	74	
42	78	49	29	19	8	81	86	64	52	50	69	13	31	36	29	83	29	94	15	
79	20	88	53	25	92	90	71	35	64	79	24	87	30	26	15	73	58	29	15	
30	51	50	21	85	23	50	14	81	59	45	96	19	79	19	32	90	83	66	13	
59	87	46	18	4	61	79	53	52	28	17	78	68	83	61	60	51	51	18	10	
77	88	99	94	95	79	42	29	38	21	60	92	26	61	81	16	74	43	41	41	
25	87	92	57	61	95	9	46	89	61	47	4	87	27	15	18	41	24	65	25	
52	71	93	58	57	37	29	79	94	81	37	51	39	24	74	80	48	25	60	63	
17	60	68	80	34	30	39	54	73	31	68	50	77	89	33	83	8	31	53	71	
66	24	90	32	29	37	51	32	28	96	32	24	79	22	33	31	48	86	18	64	
90	32	99	88	16	21	92	68	67	23	40	56	99	56	20	9	9	42	82	43	
55	25	84	67	57	82	10	45	69	29	90	87	73	75	78	73	26	1	30	39	
56	55	95	99	11	5	36	84	77	66	96	1	43	14	23	57	61	42	91	14	
43	27	93	39	88	20	94	90	25	50	47	49	29	36	46	69	26	32	49	38	
16	53	95	41	62	55	96	85	40	65	87	30	24	87	58	11	81	41	10	78	
88	82	93	78	72	37	37	35	78	41	62	24	86	58	49	52	43	32	4	71	
68	81	30	90	73	60	9	71	83	27	51	26	48	98	62	34	6	94	35	66	
9	76	73	74	38	53	95	73	70	15	85	58	60	83	70	89	62	31	69	66	
7	79	22	73	94	89	93	49	81	9	27	37	65	17	76	96	98	22	48	97	
89	62	27	18	58	28	82	27	67	25	55	17	48	17	91	12	77	35	70	81	
85	42	21	19	6	84	63	77	81	63	86	66	3	24	62	49	39	37	56	2	
74	9	78	22	86	68	3	87	2	2	23	19	36	25	44	89	93	38	16	77	
80	90	63	74	70	38	67	74	12	93	6	15	77	84	47	55	81	80	65	93	
32	48	27	73	83	47	44	24	2	76	17	35	74	30	98	68	10	32	66	46	
20	48	64	68	76	96	63	68	79	11	62	77	90	21	3	84	12	66	89	2	
10	36	39	64	23	22	85	46	96	21	26	41	38	15	84	68	80	28	26	89	
6	32	46	38	55	56	15	18	37	2	68	3	6	95	55	57	70	23	86	55	
65	11	59	63	73	68	40	19	8	96	28	23	71	32	38	26	65	77	75	65	
9	37	90	9	84	68	31	80	43	1	34	98	7	95	26	44	68	52	26	29	
80	66	58	50	68	12	31	41	16	99	40	47	10	23	83	2	51	12	27	78	
50	39	30	27	69	58	30	40	94	70	55	6	33	34	1	29	73	85	89	37	
58	24	11	7	54	69	98	68	15	18	1	73	82	34	49	45	60	71	19	36	
59	92	63	61	5	39	34	92	44	84	46	19	6	44	34	19	90	54	4	93	
96	19	4	62	16	98	35	9	46	96	89	41	3	53	5	7	43	59	34	52	
21	49	5	43	25	40	2	79	98	18	90	66	22	89	83	18	9	57	1	23	
47	84	80	92	94	49	54	56	6	10	69	94	29	39	39	17	44	82	52	16	
92	64	68	75	27	38	82	91	99	49	30	49	45	74	77	54	42	42	9	26	
53	48	7	85	74	24	93	99	46	30	68	78	18	62	68	12	52	16	39	12	
12	27	78	94	77	94	11	16	81	57	82	30	60	66	7	63	46	90	83	3	
73	30	78	46	54	45	42	67	50	12	86	79	52	59	71	24	41	62	56	94	
83	84	13	89	4	1	24	45	18	38	92	87	27	21	55	24	14	10	59	38	
77	55	52	77	10	28	3	48	88	85	35	32	52	78	56	23	71	22	10	26	
44	79	78	70	63	28	18	43	40	16	13	18	1	12	60	61	56	28	38	32	
33	59	13	99	22	56	88	51	59	43	12	74	64	42	64	15	97	68	30	61	
12	88	15	5	92	87	32	64	44	68	14	93	43	68	3	92	63	99	9	99	
67	14	70	38	96	69	47	38	6	44	2	63	38	17	96	97	37	30	79	97	
13	73	36	1	46	87	61	35	76	55	32	90	9	26	25	39	46	16	92	11	
16	49	87	60	63	55	12	96	21	22	13	46	81	81	80	71	27	78	89	74	
97	32	96	51	2	7	6	78	1	51	38	51	19	67	87	89	62	19	32	4	
43	86	38	73	53	43	94	77	29	94	38	87	92	6	61	9	70	25	41	33	
27	59	90	32	61	69	47	16	44	89	51	22	8	87	55	20	14	26	95	42	
53	75	96	77	62	13	5	92	49	87	54	53	78	39	27	76	47	16	57	30	
50	13	83	57	28	27	60	1	31	8	69	38	57	53	6	73	39	57	25	34	
81	41	64	71	90	1	93	59	40	56	52	49	55	96	61	17	24	44	44	10	
56	84	74	93	58	45	49	30	89	4	41	65	15	70	83	91	79	72	10	8	
58	30	15	17	66	17	40	7	25	20	92	16	25	63	39	83	30	60	54	30	
12	83	91	21	8	99	22	97	47	92	63	99	81	64	72	5	23	9	93	38	
67	72	87	64	53	67	62	37	5	96	96	82	37	91	37	35	26	92	84	47	
75	16	13	65	45	76	94	9	98	74	17	23	94	59	7	77	40	31	11	37	
72	39	94	23	30	84	57	46	41	52	69	77	32	12	85	84	43	72	1	53	
98	79	25	72	58	78	22	55	68	7	24	13	79	64	14	12	87	86	52	91	
34	18	72	1	65	60	82	90	27	47	52	87	61	53	53	3	19	65	1	73	
5	57	12	48	32	37	65	39	39	83	43	12	93	72	83	5	7	60	72	68	
6	84	57	89	58	88	57	28	43	95	6	83	95	61	54	80	93	11	3	19	
47	27	69	50	18	35	87	55	71	20	94	54	46	57	68	61	92	45	13	67	
7	82	96	14	73	12	99	94	84	27	28	93	9	30	93	48	9	63	67	94	
56	65	59	34	73	28	85	34	3	44	17	39	93	79	25	70	51	15	68	29	
85	18	87	31	50	73	97	52	79	56	97	42	42	35	46	48	71	48	50	63	
56	70	85	63	93	79	41	35	26	90	52	73	30	6	72	26	33	97	81	7	
49	49	51	90	90	80	7	86	78	58	54	32	57	73	55	64	7	14	87	65	
76	75	11	69	16	98	19	99	51	12	67	62	46	19	92	15	49	68	62	92	
94	87	30	49	41	69	84	64	38	52	6	96	66	17	75	11	92	95	10	98	
32	86	99	66	7	81	86	60	46	81	3	58	76	53	58	53	74	34	51	89	
3	4	30	40	39	76	48	40	72	86	72	99	35	56	40	71	72	88	88	53	
92	12	90	30	36	64	63	5	60	11	51	65	23	18	89	85	23	34	99	56	
22	46	78	3	51	20	70	30	94	35	52	93	82	70	57	4	47	18	16	92	
30	6	4	22	29	82	11	95	29	77	73	4	67	41	47	34	7	41	95	95	
34	52	26	61	93	79	6	29	38	97	32	35	51	88	48	89	57	23	14	12	
50	14	79	84	91	28	41	49	60	47	39	25	55	11	53	10	85	75	8	6	
97	79	72	72	24	93	43	97	55	6	14	53	63	61	3	48	37	49	69	29	
1	29	45	74	34	22	71	70	1	11	6	84	69	27	43	74	79	19	66	82	
76	36	25	13	28	53	95	96	2	39	85	80	53	42	76	5	52	35	16	50	
65	49	14	68	57	92	95	36	83	28	18	75	80	57	51	61	85	36	80	83	
44	19	89	36	73	6	19	74	99	37	16	33	86	70	15	14	22	19	27	79	
33	46	18	16	37	51	95	47	60	72	51	16	77	2	25	57	51	5	77	47	
75	57	94	80	57	68	62	25	83	36	79	53	59	64	7	40	24	42	55	94	
60	36	72	49	74	86	82	31	7	84	77	85	84	61	74	30	50	49	80	61	
16	64	41	33	25	37	44	87	25	88	23	3	75	17	77	92	67	64	96	71	
97	58	63	55	41	54	68	94	22	34	64	31	55	13	44	21	28	83	12	98	
32	92	86	50	79	19	72	7	42	13	49	17	9	1	3	23	66	82	87	66	
13	60	78	95	92	80	67	44	94	85	9	18	47	92	30	89	29	59	30	3	
46	98	64	34	63	51	79	57	88	27	39	10	45	75	57	67	79	53	33	58	
88	90	58	88	77	66	31	51	61	68	96	44	82	80	14	18	12	16	3	28	
46	13	23	70	24	44	7	10	22	9	11	44	5	9	2	55	39	32	62	43	
99	93	87	46	14	3	14	86	42	60	96	7	83	99	37	66	38	43	2	39	
86	11	15	11	70	15	99	66	56	45	95	47	46	93	88	73	58	2	27	87	
72	17	11	65	53	90	71	96	56	65	87	23	96	15	4	91	44	49	36	70	
60	2	93	25	90	42	55	46	93	99	59	91	55	81	11	80	16	25	14	33	
34	16	82	79	33	63	83	48	22	14	13	18	89	35	17	11	2	28	15	32	
56	11	64	1	74	15	84	27	40	80	47	26	8	14	72	79	34	89	4	68	
27	75	52	60	92	21	21	20	32	51	64	54	37	36	39	39	46	41	41	82	
1	76	49	2	95	94	13	44	97	15	59	66	20	65	97	52	23	69	54	41	
19	29	69	82	87	67	26	60	23	48	8	26	83	69	91	62	99	5	32	46	
78	50	91	82	90	79	14	47	45	34	64	40	78	90	68	44	17	84	15	42	
85	87	34	40	78	56	45	88	7	8	28	13	88	95	85	84	65	77	83	3	
29	5	92	60	14	80	68	13	90	57	38	91	52	76	88	6	86	71	72	36	
82	77	67	19	98	38	72	67	1	80	11	77	53	11	74	20	9	56	47	16	
34	43	74	40	68	94	60	7	14	88	32	36	78	6	89	92	35	57	31	49	
85	78	20	30	4	22	41	17	30	91	54	34	27	89	49	46	18	87	59	29	
77	23	78	99	27	96	2	15	86	19	80	79	43	21	57	23	75	46	20	22	
27	70	8	95	12	34	32	95	14	62	16	60	97	26	61	12	46	68	83	15	
93	79	89	31	30	25	85	18	68	29	34	84	32	95	95	83	83	1	36	2	
4	92	79	88	7	89	26	35	33	52	83	77	60	84	70	3	33	68	92	79	
94	58	1	30	62	78	77	32	99	5	23	99	67	14	21	5	44	43	13	8	
70	95	21	36	45	67	80	23	75	95	81	75	70	57	32	61	14	50	83	25	
72	50	98	58	17	28	31	98	55	58	57	45	22	59	85	76	64	51	24	44	
10	16	80	70	21	91	37	57	68	52	13	1	73	29	13	66	97	98	21	66	
93	41	89	40	36	16	38	36	93	48	48	47	23	98	35	36	78	64	19	71	
89	40	37	46	31	23	61	42	88	56	22	1	23	41	36	60	43	56	8	5	
66	59	48	37	35	80	12	42	86	17	76	37	25	85	94	1	32	3	87	32	
1	91	86	99	12	45	20	51	55	81	96	23	72	75	62	47	98	62	97	61	
91	32	5	62	4	73	96	57	20	28	76	7	77	62	86	59	39	78	55	35	
68	9	74	81	60	76	74	38	98	7	99	66	52	28	92	32	37	2	26	57	
98	48	60	63	95	90	14	81	88	7	56	10	61	69	82	26	35	29	15	94	
53	42	46	33	31	66	25	8	21	82	32	96	28	2	17	27	65	60	81	66	
55	32	30	49	95	7	33	50	62	92	59	31	13	60	84	39	1	44	81	28	
33	45	37	21	25	15	68	48	28	20	22	16	39	99	79	6	16	81	7	2	
64	13	27	84	63	19	82	61	41	99	38	7	33	28	34	28	65	5	84	5	
59	84	90	35	49	90	2	7	48	65	57	78	19	25	83	23	19	36	29	82	
41	10	64	35	66	87	84	66	83	74	76	1	67	29	59	30	3	27	90	57	
4	45	7	32	64	55	41	37	29	97	33	81	95	89	29	80	58	91	21	37	
70	20	4	66	92	97	22	8	24	67	35	38	74	23	47	62	95	16	55	46	
77	51	24	43	8	94	90	88	18	25	46	93	75	24	70	59	8	92	93	77	
46	13	19	7	36	14	42	23	66	10	27	96	77	9	51	52	89	18	7	79	
37	82	34	38	6	59	26	63	21	85	9	50	8	1	22	97	47	45	25	18	
86	29	5	60	78	48	83	93	59	92	30	50	90	77	29	26	25	86	63	87	
70	9	22	37	57	8	18	21	48	62	99	5	26	55	79	35	60	9	12	57	
44	90	8	75	36	34	43	66	56	57	25	71	28	61	9	51	52	52	78	64	
64	22	40	90	11	58	88	46	36	95	47	31	78	23	81	6	14	92	61	16	
80	10	94	76	98	3	64	10	54	89	66	90	1	95	90	34	24	95	16	46	
51	76	18	6	7	40	90	68	47	6	38	84	35	73	2	93	20	60	5	28	
35	13	44	42	48	67	66	47	10	18	89	12	86	85	77	75	76	31	67	66	
42	40	99	36	17	66	25	38	63	23	66	25	74	56	67	35	78	39	51	92	
67	60	81	50	54	19	96	33	47	24	40	80	86	79	39	81	79	93	82	55	
30	44	6	21	59	92	86	63	47	22	2	83	54	50	13	90	96	36	66	74	
85	85	33	67	54	17	22	87	35	52	43	13	58	43	99	36	84	35	49	95	
91	45	43	86	85	3	46	92	92	64	98	97	64	24	65	60	97	64	85	69	
52	28	17	8	16	1	45	94	52	33	95	79	34	50	71	17	35	22	90	40	
52	90	27	1	64	82	52	69	55	43	36	94	58	92	61	63	5	62	59	20	
73	76	65	38	76	91	52	46	34	2	2	44	19	69	2	83	77	46	3	81	
46	93	48	84	38	11	79	29	59	40	79	40	67	94	88	72	7	41	23	91	
72	24	78	42	69	17	98	49	98	38	21	58	73	65	69	9	35	33	18	79	
46	6	65	80	58	55	93	56	93	81	89	28	94	60	68	99	10	15	8	1	
33	23	10	42	23	26	17	89	51	2	71	19	67	99	93	72	80	66	5	45	
88	10	30	76	8	72	59	6	83	8	45	43	94	99	63	46	63	55	77	3	
42	47	76	74	53	22	63	45	77	73	39	66	28	40	91	13	72	9	89	78	
65	5	43	83	4	11	72	65	45	45	10	72	27	87	17	4	72	41	93	33	
96	61	10	28	28	96	92	64	11	8	40	62	61	80	57	30	88	36	24	67	
4	7	41	77	78	32	23	87	21	85	25	67	95	55	28	11	89	21	20	8	
98	99	36	28	12	71	60	90	85	93	99	99	55	60	70	45	28	76	68	36	
32	50	15	86	41	19	96	75	96	66	33	73	74	98	50	70	89	78	48	79	
38	41	76	83	99	42	65	58	67	10	71	83	68	94	45	26	6	53	16	57	
15	1	60	43	29	12	99	16	99	67	35	7	98	75	27	18	20	4	65	46	
42	6	98	92	28	40	14	24	68	1	79	67	93	8	1	49	16	34	47	13	
82	69	57	88	27	34	18	79	80	8	79	93	59	29	59	50	41	73	44	22	
20	42	79	96	63	82	24	75	44	50	1	39	7	75	70	41	90	90	14	20	
30	34	86	36	80	33	10	73	69	46	74	60	55	95	1	9	40	36	69	58	
80	32	14	97	77	46	50	81	65	60	70	67	99	74	38	60	28	61	50	2	
8	72	67	84	79	22	23	46	22	92	47	85	49	42	83	18	32	1	92	28	
33	95	44	28	3	35	53	4	80	44	26	6	86	30	5	37	5	17	24	28	
86	91	37	96	34	32	54	56	40	26	15	2	85	88	81	82	36	37	22	56	
73	5	30	78	65	64	86	66	50	19	75	48	98	83	90	80	75	42	16	95	
4	72	53	26	22	70	28	90	79	16	6	60	4	50	98	41	37	79	37	20	
44	3	43	79	5	38	28	80	72	2	3	47	57	53	66	24	48	13	23	85	
94	19	36	8	21	81	13	42	31	48	97	46	21	83	88	70	31	33	42	90	
79	30	93	45	70	47	30	21	78	25	1	80	27	9	13	44	37	85	2	56	
5	5	30	97	26	16	71	44	91	65	91	55	12	33	14	52	44	94	44	43	
35	54	91	62	4	63	10	65	19	40	37	83	51	49	19	27	9	92	43	4	
79	43	11	71	41	8	34	59	11	4	25	20	48	88	21	96	37	73	67	18	
92	11	37	51	95	44	67	87	28	45	51	26	71	89	1	88	95	40	69	80	
37	44	12	81	56	55	10	25	19	43	98	2	42	52	64	15	95	16	97	36	
51	45	40	66	28	41	35	6	65	6	81	60	24	49	63	59	5	20	73	63	
27	91	86	68	9	9	28	54	42	57	56	29	53	3	48	55	91	49	54	74	
93	66	76	64	2	18	59	86	46	86	25	7	19	53	82	19	90	15	82	76	
58	23	5	27	15	68	9	99	88	78	74	98	84	76	6	91	36	13	97	96	
42	99	69	27	37	73	12	8	46	92	27	16	2	32	30	88	29	28	53	85	
26	9	76	32	98	76	66	61	26	60	1	28	62	42	9	70	7	15	66	40	
88	52	5	33	60	68	35	76	90	12	4	71	94	33	16	80	53	98	1	24	
99	51	6	18	83	35	41	62	35	52	12	73	91	95	8	13	56	79	47	55	
7	83	81	95	70	59	16	4	27	63	95	54	23	39	75	6	89	41	59	2	
13	75	80	17	84	11	69	71	45	76	10	89	92	51	2	73	9	8	70	10	
53	78	84	53	90	43	88	31	74	59	50	66	13	86	78	29	57	77	70	47	
14	36	89	46	66	58	75	92	50	14	45	59	25	42	46	50	31	46	48	39	
37	29	97	11	90	4	79	22	55	63	38	7	83	97	73	93	60	87	8	22	
16	28	74	65	89	42	3	99	8	94	73	71	86	28	80	64	86	59	29	60	
81	25	42	44	7	64	67	2	10	63	99	5	12	14	64	92	58	54	24	82	
15	99	8	75	38	74	72	34	21	97	43	57	97	8	99	78	70	5	97	41	
60	47	48	60	26	48	89	55	93	44	23	8	80	36	12	97	16	23	42	3	
97	78	7	80	24	47	71	55	92	50	12	85	64	39	46	85	29	23	95	21	
21	66	60	9	63	43	68	86	51	71	54	31	6	76	76	47	38	66	65	49	
25	97	77	10	81	79	78	54	74	44	1	9	21	64	40	48	57	24	80	93	
83	52	68	56	14	78	78	27	74	78	34	58	52	6	82	90	81	48	29	17	
99	31	90	88	32	69	13	12	87	44	70	69	61	40	41	89	75	87	10	41	
25	85	75	9	92	99	34	5	40	61	76	97	22	18	21	83	51	5	73	15	
15	37	81	68	37	47	21	22	26	19	37	62	42	79	31	53	94	67	61	31	
41	77	91	1	46	53	20	65	34	80	62	98	29	95	77	46	76	25	54	20	
83	2	97	15	34	40	90	71	42	60	13	51	75	92	44	6	54	98	84	60	
91	95	66	30	54	80	42	58	47	64	82	25	51	80	99	73	66	36	86	68	
51	96	57	47	44	42	97	69	16	29	83	43	95	40	16	4	49	15	79	63	
30	94	42	56	11	14	21	67	63	26	98	75	69	54	83	4	53	99	12	22	
81	36	54	44	72	90	87	38	3	86	14	20	11	85	64	12	31	73	9	73	
8	56	51	53	79	79	3	6	19	79	40	75	83	24	6	42	9	15	4	82	
38	45	90	91	82	45	76	62	60	46	83	23	39	65	14	85	93	80	43	40	
63	33	32	14	39	10	16	68	49	67	32	9	10	9	73	40	48	19	1	56	
31	32	33	98	54	77	2	84	61	29	56	96	18	52	33	98	46	26	35	5	
93	95	83	19	8	55	49	29	17	93	54	21	60	44	16	34	9	8	73	89	
60	62	12	64	21	67	83	71	87	20	80	86	3	31	18	38	52	28	23	26	
7	95	51	58	45	13	63	13	17	58	36	65	5	80	1	35	19	48	19	45	
27	51	44	99	93	98	37	21	97	36	21	97	42	86	98	45	66	78	73	72	
48	24	40	3	39	49	34	3	66	5	69	13	12	94	84	82	39	11	89	46	
31	51	88	13	57	72	99	39	88	99	17	2	33	84	80	20	42	96	44	62	
24	82	62	43	73	39	33	22	74	66	70	21	72	8	93	43	91	92	54	70	
58	46	35	40	57	13	1	63	25	16	82	9	64	69	18	80	23	87	88	60	
89	58	17	77	73	6	23	60	95	31	57	47	4	3	38	79	65	66	85	2	
30	63	20	42	62	91	55	47	58	55	24	88	32	64	15	76	19	11	83	38	
25	7	95	56	38	67	7	62	59	95	69	35	36	60	51	61	5	14	83	42	
57	73	80	52	8	54	92	3	28	50	4	52	45	79	57	57	56	54	92	82	
99	38	27	86	52	91	86	67	84	40	12	38	80	87	67	44	82	84	27	69	
51	15	29	78	26	47	20	89	37	88	18	86	5	20	82	7	20	8	60	63	
4	13	43	87	73	56	69	14	77	2	37	17	72	62	30	97	50	48	59	67	
39	13	74	73	49	59	5	75	15	20	26	52	69	14	75	19	62	52	37	57	
71	42	88	10	8	12	94	87	4	59	48	81	8	80	24	90	67	60	5	93	
44	7	57	41	99	66	2	36	57	62	92	26	2	30	93	40	8	49	31	30	
82	95	50	99	68	61	99	39	50	17	43	94	49	9	48	38	20	29	11	20	
51	87	30	21	64	78	7	28	53	21	69	10	91	12	27	67	31	39	5	72	
47	12	23	34	5	31	12	50	60	1	86	29	20	44	11	95	13	91	31	19	
60	40	58	11	40	3	37	4	86	10	12	92	64	19	92	96	15	44	83	89	
62	21	9	96	21	60	70	55	57	61	12	83	75	83	68	19	48	99	31	8	
10	85	65	57	68	98	49	91	21	80	19	67	73	67	51	33	96	79	12	54	
66	67	43	21	79	90	88	23	42	76	55	53	58	90	78	71	79	2	30	56	
93	39	92	96	50	55	84	27	70	59	8	2	66	80	61	57	86	67	30	12	
58	43	55	89	73	65	35	95	80	68	22	55	38	79	99	94	56	40	74	41	
48	70	5	57	42	59	50	44	43	81	23	75	37	49	65	44	77	62	90	38	
8	25	55	77	91	29	57	76	61	18	80	16	20	98	16	31	36	53	37	59	
28	66	19	9	30	84	22	22	76	49	69	61	58	91	5	39	25	76	1	61	
47	22	59	69	59	43	27	85	47	97	94	7	52	19	88	4	94	77	52	3	
59	9	67	79	85	74	91	84	42	76	85	69	98	24	62	94	20	19	93	35	
34	20	44	20	61	98	25	57	97	95	79	42	98	35	49	55	2	68	83	82	
77	46	90	21	12	37	35	60	40	51	40	46	12	35	47	55	32	31	38	65	
12	44	24	74	47	38	50	8	75	59	91	30	2	67	12	40	88	11	20	15	
42	83	63	34	54	47	15	98	75	6	62	29	20	69	98	11	43	42	77	3	
34	20	73	49	16	86	66	50	40	36	54	81	28	71	29	69	91	51	1	59	
34	75	48	46	10	55	16	36	6	84	7	60	63	14	30	89	54	14	92	78	
84	41	70	59	84	84	74	70	14	27	6	76	83	57	69	21	80	25	78	13	
39	17	85	52	6	93	10	28	83	23	48	53	48	95	95	25	81	7	6	11	
67	48	75	14	34	31	20	55	36	42	87	82	28	6	30	1	62	99	7	65	
5	51	12	2	64	5	53	30	70	35	2	14	57	75	98	63	26	44	12	55	
88	8	39	60	41	30	29	79	91	63	57	32	51	3	82	57	74	15	62	7	
86	82	8	54	45	57	14	40	33	4	80	26	60	63	25	39	30	84	38	15	
10	2	46	83	87	43	77	50	30	13	36	58	47	75	42	57	52	33	1	89	
64	85	78	77	78	87	29	88	29	78	85	84	90	25	3	3	14	3	38	15	
86	21	82	69	53	52	93	3	56	31	85	81	58	24	81	19	80	99	36	54	
54	32	71	17	66	30	1	96	59	75	23	87	9	5	8	98	88	69	21	20	
91	67	41	15	87	23	83	60	9	57	20	58	6	81	62	91	27	2	59	2	
90	20	12	6	72	64	11	80	18	93	51	89	54	48	85	11	59	47	1	17	
17	58	56	99	66	79	98	42	19	18	44	79	3	59	6	7	55	43	86	29	
91	8	85	45	94	68	79	20	11	26	67	1	63	38	10	55	2	87	88	51	
50	42	65	18	26	79	25	32	47	20	25	32	41	8	92	70	22	13	31	21	
13	54	39	30	16	71	44	75	59	85	12	55	81	28	77	34	24	32	10	22	
45	17	12	55	80	5	11	1	4	53	94	15	70	87	92	21	50	72	19	90	
70	65	19	39	35	18	82	67	91	30	21	21	53	89	28	41	8	23	52	25	
64	53	68	33	20	48	24	92	49	95	86	5	49	34	30	41	89	43	26	86	
56	54	42	73	82	38	50	8	2	1	95	82	87	63	94	31	32	24	49	66	
5	31	96	99	91	13	34	53	81	26	98	86	80	46	72	27	53	97	48	49	
28	91	91	61	13	24	64	91	7	62	7	63	14	13	91	35	77	34	93	14	
6	74	39	89	57	13	36	28	93	46	91	39	30	60	62	7	39	64	11	26	
82	78	53	9	84	9	13	44	68	49	38	19	14	89	28	42	13	26	74	27	
38	96	40	24	37	89	97	10	22	4	15	68	25	50	65	27	30	30	94	40	
11	19	70	11	16	57	92	19	8	20	50	74	31	3	53	30	61	72	60	18	
76	48	99	82	36	20	41	46	74	24	66	9	31	21	62	87	80	56	7	21	
34	94	47	24	24	60	81	58	96	20	81	27	73	95	37	57	49	93	99	93	
45	79	55	18	41	47	54	94	33	51	87	75	17	13	68	30	74	97	74	85	
20	52	64	85	43	31	42	9	31	40	79	99	82	22	79	6	33	1	60	32	
57	98	97	37	14	1	37	47	49	89	75	67	91	10	79	93	73	29	76	79	
81	95	39	95	30	18	57	91	85	1	62	51	94	42	48	86	16	51	96	34	
24	44	23	34	53	40	71	3	8	53	46	37	32	58	56	16	43	71	98	70	
54	81	13	54	44	14	90	30	46	19	14	49	80	11	51	93	32	11	52	16	
51	57	2	78	47	89	33	93	81	27	11	11	84	89	36	94	62	38	25	3	
62	23	70	52	10	78	88	31	35	1	7	87	63	82	42	26	26	16	87	66	
15	67	95	62	98	86	25	77	64	26	95	64	52	48	72	7	8	75	61	6	
53	2	86	25	63	60	8	27	98	28	60	71	21	14	51	48	6	48	43	60	
22	76	93	2	39	40	46	76	81	66	87	56	62	23	18	84	28	10	86	56	
28	81	11	49	82	28	69	69	95	62	26	52	67	80	53	28	76	12	35	25	
45	57	84	94	17	83	93	76	91	40	12	18	11	93	21	39	93	11	37	2	
41	33	76	13	87	16	54	84	52	38	7	20	20	93	61	14	58	21	79	61	
45	50	61	38	76	48	91	84	54	99	39	1	98	77	71	54	28	50	24	36	
87	59	47	30	34	58	24	78	7	84	9	52	40	27	59	72	85	90	43	30	
72	74	54	95	7	28	54	39	94	42	32	76	35	79	62	25	25	74	74	33	
70	37	89	13	83	47	73	3	34	33	19	20	63	51	55	92	87	30	41	81	
46	34	95	26	81	65	78	76	38	4	9	97	35	56	94	58	40	75	18	36	
48	49	78	4	52	86	12	76	45	42	17	50	5	64	77	31	45	50	44	56	
26	47	19	68	72	34	71	56	35	65	53	8	89	78	7	28	69	75	87	7	
66	39	39	61	47	54	83	63	77	29	25	40	49	44	92	20	36	75	37	26	
48	62	83	79	50	25	4	44	55	54	44	20	22	9	34	84	7	18	65	23	
64	62	11	5	75	74	11	1	62	2	75	37	19	96	58	37	57	54	94	4	
57	93	35	29	64	53	97	41	78	57	23	35	21	74	8	27	81	56	52	38	
70	45	46	11	44	91	73	95	68	98	21	60	29	9	11	23	29	86	96	5	
12	64	96	54	98	52	45	85	50	46	89	33	62	55	74	22	78	57	69	96	
74	52	47	70	34	50	18	68	35	41	69	97	16	17	77	57	81	50	71	63	
74	39	92	67	23	92	59	94	34	93	33	8	2	75	56	88	43	9	97	9	
83	59	24	97	56	86	96	51	83	82	56	40	53	73	23	96	21	34	67	6	
81	88	94	21	7	90	54	73	34	14	84	62	58	99	36	30	58	30	35	68	
53	30	87	2	94	20	41	52	6	69	37	83	49	21	30	58	78	85	63	85	
94	34	13	26	27	34	56	75	3	95	15	66	73	38	75	33	13	94	1	45	
11	4	77	8	22	57	63	67	40	11	29	86	17	78	8	71	39	50	2	63	
30	19	8	31	57	14	51	21	31	49	52	59	53	54	66	9	44	53	60	20	
48	83	16	37	5	93	91	48	26	46	62	76	38	27	28	75	52	31	63	54	
80	73	39	57	30	53	53	69	17	53	34	17	90	82	11	5	66	65	82	81	
5	38	96	48	82	32	35	36	37	26	82	24	99	1	4	79	25	47	58	25	
1	92	41	85	87	52	19	52	20	18	93	73	72	53	35	62	75	40	35	78	
26	98	1	21	35	98	79	39	2	97	70	61	12	94	86	79	94	98	65	50	
90	17	33	3	11	35	75	58	87	41	77	95	64	15	28	39	40	77	98	30	
8	77	48	16	24	70	18	77	98	94	97	65	12	64	5	25	83	38	90	21	
49	20	61	5	29	3	96	73	77	83	86	20	74	76	25	76	72	22	29	86	
18	75	81	69	24	4	6	71	36	36	19	93	47	45	25	50	32	55	58	19	
18	4	66	54	13	95	98	85	45	38	58	39	6	41	4	35	76	15	33	51	
99	11	71	65	24	76	57	4	17	29	84	75	37	64	53	54	19	54	42	34	
92	1	91	95	47	56	72	36	26	20	73	49	85	62	31	79	83	64	89	63	
60	46	68	42	23	31	59	18	73	80	95	65	21	76	57	42	61	49	16	46	
35	76	13	26	88	4	47	31	85	46	98	52	72	89	22	20	66	7	93	21	
36	21	70	76	92	23	31	90	97	11	79	44	78	84	32	21	86	61	42	65	
48	48	8	23	94	11	79	11	69	35	57	14	51	34	49	13	30	87	34	80	
40	96	33	8	35	81	6	47	41	75	8	81	47	86	85	52	3	22	92	20	
42	96	48	25	46	91	83	73	13	6	30	78	6	29	65	18	92	43	5	97	
95	2	7	27	15	68	44	44	4	99	36	53	99	15	62	59	31	82	95	8	
79	2	32	75	44	91	84	54	47	85	94	39	75	10	72	4	43	85	43	30	
40	85	4	18	67	49	85	96	98	6	80	18	24	89	94	91	37	31	20	3	
2	64	38	15	89	81	7	64	82	22	85	65	84	85	10	23	76	98	3	95	
24	78	98	57	99	71	20	71	99	61	21	45	67	72	90	48	32	15	82	11	
38	51	22	36	43	68	89	78	69	2	93	89	66	29	84	30	17	40	56	88	
79	59	58	70	64	43	5	34	74	21	44	1	76	33	46	51	55	68	96	97	
91	35	33	89	65	99	41	91	46	76	93	40	57	63	20	64	18	47	27	49	
77	25	6	40	18	19	96	48	92	82	7	92	1	17	90	83	47	49	44	51	
12	50	70	51	47	80	18	18	64	97	2	41	79	65	52	87	45	48	61	90	
60	72	16	79	60	2	31	35	16	48	37	67	99	21	70	74	93	78	82	21	
44	43	64	39	4	97	36	54	94	49	68	67	96	64	40	75	40	83	16	83	
63	82	34	51	52	35	20	87	76	88	65	67	10	73	50	47	57	87	82	99	
64	40	95	96	70	46	14	98	21	96	1	48	60	51	21	66	67	32	94	95	
9	10	36	49	19	17	87	43	28	17	88	39	6	27	62	21	86	74	95	68	
89	15	37	20	63	68	52	25	5	36	12	31	34	2	88	64	36	40	99	86	
88	81	18	36	33	7	36	9	80	64	61	6	41	48	70	70	10	61	54	92	
78	64	35	50	29	89	33	10	37	49	6	9	91	90	7	9	13	62	28	58	
21	99	9	36	76	48	43	45	21	71	23	88	63	20	75	38	6	62	2	82	
2	90	20	21	76	69	62	23	75	69	95	91	10	26	54	80	9	6	92	69	
99	55	24	79	89	97	86	7	7	72	49	84	20	49	53	9	61	53	59	99	
4	90	42	57	82	53	36	68	54	48	51	40	32	81	93	87	46	78	69	92	
7	37	46	18	89	46	10	36	50	95	45	9	41	76	13	33	4	55	12	26	
40	45	46	37	89	35	40	82	80	34	68	61	16	39	86	85	16	47	89	42	
29	63	37	74	88	70	3	20	76	70	60	82	99	3	1	10	22	14	40	89	
96	26	74	2	75	21	83	91	10	51	89	44	65	34	22	69	6	2	50	47	
32	1	80	68	74	66	35	90	65	29	40	82	57	4	24	33	59	93	72	44	
94	99	1	33	11	3	58	21	7	88	37	70	37	12	91	18	15	23	60	83	
37	7	59	89	83	6	97	98	75	31	6	51	95	73	9	78	99	78	72	5	
67	41	94	73	89	36	32	63	78	96	86	71	38	87	85	86	52	60	22	68	
63	68	58	22	52	90	95	28	48	81	64	50	18	54	94	63	21	66	61	40	
29	50	18	15	51	26	76	5	99	83	69	40	94	10	25	67	7	9	38	2	
57	50	2	39	50	17	59	75	94	62	59	86	40	85	55	48	42	89	61	24	
19	81	57	37	76	18	21	2	12	25	9	1	10	33	25	2	11	4	51	72	
10	45	28	40	93	45	91	84	61	61	39	78	62	50	47	9	47	25	81	39	
26	76	74	99	69	95	41	23	6	77	82	43	94	2	85	42	77	9	19	13	
39	37	78	52	39	72	48	34	77	23	62	93	18	36	99	50	84	16	30	36	
97	94	7	1	12	83	74	33	86	96	22	96	91	28	21	81	17	23	12	14	
71	69	40	85	62	20	41	82	87	85	43	30	7	96	26	88	57	4	55	58	
28	67	81	80	14	57	74	53	19	61	39	79	66	87	10	32	43	80	53	1	
91	12	98	42	14	14	86	74	59	43	9	60	12	19	73	81	88	64	21	6	
29	41	71	86	31	62	89	55	50	10	84	86	92	16	88	62	53	69	79	52	
78	44	39	86	57	87	70	94	77	2	11	31	88	3	98	19	69	43	15	76	
83	39	79	98	71	32	73	31	22	71	41	44	10	13	65	86	94	49	39	92	
26	36	63	70	94	73	56	86	15	45	44	19	48	39	77	71	88	8	83	42	
70	20	53	97	78	20	32	8	57	19	41	23	64	48	71	18	4	74	22	23	
37	45	54	10	60	20	13	18	90	8	21	41	10	2	45	87	44	2	1	2	
88	50	33	10	3	33	96	19	30	11	22	93	36	85	44	74	40	29	16	25	
4	8	57	22	7	94	87	15	1	56	56	22	41	37	69	56	35	98	70	70	
46	80	27	86	46	73	30	42	20	55	13	57	41	98	34	34	88	65	99	6	
71	47	99	23	72	11	97	38	40	69	94	21	79	68	52	18	33	78	52	42	
35	23	23	56	93	86	64	75	37	67	43	16	16	2	55	59	50	43	60	12	
75	81	42	69	20	49	58	30	97	34	69	8	33	1	64	40	39	88	31	97	
95	47	29	25	23	12	68	89	47	45	96	8	86	85	55	68	12	87	52	91	
70	39	59	70	67	91	46	3	37	39	85	3	61	36	10	40	18	31	2	71	
48	63	42	32	96	47	48	21	57	36	84	97	17	56	23	65	97	39	76	15	
28	84	52	44	92	56	84	96	56	80	41	67	42	89	24	71	15	45	4	81	
18	35	54	71	35	12	79	30	94	27	57	24	37	87	25	28	4	21	98	53	
28	43	90	38	27	48	67	84	33	74	75	56	13	18	1	60	56	96	69	1	
34	77	84	54	72	22	67	11	67	30	41	96	54	67	75	47	9	8	93	10	
24	40	87	3	19	3	14	41	42	65	51	18	2	50	52	6	24	77	14	2	
14	71	47	42	90	62	41	60	1	73	16	61	45	64	34	31	68	99	25	14	
90	35	9	22	89	47	48	56	65	57	67	60	31	26	98	28	24	7	54	44	
24	88	46	28	36	82	80	2	55	7	13	8	29	90	40	55	97	6	55	60	
52	79	6	98	66	60	20	22	74	38	1	67	10	38	89	78	19	44	61	27	
29	10	2	77	21	77	68	63	34	5	52	46	23	75	71	80	22	31	83	16	
96	60	87	98	92	45	48	55	99	14	81	70	97	87	58	5	60	6	35	90	
16	62	12	22	99	90	81	19	60	83	4	31	75	43	40	12	19	70	18	78	
64	67	18	49	26	3	98	96	75	52	1	84	65	34	5	70	87	84	20	82	
99	54	45	13	31	16	6	77	40	15	91	45	86	97	15	30	38	12	82	88	
25	55	49	94	15	15	95	52	72	31	45	87	20	65	12	34	14	77	53	71	
19	19	54	29	18	11	89	31	15	57	13	42	3	17	82	69	4	40	43	3	
25	18	82	5	54	30	58	93	9	85	68	69	21	61	90	79	95	25	29	23	
95	71	40	44	34	6	24	63	79	82	3	36	97	46	28	54	95	52	81	19	
33	64	61	50	24	61	77	22	39	75	88	27	76	75	60	9	79	51	15	28	
96	56	25	42	28	34	50	10	94	21	24	61	37	4	58	91	12	73	86	60	
49	10	97	17	13	81	14	76	29	50	22	20	18	11	55	86	32	9	84	94	
61	17	75	1	4	55	10	74	75	95	88	73	13	90	51	18	16	88	86	16	
7	60	26	93	15	38	35	12	12	16	40	84	60	10	68	42	49	34	84	82	
15	63	47	19	96	92	19	7	57	84	10	21	71	7	33	10	65	67	1	37	
52	14	94	7	17	57	81	18	21	22	70	99	37	50	19	27	50	7	37	11	
64	48	60	11	12	75	66	27	54	67	84	59	19	73	95	41	12	7	40	86	
1	62	78	10	58	69	60	9	9	37	17	11	24	47	59	33	51	18	72	6	
78	47	12	50	63	82	63	17	86	95	13	34	4	63	38	2	1	74	21	49	
87	2	35	37	78	35	75	61	45	50	14	11	37	53	6	58	17	40	84	18	
37	48	16	71	75	99	99	63	94	56	44	11	85	34	40	72	30	58	20	96	
81	51	78	5	42	70	84	11	94	60	20	75	20	79	8	39	97	6	34	84	
80	44	71	31	83	78	53	52	38	52	51	64	81	66	70	54	10	25	61	8	
95	72	98	75	48	92	94	99	80	83	31	58	3	10	39	28	48	96	63	61	
19	37	72	19	1	1	16	28	66	81	42	29	1	19	21	56	91	81	28	46	
71	96	2	76	16	60	76	91	25	63	30	37	48	27	32	40	24	29	61	92	
43	42	33	30	73	55	56	4	80	27	3	95	48	75	79	35	82	44	11	91	
46	66	84	69	59	24	23	33	71	84	73	22	83	49	32	43	60	53	45	59	
2	99	61	93	22	12	14	30	73	48	62	71	22	9	26	98	41	16	85	33	
96	67	40	85	34	84	32	74	91	97	97	13	97	59	89	12	36	61	78	59	
64	97	50	54	51	7	27	17	44	83	5	96	84	43	67	58	52	67	25	12	
78	85	97	9	73	55	21	47	67	48	66	23	42	58	84	38	10	91	28	67	
72	95	8	13	52	39	82	16	4	59	93	14	16	32	93	42	86	26	32	25	
25	54	87	22	99	33	72	97	61	9	40	46	90	10	72	92	52	47	35	35	
58	57	19	21	82	62	8	57	56	97	45	95	52	30	77	58	38	66	19	84	
49	15	46	1	22	71	17	75	66	23	91	94	97	99	75	47	39	17	34	52	
59	86	28	36	24	89	88	38	66	40	21	25	1	85	97	28	44	17	8	28	
13	87	41	73	10	62	35	82	28	52	32	76	27	97	95	51	47	9	94	65	
1	74	70	26	26	6	18	77	95	71	56	42	39	24	92	54	88	61	64	96	
77	37	37	31	51	26	5	71	64	29	90	48	66	30	58	66	17	78	97	53	
71	47	19	36	30	82	75	20	39	51	23	32	94	53	50	68	82	54	61	54	
47	56	88	95	95	7	68	6	49	17	3	7	25	49	96	56	98	74	39	55	
72	27	68	11	72	98	45	92	26	55	12	83	4	59	25	19	28	42	78	76	
81	51	65	42	66	67	36	74	92	75	52	46	7	20	52	30	85	85	66	57	
48	89	53	68	72	72	54	28	12	14	64	90	55	24	88	17	65	83	30	89	
93	28	7	81	70	3	23	64	91	38	27	71	70	8	25	47	25	92	51	39	
4	39	95	35	94	93	47	38	47	67	16	26	15	35	12	49	96	86	22	62	
31	95	11	93	74	51	12	82	66	81	12	65	66	72	37	73	5	30	86	66	
96	78	76	36	2	65	97	42	29	22	87	54	26	12	73	33	96	45	44	65	
34	65	52	25	71	9	50	46	76	21	19	11	57	64	40	97	34	52	17	51	
17	96	53	40	83	53	39	51	34	11	97	11	99	33	8	36	97	82	90	70	
82	63	31	34	26	63	79	17	24	91	39	71	20	40	47	4	92	4	3	62	
41	52	94	63	64	38	36	18	33	65	10	39	77	72	78	51	63	99	15	24	
15	46	57	97	2	19	93	99	24	56	30	30	28	66	99	91	66	99	13	91	
72	69	54	24	99	74	85	28	84	90	10	76	85	38	82	29	38	40	11	61	
32	22	56	72	65	38	26	93	73	98	35	81	17	46	64	69	70	13	49	80	
61	40	72	60	45	59	47	62	11	48	15	1	55	24	89	56	80	41	31	89	
87	81	22	12	78	85	79	1	91	42	36	78	26	41	59	85	37	60	5	98	
8	28	14	2	13	1	4	2	58	38	15	32	43	58	9	9	75	15	30	16	
51	32	80	42	67	76	69	90	38	59	27	40	26	3	14	29	8	4	47	78	
41	82	28	93	8	4	55	98	33	5	45	92	18	67	91	42	32	17	48	39	
57	37	8	90	72	36	16	22	25	98	36	11	30	14	61	79	81	54	39	13	
86	60	48	83	44	45	46	4	25	24	86	22	34	39	60	54	58	29	14	96	
34	66	58	72	83	62	54	18	96	13	59	81	76	28	55	18	65	78	91	99	
9	47	20	57	44	75	19	38	5	22	1	45	86	99	70	88	18	48	89	64	
19	47	35	36	52	93	83	3	97	91	44	58	4	26	31	88	94	18	37	50	
40	94	61	38	16	7	2	37	8	78	96	1	48	85	5	11	72	81	39	19	
43	27	94	57	87	86	44	85	26	4	89	1	1	66	78	21	38	11	50	47	
84	52	50	36	15	24	29	43	1	55	27	26	84	36	98	26	95	47	33	46	
10	36	70	1	31	94	29	15	55	46	84	98	39	54	70	7	83	20	87	67	
11	16	48	60	87	89	87	46	23	13	15	94	52	79	96	62	82	77	84	21	
47	65	43	24	17	60	20	72	50	95	79	24	84	7	96	34	2	68	59	50	
20	79	51	79	92	64	1	2	16	49	14	13	81	32	35	6	26	36	11	24	
46	39	27	52	9	7	62	37	58	70	82	23	96	30	51	78	1	82	41	34	
96	85	78	45	6	24	41	80	27	34	97	74	33	1	69	95	80	37	31	32	
72	4	97	99	19	39	66	94	80	92	92	75	2	2	37	43	50	34	9	35	
43	97	81	66	7	94	69	94	5	55	83	64	41	94	15	68	13	67	95	58	
70	18	51	47	13	49	44	15	29	68	61	6	52	57	9	68	95	98	7	96	
92	59	96	49	45	81	15	67	61	67	84	25	39	41	34	69	23	22	47	42	
40	48	86	83	90	35	70	74	60	58	84	47	64	85	42	84	47	16	46	88	
4	78	20	78	89	15	78	64	29	50	90	81	60	8	46	11	53	40	4	6	
95	77	25	94	48	12	85	40	93	65	32	72	40	31	37	28	56	52	41	54	
39	5	15	68	54	95	71	79	91	72	90	11	27	30	69	88	77	50	89	65	
12	11	63	14	25	42	16	10	8	31	99	67	66	94	54	15	65	75	63	33	
18	18	58	63	14	48	81	79	98	57	13	83	14	47	1	58	74	21	81	86	
44	92	51	28	33	69	39	10	23	23	94	70	97	56	79	65	50	34	44	21	
60	24	6	98	94	82	76	2	57	62	4	48	1	45	16	65	70	15	94	17	
36	30	7	36	58	51	72	43	59	48	60	66	23	83	19	85	30	40	92	93	
6	53	98	9	43	56	31	11	15	59	41	76	99	1	11	31	81	59	1	51	
1	19	54	71	52	8	93	1	80	56	22	33	7	67	27	13	71	62	55	94	
13	68	94	8	89	54	91	7	11	24	71	70	63	38	69	94	23	5	70	74	
89	83	8	72	5	69	94	27	17	61	67	50	18	46	67	5	64	25	1	63	
44	79	40	7	72	60	70	94	18	26	81	15	81	86	61	14	3	11	54	48	
44	15	68	13	90	36	66	37	66	58	61	56	38	47	6	96	83	5	41	32	
27	59	57	6	66	44	68	13	62	36	2	98	52	49	76	19	2	22	91	54	
21	16	68	90	9	39	12	97	86	55	87	69	48	32	23	8	33	49	81	75	
2	73	80	26	71	56	33	5	25	25	42	78	35	73	84	24	27	55	50	98	
3	60	35	68	86	10	96	58	57	11	25	59	98	44	77	7	64	89	97	12	
48	7	10	12	98	21	44	63	25	85	54	12	87	30	28	95	57	98	95	71	
94	47	92	73	85	56	25	41	28	68	51	80	62	67	82	31	85	60	51	70	
90	9	5	78	28	40	32	19	81	44	30	37	85	96	49	79	55	10	1	59	
90	74	93	52	68	46	44	88	51	10	82	56	68	91	28	64	45	32	35	5	
86	29	5	23	51	8	31	88	58	90	30	14	15	54	48	72	73	21	73	16	
35	1	81	84	63	91	95	62	91	8	42	24	12	75	21	71	98	44	42	67	
2	74	80	87	95	21	56	86	94	9	43	20	58	79	64	69	38	55	24	92	
53	36	80	47	1	46	76	5	15	82	58	29	52	28	66	88	59	47	77	41	
56	66	23	82	26	5	16	77	10	16	73	1	50	48	97	49	7	42	62	17	
71	16	26	41	31	6	47	51	67	72	96	86	87	88	77	66	24	50	93	28	
57	97	52	60	33	41	60	3	89	4	66	82	21	49	61	24	21	49	28	37	
12	1	16	71	30	11	65	5	24	5	23	88	16	15	12	71	86	73	56	84	
18	9	69	51	99	3	50	46	61	92	58	32	20	97	57	48	29	7	44	14	
78	68	2	80	77	68	51	58	28	71	94	73	68	75	51	50	28	10	49	30	
48	57	33	52	49	95	64	71	42	87	62	80	22	59	94	77	92	49	13	75	
9	21	3	47	25	61	83	80	7	19	87	49	36	53	93	38	91	88	1	94	
30	6	66	73	73	6	42	4	71	38	84	99	10	75	29	87	77	62	35	24	
23	91	60	29	37	80	26	56	70	37	50	75	64	51	96	34	35	52	49	34	
79	5	1	38	47	51	43	76	28	14	69	34	42	5	37	45	23	28	61	2	
45	63	17	71	23	55	90	81	90	56	95	96	40	6	40	23	71	29	34	97	
82	90	46	46	16	47	55	26	20	73	75	93	4	56	26	43	91	85	79	12	
7	91	28	69	36	90	26	13	61	52	12	38	56	5	19	66	77	24	24	52	
16	83	91	80	70	65	21	51	66	51	89	97	33	43	66	83	7	93	30	92	
33	30	6	82	72	10	38	83	42	53	20	53	52	15	76	35	99	8	67	58	
47	97	44	87	3	12	99	21	51	41	64	75	33	34	66	22	61	97	48	57	
11	67	94	13	32	11	42	58	80	61	50	30	45	11	60	9	30	11	86	16	
23	48	91	97	40	2	64	45	62	97	89	28	63	13	66	66	15	8	47	75	
34	71	76	32	77	18	51	61	15	70	55	51	35	18	16	27	68	34	90	45	
22	79	97	11	64	49	24	97	16	27	94	41	14	45	70	31	68	80	25	25	
36	31	9	66	60	43	88	52	63	95	56	14	93	52	3	97	63	52	29	46	
12	81	32	34	7	54	80	95	52	4	85	55	59	51	14	48	26	6	6	93	
2	14	91	47	40	64	33	56	88	10	12	99	36	72	54	62	34	34	71	98	
69	29	31	82	30	99	14	37	20	76	9	94	94	83	50	41	31	2	8	33	
53	25	71	99	76	90	99	57	46	85	31	11	68	38	55	17	78	62	17	24	
86	14	83	27	87	60	4	93	44	89	45	49	53	13	79	38	83	14	54	79	
30	71	66	7	7	50	49	43	17	38	6	52	27	69	63	88	57	65	43	4	
64	94	57	3	68	7	78	57	63	13	45	16	2	20	5	61	48	27	96	21	
39	38	32	16	2	78	26	5	11	84	83	74	85	20	51	68	58	49	78	54	