100
40
95	99	83	85	93	86	97	87	94	84	98	88	94	94	80	84	83	97	91	86	96	86	84	99	80	91	95	91	96	87	89	92	99	95	91	96	95	93	82	96	
26	32	27	37	25	33	43	34	43	43	37	33	34	40	36	31	34	29	32	26	42	29	26	37	36	28	39	24	24	38	27	30	31	24	35	43	25	40	38	37	
52	55	60	66	50	52	65	67	50	62	63	66	59	52	51	61	56	67	66	61	57	50	66	57	60	53	55	56	65	58	61	55	59	69	63	59	66	69	51	67	
7	15	18	7	15	24	24	23	16	23	14	11	8	18	13	7	13	15	5	13	14	19	15	15	19	16	24	16	6	24	23	15	20	6	18	9	5	17	9	20	
5	11	14	3	13	7	4	9	18	6	7	4	4	9	14	6	10	22	9	6	17	21	12	10	8	7	6	7	5	6	4	14	12	6	16	3	8	18	17	8	
60	51	61	57	50	61	47	48	58	62	54	52	57	58	58	63	47	48	53	47	45	53	49	64	50	55	51	61	53	63	49	48	52	61	59	51	52	48	63	64	
3	7	19	12	20	5	16	21	10	4	19	13	20	7	14	19	19	12	20	18	22	14	9	4	7	3	4	4	21	11	3	6	13	21	10	22	4	9	21	21	
66	59	55	61	59	56	56	62	53	55	63	57	50	51	65	65	62	62	53	58	66	67	69	51	55	60	68	52	62	58	54	52	54	53	59	56	51	57	66	60	
91	83	84	83	94	88	99	94	89	82	100	99	97	90	93	89	93	86	89	91	94	91	87	99	86	90	101	91	101	92	91	100	82	101	84	101	88	89	100	93	
76	82	69	74	68	85	78	76	84	84	69	77	69	72	71	78	75	73	84	73	80	74	74	73	68	69	73	75	80	69	81	85	83	74	77	69	69	79	81	83	
106	112	117	101	113	103	116	109	113	116	107	103	111	102	107	108	107	101	109	111	104	120	109	115	115	109	113	118	113	109	107	108	108	101	101	103	110	103	106	107	
48	43	30	36	44	39	35	39	34	43	35	38	41	49	35	42	46	38	44	43	34	41	38	39	49	32	33	33	38	40	40	44	42	41	32	47	43	30	43	45	
83	86	82	101	88	85	100	95	91	83	88	97	87	94	97	92	87	85	92	97	82	101	91	92	85	101	91	84	100	94	85	99	98	83	100	100	99	98	97	95	
90	99	87	92	102	86	102	90	98	97	86	89	89	97	88	102	101	92	97	95	93	97	103	84	103	95	95	100	97	84	98	92	89	100	103	91	95	85	102	97	
70	88	77	86	76	86	84	87	85	76	87	85	87	86	83	74	80	70	76	82	72	81	79	71	73	76	77	82	77	73	78	77	83	71	69	75	83	75	88	73	
93	92	101	87	91	84	84	97	84	94	87	85	87	100	92	95	102	85	95	86	84	93	94	91	84	90	88	93	85	93	100	88	95	94	97	92	99	101	88	83	
20	25	10	24	22	20	26	29	23	13	13	10	19	12	16	19	10	27	21	25	25	28	20	22	26	15	15	26	14	25	18	29	15	15	12	28	26	14	18	14	
53	50	50	41	46	49	50	53	50	53	54	46	42	52	49	39	41	41	56	55	48	54	47	47	50	54	46	51	40	42	55	57	45	46	50	39	46	41	53	54	
45	49	48	39	49	41	42	36	49	38	36	43	36	32	39	43	38	37	36	42	38	36	47	49	47	46	34	45	50	33	41	33	42	37	48	36	48	31	48	38	
47	63	54	52	55	49	47	48	57	52	62	64	64	53	52	58	59	47	58	54	53	57	50	51	58	54	52	55	51	60	49	63	46	62	63	48	55	56	59	51	
27	29	15	30	18	22	25	29	34	16	22	28	33	22	28	30	33	21	30	27	17	16	30	23	22	33	27	22	25	19	26	20	22	29	34	24	31	31	22	20	
29	35	41	32	44	47	46	35	40	44	45	30	39	29	33	34	42	38	45	30	36	45	35	31	29	38	43	39	35	34	40	46	40	35	34	39	34	38	36	30	
103	117	105	116	114	107	113	99	107	99	111	111	114	112	111	106	98	98	107	106	117	106	114	111	117	105	117	110	110	103	108	114	99	111	110	102	99	113	99	103	
6	5	11	21	11	10	11	11	22	6	16	14	8	18	22	9	23	11	6	6	19	11	13	19	13	17	9	14	6	19	12	22	5	21	8	16	18	23	23	8	
19	11	20	18	5	6	19	7	12	24	8	16	17	18	6	14	8	16	12	9	20	14	10	15	16	21	15	18	8	20	14	10	9	14	11	11	12	24	6	16	
43	43	43	29	25	30	29	42	32	40	31	31	40	36	27	35	27	43	35	40	31	34	39	36	37	41	41	41	36	33	33	35	28	35	31	41	25	33	43	43	
27	28	11	21	23	25	12	24	25	15	16	17	12	27	25	14	9	12	25	17	19	26	11	27	18	16	16	26	18	12	16	14	16	9	19	27	27	12	23	26	
74	87	82	82	74	75	87	70	86	78	77	77	71	73	88	75	77	73	79	74	83	80	83	85	88	78	89	84	80	76	89	70	84	79	79	83	81	89	72	86	
39	46	39	40	32	40	46	43	35	41	37	42	46	45	29	29	36	39	37	45	47	42	43	48	33	29	34	43	32	41	33	46	39	47	42	43	45	35	48	41	
18	19	17	24	15	22	25	14	24	15	19	23	15	14	19	27	32	15	23	29	24	31	24	21	28	22	28	21	32	24	17	30	26	15	18	25	18	20	28	32	
21	14	22	15	19	6	18	6	10	17	10	17	22	14	6	17	6	5	17	8	12	22	23	12	19	20	15	19	12	19	24	17	12	9	18	10	7	19	8	11	
106	106	105	93	110	101	101	105	93	103	109	108	94	106	109	105	98	103	101	100	110	106	110	103	106	100	103	97	100	108	91	96	97	98	96	99	95	110	101	91	
105	98	104	92	107	94	91	106	94	93	94	97	103	98	104	97	89	107	93	90	95	101	96	106	91	89	101	95	102	90	91	90	100	96	92	97	105	97	89	100	
10	25	19	14	23	19	9	25	12	16	8	18	8	19	10	17	8	27	25	11	16	19	20	10	23	17	26	22	16	18	27	10	10	19	9	25	24	20	21	9	
117	108	105	104	114	102	107	113	117	118	101	113	100	107	101	115	108	106	109	107	108	116	109	104	111	105	108	114	105	105	117	106	106	106	109	119	113	102	115	117	
67	79	63	79	70	81	79	74	76	69	72	70	62	76	66	79	79	64	79	62	73	63	80	69	63	80	81	73	72	77	72	68	73	64	74	77	63	80	74	68	
95	93	102	90	99	95	93	102	95	101	102	96	97	94	98	102	99	89	93	90	101	104	105	99	97	94	98	96	88	97	100	97	98	104	106	98	103	88	100	91	
104	113	107	107	115	111	103	99	108	109	109	114	112	111	105	108	101	99	113	101	113	110	102	117	116	109	102	115	117	111	99	99	101	100	115	99	117	117	107	101	
95	94	86	86	82	90	101	92	84	98	87	88	84	89	93	99	84	94	89	99	90	98	87	88	90	90	95	86	83	93	99	82	93	82	98	96	86	99	89	95	
83	98	100	93	94	91	88	88	96	93	99	98	96	90	95	90	87	94	91	94	92	90	91	97	82	91	98	89	85	81	95	98	94	99	99	89	96	100	95	91	
21	21	30	24	33	39	38	28	26	39	34	21	37	26	22	32	26	30	38	39	31	32	28	35	27	34	34	38	31	25	35	23	35	35	32	33	24	28	25	36	
66	68	79	61	79	62	76	77	77	77	66	62	66	63	79	76	74	76	66	76	70	73	67	76	65	71	61	77	62	77	67	74	69	71	64	69	75	67	69	74	
33	25	23	23	26	25	19	20	22	34	28	31	16	33	20	18	21	30	30	32	24	17	33	23	28	17	18	23	18	22	15	29	34	34	22	21	19	32	24	28	
46	50	48	49	53	47	49	53	44	50	43	34	50	44	52	48	44	43	38	34	35	41	37	39	50	38	48	36	44	39	40	52	42	40	42	52	40	42	52	52	
44	37	37	28	34	27	41	35	42	44	27	34	38	43	34	42	37	32	40	32	46	32	41	39	41	33	43	35	45	34	31	40	37	43	45	44	30	35	29	38	
80	76	73	76	90	81	73	89	78	84	72	83	81	75	87	76	87	75	72	75	91	79	85	78	87	74	72	88	89	73	76	77	81	91	87	78	80	87	89	91	
77	81	66	83	78	84	67	70	73	66	68	66	82	72	74	83	65	76	65	69	72	83	78	66	80	74	70	72	67	69	74	84	74	67	74	66	81	66	70	72	
114	99	114	103	110	105	104	110	109	97	105	101	99	99	98	103	109	106	111	106	111	103	98	100	105	108	103	98	97	105	97	116	109	113	109	109	100	100	97	105	
40	29	28	39	46	35	32	34	41	29	27	33	38	34	28	39	42	34	42	37	39	36	41	39	29	36	40	29	32	34	38	36	28	27	28	27	32	32	34	29	
80	73	71	81	81	79	83	79	89	72	86	74	72	76	72	76	71	70	76	80	76	74	74	88	83	75	87	89	86	72	71	81	84	85	85	78	81	79	74	87	
31	18	15	29	29	32	14	28	18	16	32	23	21	23	28	27	24	21	14	25	21	21	13	28	32	13	31	30	15	32	32	30	17	32	19	18	29	15	16	17	
39	55	55	42	39	46	49	44	55	47	54	57	46	56	55	51	42	57	45	58	46	54	51	46	42	56	45	48	42	40	57	46	41	43	53	43	47	47	41	41	
52	63	48	51	55	57	60	56	51	50	50	53	54	53	63	64	50	58	60	58	49	52	55	48	48	57	61	52	57	53	51	54	48	66	58	62	62	51	61	53	
53	61	64	58	71	57	64	70	59	69	59	68	71	54	59	63	65	56	63	69	71	58	64	53	54	59	66	71	70	62	68	67	71	57	68	52	71	52	56	57	
70	84	77	87	81	85	80	75	72	79	76	79	87	85	72	86	82	80	70	87	86	71	75	85	84	83	74	82	82	73	80	86	71	78	74	76	84	78	70	81	
10	23	10	12	12	20	16	13	10	23	20	18	17	20	19	19	19	15	14	9	22	22	13	27	24	8	13	19	21	14	14	18	19	20	27	25	10	19	26	26	
18	23	8	16	26	25	18	15	15	18	16	25	8	9	23	9	24	22	23	15	15	17	12	10	17	11	26	10	17	26	19	15	10	27	18	14	16	19	13	27	
50	47	42	55	45	48	40	41	57	40	40	47	44	48	56	40	57	41	51	48	43	58	51	43	39	51	53	55	54	44	40	49	45	44	49	51	57	52	43	39	
103	102	111	109	107	113	96	103	104	109	103	101	109	98	113	102	109	99	96	112	111	94	98	104	98	105	103	108	104	98	106	102	106	110	99	103	97	106	109	113	
62	59	59	57	71	60	56	72	61	59	59	65	54	67	54	58	63	63	68	56	72	62	65	58	58	58	54	59	58	54	71	72	69	68	54	65	56	69	73	60	
43	35	34	34	48	39	38	39	41	31	40	36	48	42	36	30	40	29	42	32	34	35	37	36	45	43	39	44	29	38	31	35	37	47	33	41	33	40	40	39	
114	110	114	104	100	105	115	102	113	96	110	114	114	96	97	102	113	97	105	111	112	106	96	96	113	96	111	110	96	107	115	109	113	98	99	113	114	96	110	108	
26	24	20	35	21	22	22	19	29	35	28	24	27	29	35	31	18	33	32	20	33	20	29	22	30	35	22	32	31	26	19	23	31	21	17	31	20	35	25	22	
61	64	55	47	64	45	56	47	59	62	53	47	51	58	54	58	52	60	63	52	49	56	46	46	49	59	45	47	58	60	55	59	55	46	46	52	53	50	60	61	
97	109	105	101	103	95	114	102	96	102	100	96	110	113	106	114	110	101	114	101	99	104	111	103	103	100	99	95	106	104	102	112	96	112	110	100	101	114	106	107	
95	90	94	96	87	96	85	88	92	96	88	92	98	94	86	92	94	90	95	98	87	95	94	89	90	93	95	99	99	100	92	94	97	101	103	99	86	84	99	97	
99	91	97	100	95	99	104	90	102	88	98	102	98	96	103	91	99	96	89	89	90	101	104	101	97	93	98	88	93	98	93	100	87	93	106	88	101	98	102	95	
32	33	33	28	27	24	38	24	30	42	36	32	37	26	28	37	24	41	28	34	34	39	24	34	28	41	31	31	36	33	37	31	35	25	31	30	28	31	39	30	
114	99	106	103	103	105	99	115	103	105	114	109	112	103	108	117	111	103	104	103	116	99	117	104	115	116	116	106	115	113	109	113	101	110	111	103	103	109	99	111	
44	54	60	46	58	62	52	48	58	54	51	58	50	45	45	47	45	49	58	59	50	62	63	51	50	47	63	55	56	46	49	55	47	51	45	44	44	55	49	60	
96	99	97	106	97	97	96	93	102	104	97	96	93	109	112	101	100	93	110	106	112	108	101	100	105	98	110	95	104	100	105	110	96	94	97	106	108	102	103	99	
69	76	87	72	73	86	88	74	75	83	69	87	74	70	81	84	78	72	83	75	79	78	82	69	70	73	85	84	82	82	75	74	75	85	87	81	77	79	82	82	
87	78	96	81	78	82	78	80	89	87	85	88	92	92	77	81	86	77	84	89	92	91	92	95	96	88	78	84	78	81	95	88	82	78	80	77	89	81	94	94	
22	10	14	13	7	8	16	19	9	15	10	21	8	23	19	20	14	20	18	15	22	21	12	15	19	5	8	15	11	5	10	23	21	7	19	7	21	20	12	14	
60	66	66	66	67	69	71	66	56	61	71	56	67	67	64	60	73	69	66	63	75	58	73	59	72	65	62	68	63	56	74	59	73	60	60	62	72	68	68	59	
36	38	47	37	45	40	47	35	46	36	49	40	50	34	41	43	41	38	50	50	36	47	45	50	42	35	45	46	45	35	42	48	34	43	45	34	41	32	40	32	
61	70	63	51	59	61	53	61	69	64	60	52	53	58	62	57	59	54	68	57	68	70	51	51	58	62	56	54	65	63	54	70	54	53	61	61	57	54	67	64	
84	89	86	94	79	78	85	91	89	85	86	89	78	87	90	95	89	82	92	88	95	81	84	84	91	80	87	96	92	79	91	89	87	96	91	82	93	91	91	87	
18	3	11	6	6	12	5	8	13	19	6	5	14	13	14	21	6	8	15	12	8	3	4	9	11	21	21	14	11	8	6	17	15	8	10	2	14	5	12	2	
10	20	19	23	17	16	17	15	18	16	6	7	22	21	15	5	9	18	17	24	5	8	6	8	21	10	19	10	17	5	14	21	21	6	16	23	22	20	20	9	
55	57	68	64	57	65	56	51	67	58	60	60	58	64	52	69	51	68	50	62	59	57	58	63	61	61	50	53	60	57	55	55	68	63	62	52	56	60	69	64	
63	64	69	77	64	68	79	81	70	79	70	63	79	80	74	82	69	80	81	75	82	79	68	67	65	77	82	65	70	76	74	77	72	75	79	72	79	76	72	72	
32	30	41	33	27	27	30	25	23	25	41	36	29	28	25	33	26	29	26	41	25	40	28	38	27	24	33	36	37	23	42	35	30	29	29	42	32	23	24	32	
21	34	34	22	27	27	17	15	33	31	26	18	34	16	20	19	20	20	28	19	23	17	16	33	32	16	31	26	20	18	34	15	34	19	29	21	21	29	32	30	
51	59	58	59	51	61	62	62	51	62	60	59	50	50	69	65	52	59	65	66	50	69	60	66	67	56	67	65	62	50	52	58	53	64	67	69	53	55	54	55	
23	7	12	16	13	14	14	15	11	14	23	12	10	23	11	10	20	11	16	15	11	14	14	15	9	14	6	14	5	10	22	15	8	19	19	10	22	14	24	21	
22	19	19	27	30	30	25	22	15	24	25	16	23	29	22	17	15	32	30	21	15	17	20	16	27	20	21	25	15	13	18	16	24	25	32	18	14	21	21	21	
23	12	10	9	7	14	8	20	12	24	18	13	7	12	24	22	7	12	14	13	7	10	22	12	22	10	24	18	6	16	18	8	13	22	18	13	9	14	25	7	
62	51	56	48	53	43	53	43	52	60	58	53	45	44	54	45	51	57	52	48	59	55	49	59	49	47	46	50	60	56	52	50	49	51	62	54	58	47	56	59	
41	28	31	43	38	27	40	28	42	38	43	39	35	38	29	29	32	38	34	43	41	29	35	43	31	26	29	27	33	34	42	32	25	38	27	38	30	44	30	26	
58	47	54	47	54	54	62	45	50	55	43	61	51	49	54	54	62	59	49	49	45	54	44	45	51	53	54	49	49	57	48	60	46	50	55	55	47	45	60	62	
51	64	48	64	55	63	47	48	53	58	50	46	53	50	55	55	63	61	64	60	47	63	48	55	52	46	46	49	65	57	47	63	46	51	54	63	46	46	53	47	
102	90	100	101	104	91	96	94	99	100	98	100	102	104	104	88	102	99	103	94	95	103	95	94	86	105	98	86	89	96	90	86	95	101	103	91	96	97	91	88	
83	77	86	79	94	77	92	92	92	79	81	85	95	77	95	85	78	91	89	85	90	92	83	77	86	86	89	81	92	94	78	95	95	91	91	84	90	83	89	87	
10	19	10	17	10	21	9	20	4	20	14	16	11	15	8	14	21	12	8	23	23	18	12	6	5	22	15	20	21	6	5	14	8	9	16	12	20	15	10	13	
24	13	24	31	27	22	30	19	13	17	21	22	28	29	17	22	16	30	22	31	29	31	19	18	31	19	30	29	21	19	12	23	24	17	17	20	21	17	16	29	
47	47	44	31	46	43	35	45	42	32	45	46	46	31	40	37	47	30	35	32	43	43	31	34	41	43	30	48	39	44	46	49	33	36	49	48	48	46	36	47	
31	40	23	32	26	31	30	31	32	35	31	31	31	29	28	36	33	32	29	39	26	39	23	38	23	29	38	29	31	24	41	40	40	29	31	33	42	29	28	33	
111	108	99	105	107	98	112	104	99	97	96	98	104	98	97	104	98	115	113	115	109	96	109	109	112	114	98	115	103	103	101	98	109	110	102	100	112	99	96	114	
108	107	95	104	107	95	99	97	105	108	92	105	94	101	108	96	105	91	99	104	103	105	99	97	95	92	95	102	94	107	94	104	91	90	96	98	107	97	102	107	