200
40
60	70	73	64	66	61	58	54	64	68	59	55	68	62	54	55	65	64	65	70	65	65	69	70	73	66	68	55	69	67	70	67	68	62	72	55	69	68	68	67	
80	79	88	80	87	76	85	73	72	79	86	84	76	72	78	82	79	85	74	85	80	88	84	84	73	75	80	72	85	73	72	89	89	79	84	87	75	72	91	84	
22	10	14	10	23	27	15	15	11	14	9	18	13	23	17	12	18	15	11	20	23	13	27	20	9	13	24	20	10	17	27	11	12	8	8	26	11	13	24	15	
60	54	51	66	60	67	64	53	49	53	59	58	64	57	62	62	66	61	54	55	58	61	67	62	60	55	49	66	55	62	59	57	61	64	63	48	62	63	58	54	
31	23	23	39	38	31	38	33	27	37	32	39	21	36	40	30	39	38	35	34	31	21	26	21	37	30	40	34	38	38	21	37	22	33	38	26	38	25	23	23	
69	71	70	80	75	68	68	71	80	82	84	79	82	66	80	79	76	79	70	83	82	81	82	75	80	66	72	72	70	78	82	83	82	76	65	67	74	80	65	67	
36	46	41	44	46	33	42	41	35	36	33	48	38	35	40	38	40	48	49	49	44	34	47	39	33	46	34	40	39	39	40	49	35	52	43	50	34	44	51	44	
63	50	52	65	52	55	61	57	51	51	60	61	59	63	67	69	56	54	50	66	64	51	54	66	52	56	53	67	60	54	55	51	67	69	53	60	64	52	56	51	
112	113	112	110	102	107	111	105	113	100	112	110	110	109	101	112	101	97	105	110	110	114	99	109	102	96	105	113	97	111	108	102	110	100	105	107	96	107	108	104	
68	65	61	72	72	59	55	71	68	62	69	60	58	63	67	73	59	67	60	59	65	61	59	64	69	67	66	66	72	59	58	63	68	57	74	59	62	57	74	65	
104	107	94	105	107	94	101	100	106	103	104	107	104	98	100	104	96	93	91	102	98	103	106	107	108	108	107	109	110	109	105	104	110	108	91	95	100	107	100	95	
69	70	59	56	61	67	73	63	63	70	72	73	63	56	56	66	55	66	54	71	63	61	63	59	55	60	55	69	67	55	57	59	71	72	57	62	72	58	61	64	
68	58	59	68	61	60	62	59	68	55	58	57	52	58	71	67	65	61	69	64	52	64	64	55	59	61	69	71	61	65	70	63	52	59	62	63	65	66	55	54	
84	83	97	99	95	93	84	82	95	85	80	84	87	81	97	90	82	87	99	90	90	85	93	91	80	83	89	92	82	87	99	95	83	99	88	95	89	96	87	88	
84	88	90	102	97	89	86	91	90	83	101	97	96	86	93	94	94	89	102	101	86	93	100	87	86	87	91	102	98	101	99	96	101	94	83	99	88	86	98	96	
11	8	26	7	9	11	21	9	25	13	9	21	9	15	17	7	16	8	24	18	25	13	16	14	21	9	18	24	15	24	21	11	8	10	10	12	25	25	26	26	
89	77	80	80	83	75	84	81	80	84	82	78	89	83	78	75	83	83	91	84	90	76	78	89	83	86	88	90	75	72	80	84	77	79	77	80	91	78	87	77	
65	76	62	79	70	71	74	80	66	71	62	64	63	63	65	73	69	68	81	62	72	77	68	78	79	64	75	73	80	69	64	75	73	73	67	65	74	71	73	81	
58	41	53	43	47	41	59	43	51	57	57	42	42	56	48	55	51	41	41	58	59	48	56	48	52	49	48	60	51	60	59	48	55	44	42	59	53	43	45	53	
57	50	59	56	61	49	48	48	50	64	55	51	54	56	46	46	64	50	47	50	46	64	47	59	52	50	49	51	64	63	46	58	48	50	52	63	48	48	60	54	
53	56	65	62	55	70	70	56	72	63	67	68	66	61	58	65	63	57	72	54	66	60	72	58	63	69	68	57	66	70	55	67	67	53	56	71	56	71	55	60	
23	18	19	15	6	19	8	23	18	24	19	9	13	13	15	22	24	5	11	22	5	16	9	10	15	14	24	10	17	9	6	22	10	18	8	22	8	17	6	17	
76	76	89	78	78	89	94	85	87	82	79	85	87	86	80	93	94	92	87	85	93	80	87	85	81	83	85	85	79	85	93	93	79	81	83	92	76	87	83	82	
107	105	105	113	113	114	120	110	104	105	105	101	110	114	108	109	112	118	112	114	112	111	103	103	106	101	110	118	107	119	109	113	110	120	110	112	104	114	116	104	
93	78	90	86	78	93	93	86	81	76	94	75	79	77	84	86	94	91	94	92	81	86	80	86	94	80	76	78	77	76	91	90	79	94	88	87	82	75	92	91	
83	85	84	92	85	89	89	88	100	98	84	97	101	95	96	89	88	86	99	87	87	85	96	102	93	100	98	83	97	88	90	94	100	98	88	99	85	87	91	89	
81	76	77	85	76	92	93	79	79	87	85	89	90	82	78	89	91	80	86	93	77	77	93	79	88	92	85	89	80	91	90	89	94	81	84	90	93	88	77	86	
19	31	19	26	24	19	33	30	16	18	19	25	29	33	21	30	30	25	20	29	32	28	21	32	29	18	31	31	33	27	19	21	26	14	29	22	26	21	26	17	
77	74	84	76	89	76	72	78	85	77	90	73	71	80	79	76	85	79	86	76	80	89	89	87	79	77	84	90	77	76	83	74	88	74	83	71	74	90	74	73	
18	30	18	23	35	29	17	33	33	33	19	26	36	33	35	17	20	22	27	36	20	21	33	31	28	21	33	20	36	23	17	28	22	18	30	23	31	23	29	30	
78	85	83	73	75	72	75	84	79	71	70	71	71	81	75	76	82	67	66	75	84	68	76	83	72	70	67	66	68	66	68	80	80	68	67	77	76	66	76	73	
96	110	111	105	112	96	102	97	111	102	102	111	111	98	103	100	108	107	111	112	104	97	103	103	103	107	105	97	110	103	105	103	99	109	98	106	100	114	99	99	
74	73	76	75	80	68	75	61	66	64	67	67	71	69	69	75	69	77	70	76	76	64	68	73	76	75	74	78	75	64	72	61	69	78	64	68	74	67	66	74	
36	25	32	42	36	26	35	36	30	43	34	41	25	35	43	32	30	27	39	43	41	27	30	33	40	37	27	41	30	41	32	30	39	42	43	37	41	40	39	32	
66	75	66	67	62	64	72	71	62	60	62	75	64	58	74	62	69	73	58	58	65	63	69	62	75	59	60	68	65	63	61	69	75	69	74	73	61	60	71	76	
27	30	16	29	26	27	24	17	21	27	32	25	15	27	30	29	31	26	19	32	21	21	21	23	24	31	18	32	20	32	21	15	17	15	19	15	32	23	15	26	
80	87	78	88	91	77	78	76	76	79	74	79	73	76	75	73	92	92	86	89	86	78	82	74	86	76	90	90	88	75	73	76	87	78	86	80	75	90	80	81	
97	92	93	90	92	83	89	82	101	85	90	97	97	98	90	87	98	95	87	85	95	86	92	85	98	97	87	87	99	90	100	91	83	96	100	82	98	89	101	100	
84	72	78	68	83	69	86	75	84	85	76	67	84	83	70	73	73	81	78	70	70	76	84	75	79	72	83	77	79	68	80	76	81	73	83	83	67	85	73	81	
16	16	13	8	15	21	13	23	24	15	15	21	21	20	23	9	19	25	15	25	21	20	27	8	15	18	15	12	26	19	16	16	11	10	23	8	17	10	27	21	
74	65	68	64	55	55	68	68	56	55	60	57	67	66	72	63	59	65	67	59	73	63	74	70	65	62	64	65	69	64	69	58	73	62	58	60	57	60	74	56	
106	95	100	103	96	113	104	103	105	100	99	109	95	113	108	106	111	110	103	103	110	99	111	99	106	110	113	112	102	96	111	100	114	101	96	112	111	109	110	104	
87	84	100	91	96	88	84	83	88	98	85	91	85	96	90	90	87	97	95	87	90	92	95	90	81	81	83	95	88	97	100	100	84	86	99	84	97	100	82	83	
23	21	14	20	27	27	11	12	17	26	24	22	23	12	26	11	18	10	19	13	16	24	18	26	19	17	29	12	18	11	18	28	27	27	27	20	26	10	22	24	
77	75	77	78	82	69	70	77	83	75	79	72	74	70	74	77	69	66	72	82	83	78	81	77	65	79	71	65	82	65	75	78	77	65	82	82	79	82	81	80	
33	22	21	26	19	31	21	32	31	19	24	34	21	37	28	27	24	26	28	22	28	38	34	36	19	32	21	34	21	27	24	28	30	38	32	28	29	38	26	21	
19	33	19	27	35	27	20	25	31	38	30	34	36	31	27	23	30	31	34	33	33	23	32	33	37	30	19	24	32	37	28	35	36	30	27	34	27	30	24	23	
67	54	63	53	54	59	56	56	54	60	61	60	56	61	67	49	61	60	60	52	48	65	67	58	58	58	55	48	53	55	49	63	53	56	66	48	49	50	50	52	
37	29	22	39	31	31	33	25	30	32	36	21	24	37	34	31	23	26	27	33	25	40	34	22	34	40	25	33	25	25	27	32	26	35	38	30	21	28	24	32	
105	105	93	108	95	106	109	99	102	91	91	109	98	95	106	103	109	94	102	100	90	97	108	92	105	90	101	100	95	91	96	93	98	105	91	97	102	94	99	99	
65	66	64	76	78	63	76	72	80	67	70	75	70	71	73	67	74	80	64	65	63	64	74	67	70	80	80	69	68	67	74	66	66	79	81	77	78	66	70	68	
100	110	112	117	104	114	111	100	117	115	115	105	116	111	112	118	115	116	118	110	104	110	109	105	104	99	110	116	115	111	111	102	118	115	102	107	117	106	118	109	
46	35	42	34	49	37	34	44	49	41	39	41	47	45	41	47	48	30	42	45	38	43	49	48	49	48	38	32	46	40	48	42	46	45	43	42	44	39	35	48	
86	77	85	81	89	84	94	82	81	89	80	92	81	77	93	83	90	83	77	89	89	82	93	77	79	87	88	82	95	86	93	94	84	93	89	79	77	83	85	84	
103	107	105	102	113	112	108	106	116	106	113	102	100	103	113	116	111	99	103	117	118	110	107	116	112	110	103	105	106	112	112	105	111	112	118	106	104	100	107	111	
64	62	60	59	49	48	53	53	48	58	61	65	63	60	64	51	65	66	56	57	56	61	58	51	57	52	66	67	62	66	63	65	56	67	60	65	63	54	67	54	
72	63	73	64	55	69	63	54	64	54	58	73	65	57	69	57	69	57	72	70	73	69	65	54	62	58	60	58	55	65	72	54	68	55	55	66	66	62	66	71	
20	19	20	7	18	12	22	25	10	7	10	15	14	19	13	8	19	17	20	19	8	10	16	23	16	15	11	7	8	11	14	8	23	12	10	10	26	23	24	10	
76	73	75	71	83	71	81	74	84	72	83	84	86	77	85	81	82	78	69	75	76	77	83	79	86	84	84	74	69	68	75	73	70	68	75	69	86	80	78	72	
112	115	108	105	105	104	101	100	110	111	116	104	100	110	103	109	108	103	113	115	114	98	107	102	104	98	100	110	107	114	117	104	102	112	100	104	102	100	99	115	
13	26	20	30	14	27	19	26	19	26	17	16	17	25	22	18	30	29	11	12	20	11	22	24	26	22	17	28	11	26	12	30	19	22	11	28	30	27	22	11	
74	76	74	87	77	75	72	80	81	86	86	81	79	71	74	88	89	76	73	74	84	72	84	87	77	82	80	77	85	77	75	80	74	85	83	84	87	79	78	74	
31	31	29	22	34	40	30	26	38	34	36	30	23	31	39	34	22	23	40	23	33	30	41	37	30	41	30	34	32	40	31	25	27	40	38	41	25	38	25	41	
23	12	12	23	13	5	10	10	24	18	6	7	13	17	23	17	10	12	8	15	15	7	16	6	14	6	11	18	16	16	5	14	24	6	8	20	7	13	21	13	
45	51	57	47	56	50	62	44	53	57	53	54	63	47	55	57	54	48	51	59	59	51	60	45	48	63	60	46	62	55	47	62	48	62	50	62	50	49	62	50	
76	89	75	75	81	84	83	87	73	84	90	76	83	86	84	83	87	73	77	78	76	78	76	77	83	80	85	78	84	88	77	85	75	84	73	75	75	83	80	81	
68	70	73	74	64	74	60	72	71	66	71	60	63	70	76	61	64	79	69	63	71	75	68	71	74	75	70	62	78	65	70	66	75	71	67	79	74	76	66	62	
9	12	19	7	17	11	20	15	12	26	9	7	26	13	17	24	25	20	10	26	11	22	9	17	9	20	20	22	26	16	14	22	12	21	25	17	10	22	25	9	
51	49	55	50	51	51	59	62	55	48	51	59	49	49	48	51	60	62	52	62	49	61	62	58	59	51	53	45	56	60	61	52	49	52	56	50	63	59	63	58	
61	64	60	57	55	57	65	58	59	68	52	53	63	56	66	53	66	68	59	58	55	69	64	54	54	61	59	69	68	57	62	54	52	66	69	58	57	53	57	58	
20	14	14	21	14	27	21	16	11	18	10	15	14	23	24	12	16	23	14	16	12	27	26	10	21	13	23	21	12	26	10	28	29	17	21	24	21	25	23	25	
97	99	95	99	85	84	88	92	96	93	89	85	99	84	97	86	86	98	100	89	92	93	90	87	98	95	86	103	87	97	100	92	96	84	91	91	97	93	99	96	
92	77	78	89	75	78	83	92	83	91	83	80	93	87	82	85	83	89	90	85	89	83	86	87	82	88	92	80	87	80	89	79	83	81	85	88	79	84	76	90	
22	25	27	23	31	30	33	17	29	26	22	20	25	25	28	19	34	19	27	33	31	20	16	18	27	19	20	26	16	15	27	30	21	22	23	34	25	26	33	17	
52	52	54	68	60	52	64	56	61	68	60	59	59	54	49	62	53	63	66	58	67	53	61	54	68	67	55	63	68	67	63	66	61	51	52	53	65	63	61	66	
56	52	59	64	61	59	63	54	51	70	61	58	62	69	70	70	53	57	62	57	53	66	69	68	66	66	70	53	57	58	67	51	62	66	57	69	61	66	65	54	
25	28	27	26	19	16	18	16	30	35	29	34	21	32	26	19	35	33	28	28	24	20	28	33	35	32	20	28	21	29	26	33	34	27	26	35	33	24	28	19	
56	44	51	49	43	44	58	54	46	40	54	51	58	41	43	57	54	52	48	47	40	48	48	51	51	55	44	51	52	53	40	40	48	50	51	57	42	42	51	42	
28	46	32	29	32	36	42	40	46	38	47	28	43	33	31	44	43	28	45	40	46	46	37	33	29	36	46	41	36	35	35	45	41	35	32	34	28	37	38	37	
43	39	51	53	37	43	54	38	43	50	42	46	54	48	36	51	45	41	41	55	38	46	38	43	41	49	52	41	45	36	43	52	49	45	41	53	55	54	49	44	
55	52	56	39	46	40	40	53	55	56	56	58	42	46	52	40	43	54	50	48	51	55	46	41	41	48	51	52	48	51	43	49	41	41	39	54	45	55	46	54	
52	38	41	55	53	51	39	56	46	53	55	46	52	46	51	53	53	50	54	54	39	49	57	54	45	40	42	52	55	38	51	52	41	46	40	55	39	51	41	47	
80	72	85	91	79	82	74	88	83	79	81	86	89	75	74	88	75	87	90	91	90	74	88	84	79	87	78	86	82	73	90	90	74	75	81	88	76	81	73	83	
41	45	42	52	39	42	57	41	42	41	54	45	50	54	48	41	53	39	41	41	43	48	57	56	48	50	43	49	40	52	46	46	54	38	38	56	45	43	57	57	
29	39	28	34	37	40	27	33	37	34	38	30	39	29	27	40	37	26	39	42	31	32	26	41	28	28	28	41	39	25	34	41	27	43	24	24	38	43	24	27	
89	78	90	88	78	86	75	82	76	82	73	80	92	83	81	73	90	82	82	86	84	81	92	78	90	74	75	90	83	73	92	91	82	82	85	81	83	73	77	92	
87	89	91	93	86	96	86	93	91	86	86	83	96	80	94	88	87	91	86	83	79	95	85	79	84	87	82	79	83	80	86	83	84	87	93	88	83	92	85	95	
93	88	92	105	92	98	98	91	105	103	99	105	92	95	89	101	96	95	95	97	93	90	95	88	95	90	102	90	88	88	99	99	91	94	104	97	103	90	86	91	
79	77	76	70	65	73	66	81	81	83	74	71	69	66	71	68	83	72	69	82	72	70	78	82	82	70	66	69	73	82	77	73	66	70	82	81	82	66	65	81	
102	104	96	91	107	99	105	99	99	101	97	95	92	102	99	93	106	98	103	107	99	93	105	94	104	89	107	98	94	106	107	91	107	106	108	94	100	92	96	93	
87	87	88	71	79	86	75	80	80	79	77	69	76	84	87	73	84	79	87	85	75	70	77	80	85	88	79	76	86	72	78	83	75	85	80	70	72	84	73	70	
56	68	65	60	68	58	52	59	66	62	51	65	66	66	52	62	68	52	53	60	64	67	62	62	66	50	68	68	63	65	64	50	55	67	59	67	64	57	55	50	
18	28	32	20	21	30	25	20	16	30	15	18	15	23	20	31	15	26	20	33	24	34	27	16	19	28	30	28	26	26	18	20	20	31	27	21	20	16	16	15	
35	32	27	30	30	24	20	31	21	22	38	23	35	23	23	36	26	37	21	24	34	31	36	35	26	20	33	27	32	29	34	22	27	29	20	35	23	25	34	26	
19	11	16	17	12	29	26	11	25	11	16	24	29	19	29	29	23	23	17	15	24	14	22	17	15	17	21	12	11	26	22	18	26	25	14	16	13	22	15	21	
60	64	57	62	59	52	66	49	62	64	58	64	65	56	54	49	52	57	51	57	53	61	59	60	51	49	51	63	62	66	57	66	56	56	61	50	54	47	65	55	
44	42	40	42	39	53	40	48	51	39	45	44	55	45	44	56	52	49	51	42	56	42	43	45	41	58	47	43	44	39	42	56	46	54	54	47	48	57	41	54	
109	92	96	92	100	107	95	110	94	99	97	94	105	108	97	95	103	108	95	98	103	106	104	102	93	108	103	97	108	103	102	96	102	100	93	96	107	105	98	109	
28	23	19	16	15	24	28	26	31	15	16	21	13	28	18	27	14	25	18	22	22	18	25	23	13	32	30	14	23	14	25	32	18	20	15	14	16	17	32	24	
52	57	63	58	47	58	64	55	49	55	61	52	63	63	49	46	58	54	51	50	55	56	60	51	51	47	59	57	46	62	47	58	64	60	48	48	52	64	62	62	
36	49	49	42	49	42	43	53	50	38	53	52	52	47	41	45	44	51	50	36	53	34	37	35	50	46	44	46	37	43	34	49	38	48	42	35	50	36	36	53	
116	101	115	109	112	120	107	117	102	105	113	119	101	111	111	103	108	107	119	106	112	119	103	114	114	109	105	112	116	103	116	110	101	101	105	104	106	107	107	114	
106	103	104	117	98	104	103	103	100	100	115	111	114	110	99	110	99	111	111	104	110	113	109	102	112	104	108	112	114	101	109	102	102	117	110	101	101	106	112	112	
44	41	43	44	47	52	48	33	45	52	45	46	49	49	51	48	52	49	51	35	36	51	35	52	50	43	48	47	42	49	42	50	42	41	36	37	45	44	46	38	
43	48	52	54	49	37	51	39	51	42	43	40	42	38	38	39	42	44	50	53	45	44	36	36	54	38	46	41	38	36	43	37	46	50	45	52	45	49	42	42	
57	71	59	69	72	57	57	58	61	66	67	74	70	64	56	62	67	62	63	72	70	72	67	65	63	56	72	57	73	63	65	73	60	63	67	58	68	64	59	71	
31	25	30	35	37	39	26	29	28	24	25	22	39	24	31	32	39	36	37	36	40	35	24	39	31	26	36	23	36	30	23	38	27	25	35	39	22	25	26	21	
19	5	10	21	8	18	3	21	11	6	16	17	14	5	6	19	8	15	9	12	19	12	10	5	13	7	7	22	11	7	15	15	3	3	4	7	4	13	19	11	
80	84	79	78	76	79	84	73	85	78	86	90	73	89	78	74	83	88	81	80	87	81	87	82	82	82	78	74	80	74	76	74	82	84	80	89	87	71	77	80	
33	39	28	38	31	38	37	43	39	31	41	44	28	44	41	44	39	34	34	32	30	45	27	27	40	26	30	33	42	44	32	33	43	37	31	36	35	36	31	30	
88	89	106	105	104	89	101	98	99	94	90	90	99	95	105	99	101	88	93	106	104	87	106	103	91	91	97	88	91	97	95	105	105	102	104	104	89	92	93	92	
69	85	79	74	66	77	73	81	68	75	80	78	78	69	75	79	69	84	67	76	79	72	81	74	66	84	78	74	85	82	69	85	76	71	67	83	82	77	69	85	
79	78	81	81	79	79	81	78	75	89	83	90	88	78	86	90	88	92	89	84	79	87	86	94	82	82	76	92	77	82	84	91	86	92	90	92	84	92	78	89	
20	27	17	35	27	35	28	26	21	28	28	32	27	19	20	21	33	17	32	26	30	27	23	28	34	24	31	31	33	25	35	20	18	30	17	26	28	31	29	33	
62	50	66	57	56	58	62	62	66	63	66	58	60	53	68	63	61	63	63	51	62	68	53	65	50	68	51	62	65	68	51	55	61	67	66	67	65	54	64	55	
93	95	100	86	100	94	86	87	82	96	93	97	83	94	95	89	100	95	92	94	94	88	81	92	90	96	95	88	82	97	99	81	85	89	92	100	84	81	89	93	
68	66	69	84	77	81	68	75	82	79	80	79	81	81	74	75	81	84	65	66	78	69	80	65	70	66	72	66	72	83	82	72	67	68	77	72	65	81	72	65	
99	99	111	95	109	111	102	107	92	107	107	97	109	105	101	98	107	98	111	99	108	98	100	103	100	99	104	101	95	100	93	104	111	95	94	104	100	103	109	101	
95	99	95	92	88	94	94	89	87	87	105	96	105	90	91	105	94	96	98	90	87	88	98	93	103	105	97	87	87	87	89	93	106	101	101	89	106	104	101	89	
51	64	64	57	63	48	54	61	57	53	55	52	58	59	59	60	50	54	49	54	50	52	50	66	65	62	58	66	47	61	62	60	54	52	48	63	61	66	64	47	
31	26	27	17	24	34	29	30	35	22	32	31	36	17	31	30	36	30	35	17	18	26	20	34	25	34	31	23	22	18	36	17	24	27	28	24	32	26	36	30	
15	25	25	28	17	11	15	23	11	28	9	20	12	13	20	13	12	12	12	21	20	26	18	10	21	10	22	14	24	16	18	23	17	23	27	23	14	24	14	17	
50	49	53	39	52	43	43	41	44	43	44	51	48	43	52	38	39	54	48	45	36	43	39	51	50	44	47	53	43	50	45	39	40	54	51	47	55	39	43	47	
89	86	83	92	87	90	86	99	83	99	83	91	84	100	98	93	87	89	91	98	83	99	94	94	95	82	99	94	92	96	86	97	96	86	83	93	89	91	101	82	
68	70	60	71	60	67	66	63	70	63	60	60	70	67	63	53	61	72	61	57	71	53	58	67	67	68	66	70	65	56	56	61	60	72	60	60	59	55	65	55	
18	28	30	23	15	18	15	25	18	27	30	25	16	31	28	23	30	22	31	19	18	26	27	13	24	30	18	27	14	29	18	17	22	23	12	24	27	17	23	20	
66	79	78	84	77	76	74	77	80	78	72	68	78	78	73	73	72	70	83	82	72	67	76	71	68	69	73	74	83	73	84	65	70	83	82	75	65	70	65	72	
6	6	25	11	16	22	13	22	24	14	19	8	15	22	24	20	12	18	7	19	24	16	8	15	14	14	14	21	13	9	22	23	24	17	18	18	15	16	15	17	
29	28	29	19	25	19	28	12	28	29	17	18	26	18	17	28	10	27	16	22	13	26	19	11	20	27	19	21	28	24	24	17	14	22	19	13	10	27	10	19	
65	76	76	83	65	73	72	77	79	69	67	80	78	78	77	75	68	78	65	68	79	66	76	80	69	73	79	77	74	68	66	77	77	70	67	80	82	68	84	72	
29	26	12	28	21	27	24	21	30	23	13	12	22	20	17	18	16	12	27	28	16	24	15	30	17	14	24	27	22	23	23	14	22	15	26	25	25	26	18	16	
78	78	75	76	83	89	74	79	75	77	81	85	74	79	79	81	92	86	74	88	86	76	74	79	75	88	81	74	87	79	84	85	79	88	79	82	83	90	78	86	
105	96	98	105	100	102	94	105	98	89	100	104	108	96	106	92	107	101	89	102	95	107	107	98	99	107	101	104	106	95	106	105	95	95	104	90	97	99	101	108	
3	12	2	5	19	9	11	19	17	13	11	2	8	14	13	17	14	14	7	8	7	13	19	5	7	14	6	9	19	19	11	21	4	5	2	17	12	19	7	18	
83	82	91	83	99	81	94	90	90	97	91	95	99	86	91	85	83	99	91	88	86	98	90	89	97	92	96	96	87	92	85	83	90	90	95	96	97	100	86	94	
28	31	32	34	45	28	31	42	45	28	28	43	29	40	47	39	29	35	35	42	30	29	34	47	37	39	28	47	37	34	40	44	45	35	35	47	33	44	46	40	
85	75	85	86	70	84	70	76	88	71	75	76	71	78	78	75	85	70	87	82	78	79	72	81	73	85	87	69	88	78	81	88	69	88	71	76	83	85	87	76	
78	82	79	88	82	84	87	80	72	82	70	82	88	87	81	69	83	83	80	73	72	86	70	84	80	88	70	76	87	82	84	80	72	80	87	75	80	82	72	88	
80	65	70	70	74	64	76	72	78	73	71	69	79	81	75	72	73	71	78	75	70	81	70	64	67	79	67	70	70	75	63	79	76	70	82	64	75	74	76	73	
44	39	44	29	44	29	45	28	35	39	32	40	40	35	38	33	32	43	41	44	41	41	39	29	46	36	39	46	34	43	28	30	34	32	31	36	41	33	28	44	
23	17	13	22	29	28	14	26	24	26	18	15	21	16	26	25	23	28	21	27	27	21	16	25	32	18	18	16	13	18	23	29	18	19	32	23	25	24	21	21	
67	67	68	65	63	79	73	63	71	65	80	77	66	66	66	62	64	72	69	71	74	71	62	68	61	61	78	69	75	67	70	61	75	72	78	66	72	80	69	69	
47	45	43	51	52	41	53	48	42	54	38	42	44	42	48	46	51	47	39	40	39	42	49	46	42	49	54	50	51	48	42	45	44	49	37	46	37	54	52	46	
83	85	82	76	72	81	90	78	73	80	86	76	74	74	86	75	75	85	83	72	73	90	89	86	86	73	88	75	74	81	88	87	75	76	89	88	88	78	71	76	
66	61	71	78	79	65	61	75	67	79	72	66	74	66	79	78	68	76	80	76	67	72	67	70	76	80	67	74	64	63	79	64	70	70	66	61	74	72	65	65	
93	78	84	82	92	86	89	84	81	89	95	82	94	78	90	93	88	95	86	96	86	82	92	95	86	93	78	93	78	84	79	86	95	89	88	91	80	78	94	78	
61	60	61	49	45	46	48	60	51	46	46	56	58	44	57	60	57	62	47	43	50	48	47	56	57	61	48	54	61	61	52	55	45	55	49	55	52	50	59	56	
30	20	23	26	33	29	22	18	25	23	31	36	25	34	18	23	30	23	36	34	31	29	18	28	37	34	31	31	35	36	18	21	33	30	21	21	29	37	29	35	
17	19	24	25	24	22	20	19	26	14	9	16	10	9	23	24	8	25	15	20	14	20	18	21	17	16	17	26	19	16	20	24	26	11	14	20	18	10	11	18	
43	50	38	45	41	55	39	45	52	40	52	47	53	39	50	48	36	55	55	36	38	52	54	53	47	38	36	51	48	40	53	43	39	50	48	53	50	52	40	46	
97	99	93	86	87	102	88	92	90	100	84	94	94	88	83	87	99	86	98	83	91	100	85	96	94	94	86	83	88	89	90	93	101	98	88	102	95	83	97	101	
22	18	19	17	17	11	10	26	15	24	22	20	16	26	26	12	16	8	15	13	22	10	23	19	24	18	22	26	10	14	20	11	15	14	27	10	27	19	18	8	
54	55	53	54	59	66	67	50	54	52	65	59	67	64	54	55	58	63	50	56	54	63	60	59	51	66	58	63	63	61	58	50	50	65	58	54	58	61	62	60	
90	94	91	95	76	91	88	81	87	76	95	77	95	87	89	84	92	82	81	84	77	83	94	82	87	87	89	95	95	86	88	92	90	93	95	86	93	90	92	76	
88	98	87	90	88	99	83	97	100	95	96	86	95	92	98	93	83	102	88	102	102	100	88	94	96	93	86	89	98	96	100	88	99	83	89	96	92	100	96	90	
53	68	52	62	59	63	50	59	68	49	60	65	49	52	50	60	58	59	51	54	66	67	53	51	58	49	61	66	58	51	57	66	68	58	58	55	55	66	62	53	
113	118	107	111	107	117	106	100	104	107	117	103	105	102	117	111	105	115	107	117	111	108	102	107	100	105	115	102	118	109	106	116	116	115	106	112	114	110	118	106	
70	82	74	79	76	66	68	69	67	79	74	79	66	77	68	79	82	66	78	66	64	80	71	63	70	73	69	77	68	70	71	71	82	82	64	80	82	71	67	70	
91	88	88	81	80	79	87	81	82	83	93	93	79	82	77	86	85	91	75	92	92	81	93	78	91	80	89	79	77	87	78	78	77	85	77	91	83	76	91	87	
54	38	40	44	46	42	50	49	46	42	47	42	37	51	48	37	45	46	44	48	41	43	43	37	47	56	55	55	49	38	52	52	51	39	54	55	38	43	47	39	
75	85	82	85	81	83	81	72	84	84	82	85	69	82	80	74	84	79	75	76	87	81	86	79	76	71	86	72	72	86	73	84	80	73	81	81	82	87	84	75	
116	111	119	108	103	111	108	117	115	108	102	105	116	106	104	106	101	114	109	108	113	113	116	114	103	113	114	110	115	104	112	106	102	107	117	102	113	104	114	106	
45	43	60	54	50	59	43	57	59	55	50	43	59	53	44	55	54	59	54	51	52	48	47	48	54	49	56	49	42	47	44	51	56	60	59	53	44	52	52	56	
101	113	108	112	115	103	115	113	102	98	115	108	98	114	98	114	113	102	116	97	107	97	98	114	111	107	106	115	106	114	112	105	103	110	108	102	110	103	113	100	
100	116	108	107	110	106	107	108	108	111	105	112	116	118	102	114	117	115	107	110	106	102	116	101	102	108	115	112	104	111	111	110	110	112	116	117	102	102	115	105	
88	90	87	89	103	99	92	90	92	97	104	94	87	97	92	97	106	103	94	105	91	93	89	106	95	89	88	98	104	102	106	88	99	94	92	102	88	103	88	103	
78	78	82	74	70	85	69	81	74	83	74	76	76	82	72	69	79	85	72	71	83	67	66	85	83	80	71	68	85	85	68	82	72	72	84	76	84	81	72	76	
85	97	90	86	98	92	86	87	91	96	96	92	80	87	83	82	89	82	97	82	82	88	91	92	89	89	87	96	89	94	88	88	86	84	87	80	96	80	93	85	
88	81	89	87	81	75	73	79	78	79	87	82	82	82	72	83	88	88	74	74	86	84	73	79	72	84	82	80	74	79	85	77	76	72	73	71	83	81	72	77	
34	41	36	34	37	33	34	33	43	45	46	34	44	29	46	31	32	27	41	31	46	32	27	27	43	44	32	36	36	41	38	37	32	29	29	46	45	34	37	39	
90	83	96	89	95	84	94	83	91	88	88	78	86	94	95	93	87	84	87	82	96	89	88	95	79	77	84	85	80	86	88	79	93	80	94	79	81	89	96	89	
86	89	75	74	75	90	74	88	80	73	85	89	86	80	74	76	74	75	75	79	83	90	89	71	78	72	78	85	74	71	79	72	78	73	78	86	72	90	76	89	
44	57	50	52	48	45	46	42	47	52	54	58	46	60	46	52	52	48	46	49	49	60	49	44	44	51	50	46	44	46	43	50	60	44	46	58	58	49	52	45	
68	66	70	60	64	66	57	71	71	62	54	70	70	56	71	70	65	73	63	54	65	73	54	55	63	70	63	63	72	69	54	68	70	62	69	59	65	62	65	68	
76	86	79	77	90	84	72	78	89	73	86	91	83	77	84	86	78	89	75	88	91	78	85	91	79	79	78	73	85	86	83	74	81	85	89	78	91	91	87	84	
84	68	68	76	68	72	73	73	82	79	72	81	76	75	71	68	66	73	80	76	74	81	72	73	79	74	75	84	75	82	72	66	84	83	78	80	70	85	71	85	
98	95	98	111	93	104	97	96	93	101	99	100	104	96	102	103	105	97	110	103	108	104	95	108	103	108	109	95	105	108	109	96	100	95	92	94	106	94	100	105	
81	95	80	84	79	83	91	94	89	89	94	81	96	81	90	83	80	93	93	83	82	80	87	88	89	83	93	93	87	93	79	95	80	81	94	92	91	87	95	87	
38	41	48	55	41	50	45	39	42	51	49	53	55	49	39	39	54	49	37	38	53	50	54	45	41	36	44	55	42	46	52	39	42	46	47	45	45	55	48	42	
30	19	33	35	30	31	24	24	32	25	28	26	29	30	27	26	32	37	23	22	30	28	19	33	32	27	37	32	27	33	37	26	27	23	19	25	24	37	26	31	
23	20	11	21	9	14	19	20	24	15	16	28	14	9	10	28	15	25	15	27	21	24	16	16	28	26	9	20	18	26	13	24	14	10	24	14	25	27	14	20	
56	57	47	41	44	52	53	40	52	46	56	48	56	42	41	45	48	54	51	50	57	45	51	56	49	52	46	53	54	44	49	44	39	53	53	53	54	45	57	41	
87	83	85	79	75	71	73	84	82	85	81	72	84	80	74	86	83	85	81	85	85	76	79	70	76	69	76	76	77	78	76	85	72	70	76	82	88	87	78	74	
62	54	55	55	59	62	62	59	58	60	54	56	63	57	49	49	52	63	60	52	63	49	65	61	50	64	62	63	54	50	60	49	60	56	62	51	65	48	56	64	
62	62	58	60	63	46	53	47	54	60	55	48	53	60	47	60	51	56	55	46	53	50	62	59	64	58	60	59	64	63	47	48	48	57	47	57	49	65	57	65	
88	85	90	80	93	89	81	82	79	83	84	81	95	87	88	94	92	90	88	78	85	91	94	83	84	91	93	80	89	81	81	91	78	84	88	91	82	89	85	89	
30	20	25	34	20	24	29	19	25	24	23	34	21	38	35	32	33	25	34	38	34	38	20	37	34	26	33	24	36	36	36	32	19	27	24	37	34	27	35	28	
35	24	31	39	30	30	26	37	24	26	39	34	34	39	35	26	21	26	38	25	26	30	35	24	21	29	27	34	31	39	30	40	33	40	31	34	25	32	26	38	
34	29	40	29	39	41	29	46	44	39	31	29	34	47	37	42	31	48	30	32	38	38	35	45	33	37	38	40	38	31	32	38	36	29	43	33	44	48	38	46	
59	53	61	45	45	56	59	61	53	57	48	56	53	58	59	46	45	53	59	46	64	46	47	55	57	47	54	48	64	64	54	51	52	62	48	59	62	58	49	62	
79	67	78	71	80	74	64	74	77	70	67	62	61	63	67	63	80	68	66	78	79	61	69	72	73	80	76	69	78	76	75	71	68	77	80	69	69	79	74	78	
32	28	23	38	29	32	36	21	23	33	32	26	32	28	23	36	30	39	38	35	30	22	22	38	30	29	25	32	24	28	35	25	32	23	25	21	26	28	36	31	
12	14	14	21	8	9	20	9	19	12	18	16	8	17	10	5	18	20	18	19	9	16	14	21	21	13	14	4	3	13	20	7	20	20	5	7	21	17	20	12	
57	68	64	58	74	66	63	71	75	64	72	64	73	71	68	73	60	57	69	64	62	75	69	69	62	76	65	68	60	57	57	57	70	73	65	57	69	62	74	61	
18	22	7	23	20	7	18	22	12	5	20	6	18	20	4	18	8	21	17	15	23	7	20	8	12	10	7	12	7	4	19	9	19	7	16	20	6	19	17	14	
71	71	72	74	80	68	70	65	73	80	80	62	79	65	80	71	79	66	71	71	67	75	81	74	80	72	65	81	81	79	80	70	69	74	71	72	62	72	74	65	
75	80	81	79	71	72	87	86	80	73	83	75	70	83	70	89	74	78	75	70	76	89	79	86	87	84	83	86	82	75	83	83	85	71	86	73	73	78	82	78	
74	81	82	67	75	81	78	67	72	79	65	81	77	67	69	72	76	66	65	73	72	68	67	72	70	72	68	76	66	77	77	84	82	66	81	70	79	76	66	74	
93	83	97	84	81	97	97	92	87	96	92	97	85	96	88	82	97	95	88	90	81	79	86	83	96	88	85	84	83	92	91	81	78	92	93	93	95	82	83	83	
70	63	77	61	79	80	64	74	67	73	79	77	68	68	68	66	68	67	79	71	71	66	77	73	80	73	71	75	68	80	63	78	78	61	79	64	66	68	64	66	