500
20
60	58	65	52	54	61	54	58	60	56	71	63	52	58	54	63	61	68	57	66	
32	24	21	32	25	27	38	36	26	21	38	35	21	31	34	36	23	23	38	31	
109	110	114	97	102	111	99	98	97	108	98	102	98	112	108	101	103	104	103	110	
70	78	75	81	82	82	67	79	82	67	83	77	70	77	81	78	69	78	68	76	
18	26	11	15	27	11	15	18	17	10	25	15	21	16	18	23	19	12	11	17	
33	26	34	29	33	23	38	28	36	41	37	41	39	36	30	41	32	23	41	27	
43	49	36	37	34	38	42	40	47	33	38	31	31	47	38	47	36	47	34	40	
72	79	73	78	75	78	67	81	77	72	63	64	66	67	78	74	63	70	78	70	
53	66	61	68	50	52	59	58	56	67	51	69	50	57	54	61	66	52	61	52	
71	77	79	75	79	70	74	79	82	67	71	75	74	64	80	65	82	64	79	69	
7	23	14	23	9	15	10	21	21	23	14	11	22	21	14	21	16	21	18	11	
38	50	40	48	52	41	44	42	47	33	40	46	43	49	34	38	48	43	34	40	
115	106	112	113	102	113	111	104	117	115	109	101	102	102	105	103	104	116	114	111	
18	29	25	26	27	17	34	17	24	36	22	21	18	19	28	35	29	30	17	20	
8	18	26	23	16	14	26	14	12	11	17	9	25	23	26	13	13	11	11	12	
57	51	60	44	56	50	50	57	49	41	49	52	48	48	57	52	42	54	43	55	
14	17	13	23	23	14	18	17	6	6	6	11	11	23	16	6	23	21	22	10	
32	33	23	39	37	22	40	37	36	29	25	25	37	22	34	29	33	24	36	32	
70	77	80	86	75	75	77	87	75	88	79	73	69	75	76	69	87	78	74	84	
109	98	103	100	93	98	109	96	105	92	103	103	94	101	96	106	101	92	111	101	
43	30	35	33	35	39	39	28	42	45	45	42	45	34	35	31	34	28	33	36	
29	19	37	32	36	29	28	37	24	36	23	36	37	18	19	37	19	25	21	20	
103	109	102	94	112	97	108	108	97	109	99	105	101	109	102	97	111	113	97	95	
48	49	34	35	41	39	46	37	37	39	41	50	43	48	35	45	46	43	50	33	
47	57	58	42	48	44	48	47	59	43	47	46	58	52	60	58	44	56	57	50	
97	88	105	107	100	93	104	92	94	97	99	101	101	99	90	104	93	99	90	102	
66	58	63	55	68	60	71	63	62	70	60	69	64	66	65	55	64	72	64	56	
53	52	54	49	52	45	58	46	54	40	44	55	51	40	49	44	57	51	55	58	
47	60	52	59	60	63	60	51	62	65	52	65	49	64	56	59	49	62	59	48	
34	47	37	37	43	43	46	43	45	34	44	30	32	36	40	44	44	40	40	38	
96	101	93	93	103	102	90	101	103	90	86	99	93	92	105	94	104	101	103	95	
109	109	102	106	101	108	112	99	99	110	102	107	96	99	111	101	101	100	110	93	
60	64	68	65	67	65	55	66	64	59	53	51	64	61	53	57	54	56	54	61	
43	36	54	49	36	43	49	50	37	46	45	51	53	50	45	39	50	38	36	44	
107	92	97	107	108	99	109	110	99	110	96	95	96	91	98	108	104	94	92	93	
54	42	42	52	43	39	53	45	43	37	45	37	43	39	56	48	46	42	49	37	
58	59	60	53	61	69	57	62	53	69	64	53	52	57	52	65	63	68	54	52	
22	18	21	14	27	20	17	17	20	12	30	28	31	31	14	20	26	18	24	14	
31	19	21	24	28	21	31	26	16	21	20	31	31	13	31	25	32	17	21	21	
57	46	61	58	47	56	59	59	49	53	52	48	53	59	50	59	58	48	46	45	
72	66	66	68	69	71	70	71	84	84	73	81	69	71	66	69	66	69	73	74	
91	98	91	91	98	95	100	99	110	100	107	93	101	97	107	110	104	93	95	106	
81	70	87	68	75	73	71	82	78	75	75	75	71	77	71	69	78	79	74	87	
92	89	106	90	101	106	105	91	106	99	101	95	98	96	93	102	108	91	93	89	
75	77	85	79	69	81	79	85	69	73	71	85	71	72	80	71	71	82	78	85	
14	6	14	11	21	11	13	10	18	18	15	11	5	18	13	23	9	19	9	8	
86	81	76	73	77	74	86	76	72	77	71	73	75	75	85	83	83	81	70	87	
80	80	75	75	80	71	78	68	69	69	83	70	80	76	85	84	78	79	84	82	
92	78	78	88	79	90	93	76	93	76	94	77	76	81	78	85	78	77	83	90	
21	21	37	32	32	38	36	33	29	23	24	37	36	34	27	35	23	33	32	26	
73	63	80	74	65	63	67	77	71	69	72	74	68	72	66	69	66	81	74	74	
92	93	91	99	103	89	89	102	102	106	93	107	100	102	105	105	89	101	107	96	
57	53	52	51	46	45	58	49	56	46	49	52	49	62	51	64	48	48	55	45	
54	71	57	67	68	62	66	54	66	67	63	70	65	58	57	53	66	69	58	63	
44	50	36	40	38	35	35	38	43	35	38	35	34	44	37	50	40	36	49	44	
54	53	49	46	53	47	44	47	48	49	51	46	48	52	45	37	51	47	41	52	
43	42	33	32	34	44	49	37	36	32	32	31	40	38	38	50	43	47	33	41	
54	50	60	55	45	50	60	54	53	55	48	49	53	62	50	56	53	54	54	57	
19	21	16	18	22	22	19	19	19	17	18	21	21	16	22	24	26	27	26	27	
120	115	120	108	106	120	101	119	104	103	112	117	105	105	120	105	103	104	119	101	
80	84	88	76	87	81	92	86	76	81	79	83	81	78	88	83	83	81	88	78	
92	89	89	96	85	86	98	101	101	86	86	95	101	85	101	89	91	87	92	85	
88	88	86	87	87	93	99	104	104	87	97	96	95	102	103	99	86	88	101	91	
50	66	68	64	62	60	68	57	51	67	59	55	64	63	54	53	53	66	55	67	
58	67	69	73	63	64	75	67	72	62	75	74	60	74	64	57	58	68	73	64	
72	74	62	75	57	74	58	74	64	74	65	60	71	68	70	60	73	72	59	69	
75	72	62	74	73	72	65	60	78	75	78	75	66	60	72	59	70	64	66	75	
66	66	66	61	61	70	66	61	71	61	66	59	63	64	56	61	55	61	73	55	
87	86	94	77	84	77	89	88	87	77	86	87	76	81	94	90	88	93	94	80	
69	56	70	61	66	63	72	60	56	70	63	54	65	55	63	71	68	54	72	70	
42	47	50	54	57	43	47	50	45	43	42	44	53	55	59	46	45	54	56	43	
56	55	63	69	68	57	65	57	73	57	67	61	65	67	66	60	71	62	61	73	
43	30	36	45	41	44	35	40	45	43	42	44	41	28	32	37	44	32	37	33	
47	48	36	42	48	43	37	46	35	30	36	44	44	47	37	36	36	45	41	43	
65	73	68	63	67	75	61	63	78	76	65	78	63	60	63	74	71	62	69	68	
78	71	83	71	73	73	72	76	81	72	74	84	89	77	73	82	86	88	72	80	
18	26	22	36	32	29	36	31	37	33	27	36	27	35	37	29	28	27	21	19	
82	84	72	83	74	79	70	81	78	87	73	78	75	79	74	85	86	71	76	69	
70	66	68	71	78	82	69	69	82	70	66	77	82	79	81	68	66	69	73	71	
22	16	30	13	25	12	13	23	16	28	27	24	29	24	29	29	31	20	15	29	
60	62	71	60	71	64	73	72	71	73	68	71	69	63	65	76	58	67	58	63	
49	46	42	42	41	53	44	59	57	55	54	43	57	52	59	59	54	52	53	55	
75	60	72	59	68	68	68	67	76	70	61	59	73	76	78	66	59	73	75	59	
30	41	40	35	35	41	29	38	43	46	38	38	32	37	46	43	30	48	37	31	
30	31	41	40	44	32	25	26	31	29	31	32	41	27	44	27	35	28	30	25	
36	28	37	39	27	26	40	37	36	34	37	25	25	34	32	36	32	22	34	41	
62	47	51	62	47	62	56	48	56	53	51	51	51	66	66	51	61	59	56	55	
84	92	82	90	84	73	80	74	73	84	88	89	81	86	89	88	83	76	85	90	
71	56	68	62	69	72	60	65	63	58	70	73	56	73	59	69	55	57	63	63	
103	100	93	90	97	95	96	96	102	94	104	92	93	102	86	97	104	99	101	87	
46	46	39	40	46	37	37	41	51	46	54	42	37	50	53	40	44	38	51	40	
71	80	85	77	82	69	76	81	83	72	83	76	75	77	68	70	67	82	71	73	
103	112	100	98	112	109	96	108	101	111	113	109	96	108	112	112	105	103	110	102	
59	60	65	67	65	51	61	68	66	52	53	50	58	52	63	68	68	53	58	66	
56	60	73	71	67	72	55	60	61	70	58	69	70	56	72	63	61	65	57	55	
42	46	54	52	41	55	40	47	43	46	45	41	53	54	49	41	41	40	47	54	
98	97	110	98	112	105	102	101	106	112	105	97	95	113	104	99	103	100	109	108	
29	21	30	31	24	31	33	19	16	20	17	29	29	22	19	21	17	27	20	25	
36	27	18	19	30	31	21	27	34	32	36	33	23	20	34	35	30	32	20	25	
59	66	70	62	67	69	57	70	70	74	64	60	60	70	64	57	72	62	63	72	
64	64	74	69	60	77	63	76	77	59	63	73	59	58	58	61	60	63	61	60	
54	45	49	50	49	46	40	37	41	48	50	50	51	38	38	41	45	38	40	53	
114	100	114	112	108	110	99	105	109	112	109	106	104	107	100	95	113	103	97	95	
60	56	59	57	56	58	69	57	66	58	58	61	73	69	61	64	62	66	73	61	
50	51	47	43	37	44	33	47	47	43	36	43	35	41	45	42	36	45	48	51	
28	41	25	27	33	39	29	40	25	24	40	30	23	30	29	41	35	25	23	22	
94	105	95	102	89	93	93	91	100	96	105	106	98	100	89	103	92	90	102	91	
91	105	105	107	107	102	106	100	102	92	102	101	91	98	95	107	98	96	95	99	
65	77	68	70	63	69	70	77	66	67	68	66	69	71	80	71	67	76	78	69	
97	94	92	95	84	83	89	87	90	88	91	102	100	94	101	99	89	89	92	84	
112	108	116	116	111	113	108	116	104	113	105	117	111	101	114	104	115	109	107	118	
39	35	31	39	40	32	32	43	44	35	38	32	30	37	38	39	42	47	38	31	
33	32	18	25	32	25	19	25	32	33	24	16	32	21	20	19	21	32	29	19	
12	13	30	20	22	26	15	29	13	29	25	15	12	22	26	25	18	12	23	23	
39	43	30	44	45	42	44	44	35	37	41	35	46	37	32	30	31	45	40	38	
38	32	30	41	39	38	39	24	28	35	40	31	33	30	27	23	39	29	42	24	
37	39	29	40	40	25	40	22	40	22	24	41	36	39	26	32	38	30	38	40	
101	97	97	102	103	109	95	107	104	92	107	96	95	90	93	98	106	91	95	99	
52	53	53	40	55	45	55	47	50	41	48	43	57	51	40	55	44	41	43	44	
65	66	68	66	72	65	63	57	62	70	63	56	64	67	69	65	64	70	55	58	
47	65	57	53	56	54	59	65	46	54	46	56	53	55	62	56	61	48	48	59	
101	110	110	108	113	113	99	97	105	109	109	103	109	102	114	114	101	97	114	95	
62	63	70	70	63	74	75	71	61	57	60	66	68	65	75	74	74	71	70	58	
75	76	76	87	93	85	82	90	84	86	90	83	93	77	87	85	82	80	76	91	
30	35	25	25	25	26	33	31	31	24	21	31	21	35	23	30	24	32	32	26	
106	96	94	95	105	97	111	108	108	104	105	110	106	98	108	109	111	94	98	102	
85	94	93	76	77	87	75	84	92	83	93	87	79	75	83	82	87	87	79	93	
22	14	20	7	18	14	8	15	17	7	18	5	23	18	10	20	16	5	15	17	
35	37	30	39	36	38	22	31	35	33	38	23	37	33	25	38	23	32	38	20	
109	99	97	111	95	102	97	94	95	94	105	111	100	111	94	108	94	98	106	103	
39	48	43	51	47	46	35	51	44	36	36	36	43	45	35	43	50	39	54	49	
88	78	83	86	79	77	80	90	89	84	76	91	84	83	85	77	82	89	84	80	
65	61	63	63	61	59	55	69	62	62	62	71	59	70	54	54	55	65	55	54	
56	56	51	56	57	56	56	54	46	49	52	49	55	57	43	58	50	47	55	52	
90	106	105	89	106	97	90	105	93	103	92	104	104	103	106	95	90	98	87	97	
74	83	84	85	85	66	76	81	79	78	79	81	84	83	84	78	69	71	79	66	
56	55	64	61	65	67	53	52	65	64	64	48	61	66	48	50	58	61	62	55	
51	42	41	57	58	57	46	47	39	43	54	49	55	51	46	45	41	56	48	58	
3	13	17	11	4	8	16	15	8	12	14	4	3	14	16	20	4	18	5	17	
30	39	31	27	25	26	27	36	40	32	26	31	34	31	40	37	32	41	36	25	
90	81	89	81	85	92	76	78	90	76	85	82	82	79	80	91	89	76	89	94	
106	102	99	88	98	93	92	90	100	93	104	92	94	93	102	101	95	91	103	106	
53	63	55	57	53	48	63	56	52	58	64	58	49	63	47	55	58	45	61	57	
32	34	39	35	34	45	36	33	33	31	37	46	50	36	41	37	46	32	46	49	
109	112	109	106	101	112	97	100	96	109	113	109	107	109	109	101	101	101	106	101	
99	107	114	113	110	105	111	114	102	103	113	117	106	104	103	115	115	112	103	111	
67	81	82	79	79	69	75	76	68	76	80	67	84	69	79	79	78	83	66	73	
80	75	68	68	67	71	84	83	67	84	79	78	80	68	68	71	83	76	69	77	
84	75	75	75	84	91	84	83	94	85	84	75	92	77	91	85	83	76	78	79	
75	81	82	82	76	79	83	79	79	83	88	70	79	79	83	80	84	73	76	77	
11	20	6	5	21	20	19	9	21	20	6	16	13	19	15	7	5	3	4	3	
62	56	53	47	63	62	63	47	51	54	58	58	59	50	59	56	55	51	51	61	
74	75	67	68	75	71	69	75	73	70	77	81	67	69	75	75	72	73	68	74	
69	64	81	70	65	63	67	82	78	74	69	63	74	77	76	80	78	78	80	81	
8	9	18	9	18	15	11	15	13	17	19	6	10	15	14	14	10	14	8	8	
70	62	62	56	55	71	55	56	70	66	69	58	58	57	60	61	74	74	58	66	
15	6	21	14	21	6	14	9	4	14	22	15	9	22	10	16	20	12	22	10	
89	89	95	98	98	97	80	88	87	86	91	83	86	94	96	96	80	90	89	84	
45	41	46	32	46	33	43	49	47	51	36	50	41	35	38	40	46	39	41	49	
86	82	83	81	81	74	89	84	86	88	91	90	79	88	81	86	72	79	87	75	
34	39	41	41	42	32	40	39	35	45	28	32	42	39	30	40	35	33	36	36	
43	34	42	40	44	39	35	50	50	34	45	42	42	38	35	53	48	36	53	37	
101	112	108	101	111	98	97	108	108	105	96	97	108	97	101	95	104	96	98	96	
70	75	80	75	67	73	82	80	63	63	81	65	73	77	81	79	80	74	80	72	
25	23	20	18	9	12	7	9	9	6	14	6	19	17	19	16	13	14	7	10	
41	51	54	45	45	53	46	44	54	47	38	48	40	37	49	43	48	49	48	48	
35	31	25	39	27	36	27	33	27	26	29	33	36	26	38	31	27	35	27	37	
105	91	95	99	92	91	96	102	93	104	107	95	94	90	100	94	102	93	102	107	
38	28	25	23	33	28	30	29	41	34	31	31	41	27	30	26	33	30	42	26	
90	79	90	85	90	94	95	97	90	83	86	80	79	94	87	84	98	89	84	83	
79	86	72	72	89	83	77	81	83	78	73	75	75	78	73	89	79	83	88	73	
25	36	36	24	34	26	29	33	37	28	30	27	21	20	24	21	34	35	21	28	
101	89	98	85	101	87	82	99	101	90	99	100	83	84	85	86	88	82	86	98	
70	58	61	69	58	65	73	62	54	66	73	70	58	65	69	55	65	63	67	70	
6	4	10	14	4	8	18	7	21	14	20	5	21	10	2	10	20	12	21	15	
84	103	99	99	100	100	88	95	85	91	85	97	97	94	89	96	100	93	96	88	
73	78	86	73	91	75	86	82	73	75	82	77	77	87	81	92	75	74	91	74	
71	77	79	77	66	66	72	83	73	79	75	76	85	68	82	78	67	78	70	80	
29	40	32	37	27	28	28	38	36	34	42	39	30	42	45	28	36	36	32	34	
101	91	102	96	97	89	97	101	94	99	93	88	105	87	93	97	105	94	103	86	
64	66	55	62	71	55	72	59	71	54	64	53	60	62	63	64	67	68	70	60	
72	56	74	74	69	69	55	62	66	70	57	67	60	65	72	67	67	57	61	72	
57	65	70	74	70	62	71	65	68	60	59	73	74	71	70	65	75	72	62	75	
73	81	70	88	71	70	86	88	69	69	83	76	76	85	70	73	70	83	76	78	
65	61	58	72	54	70	60	68	58	60	61	63	55	62	64	62	66	57	68	67	
90	94	81	82	76	85	94	87	89	95	87	91	84	85	82	95	93	80	89	87	
90	95	90	100	91	98	95	97	87	95	95	101	98	93	95	97	93	96	92	87	
18	10	23	24	20	17	7	17	26	26	8	18	20	17	11	22	26	25	9	23	
23	33	40	40	24	33	35	22	40	30	27	33	25	34	39	27	40	39	22	36	
64	64	81	66	75	79	76	78	79	78	66	66	82	65	73	80	80	69	63	76	
65	70	72	64	69	60	67	56	55	69	59	70	61	60	70	73	72	59	69	55	
9	16	15	9	14	25	22	10	25	25	18	13	14	18	16	17	21	22	19	15	
54	43	46	45	54	50	58	58	49	39	41	44	42	50	51	54	53	40	50	56	
93	91	84	87	91	83	91	92	98	101	82	93	99	90	92	86	84	91	94	86	
63	59	59	52	67	52	61	65	56	52	52	60	66	67	59	60	59	65	61	69	
16	12	10	22	9	11	20	20	5	16	5	14	12	13	21	20	15	3	14	4	
51	62	53	55	48	65	56	66	65	65	63	57	48	66	65	56	53	51	57	50	
100	100	101	113	109	114	108	102	101	97	100	102	99	114	106	104	98	112	104	96	
47	39	42	36	39	35	34	38	49	37	44	40	39	32	34	33	37	41	32	42	
42	37	36	36	33	42	43	32	42	49	41	38	38	37	33	48	40	49	48	37	
108	93	99	110	98	95	93	93	101	101	99	98	98	111	95	110	95	110	102	103	
62	71	71	76	74	75	70	67	79	68	68	67	80	81	68	80	78	67	71	76	
50	39	38	50	35	41	38	35	46	41	40	45	53	41	40	35	52	40	47	37	
105	110	99	99	105	100	104	98	102	98	93	98	103	109	97	93	98	97	95	101	
40	31	27	39	29	25	33	28	29	39	42	44	25	29	32	39	40	28	25	37	
21	27	31	37	20	29	29	18	29	18	19	34	30	24	36	30	31	30	19	24	
92	95	101	95	100	100	93	97	87	105	89	100	91	103	98	104	100	103	95	95	
60	69	74	72	62	73	72	59	75	76	61	58	59	70	75	70	63	76	63	59	
99	102	90	105	91	86	87	105	90	93	94	104	86	86	93	88	89	92	97	96	
51	58	65	51	68	66	52	59	69	58	63	66	59	56	69	64	58	69	68	61	
31	47	41	37	48	37	41	45	45	41	49	38	37	42	35	33	45	50	38	34	
21	7	18	23	4	12	21	5	13	20	4	5	9	14	19	16	11	18	8	22	
16	24	28	32	30	20	34	20	16	22	22	31	17	21	19	22	25	32	22	19	
71	70	65	67	83	75	73	72	76	68	65	76	75	74	74	80	66	73	83	71	
84	84	79	92	78	90	87	77	79	93	90	93	82	89	84	89	85	86	83	86	
101	89	98	91	94	98	94	99	103	93	95	97	96	97	102	104	95	94	107	91	
12	19	10	20	10	12	20	17	15	15	12	7	16	11	18	9	21	19	6	14	
64	80	63	82	67	77	77	80	70	74	72	71	70	75	66	79	68	81	77	71	
22	25	38	29	37	32	39	31	27	26	21	37	25	39	22	21	36	32	30	34	
75	76	62	72	71	77	67	71	75	73	69	66	77	76	64	63	71	75	79	69	
45	46	52	55	58	64	62	52	56	48	50	57	54	62	61	55	53	61	45	46	
59	62	54	50	53	49	58	55	59	63	50	68	64	53	57	66	56	54	61	61	
110	104	97	99	103	110	115	97	104	98	110	106	106	106	98	97	100	102	110	106	
31	26	26	36	25	32	35	29	31	35	31	26	24	37	37	26	28	35	42	33	
85	77	71	85	76	81	79	80	78	81	83	84	70	75	85	75	81	81	70	89	
13	21	19	14	11	9	4	19	4	14	14	8	9	16	18	16	15	16	22	21	
64	68	68	63	67	75	68	76	76	63	71	77	72	71	72	64	75	66	65	62	
87	89	77	78	87	81	76	85	86	82	93	92	93	86	86	92	82	92	75	86	
35	32	37	28	41	45	44	45	39	36	36	28	32	42	40	31	44	37	32	40	
100	96	108	109	98	105	94	94	103	97	103	106	107	106	107	96	102	107	108	111	
44	55	61	45	60	50	54	62	45	45	61	58	54	48	56	51	53	45	59	54	
103	88	86	99	105	103	103	100	89	99	94	92	86	98	96	100	88	98	98	99	
54	62	51	65	66	62	53	68	65	69	66	52	53	59	58	62	58	56	53	55	
90	83	93	97	84	81	81	83	97	97	80	85	81	93	94	96	93	87	97	91	
19	13	18	32	27	18	21	24	25	31	14	24	27	28	29	24	14	25	22	31	
29	35	45	30	28	37	33	39	45	40	45	26	38	29	45	35	44	31	38	35	
104	106	92	102	92	103	105	105	92	93	99	99	95	87	88	101	92	104	89	96	
65	73	73	78	61	67	79	75	74	75	75	63	77	65	79	60	62	72	72	72	
66	68	71	69	81	72	76	82	79	66	70	68	75	66	67	78	67	78	71	81	
55	49	42	45	48	52	52	55	41	40	42	44	39	42	52	53	55	48	40	56	
100	92	109	108	109	98	95	102	97	105	94	106	102	110	98	103	107	97	104	110	
62	49	50	58	53	49	46	49	58	49	47	43	61	44	59	57	62	52	44	50	
101	104	108	102	100	91	104	95	102	91	106	91	100	96	110	95	103	101	101	96	
50	56	62	51	52	52	57	55	51	54	53	61	66	53	57	53	65	48	64	62	
10	10	12	6	19	19	14	7	21	10	19	14	13	12	19	4	11	18	18	19	
111	111	108	114	109	107	107	104	95	114	103	106	107	96	113	101	104	110	112	113	
34	23	34	16	29	16	26	29	28	30	24	24	18	22	21	21	28	22	23	26	
75	80	91	84	81	89	86	83	85	76	81	78	83	94	75	81	82	85	88	77	
86	97	87	88	90	101	90	84	94	87	88	87	102	100	84	92	102	91	103	88	
102	113	104	100	108	111	99	99	100	97	98	95	104	96	109	102	109	103	112	103	
79	81	83	89	90	78	74	83	91	76	88	80	75	90	80	77	78	88	79	76	
40	33	52	36	46	45	49	41	42	47	35	44	46	35	44	43	48	46	35	38	
95	81	97	84	97	91	97	83	92	82	82	81	79	84	90	93	80	95	98	92	
37	37	35	33	34	24	42	41	33	34	39	28	34	36	28	24	27	34	39	41	
39	29	34	35	24	29	27	38	36	38	35	28	38	34	25	34	26	30	25	20	
9	7	18	5	18	18	17	17	22	17	16	8	17	17	19	18	8	24	5	10	
92	85	82	94	92	88	88	85	82	86	96	83	97	85	95	85	87	89	86	98	
61	62	55	59	64	53	67	64	59	54	63	66	58	58	64	65	56	70	57	56	
16	31	32	23	26	22	22	30	32	26	21	27	27	16	21	13	13	28	25	25	
45	51	52	51	46	56	60	45	59	54	60	54	57	62	55	60	46	57	59	61	
20	30	26	24	27	13	19	22	18	31	15	20	13	20	14	28	26	28	27	19	
26	18	22	20	15	20	13	12	23	14	14	25	24	19	14	27	23	11	17	30	
24	23	29	33	17	32	29	19	21	17	17	18	20	28	24	19	31	22	26	26	
87	100	90	97	93	94	87	92	87	93	101	86	96	95	92	102	105	96	95	98	
87	75	78	76	71	86	82	72	70	78	81	69	88	85	70	76	86	87	86	84	
72	84	73	67	71	71	81	68	78	76	67	68	66	72	77	77	75	69	83	75	
30	23	30	29	25	30	24	17	22	25	33	26	23	16	16	32	22	16	15	29	
29	30	17	20	25	20	18	20	13	13	15	23	20	21	15	25	16	25	17	31	
72	82	77	75	79	73	85	82	79	74	76	84	86	70	70	88	70	81	80	74	
8	8	19	15	20	18	12	4	18	18	19	4	20	12	14	10	10	12	7	5	
40	42	40	41	38	48	47	48	39	46	43	33	40	32	32	35	39	32	44	32	
102	114	104	115	102	108	109	105	115	118	111	112	107	104	116	103	118	106	119	111	
61	56	59	58	65	71	74	71	59	65	63	72	58	65	64	64	65	74	60	68	
17	6	19	7	14	10	21	20	14	22	7	10	9	11	19	17	19	15	16	10	
58	53	39	52	45	39	43	49	52	53	48	46	42	48	53	50	39	57	54	43	
23	37	28	41	29	36	39	23	36	37	39	31	29	27	27	29	28	29	30	38	
100	102	102	95	93	96	97	92	106	103	95	92	91	89	105	92	95	93	94	92	
26	30	35	27	32	19	33	27	35	32	29	29	20	22	26	18	34	36	26	28	
73	81	81	78	77	84	83	80	72	83	84	84	81	86	84	75	70	75	67	76	
15	17	7	17	16	18	15	13	21	14	3	19	18	17	11	9	15	11	19	20	
100	110	115	104	97	108	101	101	104	115	106	97	112	111	114	98	103	108	99	103	
17	10	4	14	13	11	10	15	5	5	3	11	7	20	14	18	14	7	18	12	
60	76	71	76	63	62	60	60	59	74	60	63	75	60	66	74	74	77	62	60	
118	101	114	103	101	111	109	103	114	109	118	102	116	107	115	103	107	102	109	116	
62	60	52	58	49	52	67	60	67	60	58	65	68	57	67	66	53	66	64	56	
60	69	72	65	57	65	66	60	64	63	62	66	64	66	68	61	64	69	66	67	
29	39	34	39	32	28	47	45	40	36	47	42	40	30	36	34	43	41	38	31	
54	48	47	50	57	41	46	54	49	51	47	48	53	46	46	47	46	47	40	46	
62	67	57	58	59	64	60	60	53	59	66	54	63	70	70	66	58	54	56	68	
36	49	30	37	35	41	32	39	43	34	45	43	30	32	45	37	46	32	33	43	
6	17	21	12	17	6	19	20	12	12	22	7	18	20	10	14	15	14	21	6	
102	101	93	95	99	105	96	96	96	91	93	99	98	96	100	95	99	96	98	88	
61	55	58	60	59	56	56	65	59	63	54	52	65	54	64	52	66	61	66	68	
63	72	75	73	65	67	69	65	79	63	69	64	64	80	67	75	80	72	65	74	
58	46	46	51	60	53	62	61	57	46	48	58	59	63	53	57	45	53	45	50	
76	74	81	85	78	87	73	71	87	77	73	75	71	75	70	76	81	69	82	86	
60	56	64	56	72	74	69	57	56	57	56	69	73	60	70	72	68	73	71	64	
59	60	51	51	49	50	52	44	45	55	48	51	60	59	53	51	56	57	56	52	
74	75	83	77	74	78	86	85	74	86	82	73	70	84	86	78	86	83	87	88	
97	90	96	89	84	94	84	84	90	97	89	99	94	85	94	92	95	91	100	100	
62	62	69	79	71	77	72	70	77	76	65	63	79	76	80	66	79	78	76	75	
32	31	34	35	17	26	23	17	32	34	17	35	25	33	23	27	17	31	20	21	
23	21	17	33	28	32	30	29	33	25	25	19	23	16	27	23	21	22	18	25	
59	64	59	64	52	63	49	59	65	46	50	65	65	46	48	54	57	64	64	61	
49	43	36	50	48	48	41	33	52	44	39	49	52	37	50	46	38	52	33	51	
45	63	53	51	60	63	61	63	49	57	47	61	58	56	49	50	55	49	56	56	
29	43	35	38	37	43	33	37	33	41	48	30	46	46	39	36	46	40	41	39	
21	26	13	20	27	22	29	29	17	13	23	19	14	22	13	24	16	20	23	17	
58	61	61	67	59	49	50	62	61	67	66	67	51	56	55	66	54	48	61	62	
114	104	107	114	115	114	108	108	117	101	98	114	103	108	117	102	116	106	100	103	
91	95	99	109	93	106	93	101	100	94	106	96	104	102	94	102	97	102	102	107	
47	49	62	55	55	60	58	58	59	45	57	63	53	46	53	53	51	60	58	54	
78	93	82	81	86	94	86	94	91	97	78	85	85	95	93	88	88	80	86	89	
97	103	101	107	102	106	103	90	100	101	102	95	98	101	99	95	105	92	107	95	
108	108	93	94	107	94	97	95	98	98	99	98	102	103	96	98	107	89	108	99	
68	74	81	78	81	64	65	69	72	62	75	81	70	70	71	68	80	66	62	63	
37	44	51	45	49	34	47	41	34	44	44	45	49	51	37	37	44	37	33	43	
95	98	91	82	95	96	96	79	96	94	97	96	85	90	91	84	91	80	80	95	
69	85	77	81	69	70	74	85	81	84	84	80	78	83	79	76	85	71	83	83	
67	76	74	71	69	79	76	80	65	69	64	73	64	64	62	71	73	76	70	76	
45	47	30	44	32	32	36	31	30	42	31	44	32	35	41	44	44	42	34	42	
32	28	35	19	23	21	22	31	29	32	29	29	24	36	23	23	25	37	34	19	
41	51	50	46	44	37	51	37	45	50	52	38	39	46	48	49	47	50	47	44	
93	80	90	88	92	93	94	84	95	89	91	89	85	79	82	77	87	77	95	94	
67	71	71	67	67	67	67	78	82	82	79	84	67	65	77	75	73	66	80	74	
61	53	53	64	59	57	54	57	50	59	59	50	60	50	54	62	46	54	55	58	
98	93	109	90	106	102	104	94	107	107	92	96	96	96	103	107	94	97	102	97	
114	104	103	116	101	109	103	108	105	110	104	108	110	104	111	100	104	100	113	117	
56	37	41	43	37	43	53	47	50	51	47	38	50	50	48	51	44	52	54	42	
78	67	81	78	86	80	86	72	81	79	67	78	82	71	77	69	79	74	71	86	
75	82	76	71	83	72	75	77	75	88	72	74	71	84	77	78	89	79	73	84	
71	75	79	80	64	64	80	61	66	73	80	65	69	62	65	66	73	67	70	72	
99	88	90	91	101	102	102	87	91	93	93	93	98	88	102	95	86	89	95	104	
39	47	49	44	49	32	46	48	47	37	32	46	35	37	37	40	33	34	44	31	
77	70	81	77	83	79	68	72	76	73	83	81	87	81	86	82	70	86	81	76	
45	47	49	48	45	58	46	63	45	48	57	61	63	61	63	48	54	60	53	50	
46	39	48	52	53	46	56	40	48	42	56	38	46	38	56	55	43	54	51	46	
65	56	52	66	64	61	64	54	66	52	60	68	67	66	67	60	54	60	68	62	
72	75	65	65	64	68	64	72	70	73	60	63	75	73	64	59	59	60	61	69	
63	71	56	73	58	56	58	74	73	67	65	58	65	60	56	58	72	57	67	72	
78	80	75	75	72	81	81	87	78	76	84	71	73	82	73	68	75	69	77	81	
73	81	70	71	86	81	81	89	82	71	79	71	80	72	78	74	82	78	86	70	
8	25	18	19	24	19	18	26	11	13	20	23	11	21	16	7	16	10	9	22	
53	40	38	48	46	37	36	50	48	35	53	39	50	38	35	42	51	45	44	53	
35	35	41	42	34	30	40	33	31	47	44	41	34	42	45	46	37	30	47	45	
63	60	55	55	50	51	61	49	61	55	60	59	54	52	61	57	60	52	60	59	
36	37	32	39	40	33	46	27	28	28	30	33	35	42	31	44	38	28	40	34	
62	54	47	60	53	47	54	50	50	50	55	55	50	57	52	50	43	50	44	47	
58	62	72	66	64	64	55	74	70	67	66	63	63	66	74	65	73	60	55	59	
85	84	80	89	95	83	85	78	84	78	82	79	81	87	94	79	88	76	76	93	
52	47	48	53	48	42	39	57	52	56	54	41	51	46	41	55	46	45	55	43	
59	71	59	73	72	65	66	59	73	64	65	72	74	58	75	72	57	73	60	65	
26	37	42	32	27	37	39	27	33	28	28	24	28	26	29	32	42	26	37	24	
24	14	16	11	17	20	18	20	24	17	19	13	16	24	17	28	20	22	20	24	
90	85	81	88	78	87	86	81	85	87	80	85	88	78	93	94	92	93	80	87	
14	14	19	26	26	18	15	10	14	20	18	26	14	28	11	29	20	20	19	11	
50	42	55	49	49	45	49	40	43	54	52	49	56	56	45	42	40	49	52	54	
46	44	35	34	50	35	31	39	44	44	32	31	39	36	35	41	35	49	36	38	
64	51	46	59	59	58	48	64	52	53	47	53	50	49	53	51	56	59	59	53	
66	69	65	69	69	73	73	73	67	66	69	64	58	65	71	66	63	68	63	70	
93	86	101	100	91	96	96	97	90	100	98	97	94	101	89	94	90	87	89	87	
44	36	48	33	43	40	33	39	32	36	48	41	42	34	31	40	42	34	39	41	
108	106	108	99	113	100	101	114	109	99	110	107	107	99	105	104	98	98	117	100	
80	68	86	80	82	83	76	74	82	67	77	79	78	69	84	71	84	85	78	71	
59	51	51	47	49	58	47	59	58	57	53	57	61	53	48	60	49	58	59	60	
23	33	28	21	32	16	23	19	19	22	21	19	16	35	27	32	32	35	26	31	
31	20	36	33	30	19	27	17	32	17	17	20	22	31	34	17	32	19	34	32	
106	112	103	98	99	113	107	99	112	98	101	113	111	116	109	107	112	97	102	100	
70	70	79	69	81	81	74	64	74	79	80	70	64	69	67	65	64	80	82	66	
3	5	13	5	13	4	7	17	9	21	8	20	9	10	19	22	5	21	19	10	
74	71	71	73	63	78	64	64	80	74	75	76	74	72	79	70	70	81	66	80	
18	21	30	27	25	27	21	24	21	22	37	36	30	30	26	27	27	33	25	22	
34	37	42	33	33	38	51	33	32	36	37	38	33	34	42	40	39	39	32	50	
17	12	15	18	6	7	21	15	14	16	6	22	21	18	8	5	4	5	4	12	
50	38	57	41	48	44	52	47	49	40	55	41	49	42	56	40	43	56	50	48	
81	80	77	72	65	71	68	74	80	68	65	70	77	78	76	74	83	65	64	78	
116	108	105	111	110	112	99	110	115	107	104	118	112	116	107	111	100	105	100	108	
64	52	49	45	53	50	46	58	59	61	54	47	46	51	63	46	48	61	47	51	
50	43	42	46	39	51	55	52	47	47	43	55	52	52	43	41	53	37	46	38	
89	72	80	90	83	74	84	84	82	86	72	82	87	75	85	77	81	86	74	74	
79	72	79	68	63	69	79	63	68	80	62	67	73	66	80	81	73	78	76	74	
20	27	19	18	10	12	17	23	10	17	25	24	17	21	29	17	23	28	18	26	
104	104	110	107	97	100	109	106	107	101	111	101	112	97	110	99	112	98	114	107	
79	89	82	84	76	75	88	91	82	75	83	80	79	73	78	80	83	76	77	84	
62	71	71	63	77	79	70	77	69	74	70	74	69	71	70	75	68	76	62	63	
31	26	24	36	24	34	32	27	31	25	32	36	23	39	34	31	41	27	31	27	
43	39	38	48	40	43	36	49	46	48	48	35	38	40	38	37	46	42	38	33	
73	73	74	58	57	73	59	62	60	61	75	66	76	75	72	61	57	74	69	60	
101	91	88	94	95	87	101	88	105	97	95	93	90	92	104	98	95	95	101	90	
12	10	25	13	21	15	21	8	12	20	20	15	14	26	21	22	16	20	17	21	
21	25	12	6	19	9	11	11	13	16	13	22	8	6	10	9	19	23	16	16	
59	51	55	54	49	48	62	49	43	49	43	45	60	57	47	56	53	58	59	48	
36	19	24	36	24	27	27	22	30	18	26	20	30	18	36	28	25	23	30	22	
49	51	49	38	48	48	47	38	49	54	44	41	49	41	49	39	52	43	49	54	
112	111	111	103	102	117	100	105	111	116	107	109	106	107	104	113	112	112	108	105	
15	25	14	17	11	15	15	27	17	26	11	18	25	9	16	10	11	26	21	18	
97	87	104	97	103	86	100	87	91	97	94	91	95	85	95	90	93	102	93	95	
63	59	63	71	73	65	67	59	61	72	67	78	69	68	69	70	77	75	78	61	
34	41	44	45	34	43	42	33	33	39	37	44	38	34	36	31	34	43	48	35	
54	54	56	63	60	48	64	57	56	64	56	47	50	57	66	57	64	64	54	50	
94	94	96	91	98	83	95	84	79	82	96	93	79	81	82	80	88	81	81	93	
61	57	74	62	60	58	61	70	73	69	61	74	66	58	70	76	73	64	72	58	
108	110	103	102	91	106	103	106	94	94	94	101	102	92	101	106	110	91	99	93	
12	3	14	3	18	19	21	20	16	15	18	12	21	19	9	4	12	3	10	20	
103	90	104	92	108	93	92	89	108	97	101	91	108	90	91	95	94	102	108	93	
50	63	53	63	62	60	54	67	60	53	52	68	52	61	68	59	54	58	58	67	
23	23	19	22	28	33	32	20	27	28	25	17	19	22	27	35	26	19	32	30	
101	105	99	106	99	107	101	104	117	98	105	100	115	99	112	114	109	116	109	109	
29	35	24	25	19	30	17	16	33	29	26	34	17	23	17	22	22	16	32	25	
64	76	70	67	68	59	75	60	59	76	60	63	74	72	62	69	76	60	74	61	
113	117	114	101	116	108	111	103	110	105	106	115	116	112	119	104	115	102	104	112	
105	97	96	104	93	95	96	99	97	89	97	95	93	106	100	98	94	108	102	106	
41	31	39	34	48	37	48	40	38	35	42	49	30	37	43	42	42	30	34	39	
82	67	73	74	75	71	75	84	72	74	68	82	80	67	83	84	84	71	67	72	
63	65	60	58	65	48	54	58	56	46	61	55	65	58	57	52	54	51	61	50	
74	71	74	71	83	68	66	65	75	78	77	82	82	69	78	81	79	64	75	70	
34	41	45	48	40	42	48	39	30	47	43	33	40	42	42	35	49	37	43	30	
66	56	72	58	65	58	64	65	66	60	71	69	73	54	65	66	63	56	64	69	
31	20	26	20	26	32	28	33	15	16	20	31	17	32	31	23	17	30	25	31	
84	76	73	84	85	80	83	85	83	91	79	73	74	80	91	92	87	75	79	77	
90	93	100	103	96	93	88	98	85	93	86	91	99	92	100	98	99	93	88	100	
56	39	54	54	44	46	48	51	55	48	55	46	47	49	53	44	45	53	43	57	
83	79	75	79	73	85	75	85	81	79	69	72	76	73	86	83	69	68	76	83	
5	17	12	11	16	11	19	7	8	17	17	19	17	7	21	16	22	8	19	9	
12	24	17	21	9	9	19	25	14	12	7	21	7	19	9	23	14	24	22	7	
32	50	39	34	43	39	37	45	35	41	41	48	41	42	51	39	33	42	35	39	
64	61	57	50	65	49	65	62	51	67	50	63	63	51	57	48	52	60	49	56	
45	55	40	41	51	48	42	40	56	51	44	37	54	51	47	53	55	45	55	41	
50	48	48	47	49	56	58	50	55	52	47	47	54	46	51	44	41	40	45	57	
29	25	30	27	28	18	26	19	22	20	13	24	25	26	29	16	19	18	24	17	
81	74	66	68	66	79	64	70	71	79	80	69	67	74	82	76	69	63	64	63	
70	83	82	71	71	87	74	81	77	75	83	71	69	75	83	69	81	76	71	71	
48	53	45	45	42	43	56	49	51	46	40	51	55	40	54	54	53	43	46	57	
37	23	34	31	21	38	28	28	25	20	21	35	26	21	19	24	38	25	22	21	
56	54	53	64	61	54	64	52	56	57	56	53	65	50	55	54	63	65	61	68	
88	97	94	88	91	91	87	86	95	96	93	94	90	101	96	87	93	91	89	93	
32	33	31	25	31	30	27	23	22	38	39	23	37	39	31	37	40	39	36	28	
90	92	107	99	98	104	92	103	102	102	90	105	92	101	102	89	107	104	97	106	
98	103	90	89	87	99	87	102	87	92	93	101	102	86	102	100	90	96	101	101	
71	67	58	71	58	73	57	73	69	59	71	67	58	72	55	67	67	58	56	71	
62	58	62	67	60	70	75	64	59	63	58	63	62	65	64	71	65	64	63	65	
27	24	11	24	18	20	27	17	25	24	19	27	27	18	18	20	19	17	16	15	
25	23	25	30	22	16	14	15	33	15	18	32	17	22	19	29	20	28	31	25	
104	111	94	93	97	111	105	109	112	103	105	95	102	112	96	107	109	104	110	99	
42	40	34	43	37	49	45	33	33	48	51	38	33	42	39	48	40	38	42	33	
13	15	16	10	19	26	12	18	16	20	12	25	27	16	21	25	22	20	21	24	
65	70	61	61	65	75	65	64	66	69	72	73	62	80	69	76	65	64	72	70	
101	104	109	103	100	102	109	116	101	107	106	114	98	98	103	110	104	103	104	107	
64	74	66	63	74	64	58	69	66	70	60	64	66	58	71	76	74	77	77	69	
86	87	86	77	82	92	89	86	76	85	76	94	76	83	82	89	81	88	93	94	
34	43	41	41	43	30	36	31	28	36	27	24	36	30	36	34	30	40	28	31	
36	32	37	39	42	32	34	41	28	42	35	30	40	42	41	38	37	37	39	29	
79	89	77	80	74	75	81	86	75	89	71	89	86	78	83	88	73	83	71	88	
66	71	78	74	80	66	71	81	77	72	81	80	77	72	66	81	65	70	73	77	
32	44	36	46	41	39	37	40	32	43	28	30	37	47	36	43	43	43	40	38	
50	57	42	45	52	53	51	50	44	40	48	55	41	52	48	50	55	57	58	43	
15	6	6	18	11	17	5	7	20	19	7	7	10	23	21	13	12	4	5	6	
43	37	34	33	30	43	34	38	35	48	45	31	48	35	34	35	32	42	43	33	
14	6	8	12	13	7	14	15	21	7	5	12	19	11	20	21	20	3	5	11	
88	88	101	85	90	89	103	85	85	101	93	97	93	91	95	99	98	89	91	95	
73	74	72	67	74	75	84	81	76	77	66	78	69	83	66	79	66	75	75	83	
58	58	47	61	50	50	52	52	54	55	54	45	45	56	55	45	49	48	50	52	
44	33	48	32	51	35	50	38	51	38	40	34	47	47	49	44	46	50	33	45	
113	102	101	112	103	113	115	108	101	106	107	104	109	116	105	110	103	117	110	113	
76	77	85	80	83	87	72	87	85	68	72	77	77	87	82	69	76	68	75	77	
69	74	77	65	66	80	65	84	84	66	66	65	79	79	83	71	80	78	77	74	
80	77	85	78	75	79	80	85	82	72	86	74	74	82	77	69	69	71	83	78	
83	76	67	79	81	65	64	79	81	71	65	68	80	66	83	81	83	69	71	74	
67	48	61	55	53	60	53	59	54	55	50	48	56	56	67	55	52	52	64	58	
21	20	10	8	12	16	11	13	27	11	23	10	27	9	9	24	21	11	16	9	
86	95	95	82	96	92	83	100	99	89	92	99	95	89	94	89	101	86	89	86	
51	59	56	58	45	48	44	58	56	54	62	61	55	60	62	55	57	49	45	52	
34	40	41	41	41	48	39	34	42	46	36	40	44	46	46	32	45	46	41	38	
73	77	78	72	85	81	71	90	86	81	73	80	85	82	71	84	73	88	82	76	
95	95	105	106	106	95	107	104	103	107	99	99	94	90	102	89	104	89	94	108	
68	80	83	81	76	86	74	83	72	68	72	80	86	82	75	85	74	85	78	74	
114	118	110	109	117	100	103	101	114	99	113	101	107	115	117	106	99	116	108	105	
79	75	78	82	84	78	79	87	87	71	69	76	77	79	70	78	78	75	85	70	
87	85	94	87	85	90	88	84	94	90	95	100	89	99	93	99	95	100	97	96	
59	53	52	51	58	68	64	55	55	58	53	59	67	52	53	64	63	66	57	62	
68	60	70	69	74	64	67	69	68	61	61	67	63	67	60	64	63	58	61	65	
70	68	64	65	66	68	72	58	67	61	62	71	66	73	71	64	68	72	68	62	
60	56	57	59	68	65	62	60	73	60	65	67	63	58	61	73	63	69	55	57	
96	88	90	92	84	86	93	84	89	92	90	94	97	83	91	99	84	98	90	89	
28	44	36	35	44	43	37	28	34	41	35	39	43	34	25	29	37	25	41	28	
26	14	20	24	17	32	27	18	19	24	23	14	13	23	30	14	31	28	15	26	
7	17	18	6	5	16	10	7	15	12	21	3	10	17	6	13	7	19	19	17	
71	75	83	68	76	84	70	83	71	78	75	77	85	80	85	68	76	86	74	70	
98	111	97	99	105	103	97	108	102	92	109	106	109	107	107	103	93	111	107	104	
36	44	42	32	33	44	39	40	41	32	35	38	41	43	34	32	26	33	39	40	
69	77	62	72	67	68	76	74	65	81	70	81	74	67	80	80	67	68	67	66	
64	56	52	57	52	68	52	67	52	57	62	50	55	54	68	57	52	50	67	58	
52	46	61	49	56	54	56	57	49	52	50	44	49	54	62	56	57	44	48	52	
61	54	47	50	58	50	64	65	49	63	59	54	64	52	47	59	59	64	52	60	
112	102	109	103	102	108	113	109	100	108	104	97	100	110	109	97	102	97	104	106	
48	49	59	42	45	59	41	49	58	53	55	59	54	44	45	50	44	48	50	54	
81	91	83	85	86	91	95	81	81	92	87	97	87	92	94	90	87	90	93	90	
27	31	43	25	26	29	40	42	24	39	24	26	28	41	34	24	39	32	42	28	
63	64	65	58	54	55	56	70	69	71	68	54	72	61	59	67	61	55	58	60	
40	39	25	39	32	31	33	33	26	43	43	31	29	24	30	34	24	30	36	42	