1000
10
52	54	53	64	50	69	50	62	56	56	
44	49	47	47	48	46	49	34	39	34	
60	57	48	49	47	54	56	54	57	54	
100	94	97	99	102	106	105	106	96	111	
30	33	34	31	31	30	41	32	30	46	
80	96	85	79	96	87	82	86	90	82	
26	23	19	28	24	31	32	32	18	27	
116	101	100	109	111	107	103	115	103	116	
20	24	28	19	30	23	14	24	18	21	
79	87	76	87	81	91	76	89	77	88	
92	99	93	89	86	82	98	88	101	99	
89	76	70	76	77	84	74	89	70	87	
8	6	9	19	16	21	9	13	12	17	
71	74	80	79	81	84	74	83	76	79	
30	30	25	40	29	35	24	23	39	40	
30	18	14	29	30	17	20	18	28	19	
48	55	67	53	62	53	66	65	54	48	
91	83	80	98	88	96	92	79	79	84	
39	47	35	46	40	44	37	30	32	35	
87	84	84	83	84	94	96	79	82	86	
43	52	47	50	43	46	49	58	55	44	
14	14	20	20	12	29	20	26	27	13	
102	99	85	98	90	92	95	90	88	87	
71	81	78	67	70	72	85	78	84	78	
49	49	48	58	43	47	41	50	58	60	
26	23	20	26	11	22	17	13	15	10	
13	18	21	15	20	23	14	12	20	10	
49	42	44	36	32	34	37	43	35	43	
61	68	68	70	62	79	69	62	72	65	
88	86	90	89	81	81	81	80	92	80	
77	91	87	88	84	94	94	93	77	91	
71	71	78	83	79	87	84	72	72	73	
75	73	78	90	74	80	81	75	91	89	
52	53	56	49	57	45	49	46	62	61	
71	71	83	84	82	73	76	70	67	67	
36	40	45	36	30	34	36	41	38	36	
40	42	41	32	41	34	31	48	41	48	
43	34	37	29	28	27	38	36	39	38	
106	95	96	91	100	110	108	96	96	109	
17	25	30	33	18	15	19	14	20	33	
10	17	27	13	8	20	17	20	13	20	
61	54	59	48	61	47	49	47	51	54	
67	53	58	66	64	49	60	52	65	61	
42	42	42	47	42	60	42	50	48	58	
69	66	67	69	59	70	73	69	71	65	
73	66	81	75	80	65	68	79	78	65	
87	103	85	101	85	84	96	88	96	103	
66	50	60	66	54	67	60	61	60	59	
34	43	32	39	39	29	36	30	48	36	
75	93	94	84	91	79	86	76	88	81	
107	107	102	106	93	109	111	96	95	101	
84	97	89	89	97	81	94	85	79	86	
93	90	94	86	96	100	103	103	92	85	
73	79	91	82	92	91	80	80	87	76	
79	66	69	72	63	64	64	71	75	74	
51	56	41	46	54	51	49	53	43	47	
11	29	22	28	10	16	24	12	28	20	
110	96	114	108	105	105	109	111	114	106	
54	49	65	58	56	55	64	53	51	64	
80	78	75	71	64	64	75	70	74	61	
89	85	82	87	74	82	76	80	83	85	
31	27	27	27	28	30	32	18	21	23	
96	86	95	84	100	92	93	87	93	100	
15	16	30	13	20	27	13	22	21	14	
32	30	15	14	32	15	27	17	29	25	
11	16	18	15	14	8	21	18	13	11	
107	106	105	107	99	89	103	92	105	107	
36	46	49	45	35	47	45	47	47	39	
30	27	23	21	37	20	28	34	34	23	
31	35	23	27	24	23	35	18	27	30	
35	32	22	27	21	35	17	25	33	36	
43	44	37	37	40	48	34	36	47	31	
48	54	42	56	54	51	50	58	60	47	
89	75	78	80	73	80	79	75	73	71	
73	74	58	70	68	67	68	71	68	57	
109	105	111	103	110	94	111	109	100	97	
4	2	9	15	19	21	13	15	12	2	
49	54	66	55	51	67	65	64	63	56	
30	35	35	26	33	30	26	21	38	27	
93	91	86	92	84	88	102	85	99	92	
25	28	23	32	29	22	25	31	33	32	
35	43	31	39	33	31	49	30	35	46	
92	92	97	102	94	105	102	93	95	106	
36	38	41	27	40	37	39	38	44	28	
19	13	21	15	9	5	7	17	9	13	
48	34	47	51	34	46	49	49	48	42	
90	86	95	89	83	97	86	90	98	91	
26	15	18	8	18	8	22	13	21	21	
91	96	100	85	93	95	91	84	90	88	
108	114	108	104	106	103	120	104	108	116	
110	103	98	113	99	108	96	106	105	107	
109	100	102	115	116	98	108	116	110	114	
15	22	9	24	13	20	10	9	12	21	
7	20	7	17	20	20	5	21	17	8	
42	44	41	33	47	48	33	36	50	47	
22	20	27	25	24	19	33	34	28	19	
56	50	64	46	61	47	61	61	55	54	
65	70	74	81	81	70	80	68	80	82	
63	59	63	62	56	65	59	62	62	66	
36	45	49	46	38	33	48	51	38	43	
85	95	86	97	98	95	100	85	93	97	
56	55	57	54	60	66	63	69	61	61	
41	53	44	55	44	51	43	44	43	60	
7	11	13	19	11	21	10	22	9	10	
29	34	37	31	28	37	43	27	44	43	
74	73	73	90	81	87	88	79	72	81	
25	31	35	36	28	18	26	28	19	29	
33	40	31	37	43	32	36	43	31	31	
91	105	105	105	102	90	100	96	96	100	
44	43	45	38	40	54	53	43	56	57	
41	41	59	48	57	45	52	48	47	57	
34	26	18	23	27	35	21	22	29	25	
38	32	30	35	38	39	34	42	29	38	
30	12	13	19	12	19	20	25	25	13	
57	47	60	47	61	51	57	61	53	57	
22	13	23	29	26	28	28	14	19	29	
12	30	21	23	18	30	11	23	26	19	
32	39	27	24	36	33	27	27	35	23	
6	15	16	10	12	16	22	19	19	21	
45	37	48	42	41	32	47	40	44	39	
51	61	60	60	52	46	46	56	54	42	
90	82	74	74	79	86	81	80	76	77	
96	81	81	86	88	88	86	87	86	98	
92	93	84	94	92	98	95	88	94	103	
101	97	91	87	88	98	99	103	95	89	
7	14	9	6	24	10	15	22	13	11	
103	104	106	106	113	100	109	104	106	107	
105	112	114	118	117	108	106	108	117	114	
16	12	19	15	16	16	3	21	19	4	
42	35	47	32	38	40	48	38	32	33	
42	45	36	49	37	48	35	45	38	35	
91	72	84	86	91	80	86	78	73	88	
25	30	31	20	32	16	22	31	34	17	
100	112	101	95	105	107	111	103	104	95	
33	35	51	42	37	43	42	36	45	43	
71	58	75	73	72	59	61	72	76	58	
15	7	15	15	19	17	23	23	21	12	
85	76	79	91	81	76	87	89	78	78	
67	56	65	67	70	72	53	64	68	69	
104	101	105	102	105	110	106	100	114	113	
35	24	27	33	21	21	32	18	33	21	
26	20	20	35	27	26	29	33	21	27	
31	33	26	31	32	21	28	35	20	27	
51	47	51	52	48	44	54	50	49	49	
27	41	39	36	28	32	33	33	31	27	
92	92	76	88	90	82	87	86	77	87	
78	87	86	82	84	76	79	90	88	82	
74	76	76	59	74	67	66	61	66	67	
11	8	20	11	26	27	16	9	22	11	
80	66	81	80	72	75	75	64	64	68	
91	100	98	105	95	90	94	104	90	102	
48	47	47	46	55	45	54	62	61	46	
7	8	16	14	7	10	20	6	18	16	
55	54	51	64	51	54	64	63	50	56	
80	91	77	74	85	90	82	85	78	74	
41	41	32	23	41	31	26	35	29	40	
76	63	65	70	72	66	77	82	74	81	
76	84	67	68	70	77	75	73	72	66	
21	31	33	17	32	30	21	32	15	31	
54	55	52	55	55	51	53	66	59	56	
50	63	61	54	52	49	67	54	62	66	
15	28	26	12	29	26	28	17	16	20	
30	45	33	27	27	28	34	38	33	31	
7	5	8	8	4	21	3	15	3	21	
65	83	81	70	82	69	82	77	83	67	
101	111	95	107	102	106	111	93	95	100	
25	37	21	35	23	25	30	21	39	34	
80	73	85	74	81	76	79	80	85	70	
43	44	44	50	53	56	56	49	51	54	
41	28	29	31	29	39	29	35	35	25	
59	72	61	76	58	67	71	73	73	63	
73	74	74	69	72	63	61	71	59	75	
23	24	22	29	29	17	27	22	18	22	
25	32	39	39	29	30	31	27	24	37	
52	61	56	51	56	50	47	54	47	46	
55	57	58	61	46	56	49	62	59	47	
12	13	20	20	17	7	17	5	8	20	
74	79	81	72	68	76	81	62	67	69	
82	76	67	77	67	72	77	85	83	70	
26	27	16	16	24	26	26	31	17	21	
97	90	103	100	104	95	104	98	86	93	
76	64	70	59	71	75	71	65	62	76	
73	61	72	79	67	63	76	79	63	63	
21	24	19	9	12	17	13	23	8	9	
99	97	98	94	96	82	85	92	92	85	
29	28	27	27	20	33	30	37	23	33	
98	107	99	91	92	101	99	103	93	94	
80	92	87	94	95	86	87	89	83	98	
56	61	55	60	66	55	58	72	56	61	
55	58	66	58	63	69	69	70	62	70	
92	76	90	80	93	80	86	91	80	81	
114	100	103	110	103	105	106	103	117	117	
98	89	101	88	95	86	96	91	91	99	
56	61	60	57	55	56	64	55	61	61	
71	63	78	74	67	77	66	74	68	78	
62	66	48	65	63	63	50	51	48	58	
91	86	84	98	84	82	98	96	92	83	
91	105	108	104	109	105	101	104	100	96	
79	77	81	72	84	79	83	72	80	76	
71	72	58	70	74	59	58	58	60	72	
56	65	52	59	56	50	55	59	69	63	
114	113	98	97	105	99	108	115	102	98	
34	48	51	40	42	41	51	42	49	45	
20	9	9	6	11	19	13	14	16	21	
48	45	51	60	54	62	44	60	43	47	
36	34	40	43	41	32	37	33	40	30	
60	74	63	63	70	56	65	55	72	55	
65	58	60	59	69	74	61	61	70	72	
21	18	27	21	32	37	36	18	28	27	
27	34	20	22	21	35	33	21	32	28	
104	104	112	112	111	101	116	104	112	117	
34	36	34	43	37	44	34	44	39	35	
58	58	54	55	55	71	62	59	54	57	
86	101	90	95	102	99	86	83	85	84	
60	67	74	75	61	71	58	59	74	66	
103	86	89	95	94	103	105	97	93	98	
66	64	72	77	63	79	79	67	81	74	
40	27	32	38	29	25	25	26	34	41	
91	76	82	78	93	91	87	81	80	79	
92	101	99	90	92	93	103	105	95	90	
29	42	31	39	30	35	42	36	41	46	
114	116	105	107	118	113	107	109	104	104	
23	25	35	33	27	36	31	34	25	27	
66	70	68	74	65	73	57	62	75	65	
84	85	73	84	77	84	83	90	75	83	
16	28	23	21	14	22	29	20	26	16	
55	46	49	44	50	52	49	52	45	46	
73	76	65	78	72	62	64	77	71	77	
92	109	94	94	97	103	103	102	92	105	
21	34	28	20	24	15	17	22	28	33	
70	72	73	63	70	68	77	76	72	71	
49	54	46	44	45	41	47	41	53	41	
64	62	63	63	67	74	62	59	72	63	
65	76	68	61	68	73	61	71	75	70	
34	51	37	44	44	49	40	52	36	39	
80	63	65	69	70	74	72	66	70	63	
54	64	50	55	61	61	48	48	60	49	
44	56	45	60	46	50	47	48	50	48	
108	115	101	113	105	115	118	120	102	104	
16	16	10	19	15	23	16	25	13	25	
69	51	70	58	58	62	55	60	51	58	
72	72	77	65	64	74	76	64	64	76	
29	25	29	23	28	34	34	24	39	26	
90	97	99	89	104	91	101	96	92	90	
57	71	69	67	56	74	55	60	69	63	
83	79	81	78	91	81	93	93	78	91	
24	22	13	22	12	18	8	12	23	18	
13	24	11	21	6	9	12	6	8	12	
77	76	83	72	87	75	83	70	79	83	
24	16	28	11	25	15	15	22	15	14	
22	16	26	23	14	15	17	28	22	17	
54	65	62	49	55	51	48	59	58	50	
61	77	71	79	61	75	67	61	74	62	
31	27	26	22	30	23	25	39	38	35	
60	63	60	53	52	60	62	62	57	60	
12	22	28	15	11	24	20	13	29	23	
19	3	4	3	8	7	11	21	10	18	
27	22	15	26	10	11	17	23	11	20	
43	39	52	38	43	41	44	57	47	46	
73	83	66	84	68	75	81	67	66	75	
84	74	76	75	84	71	67	75	80	65	
84	88	99	84	85	99	94	93	92	80	
59	60	49	53	65	60	47	65	57	60	
22	17	25	31	25	20	30	22	20	25	
96	79	84	88	78	88	87	82	92	80	
98	93	101	97	101	98	110	102	104	93	
77	89	85	91	76	91	92	89	78	81	
59	64	68	62	61	61	73	65	64	60	
32	34	31	24	28	21	18	25	27	30	
91	74	82	82	79	92	78	93	76	78	
43	54	38	36	55	44	55	45	45	49	
27	44	38	34	40	32	27	30	31	35	
38	48	47	45	29	41	48	43	35	43	
88	86	79	83	74	85	80	81	81	79	
63	59	73	66	70	71	61	67	66	58	
103	88	85	96	99	104	95	87	104	104	
86	96	88	88	100	96	101	92	104	91	
37	40	41	52	42	49	45	50	48	44	
62	69	69	69	62	73	57	56	71	61	
17	17	11	21	10	14	14	10	17	22	
108	96	103	96	99	110	107	103	94	103	
59	63	52	59	47	52	59	62	60	60	
39	39	56	53	41	44	44	55	51	43	
19	32	31	34	25	24	27	36	33	19	
20	21	11	12	7	6	8	21	9	11	
62	50	54	50	51	57	46	46	50	51	
65	60	53	54	69	58	68	55	51	58	
32	36	35	29	23	36	30	38	26	20	
111	114	109	111	113	102	108	96	115	96	
54	53	53	61	66	57	50	51	66	54	
104	105	103	100	116	105	116	108	98	100	
39	30	34	36	30	40	32	37	30	33	
34	39	42	23	24	35	29	25	40	24	
39	41	36	47	38	46	52	52	46	51	
40	45	38	45	42	51	47	39	45	37	
39	39	40	27	27	23	39	37	25	24	
72	76	78	77	69	73	82	84	68	83	
20	31	26	31	32	32	32	36	34	29	
35	20	23	32	20	23	22	36	24	25	
67	55	57	69	73	59	55	54	73	57	
63	79	74	81	81	64	63	68	80	63	
76	76	80	86	93	84	74	81	89	78	
56	51	57	51	45	45	54	56	59	53	
24	14	11	17	13	10	14	18	11	13	
41	40	27	33	39	38	37	26	39	44	
64	67	63	67	73	71	72	54	54	55	
56	59	63	53	60	56	62	55	62	64	
60	67	75	78	79	70	74	72	64	67	
31	35	23	18	23	31	31	32	22	29	
11	11	13	10	17	17	22	24	15	26	
68	73	72	65	68	65	73	71	80	72	
82	90	88	77	78	89	85	75	80	78	
94	88	96	92	92	96	82	87	89	95	
67	70	80	73	83	78	77	68	82	70	
66	82	71	65	67	72	73	78	83	66	
41	35	34	33	29	29	30	36	34	43	
90	82	83	87	77	90	71	86	90	75	
44	54	48	40	57	40	54	40	51	58	
99	105	93	102	106	98	98	108	105	104	
80	96	97	80	81	91	94	93	84	88	
38	40	46	42	49	50	43	37	47	45	
68	70	57	63	66	58	67	68	68	58	
57	65	52	69	69	53	55	57	62	65	
15	27	20	26	11	16	11	25	24	23	
91	89	84	83	82	86	95	90	88	92	
46	52	44	62	49	56	54	46	57	44	
114	110	95	112	113	96	95	99	99	113	
77	89	85	92	82	83	85	88	84	85	
39	25	28	30	25	37	26	33	33	43	
55	53	38	51	48	47	52	41	38	52	
62	54	50	58	54	65	49	62	57	61	
26	26	21	10	10	13	17	27	13	27	
103	103	99	109	95	107	93	93	95	104	
17	23	12	24	25	25	25	11	15	28	
69	79	74	70	74	79	71	79	62	76	
86	78	70	79	78	77	85	70	81	73	
37	46	46	45	35	35	34	42	49	35	
63	67	61	59	62	61	56	53	64	55	
66	64	70	59	67	53	64	66	56	60	
71	74	68	76	69	64	72	66	76	71	
78	75	73	78	70	68	66	68	72	69	
98	93	100	84	88	88	86	86	93	91	
96	109	105	101	109	110	111	105	112	109	
66	78	78	75	72	83	74	82	80	77	
45	33	34	37	33	32	34	39	34	48	
59	62	67	65	63	65	69	73	75	71	
22	32	31	35	27	22	24	29	18	21	
10	20	8	23	13	18	10	23	15	7	
33	31	34	38	25	31	32	37	24	31	
67	53	62	51	52	56	65	63	50	69	
66	51	63	65	62	62	67	56	63	56	
107	97	107	96	108	97	103	97	105	107	
74	88	77	87	79	74	72	86	86	81	
11	3	3	3	6	11	13	14	7	8	
78	74	70	71	72	69	82	76	79	88	
34	32	33	32	38	29	24	37	31	29	
18	4	13	4	6	4	4	15	23	10	
82	90	83	96	80	93	91	77	82	82	
22	24	29	35	34	30	33	25	31	34	
56	51	43	43	48	54	57	59	45	50	
94	95	96	80	85	92	91	97	99	87	
49	50	47	55	44	42	59	54	58	46	
87	95	102	90	99	105	102	101	96	89	
102	107	102	97	110	105	103	105	104	103	
56	51	46	53	43	53	39	52	47	50	
95	94	83	83	86	98	83	94	83	87	
93	105	98	103	107	98	96	105	100	103	
96	108	112	99	113	95	110	100	104	101	
31	26	16	34	29	20	30	23	26	26	
52	65	51	54	59	58	68	67	65	67	
85	72	76	82	67	75	83	84	67	68	
72	83	79	71	87	81	74	82	83	86	
72	64	72	72	68	66	58	61	59	68	
45	40	41	42	36	41	33	48	47	47	
58	58	49	60	59	65	58	63	62	48	
106	100	94	105	99	106	105	110	104	98	
35	29	29	26	26	22	19	25	31	38	
83	93	82	89	77	87	93	95	87	79	
51	51	50	52	43	59	46	50	53	41	
88	99	88	98	97	85	93	100	98	99	
69	72	60	69	74	59	56	70	61	57	
66	81	65	64	64	65	76	81	65	69	
84	79	75	84	90	90	74	86	76	91	
109	105	100	101	104	104	105	103	107	116	
33	43	40	51	48	52	33	41	36	33	
103	91	97	94	98	99	89	97	94	93	
23	29	26	23	26	25	20	33	21	17	
105	98	98	113	103	99	116	105	98	102	
93	97	103	99	103	98	91	104	106	106	
103	90	96	90	105	93	96	88	92	94	
98	105	98	112	115	113	102	102	101	108	
32	37	41	37	32	38	26	40	23	40	
9	20	13	18	17	21	11	7	9	10	
35	36	46	48	39	45	47	36	40	41	
18	16	28	23	22	34	21	15	23	18	
108	111	109	98	103	113	107	98	97	112	
101	102	103	120	119	112	119	116	113	104	
95	108	99	107	106	96	111	96	94	103	
101	99	105	101	96	103	108	103	100	107	
95	82	85	87	80	94	88	99	81	86	
111	104	101	114	97	99	102	113	114	104	
102	104	112	111	108	108	100	108	104	108	
83	84	81	87	83	96	88	88	87	82	
23	20	17	17	14	22	30	13	25	26	
85	98	95	90	97	95	89	92	92	92	
100	94	104	98	100	92	90	90	91	105	
56	47	50	53	51	52	50	39	46	41	
20	24	34	21	21	17	26	25	20	27	
44	54	57	47	55	44	46	42	53	58	
14	19	21	27	17	18	17	26	25	24	
48	49	46	53	52	53	57	62	55	54	
64	73	65	79	73	75	66	67	72	78	
53	34	34	34	40	51	42	40	50	40	
43	29	29	30	37	46	45	28	39	47	
87	99	90	86	94	93	88	101	87	83	
94	98	96	95	106	99	94	103	108	89	
24	26	10	25	10	29	29	20	19	19	
35	38	46	38	32	43	34	41	37	31	
80	77	78	68	74	65	71	69	65	69	
44	57	48	47	59	50	54	46	62	60	
53	58	60	63	58	52	70	52	64	52	
87	92	96	91	97	91	95	99	84	94	
109	117	101	116	104	101	106	98	98	101	
24	25	25	26	32	26	21	25	31	19	
39	37	25	20	33	27	26	20	32	24	
54	46	61	52	62	58	58	62	63	54	
24	29	12	27	29	23	15	15	26	24	
20	5	15	10	13	12	11	14	14	20	
19	24	22	7	21	12	22	11	9	26	
22	24	16	13	16	22	19	15	17	20	
44	51	54	63	49	45	59	60	51	57	
51	52	46	45	43	37	49	37	40	52	
17	29	25	20	24	14	29	20	25	29	
75	70	79	72	67	77	77	66	67	69	
17	26	26	9	20	13	22	26	28	26	
39	38	28	39	36	29	28	29	21	32	
88	93	97	81	89	83	81	80	93	78	
20	18	14	22	26	23	24	11	12	28	
100	98	105	106	105	98	91	105	102	107	
85	101	92	82	94	89	99	83	99	98	
34	47	39	41	53	48	42	38	48	51	
95	88	94	91	85	103	95	96	89	91	
40	42	38	36	40	48	54	42	47	38	
22	31	33	30	26	25	20	33	17	26	
23	17	16	24	20	26	19	29	30	14	
102	106	109	106	102	100	102	114	101	106	
100	97	99	96	106	100	94	102	105	107	
58	57	56	51	50	51	45	48	54	61	
105	116	102	117	110	99	109	112	106	100	
64	61	65	71	65	60	65	62	74	73	
26	27	18	21	22	18	34	28	18	28	
15	21	5	8	17	11	23	15	19	12	
29	41	22	37	34	37	37	29	26	25	
96	104	99	108	100	108	98	98	112	113	
68	80	76	71	73	79	78	80	72	75	
58	55	50	54	60	55	50	47	62	51	
97	103	92	107	105	94	93	104	108	96	
76	83	73	75	70	69	83	68	86	79	
104	104	96	96	89	88	93	102	103	98	
106	107	115	115	111	107	116	108	110	101	
10	12	3	4	16	11	3	16	3	4	
68	64	70	73	68	62	59	61	65	67	
45	60	56	46	44	43	60	51	46	47	
101	106	114	108	113	109	115	107	110	115	
76	62	67	68	76	69	75	67	66	77	
45	44	40	36	36	39	47	33	35	39	
92	102	91	87	102	103	89	94	103	86	
83	86	79	70	85	81	70	86	69	77	
42	45	47	55	48	51	46	51	42	47	
57	53	56	58	72	61	68	58	71	58	
45	56	50	45	60	42	44	60	46	50	
98	105	111	112	115	101	116	101	100	105	
18	23	28	30	29	14	23	28	27	16	
31	26	37	38	38	38	41	27	40	38	
49	43	45	42	35	38	49	39	39	43	
79	63	68	64	76	75	78	62	74	65	
64	61	58	67	64	57	65	70	75	66	
61	60	67	60	58	60	66	51	67	63	
60	53	45	41	56	51	49	58	59	57	
57	66	70	63	66	58	56	55	55	71	
33	45	30	44	45	46	37	34	48	41	
44	43	45	45	52	41	39	37	43	48	
32	31	33	42	36	35	38	41	36	38	
41	33	43	33	34	36	46	33	33	38	
19	29	23	31	31	26	17	14	24	20	
74	75	76	73	66	60	63	69	67	60	
96	112	115	104	104	112	99	110	113	102	
69	64	65	65	64	68	57	64	55	51	
46	48	39	37	49	46	55	46	48	41	
90	80	76	80	81	78	86	80	87	81	
86	92	90	80	85	89	86	87	80	85	
67	72	62	75	66	65	74	69	69	65	
33	40	26	37	44	26	26	29	38	33	
108	104	108	98	96	103	93	97	90	107	
34	21	38	38	20	27	21	22	37	32	
58	59	53	60	50	52	51	64	49	58	
37	19	25	23	23	29	25	27	26	20	
77	85	82	78	79	92	79	89	87	93	
19	27	30	28	28	12	30	13	22	11	
87	98	94	81	96	83	90	95	99	91	
67	67	83	70	72	80	72	79	84	82	
66	66	75	69	73	69	64	64	67	79	
51	68	53	59	62	62	51	64	53	52	
56	65	59	70	55	57	68	55	70	53	
103	103	106	100	91	94	102	108	94	94	
98	105	106	95	105	107	96	103	101	106	
90	91	93	97	93	95	90	88	90	105	
76	62	67	63	61	71	61	61	68	68	
51	58	62	55	49	58	51	54	58	59	
25	25	13	23	17	24	26	29	28	29	
111	104	99	109	107	108	112	106	106	95	
82	76	91	80	84	78	78	74	88	87	
86	80	76	73	70	81	71	75	89	77	
22	16	15	30	16	28	16	16	15	19	
18	24	16	22	18	19	16	16	8	18	
60	78	73	59	73	67	73	59	60	69	
49	58	49	60	61	51	42	50	46	53	
65	65	57	62	76	72	70	61	68	62	
14	20	31	20	17	24	21	25	12	15	
101	105	117	120	111	106	113	104	106	117	
28	30	12	13	15	22	17	21	26	19	
102	100	111	96	97	105	104	100	99	110	
62	63	50	53	51	55	61	63	59	60	
57	67	50	56	61	54	52	56	50	69	
37	23	35	37	22	23	28	26	23	28	
19	17	24	21	13	8	23	7	16	5	
74	84	78	90	84	75	88	73	77	73	
82	82	79	73	84	81	72	78	83	79	
39	49	41	48	47	49	42	40	48	50	
77	73	66	65	67	65	65	82	79	67	
110	110	98	98	104	106	100	102	103	95	
103	94	113	96	97	105	96	97	101	94	
82	77	76	69	77	78	81	74	80	78	
67	77	70	60	64	77	74	66	61	76	
82	88	92	92	85	89	87	77	94	87	
95	96	104	107	94	105	108	99	98	93	
75	68	71	63	73	78	63	73	63	78	
89	106	104	88	102	106	102	95	89	93	
57	60	54	58	58	54	61	46	53	52	
28	35	34	44	31	31	40	30	26	34	
67	65	74	70	73	74	71	77	67	69	
31	30	39	27	37	32	24	32	40	23	
27	42	32	26	26	40	35	30	25	34	
91	97	92	99	92	90	97	100	89	91	
32	20	29	16	17	33	29	18	16	20	
13	13	15	13	15	12	27	28	29	18	
113	103	110	107	104	116	99	101	104	112	
103	101	87	97	87	88	106	95	100	91	
52	67	50	65	57	50	62	65	59	51	
43	32	40	41	40	49	46	40	33	47	
112	105	98	111	115	99	116	106	113	117	
97	93	85	85	101	99	95	88	94	95	
37	39	25	36	31	27	30	33	43	34	
51	55	56	54	55	49	59	57	60	44	
73	62	63	68	64	76	62	67	66	76	
68	73	68	59	64	59	63	66	62	76	
74	77	65	81	76	82	68	79	69	69	
80	77	71	77	79	70	80	75	73	64	
62	71	65	57	68	66	67	72	70	66	
89	90	72	90	75	80	87	73	81	91	
88	86	74	88	75	87	71	86	82	79	
43	40	51	57	57	41	38	55	52	57	
38	47	29	35	44	44	42	30	46	46	
15	29	29	15	14	30	19	12	14	12	
28	36	42	30	42	29	39	36	28	29	
21	23	19	15	11	7	17	24	24	19	
111	100	108	115	97	111	115	112	106	115	
43	36	39	31	25	34	40	44	25	31	
15	12	27	21	19	12	13	28	12	15	
55	59	41	46	50	54	57	54	46	54	
53	35	49	49	41	46	38	35	46	51	
54	59	66	48	58	54	64	47	47	57	
35	36	42	37	37	42	50	40	50	46	
80	92	90	89	87	82	97	82	96	84	
44	34	35	34	40	39	31	29	40	27	
78	87	84	94	85	91	78	76	82	78	
56	70	60	73	74	57	58	56	72	64	
50	60	47	51	47	59	49	53	50	61	
38	31	43	30	27	40	29	40	29	29	
86	104	102	87	99	90	98	99	101	95	
19	7	12	8	5	11	16	22	12	8	
62	49	53	56	58	49	58	63	63	55	
65	63	75	78	64	74	76	65	76	66	
62	70	56	66	63	57	54	55	60	66	
110	113	106	100	100	115	114	108	110	106	
14	13	31	23	27	12	21	15	29	22	
78	85	82	89	92	75	74	89	89	85	
70	74	65	61	68	79	63	67	78	76	
30	17	17	19	15	33	26	26	17	15	
31	35	20	27	18	26	32	21	18	32	
16	27	18	27	26	20	32	29	29	22	
35	28	25	34	28	42	32	35	31	30	
50	64	64	57	56	52	59	49	65	67	
102	102	102	113	106	106	103	114	101	115	
25	29	22	24	20	17	31	27	29	19	
99	99	93	102	92	88	99	103	86	99	
29	45	29	37	34	32	37	28	32	34	
67	63	51	65	56	68	53	55	65	67	
84	93	84	86	99	92	89	84	95	89	
20	15	14	18	27	19	27	16	25	22	
111	93	104	104	101	112	96	93	106	100	
88	83	82	88	70	88	83	80	87	70	
20	11	17	10	20	9	21	10	3	19	
74	75	77	70	85	72	70	70	87	80	
107	109	113	106	110	108	114	114	117	114	
104	115	102	117	118	105	102	115	111	118	
54	41	48	45	50	47	56	47	56	56	
64	71	83	83	71	75	72	76	79	71	
62	54	56	57	61	70	71	53	61	69	
59	60	58	47	53	63	52	60	53	53	
93	96	92	102	95	89	96	106	92	92	
64	55	61	61	65	65	48	67	59	48	
84	83	85	88	88	78	86	82	81	87	
25	25	25	19	36	37	27	18	19	23	
18	29	21	31	23	20	25	21	22	32	
48	58	59	49	55	59	64	58	52	57	
22	7	13	16	21	6	7	6	9	3	
82	67	80	66	65	67	69	83	75	81	
77	79	77	83	74	79	78	82	74	86	
86	74	89	85	85	74	75	78	72	72	
40	53	47	45	48	43	51	35	42	53	
109	112	101	118	106	105	111	101	113	113	
46	43	42	54	50	49	41	46	46	50	
84	85	89	82	74	70	70	85	77	88	
109	92	101	97	99	106	103	92	100	102	
51	36	46	38	48	34	49	46	34	34	
52	40	52	49	45	43	41	51	53	55	
101	97	108	96	100	98	105	102	106	92	
116	110	111	109	98	106	112	106	112	97	
110	117	101	106	116	112	114	117	118	117	
35	30	40	35	35	36	31	33	39	48	
62	79	68	77	66	69	67	61	80	74	
62	66	63	55	63	63	64	73	72	59	
82	83	90	83	78	88	95	77	94	79	
88	85	75	80	92	93	93	83	91	79	
40	42	31	38	45	47	36	47	38	34	
29	38	33	39	29	44	38	33	35	32	
46	57	54	47	65	52	62	61	58	61	
114	114	111	111	115	116	106	116	110	104	
94	82	86	85	92	86	97	87	97	84	
97	101	106	100	103	108	100	102	104	98	
44	54	59	40	54	58	47	52	52	53	
32	40	28	30	40	38	38	42	40	35	
67	72	79	79	70	65	73	63	61	78	
88	84	78	86	70	73	88	81	70	76	
34	36	44	42	33	39	27	34	30	30	
80	75	78	85	85	87	74	73	81	78	
60	59	60	52	57	54	47	57	59	59	
42	56	49	56	59	47	45	55	44	50	
68	64	78	65	69	66	71	75	81	80	
66	61	67	76	71	66	73	63	79	63	
25	33	38	35	26	41	29	37	38	39	
108	109	105	111	107	111	115	119	103	116	
13	22	11	20	19	10	18	11	17	12	
42	48	35	42	43	37	36	37	50	49	
108	94	100	103	102	92	90	109	103	105	
94	95	106	99	89	88	89	92	89	105	
33	33	37	27	36	22	38	39	36	29	
109	102	97	102	99	109	95	98	99	102	
85	82	100	96	96	94	87	82	85	99	
74	81	89	89	84	75	79	80	75	82	
65	58	51	68	64	50	53	63	62	67	
38	44	32	42	36	42	30	39	40	37	
113	97	97	97	98	102	113	112	99	101	
41	51	50	47	53	41	51	49	47	51	
101	89	86	101	98	102	85	89	84	96	
55	51	61	64	51	55	48	62	62	56	
100	98	94	99	97	95	90	99	104	92	
87	74	76	87	72	85	88	82	83	81	
42	48	59	49	48	47	61	52	55	49	
77	78	86	74	88	83	72	85	82	88	
95	78	92	88	81	82	83	91	86	91	
18	21	22	28	27	9	19	11	13	12	
72	68	62	53	60	70	66	53	64	66	
14	12	3	13	16	10	16	12	21	7	
45	45	38	29	41	35	29	41	37	39	
86	69	79	84	75	78	70	80	77	82	
46	61	54	52	49	60	51	53	49	49	
27	23	31	24	31	35	37	27	27	31	
61	71	74	58	73	61	77	63	59	76	
26	26	30	33	28	23	21	14	33	29	
47	49	54	41	51	49	39	45	40	51	
25	17	13	14	30	30	29	25	18	25	
80	78	85	71	87	71	70	73	86	70	
62	70	66	71	69	67	68	75	79	69	
67	67	77	82	68	71	71	63	75	79	
22	28	15	26	21	27	14	32	27	32	
119	110	107	102	111	118	109	104	109	113	
101	87	89	104	89	100	100	89	93	102	
46	42	42	54	58	47	53	46	55	49	
40	40	29	30	30	39	32	34	38	35	
80	74	84	82	93	79	82	83	92	75	
119	116	112	120	118	101	119	107	102	105	
20	24	10	8	6	19	16	6	18	19	
68	63	74	65	72	77	74	67	72	60	
36	28	24	34	31	40	40	27	26	38	
60	72	63	67	60	77	70	75	75	72	
59	52	63	63	54	54	46	53	56	62	
41	25	30	34	25	32	37	29	32	33	
41	42	39	47	33	44	45	41	44	38	
21	8	11	6	5	15	3	9	3	6	
17	35	25	29	30	24	27	23	21	18	
56	65	66	71	53	67	69	53	54	60	
74	83	73	75	84	69	83	73	70	68	
101	101	91	107	109	100	90	106	106	90	
23	33	17	33	24	28	21	26	35	34	
66	72	79	73	79	72	68	66	72	67	
8	24	10	11	20	6	16	19	6	22	
111	117	100	100	107	108	101	111	113	115	
19	32	27	18	16	28	28	25	29	31	
109	99	107	98	91	106	106	95	108	106	
14	11	12	23	24	8	26	21	9	26	
102	109	104	107	106	102	99	93	103	98	
20	4	7	4	14	15	14	7	22	10	
62	58	53	61	44	60	52	63	61	52	
42	46	47	41	45	48	37	35	33	45	
115	112	107	104	98	115	101	99	115	104	
49	50	56	58	55	53	44	42	57	45	
25	31	26	28	35	30	23	19	20	22	
100	91	91	88	97	96	96	102	94	90	
78	86	75	87	87	76	86	75	84	87	
62	65	71	56	54	70	63	65	58	69	
53	53	41	46	45	57	45	57	42	50	
100	96	96	113	113	110	97	108	112	98	
19	5	21	3	3	5	7	12	4	22	
100	97	97	109	99	100	105	100	93	96	
114	102	111	111	117	118	108	105	107	108	
97	87	85	85	83	94	102	101	93	91	
10	21	12	16	11	16	8	12	8	10	
36	36	25	25	29	19	28	30	37	30	
65	63	73	71	74	75	76	73	66	80	
21	28	23	17	30	24	20	11	28	11	
49	57	66	49	67	56	54	61	58	67	
71	59	68	64	72	66	56	55	74	70	
18	2	21	19	18	7	12	12	2	19	
103	106	92	96	104	94	104	95	111	109	
58	49	49	56	57	59	49	49	53	55	
82	77	75	67	70	75	84	69	67	83	
89	91	105	88	97	105	89	92	99	100	
111	103	106	110	112	111	109	114	96	99	
99	108	113	101	102	109	100	109	104	102	
60	53	57	55	50	55	51	61	67	64	
66	72	77	81	71	68	66	80	70	77	
44	38	48	51	39	35	39	50	49	49	
85	91	91	88	100	91	94	90	89	91	
74	76	76	70	85	78	87	81	79	83	
70	82	71	71	70	65	73	69	64	71	
42	45	39	37	55	45	40	41	47	52	
47	44	57	47	39	38	43	51	55	42	
69	57	65	69	67	57	57	55	67	68	
93	77	84	75	85	75	76	78	82	85	
41	34	32	25	37	41	37	35	40	39	
81	71	69	72	76	80	63	74	69	78	
17	4	14	3	16	21	18	9	9	21	
49	58	48	45	56	46	62	46	62	60	
111	106	97	97	112	94	99	106	109	106	
93	79	88	81	87	86	84	79	95	81	
41	45	51	41	60	43	48	59	49	48	
50	42	38	48	44	50	54	48	47	54	
31	30	27	28	19	29	24	23	28	26	
57	46	63	48	47	50	54	60	50	53	
20	10	13	12	17	14	21	28	26	18	
103	104	120	108	109	104	116	104	103	114	
3	10	21	17	19	15	13	3	15	9	
97	98	94	107	98	105	95	92	102	104	
110	114	99	111	107	112	117	105	106	102	
58	49	58	53	53	49	54	42	42	54	
81	68	80	78	74	70	80	73	76	69	
81	80	76	68	80	71	68	66	63	80	
9	5	15	18	22	17	16	9	8	5	
93	77	84	83	85	82	80	78	81	81	
69	59	69	72	67	57	57	65	66	65	
33	34	34	44	45	35	44	28	35	39	
109	108	98	107	101	103	94	100	94	103	
69	56	56	68	65	68	51	62	62	58	
67	66	74	62	77	67	72	59	71	74	
33	33	27	30	23	23	34	23	28	34	
37	37	39	26	39	31	33	36	33	38	
7	6	18	3	17	4	7	8	16	3	
46	39	44	54	49	44	51	48	40	49	
21	3	5	14	2	4	4	17	9	21	
46	43	44	51	47	56	51	40	56	51	
54	40	35	46	50	36	35	51	38	54	
53	52	52	51	55	50	49	46	59	52	
105	114	109	104	102	106	113	118	110	101	
81	87	72	75	73	77	77	75	85	74	
102	98	88	98	102	93	96	102	94	93	
15	14	6	16	5	8	19	16	11	17	
26	30	38	31	23	37	30	24	21	22	
110	99	103	109	99	109	99	106	110	103	
79	79	76	63	64	66	77	63	62	73	
22	12	14	13	19	21	14	13	8	18	
66	63	69	53	66	69	66	70	63	69	
50	37	52	49	41	36	41	48	46	39	
55	57	73	60	56	71	63	57	55	74	
91	79	81	84	78	86	95	77	89	83	
110	110	100	112	118	117	114	104	113	102	
21	19	23	32	31	16	21	18	30	23	
83	76	74	80	90	76	76	81	75	76	
73	75	74	69	81	75	80	79	73	79	
60	53	48	61	60	59	61	59	47	51	
39	25	20	37	28	36	36	34	37	35	
85	92	89	82	93	95	94	94	91	80	
23	23	29	26	16	19	27	16	18	25	
86	76	78	80	95	79	92	95	78	91	
52	43	48	40	50	40	43	40	48	44	
82	74	84	70	70	84	86	73	77	86	
19	17	12	28	23	11	16	28	11	26	
87	83	95	88	93	89	95	89	95	81	
62	52	47	49	58	62	58	59	47	51	
64	62	51	53	52	66	60	56	62	68	
66	52	65	51	65	63	60	55	52	48	
80	74	76	80	83	88	85	86	74	88	
19	11	6	20	21	9	22	17	9	21	
23	23	22	23	7	7	13	12	16	20	
99	98	87	85	90	103	97	86	92	98	
15	16	17	22	7	19	21	19	25	11	
27	25	27	19	22	12	15	17	17	14	
71	71	58	62	71	68	65	56	57	69	
93	89	90	95	96	106	90	107	90	100	
41	34	27	30	37	40	27	33	26	41	
39	39	45	47	48	53	39	40	44	53	
72	71	79	77	62	64	73	80	67	77	
13	22	18	18	9	8	12	14	22	18	
64	56	58	66	61	56	64	48	66	55	
52	53	50	59	64	50	53	63	46	58	
40	40	27	29	40	31	31	28	34	25	
20	9	19	15	12	11	12	14	5	8	
107	105	92	97	96	90	88	106	97	104	
93	91	91	103	96	95	92	92	97	102	
103	93	109	108	94	100	97	102	108	103	
104	99	100	105	114	99	103	106	105	104	
74	84	72	73	79	76	70	80	82	85	
32	47	35	32	36	42	40	44	30	41	
93	89	94	88	90	77	93	80	94	94	
85	77	81	88	79	88	93	88	74	83	
91	92	96	89	80	87	97	81	97	80	
73	62	62	67	71	59	65	63	65	58	
103	104	88	87	100	99	90	86	94	90	
104	100	107	97	100	96	108	103	105	96	
34	38	42	39	32	42	43	28	39	35	
81	84	87	74	77	83	90	85	83	87	
69	80	77	87	69	84	86	82	85	72	
96	87	99	81	100	86	93	92	83	98	
42	47	39	41	51	48	42	40	43	37	
117	114	100	115	107	110	116	112	116	103	
43	51	53	55	59	42	49	59	45	52	
20	7	13	24	26	11	7	19	9	7	
74	74	82	82	70	81	80	75	78	83	
65	77	63	75	66	63	78	64	73	63	
39	37	27	41	41	41	38	44	29	42	
113	119	116	111	118	107	120	111	115	111	
64	63	65	60	51	48	57	55	60	59	
61	65	59	54	65	64	53	59	52	54	
35	36	38	37	45	29	45	42	45	27	
21	12	27	9	11	11	12	23	13	23	
101	113	99	103	109	105	110	111	117	104	
84	94	88	89	84	99	96	94	83	92	
85	88	86	92	87	86	89	73	76	81	
107	103	104	106	114	116	111	101	112	101	
25	26	42	28	38	28	36	26	26	41	
36	52	41	35	50	48	46	49	40	50	
77	63	77	60	69	76	64	70	68	72	
110	110	113	99	100	102	115	104	102	112	
109	109	114	99	108	114	118	111	112	110	
29	37	35	29	18	36	36	23	28	23	
53	47	50	62	51	46	50	48	62	58	
88	103	97	87	90	98	97	86	88	91	
57	56	52	52	61	55	58	52	51	56	
113	110	104	107	101	109	101	108	102	105	
90	91	101	102	91	97	90	89	105	101	
110	110	96	97	96	100	96	99	108	114	
35	39	36	37	22	29	31	36	31	32	
105	101	114	103	108	106	99	102	105	106	
66	59	69	57	73	73	71	71	60	74	
35	49	51	49	36	47	39	32	45	32	
6	16	22	22	22	19	15	8	7	17	
30	34	46	30	42	32	36	28	35	46	
74	59	76	77	59	70	77	66	75	64	
49	66	58	53	51	66	55	58	55	55	
20	36	36	33	27	36	28	22	34	32	
59	62	70	69	76	58	66	61	67	57	
40	41	32	36	27	27	38	38	27	30	
32	25	29	31	30	28	32	39	43	26	
41	40	47	42	48	46	47	40	41	50	
63	78	75	72	81	79	76	71	70	64	
112	99	102	106	115	102	100	103	107	104	
78	77	88	79	91	74	76	90	75	80	
42	35	37	46	33	49	35	51	34	44	
34	30	39	37	36	33	26	28	29	29	
11	7	4	13	14	20	14	6	14	6	
40	24	30	22	25	21	22	31	34	30	
68	67	78	76	74	72	79	71	69	66	
34	40	30	33	37	26	39	44	42	28	
95	97	100	97	92	110	102	102	97	105	
34	34	28	24	43	34	32	30	30	30	
98	100	108	108	95	92	110	98	101	110	
21	22	5	5	10	14	9	11	3	6	
85	71	74	81	73	75	84	79	75	88	
101	102	109	105	106	100	107	102	106	100	
90	86	81	83	96	90	99	97	97	81	
60	74	76	61	57	69	76	59	70	74	
22	30	34	24	20	34	35	32	23	24	
109	97	110	96	109	101	99	94	106	93	
97	86	95	92	101	86	89	87	85	99	
54	44	53	41	46	38	51	54	54	38	
57	49	53	44	59	52	45	51	42	60	
37	43	30	36	36	25	42	30	34	30	
38	55	53	42	53	54	42	45	55	39	
11	11	6	5	7	12	21	3	3	13	
4	13	22	19	7	16	8	9	17	20	
8	10	15	15	19	19	9	8	21	7	
90	78	79	93	94	87	86	96	93	94	
63	65	49	59	67	48	65	66	56	66	
94	91	96	95	91	98	96	99	94	105	
72	71	83	78	81	79	67	80	81	84	
29	24	25	10	16	24	14	17	26	20	
78	89	78	82	88	84	88	89	89	84	
77	81	93	83	77	77	74	83	93	77	
81	71	72	77	64	71	81	66	70	74	
74	92	80	80	81	79	80	77	86	92	
93	98	92	96	91	86	86	88	94	104	
44	46	34	48	46	50	40	43	34	43	
32	24	31	25	37	37	38	40	24	39	
84	92	80	91	96	95	81	92	86	81	
86	86	97	96	80	80	92	96	87	79	
20	14	14	19	10	9	16	9	14	5	
79	65	72	80	69	66	65	80	67	68	
97	89	80	83	81	90	98	91	88	86	
89	102	101	91	103	107	105	92	97	105	
105	109	109	95	92	104	107	96	102	98	
67	58	54	64	48	48	48	48	65	59	
18	12	10	25	19	21	18	15	26	12	
24	22	28	20	33	29	31	35	29	23	
87	86	99	84	83	102	101	84	90	93	
112	115	101	98	116	107	99	108	102	113	
94	100	103	107	104	103	104	109	110	94	
93	84	99	95	97	85	85	94	89	81	
37	34	35	44	48	41	32	46	31	34	
103	106	103	111	97	104	112	99	109	111	
102	97	107	97	110	99	95	109	106	109	
88	99	94	87	100	95	87	99	85	102	
98	94	93	107	91	98	94	98	99	95	
114	116	98	101	107	110	100	117	101	108	
82	83	94	84	91	99	92	95	82	92	
68	69	63	58	65	59	65	61	62	77	
24	19	29	34	27	17	21	31	15	27	
58	74	64	73	58	62	76	72	63	66	
86	79	73	85	70	81	72	73	73	86	
116	106	99	106	109	99	105	108	105	103	
111	92	106	109	94	92	110	106	95	100	
61	49	46	59	45	52	54	55	49	47	
114	110	108	110	109	95	99	101	100	114	
53	48	54	58	59	60	60	56	54	61	
42	48	38	36	34	35	40	40	46	33	
57	53	50	45	53	63	47	63	56	55	
52	51	67	48	50	49	67	64	48	58	
100	99	92	93	85	103	91	99	92	102	
91	100	97	101	104	97	104	95	103	89	
45	41	58	60	54	43	54	53	43	48	
45	40	31	28	28	45	43	35	37	32	
80	62	79	68	67	64	70	74	64	72	
94	96	92	84	95	86	80	95	78	85	
97	90	99	94	102	94	92	99	89	96	
105	96	102	103	104	107	92	89	103	102	
16	15	33	30	31	15	25	19	29	28	
48	42	45	44	55	45	56	50	47	60	
65	61	65	71	63	60	65	54	55	61	
88	87	81	79	84	87	86	87	82	84	
28	44	45	33	42	40	40	31	34	41	
88	83	87	87	80	77	91	83	92	78	
68	64	77	65	65	68	80	70	71	72	
29	40	43	36	40	43	35	38	39	41	
105	99	102	100	98	108	94	106	98	98	
111	102	104	95	107	107	103	96	103	111	
75	84	81	73	81	67	77	69	71	81	
97	91	97	86	88	100	94	89	103	101	
99	99	94	108	112	93	108	93	104	99	
21	23	16	13	16	27	26	24	28	27	
37	51	43	50	46	40	37	39	52	36	
96	93	91	84	97	87	97	86	86	88	
68	70	71	67	70	62	63	75	74	66	
47	40	47	41	48	53	42	45	43	44	
16	14	11	18	28	20	25	17	28	18	
74	71	85	73	70	71	72	80	66	80	
87	91	91	86	82	80	92	79	76	76	
100	110	100	99	100	107	106	110	113	103	
24	18	15	31	25	22	16	28	31	19	
68	53	57	65	57	54	65	59	52	51	
45	45	28	31	27	32	35	44	28	32	
51	59	56	65	51	63	55	54	65	61	
7	15	24	22	15	11	13	21	16	12	
47	37	42	36	38	37	38	33	42	45	
30	21	22	23	33	26	23	34	24	35	
39	36	34	22	39	23	30	21	27	32	
87	92	88	97	94	93	87	90	98	91	
91	81	87	83	82	90	75	86	85	90	
25	11	22	23	8	16	25	19	19	7	
56	51	47	47	42	55	57	50	43	40	
79	76	83	84	74	78	72	73	87	79	