1000
20
5	17	17	15	7	4	19	21	4	14	16	6	12	12	6	10	13	3	5	4	
66	76	79	72	71	71	67	68	67	73	72	79	71	83	80	75	69	70	84	74	
30	37	35	19	23	25	20	25	29	35	31	20	38	30	25	36	35	26	36	24	
35	34	53	45	52	53	41	43	44	39	52	49	52	36	50	53	35	38	37	39	
63	73	61	63	64	74	61	77	74	77	66	63	66	72	63	66	73	60	68	61	
79	86	83	81	78	91	88	95	81	93	79	81	85	96	83	81	81	79	94	82	
79	79	92	88	83	80	95	82	87	88	78	93	91	97	79	97	97	78	95	91	
100	101	113	101	107	105	112	104	113	111	103	98	102	106	102	113	103	112	102	105	
22	20	29	30	31	27	24	29	29	30	35	19	31	19	22	35	22	30	33	27	
61	60	69	67	68	58	76	70	76	74	69	62	68	71	70	60	72	75	61	69	
45	39	32	34	30	42	32	45	38	46	35	35	36	49	47	49	33	41	44	38	
96	94	82	92	98	93	93	86	80	92	93	93	80	81	91	90	98	94	95	79	
19	28	29	19	26	28	23	22	37	34	30	23	35	29	25	37	24	19	30	26	
34	51	53	45	36	51	47	44	36	46	35	47	39	45	53	38	42	36	46	39	
22	9	7	3	9	22	19	17	13	6	22	21	10	6	7	13	7	11	16	16	
102	90	94	96	98	101	99	84	99	97	98	84	86	87	87	92	83	94	96	91	
51	60	58	45	59	56	43	43	55	48	47	57	44	53	49	53	44	56	51	41	
53	52	69	67	58	69	70	61	70	61	66	65	55	61	64	61	67	64	57	55	
88	73	77	73	76	79	86	79	81	88	85	72	70	78	85	76	69	69	83	76	
30	34	24	27	30	30	34	40	38	40	28	38	28	29	33	41	35	28	29	25	
73	81	81	88	77	82	81	79	75	81	78	74	87	81	85	79	91	84	75	87	
65	69	58	70	68	59	72	59	68	74	64	55	74	68	72	55	67	55	74	63	
61	56	56	58	65	65	69	51	62	65	52	57	62	56	51	56	56	53	55	55	
102	105	104	95	99	102	91	93	98	103	94	90	105	100	93	104	99	103	91	100	
56	55	50	61	44	58	53	62	59	46	60	53	58	62	52	45	57	59	62	52	
45	50	54	45	56	51	45	58	42	55	51	44	42	42	50	58	58	53	46	41	
50	57	55	50	53	50	52	54	54	52	69	68	60	52	69	66	61	51	61	66	
79	75	87	85	82	73	75	85	87	84	73	75	81	87	70	76	87	74	88	78	
55	50	44	42	48	50	48	49	55	51	53	56	57	46	45	61	54	53	59	51	
14	26	14	15	32	17	22	17	14	32	24	17	21	26	13	15	20	30	32	13	
29	24	23	21	32	30	23	24	33	18	24	18	35	23	31	18	18	29	24	35	
33	19	30	21	29	19	36	25	31	25	23	37	20	22	20	28	37	22	35	31	
33	14	16	32	16	15	19	33	21	14	18	21	25	28	33	32	14	14	23	31	
48	40	52	45	42	51	39	50	55	54	51	54	51	42	47	39	55	53	42	56	
112	99	110	115	109	110	106	105	117	117	106	111	101	110	112	112	117	113	114	109	
60	57	67	60	52	59	58	68	60	57	67	56	57	67	70	55	67	66	54	53	
103	97	93	99	106	96	94	89	93	92	89	88	92	88	93	100	87	91	99	90	
32	37	34	30	33	43	38	36	42	39	40	47	41	39	31	48	39	49	34	46	
92	103	95	100	89	92	96	94	93	89	90	99	105	108	100	105	98	101	102	93	
82	89	91	89	84	92	88	99	87	96	98	96	94	95	88	90	84	87	95	84	
94	81	83	88	83	90	96	83	78	80	91	81	87	78	83	89	80	80	83	81	
91	85	79	82	74	73	76	89	90	82	79	80	77	83	75	76	84	76	83	88	
15	25	17	11	12	17	17	9	16	22	12	10	17	20	9	8	24	10	16	15	
88	72	87	85	78	88	70	74	86	82	70	85	87	78	73	85	73	78	85	84	
20	21	15	19	19	32	16	17	14	28	17	13	16	16	21	27	25	21	19	21	
66	76	62	69	70	62	73	61	71	69	71	57	69	76	66	74	61	57	70	74	
74	64	76	72	69	73	74	67	65	72	64	59	71	65	58	70	59	59	74	74	
80	95	84	97	89	90	98	94	86	91	92	80	88	94	82	86	95	86	96	84	
73	74	76	63	69	77	67	63	66	79	64	68	73	65	75	65	80	77	77	65	
58	59	46	51	57	45	60	56	49	57	52	52	60	56	48	45	56	59	44	57	
94	86	98	85	98	94	96	97	84	92	98	86	86	88	88	88	91	84	95	101	
22	29	13	14	12	17	26	25	28	26	19	26	17	26	14	28	11	12	28	11	
70	64	72	70	78	68	66	75	77	65	65	66	73	64	67	67	72	63	67	71	
30	29	29	33	40	32	26	44	43	26	44	28	26	41	26	39	42	32	35	41	
61	77	77	74	75	65	72	64	64	70	78	73	67	70	69	64	73	74	66	66	
71	79	77	69	74	66	73	65	73	72	79	77	77	71	78	63	76	65	81	74	
61	54	66	51	64	48	63	64	62	52	49	58	58	58	63	53	52	47	66	57	
54	49	61	45	57	56	53	49	50	61	53	59	62	61	62	59	58	64	50	55	
108	97	106	98	107	102	101	114	112	96	96	109	110	111	111	112	100	103	99	95	
17	30	21	14	14	14	21	30	29	17	32	16	30	27	28	31	32	15	23	20	
13	14	13	26	23	23	12	12	17	28	27	29	25	20	12	25	24	24	20	16	
10	5	11	11	14	18	15	8	18	9	19	19	19	8	15	21	16	14	5	9	
81	78	79	77	88	88	91	86	80	74	73	82	84	84	83	82	87	86	82	73	
87	93	92	102	95	91	93	91	104	89	87	90	104	101	95	91	89	104	92	89	
26	14	22	15	19	23	19	30	24	12	11	29	24	21	29	15	27	18	18	26	
18	21	32	31	18	17	19	21	22	21	18	16	21	27	16	16	18	32	17	16	
17	11	7	22	26	23	7	16	19	26	15	26	16	8	9	7	11	12	15	19	
31	29	35	36	34	25	39	24	40	29	36	39	25	36	26	25	25	25	30	38	
87	81	75	84	81	87	78	87	83	79	79	78	81	79	86	88	85	72	78	90	
94	95	99	108	95	106	97	95	104	109	107	104	105	93	100	97	108	104	109	92	
87	77	78	80	70	74	83	85	78	82	79	83	81	78	79	73	74	80	85	74	
100	105	107	107	112	115	118	103	113	115	104	108	114	102	99	118	107	112	106	100	
17	18	22	25	22	20	25	15	19	23	27	15	23	32	29	21	22	16	19	17	
93	87	85	85	89	94	86	93	84	93	86	87	81	75	91	87	77	88	79	75	
14	16	18	27	24	19	27	19	11	19	26	25	25	11	24	9	25	18	26	24	
30	29	19	26	26	27	12	14	30	23	18	23	13	15	22	17	14	14	28	30	
56	58	60	71	70	60	57	58	67	68	56	60	61	63	70	68	54	55	70	55	
55	66	72	58	63	73	54	71	54	57	69	57	63	70	70	67	63	69	68	56	
92	101	98	90	91	105	94	92	103	101	103	104	87	106	94	87	103	101	99	99	
103	103	100	96	99	91	98	102	90	95	101	87	87	99	95	100	97	92	100	97	
41	49	39	46	48	38	41	51	36	40	36	41	37	53	38	42	39	41	39	53	
86	69	83	88	81	79	69	81	86	73	71	74	77	83	88	77	79	75	77	78	
95	103	101	89	88	95	101	90	88	92	90	93	86	91	90	96	87	104	96	102	
107	111	113	98	99	96	109	112	100	109	111	112	108	112	103	97	98	98	102	97	
80	86	83	79	81	91	83	86	76	89	80	84	78	82	82	82	77	88	80	81	
30	36	27	31	21	29	25	32	29	29	31	29	31	37	29	35	37	21	28	28	
88	91	81	90	88	90	89	87	86	85	77	94	93	77	92	79	87	75	93	87	
90	80	80	94	90	80	85	90	87	80	86	80	83	85	82	80	89	88	82	90	
57	67	54	50	58	51	69	65	56	54	52	64	57	52	52	69	56	56	56	54	
101	88	98	98	87	95	90	83	95	97	85	92	102	101	95	101	89	102	94	99	
67	57	64	67	74	55	69	71	63	69	55	64	70	65	58	74	65	56	63	71	
112	112	114	117	119	104	118	100	117	100	100	111	100	100	118	106	116	101	116	105	
49	32	30	49	41	45	41	35	47	46	35	33	42	35	30	31	47	30	48	33	
53	44	51	55	55	50	55	47	43	39	38	54	43	43	44	44	49	52	47	38	
45	51	54	42	60	54	47	51	49	48	43	59	59	46	48	49	42	48	54	57	
111	106	104	104	94	106	97	110	105	106	94	100	95	113	103	104	94	104	112	102	
82	88	87	85	89	95	99	83	91	86	101	99	99	87	93	93	91	98	82	86	
79	73	76	62	77	62	62	79	70	64	67	76	70	73	76	69	75	63	66	68	
16	34	18	25	27	25	34	17	22	27	16	35	27	31	23	34	26	31	25	16	
45	57	55	58	53	56	43	58	60	45	54	55	46	54	58	49	62	49	48	55	
116	119	102	111	113	104	116	107	102	118	111	107	111	112	119	111	117	106	113	111	
71	60	59	57	59	61	69	69	71	55	63	65	60	65	60	72	54	57	65	60	
44	55	40	39	41	46	40	52	54	48	39	54	45	46	42	43	55	42	55	47	
85	91	89	93	85	89	102	92	100	97	84	84	99	85	90	88	95	93	94	100	
75	70	69	74	70	68	83	74	72	86	85	75	76	77	86	81	74	73	69	71	
90	92	103	87	102	87	99	100	87	87	97	98	100	94	102	85	88	97	92	93	
74	80	75	89	85	75	77	78	81	90	74	84	75	82	93	93	93	88	91	89	
97	89	87	91	101	89	100	87	91	100	87	105	97	105	97	98	91	96	101	99	
13	16	8	16	12	3	18	19	19	10	20	21	5	6	4	6	19	3	19	16	
87	81	74	79	78	74	82	90	75	80	92	78	81	74	91	75	74	80	81	80	
72	70	69	63	72	60	76	58	69	71	70	68	59	59	62	67	64	72	63	60	
32	26	37	27	29	35	33	38	37	26	32	27	23	24	28	31	27	42	31	23	
82	91	91	85	78	77	88	77	85	89	93	83	77	84	78	90	79	87	86	83	
98	97	104	100	116	101	108	105	115	109	103	106	109	102	111	101	111	115	116	103	
55	57	58	50	41	60	48	50	56	47	49	54	54	52	48	52	48	44	45	45	
99	102	102	107	111	96	100	110	100	113	105	97	106	108	112	114	107	108	115	99	
70	71	63	67	69	72	57	61	73	65	58	69	73	58	67	72	67	73	64	63	
98	81	82	81	97	84	88	82	97	84	93	99	81	94	90	82	80	86	88	82	
97	107	101	98	104	107	100	98	98	91	92	89	98	102	104	106	108	104	92	95	
97	101	93	109	105	107	95	96	106	105	108	111	97	105	97	99	92	109	96	108	
88	89	79	81	85	86	89	96	91	93	84	92	86	86	95	88	86	91	93	95	
15	17	31	19	22	16	17	25	30	32	18	19	19	22	32	14	22	13	16	19	
39	42	55	48	36	41	36	38	49	44	53	37	49	55	47	53	42	49	43	48	
47	54	53	37	54	43	42	41	53	52	47	37	37	44	52	52	42	54	41	50	
83	77	77	80	78	96	90	81	83	78	90	78	89	93	83	92	93	91	96	85	
96	92	84	98	98	89	97	91	89	87	95	81	96	89	85	89	88	93	88	82	
81	81	81	78	89	73	72	78	88	86	74	86	80	70	87	88	88	85	87	84	
96	82	89	94	91	82	82	82	86	82	96	80	84	98	92	80	89	96	97	93	
51	48	43	49	45	45	54	42	52	47	47	41	37	52	46	45	51	47	46	38	
103	106	106	91	109	109	107	109	109	97	103	94	106	94	99	104	96	93	104	103	
80	80	81	87	88	81	88	91	82	76	77	75	92	85	77	90	87	79	80	88	
73	70	68	62	60	60	58	58	63	68	70	55	66	55	62	64	60	69	66	68	
51	65	65	58	47	55	53	53	55	61	56	62	57	49	56	50	48	57	56	61	
6	24	8	16	18	15	14	9	8	21	6	12	24	17	20	9	16	6	9	12	
62	68	77	67	63	75	71	76	61	73	69	71	77	61	63	77	63	73	63	59	
82	66	72	80	77	76	80	71	79	81	79	75	80	65	76	72	81	65	72	81	
54	55	65	68	58	58	58	60	55	71	70	52	55	54	58	57	63	60	71	59	
59	40	46	51	46	47	59	58	43	50	55	40	44	42	42	47	58	51	52	40	
77	69	78	71	77	83	78	83	69	79	76	68	85	78	81	80	81	82	71	73	
91	87	89	91	86	98	101	96	98	96	91	99	99	90	94	93	94	101	89	96	
26	19	18	27	29	31	25	21	31	34	18	32	23	30	24	37	34	18	34	36	
62	52	47	59	51	60	60	49	60	51	60	59	58	51	58	55	55	49	51	49	
78	67	61	65	63	80	64	76	73	73	74	78	62	78	69	67	80	76	75	65	
21	16	11	18	14	19	13	19	25	22	9	16	27	14	18	12	15	18	26	24	
45	35	49	41	53	35	46	54	48	40	50	48	48	52	53	35	41	36	50	47	
47	46	50	39	43	48	36	33	50	42	33	32	46	35	44	33	43	42	51	41	
100	115	115	109	111	119	119	102	113	103	113	110	100	100	111	106	110	109	119	100	
58	66	69	63	61	54	58	58	68	63	65	58	70	71	65	54	53	67	58	68	
37	35	40	31	34	42	46	31	44	49	46	42	38	32	32	36	48	31	35	35	
77	65	68	70	77	63	80	63	65	74	78	81	69	75	73	80	82	73	81	69	
76	84	84	85	78	79	73	85	86	83	75	72	79	86	80	78	78	71	70	83	
107	96	110	91	105	97	92	110	101	109	96	105	100	101	105	108	100	110	92	93	
51	54	48	44	52	50	46	43	35	42	54	40	37	48	45	43	42	41	42	53	
23	20	14	25	26	26	9	18	19	9	15	19	28	9	14	12	11	9	10	28	
24	31	22	32	23	25	19	30	14	20	19	16	22	29	27	21	22	25	28	22	
112	105	116	107	108	107	117	111	120	105	110	113	116	104	109	104	120	109	107	114	
76	76	81	89	86	84	75	91	76	84	75	74	86	81	75	79	93	75	83	76	
79	81	89	78	88	77	86	88	84	77	80	83	88	74	78	87	86	77	79	87	
77	88	87	94	79	92	80	83	83	82	76	89	86	93	82	82	79	77	93	84	
35	41	32	33	26	29	43	31	28	43	32	34	36	35	30	45	33	34	41	34	
74	70	74	68	67	75	73	81	80	79	85	71	71	78	75	70	67	79	84	71	
21	5	16	16	10	11	16	17	8	5	19	22	19	18	13	21	6	8	23	12	
74	63	76	60	72	77	61	75	69	63	77	68	72	68	62	58	65	58	70	70	
120	106	113	118	109	101	104	115	117	107	115	108	111	108	102	110	114	118	101	103	
61	61	60	69	73	75	60	60	65	60	58	57	72	60	63	71	58	73	63	60	
55	42	52	53	46	45	43	60	44	46	56	59	58	53	47	51	53	48	45	47	
80	73	69	82	71	71	72	84	83	72	85	67	72	84	83	77	68	69	84	72	
78	87	93	90	86	90	89	82	94	83	88	83	83	82	90	78	92	93	80	82	
112	108	107	107	106	115	116	113	114	113	116	114	99	106	116	105	115	110	108	118	
46	37	54	51	39	37	51	36	54	46	47	50	40	36	39	47	39	55	40	53	
43	25	32	30	26	34	26	28	31	29	34	26	44	29	30	28	39	29	28	44	
110	102	112	114	110	112	114	100	109	114	118	117	101	102	105	99	115	101	110	107	
71	77	83	77	78	66	84	83	79	70	76	67	81	67	70	74	69	81	83	77	
102	109	97	107	91	107	101	100	94	101	93	93	106	91	102	101	110	105	104	96	
43	60	56	46	46	51	47	55	50	53	45	56	50	58	47	53	57	47	55	47	
109	111	117	102	102	100	113	102	111	106	102	100	102	114	114	108	109	104	101	104	
54	49	42	43	55	53	47	49	54	38	50	39	49	37	37	54	44	45	47	45	
105	93	93	88	88	90	98	99	95	107	97	100	106	107	104	97	105	97	88	104	
23	20	25	13	17	28	17	18	10	14	12	19	19	22	18	27	14	19	13	29	
18	18	32	24	27	32	27	16	35	31	34	16	31	35	27	21	22	25	24	25	
65	70	60	62	72	70	66	54	64	53	57	60	57	57	61	72	60	55	56	68	
65	75	75	72	62	72	60	65	66	60	73	66	73	71	68	77	76	63	62	66	
69	83	67	77	67	65	79	68	65	67	79	76	66	69	79	80	72	79	83	78	
6	11	19	7	7	20	10	23	25	7	23	11	12	11	10	11	14	10	25	17	
58	60	47	55	64	46	61	60	56	59	51	58	64	50	49	54	47	56	45	54	
51	57	54	49	65	49	64	59	50	63	57	54	65	60	60	55	63	60	62	46	
115	101	106	102	107	113	111	115	112	114	112	104	107	104	104	107	110	110	112	117	
31	28	32	31	44	28	31	36	35	28	36	37	40	31	44	32	30	35	37	42	
60	49	50	67	49	56	61	58	61	57	49	64	63	65	56	62	61	58	56	63	
101	90	89	93	95	93	88	100	91	104	95	92	106	99	98	107	92	103	99	103	
54	49	49	50	53	46	60	63	52	60	55	56	58	47	50	56	61	58	57	45	
30	20	29	20	27	32	24	25	30	17	19	33	24	26	30	29	19	22	28	22	
95	114	104	105	95	97	107	102	99	103	102	112	112	105	97	109	107	100	107	96	
98	98	97	98	96	110	96	99	111	100	103	95	103	113	113	96	112	109	114	97	
60	45	51	47	52	55	53	59	53	55	60	59	46	46	47	50	44	51	54	52	
29	35	24	29	34	22	33	39	27	40	30	21	26	32	39	40	37	38	40	23	
37	33	46	47	45	41	50	46	50	44	49	40	50	34	39	31	43	46	31	38	
57	59	69	67	66	60	72	73	62	71	60	76	72	57	66	71	66	66	73	70	
11	6	11	18	11	17	3	20	13	8	8	14	16	2	18	15	9	20	4	9	
78	76	72	78	74	85	84	79	74	79	73	73	71	80	74	86	73	79	84	72	
34	33	33	46	51	43	38	49	50	33	49	50	40	46	52	33	44	34	36	51	
98	102	95	94	90	102	91	101	95	91	97	101	96	95	97	98	91	101	91	83	
43	50	48	58	53	48	48	51	44	57	54	57	59	44	45	47	54	44	53	61	
89	88	75	81	89	86	77	88	71	72	78	80	88	71	74	72	74	79	84	71	
28	22	16	34	30	16	26	31	18	17	31	19	26	20	24	18	24	26	21	24	
10	18	7	12	21	20	13	16	22	8	16	9	22	22	13	21	11	8	11	6	
49	51	46	55	38	55	42	45	48	44	54	51	44	55	43	52	41	46	57	38	
37	32	39	50	46	43	49	37	48	38	37	49	39	45	47	44	48	47	39	38	
33	25	23	29	32	18	24	21	27	20	23	19	19	37	27	36	19	31	30	23	
80	77	70	70	78	77	73	83	71	82	72	86	81	83	86	76	71	72	69	69	
101	95	91	105	94	97	110	105	102	96	98	106	94	98	93	105	91	105	96	105	
81	70	83	74	85	78	82	79	85	78	69	80	69	76	88	86	80	80	85	81	
34	24	30	28	23	27	19	15	30	21	27	34	31	21	28	18	31	32	27	22	
112	101	117	101	104	102	114	115	116	119	113	106	112	109	110	115	114	116	116	117	
32	22	24	19	30	25	28	23	23	27	35	19	30	27	28	19	34	21	27	21	
66	57	60	54	63	70	56	51	69	60	64	57	54	61	64	56	53	61	68	62	
40	49	42	54	47	43	49	47	56	41	52	57	44	54	39	44	49	57	54	56	
68	74	75	57	71	63	58	71	75	61	65	66	59	57	63	61	57	64	62	73	
67	68	71	60	79	76	77	74	77	74	74	68	78	79	68	69	69	60	63	70	
80	76	80	87	85	85	85	90	80	80	87	74	90	91	78	79	85	91	85	81	
91	94	94	90	88	83	91	100	89	88	88	93	99	98	83	87	87	96	99	93	
44	45	35	37	38	48	47	38	37	50	47	32	38	41	46	41	46	38	39	33	
35	16	22	31	33	17	32	29	18	21	23	17	32	17	20	29	17	26	31	25	
105	106	95	104	110	107	97	100	97	98	113	110	106	97	107	94	105	106	99	109	
89	103	100	103	89	91	100	86	91	104	87	95	99	90	102	102	85	103	86	104	
51	65	65	62	52	64	49	54	66	65	64	56	54	68	60	59	65	59	60	61	
92	78	89	82	75	77	81	78	76	82	87	75	77	85	81	79	92	73	86	88	
12	8	14	21	24	20	22	21	16	22	23	16	15	14	15	20	16	16	9	14	
16	23	17	15	30	15	25	16	15	26	16	27	28	17	17	33	29	28	33	27	
42	35	30	41	39	25	31	25	40	37	33	33	41	34	28	27	28	26	30	34	
13	3	22	9	14	10	4	14	3	16	7	21	15	3	17	22	15	8	8	21	
85	91	92	102	94	94	101	100	98	87	92	99	100	90	98	84	90	89	84	90	
82	93	83	84	83	96	90	78	90	96	94	86	89	93	78	96	90	82	90	89	
40	47	51	49	50	40	47	39	34	53	46	44	34	49	40	43	46	38	38	34	
61	80	79	72	69	77	66	75	75	78	80	63	80	68	63	76	75	72	71	62	
106	102	94	105	108	107	101	97	106	95	93	97	106	100	94	110	100	109	95	102	
86	89	97	93	82	98	86	89	82	85	92	90	85	87	90	84	94	92	83	91	
78	96	78	81	78	78	92	81	94	78	96	86	90	87	80	79	82	83	92	94	
75	74	56	71	66	66	65	60	63	57	71	71	71	56	67	65	59	64	60	59	
68	57	71	56	66	56	58	58	54	56	72	67	61	54	54	64	61	71	66	71	
97	80	82	80	86	98	84	89	91	81	84	98	84	98	84	79	81	84	81	89	
99	88	83	97	89	87	98	99	94	95	84	82	89	82	91	92	90	95	96	97	
90	100	90	85	94	99	98	90	99	102	96	86	102	91	99	87	96	96	95	100	
52	55	52	47	50	47	46	42	60	45	54	52	55	49	46	44	47	52	57	58	
48	37	46	34	48	35	40	51	34	46	37	49	51	40	36	47	41	38	48	42	
4	17	13	16	10	18	7	7	20	8	4	5	15	18	18	16	16	8	13	8	
18	34	26	35	37	19	31	31	33	37	25	30	34	33	37	24	29	33	32	20	
76	68	80	76	67	77	79	74	67	72	66	78	84	77	84	84	71	81	66	65	
75	72	67	75	75	76	71	78	82	73	73	82	74	70	76	63	78	65	72	82	
27	24	34	32	25	43	33	39	38	40	24	42	26	28	39	26	27	38	41	42	
63	67	63	64	78	65	63	66	75	78	65	79	67	77	76	64	66	78	64	74	
66	61	66	55	64	52	51	52	63	51	53	59	60	67	66	62	57	58	61	61	
84	92	85	75	89	77	85	81	77	92	87	76	88	79	83	83	80	89	83	90	
91	88	84	81	91	96	88	80	94	81	89	80	79	92	86	92	77	94	96	77	
52	52	58	62	48	56	56	61	57	53	55	62	51	60	54	61	55	56	54	54	
27	23	35	24	31	42	34	28	28	28	33	40	39	29	24	29	42	28	38	38	
97	96	96	101	106	95	109	108	103	106	105	90	90	101	105	101	93	108	103	106	
58	45	64	54	45	49	48	63	45	62	53	58	51	54	54	60	57	57	50	60	
24	30	24	26	27	17	23	13	28	28	25	14	15	15	22	12	17	31	26	31	
58	58	66	71	68	55	58	57	73	69	73	57	54	70	56	55	71	72	65	65	
101	85	96	96	104	101	104	102	95	90	93	91	99	92	95	95	95	100	88	87	
20	26	36	19	28	28	34	19	29	21	36	17	26	26	24	27	25	30	26	34	
41	42	42	40	38	40	42	35	35	48	46	42	34	43	42	39	36	42	47	29	
7	15	10	3	14	17	19	19	3	3	18	20	17	22	4	12	22	18	12	21	
44	42	44	55	44	42	43	48	43	49	55	53	45	49	48	48	51	46	43	39	
90	91	95	90	88	99	98	88	87	88	93	88	92	103	95	85	88	84	96	102	
51	43	39	48	39	53	34	49	51	41	50	38	36	39	50	35	48	40	52	48	
62	72	70	59	69	55	58	62	66	71	60	57	61	64	55	68	69	72	58	66	
97	92	98	97	87	87	101	85	96	85	101	87	102	96	103	98	102	99	89	93	
66	67	69	74	81	82	73	83	72	73	77	72	69	75	67	78	76	80	68	77	
101	108	113	115	99	102	103	111	108	105	100	104	101	111	97	109	111	98	108	115	
34	36	33	41	38	31	34	35	36	36	36	39	32	47	37	41	30	40	43	46	
95	84	80	93	91	90	88	78	81	81	76	84	91	88	93	91	82	90	93	80	
73	80	79	85	71	72	77	74	75	73	72	88	81	73	76	72	75	78	88	73	
67	71	68	71	82	85	76	79	68	71	77	80	70	71	77	69	75	83	74	69	
23	15	28	23	30	27	20	22	29	20	28	13	14	22	20	27	17	24	23	13	
66	70	63	75	62	75	66	63	63	66	65	68	69	64	75	67	69	64	75	63	
22	32	27	25	32	22	26	21	27	30	25	27	33	20	31	32	22	22	30	22	
23	33	31	25	31	28	20	32	18	27	17	16	26	26	29	18	24	30	16	32	
55	47	52	55	53	49	60	52	62	57	60	62	46	43	43	44	47	54	47	54	
53	50	61	51	55	67	59	64	57	58	55	56	58	55	52	65	61	51	60	58	
114	117	116	112	114	109	102	109	106	111	116	101	115	111	110	101	118	117	106	115	
118	99	117	103	116	106	114	100	117	105	118	110	108	112	112	114	116	112	99	116	
95	79	82	86	81	82	93	90	83	84	94	93	77	94	91	90	92	77	85	78	
8	23	9	17	6	16	13	15	5	15	8	17	17	9	24	22	11	14	14	19	
74	57	74	65	67	69	67	71	57	74	63	65	65	57	57	65	62	69	72	59	
37	25	26	25	21	23	24	35	37	35	32	29	20	25	25	28	35	31	38	38	
20	11	17	9	2	8	20	21	11	2	8	3	7	2	11	15	19	3	9	21	
27	38	42	28	32	39	29	26	33	41	30	37	40	28	39	25	39	28	28	39	
76	71	71	88	88	83	81	74	75	89	85	74	75	87	90	76	75	82	86	89	
92	89	99	96	90	98	88	83	81	99	96	83	88	95	92	90	85	94	95	86	
70	68	74	74	71	75	72	86	84	70	81	85	75	70	81	82	83	67	75	75	
30	37	42	35	43	34	36	40	40	25	26	35	26	40	40	27	27	31	42	43	
20	24	20	21	18	14	22	24	20	22	14	16	21	20	25	26	26	19	19	21	
106	97	95	97	101	99	90	95	101	105	100	93	91	105	93	95	93	100	89	105	
53	53	58	64	46	46	65	50	56	55	65	46	47	61	47	46	50	51	58	53	
53	48	45	59	41	53	59	44	54	44	41	45	42	48	52	44	50	45	48	44	
96	87	88	98	82	97	85	92	94	95	98	87	98	90	99	98	97	88	97	95	
19	14	24	15	18	16	18	8	14	5	11	23	19	23	15	5	7	17	16	15	
83	78	77	85	78	89	81	79	88	84	86	90	91	84	75	80	92	83	74	83	
99	93	107	107	93	112	94	101	110	96	107	98	108	112	94	106	112	98	105	98	
69	78	79	67	83	78	81	81	78	82	71	74	83	72	77	74	78	71	78	68	
35	44	38	40	37	42	35	36	34	51	50	41	48	47	47	34	42	44	46	48	
49	44	41	56	57	50	47	50	47	46	48	45	54	49	46	57	42	47	49	44	
106	110	109	101	102	108	115	112	118	119	105	117	114	104	107	118	112	111	110	114	
38	43	50	43	45	39	38	35	35	44	40	40	39	47	50	34	48	40	46	47	
26	25	20	25	37	25	25	24	25	20	29	20	35	36	39	31	31	27	26	25	
94	96	97	82	83	100	93	96	85	88	96	93	99	85	94	86	92	86	95	83	
100	97	94	99	97	93	99	86	90	98	91	103	88	91	97	102	103	84	87	89	
95	102	108	108	103	93	101	107	101	92	107	109	100	95	94	96	104	109	100	105	
97	91	96	105	98	98	87	92	98	89	92	104	90	101	100	105	102	89	99	91	
20	13	20	14	20	12	11	5	5	9	3	22	19	5	6	8	20	8	8	17	
19	19	19	7	22	24	11	20	20	16	23	19	22	10	5	19	20	15	19	12	
31	22	26	34	15	22	17	25	33	17	23	22	19	17	32	23	34	24	33	26	
45	48	43	49	56	50	50	46	44	38	56	42	55	51	49	50	44	45	53	54	
49	33	46	49	50	43	33	47	48	33	35	43	50	37	35	47	49	45	39	37	
98	107	105	104	106	110	100	116	108	116	109	104	115	103	115	100	98	101	106	115	
23	5	7	4	16	14	17	22	8	8	18	23	9	4	12	10	12	18	13	14	
31	37	26	29	34	22	24	25	30	24	37	28	31	27	21	27	30	22	36	23	
9	15	16	3	11	18	17	16	3	9	18	12	18	15	20	6	19	3	7	20	
35	43	40	39	33	40	37	39	39	37	32	43	38	38	27	40	34	26	27	37	
62	64	65	71	61	56	52	54	55	52	67	60	61	64	53	62	54	64	59	55	
102	109	103	105	93	103	96	92	97	109	101	96	92	105	93	107	108	93	104	90	
85	86	95	79	77	88	86	79	88	88	95	80	78	90	86	91	80	96	80	88	
25	18	29	18	17	19	17	25	36	34	25	28	25	21	18	19	31	30	26	30	
43	28	27	24	29	41	39	32	31	43	32	26	42	42	36	29	27	25	24	37	
43	32	47	49	36	42	37	42	36	43	41	40	30	32	45	35	48	45	40	45	
59	52	52	59	46	52	45	40	51	57	58	59	43	51	48	48	49	52	47	49	
45	60	59	55	54	55	51	47	44	43	49	49	52	58	45	54	49	48	51	45	
76	83	78	69	88	76	84	75	70	79	88	77	76	79	79	72	77	73	77	69	
23	21	20	17	11	22	15	7	19	15	16	25	8	22	9	8	21	22	13	6	
84	101	87	90	93	90	85	84	87	96	84	92	85	84	101	92	89	101	86	86	
100	111	107	101	101	100	110	113	108	112	97	100	102	115	106	113	106	115	99	102	
29	27	30	20	27	20	15	19	21	28	18	18	20	16	19	32	15	17	25	14	
74	73	86	81	76	87	74	71	85	85	80	76	73	81	83	70	83	86	82	71	
66	70	73	62	73	61	79	62	77	63	73	75	67	68	75	66	75	79	66	64	
59	66	68	71	54	65	64	66	56	64	60	65	59	57	65	57	60	72	71	69	
13	11	8	21	17	20	8	12	14	19	8	14	23	16	20	22	22	18	20	21	
85	87	91	92	97	91	94	84	95	101	89	95	97	97	90	86	93	91	90	93	
103	106	108	95	102	91	98	96	102	106	90	93	98	94	89	89	108	96	107	106	
31	31	24	30	33	33	27	30	31	31	33	34	35	21	27	35	21	29	31	29	
29	24	27	18	15	12	29	15	19	18	27	17	16	30	19	12	23	12	11	12	
64	72	54	61	68	61	54	68	68	55	72	58	68	67	68	69	61	69	65	65	
21	19	10	7	15	7	16	9	13	10	9	9	15	25	7	12	24	20	21	12	
57	66	63	57	71	57	65	60	64	63	74	64	64	69	70	62	63	73	57	65	
16	3	12	17	7	5	14	3	21	2	8	14	19	11	6	16	16	19	13	6	
66	73	65	74	81	81	75	82	69	71	76	80	69	69	80	76	68	80	81	74	
55	56	52	50	41	58	42	49	55	41	44	49	43	43	57	44	52	48	40	42	
71	80	76	68	69	66	79	81	78	70	67	73	71	81	71	75	73	67	80	74	
42	43	50	57	48	50	54	58	49	54	43	47	46	47	51	59	49	59	57	52	
72	65	69	76	76	65	71	76	81	75	70	71	83	81	78	69	75	84	75	82	
49	62	61	57	61	60	47	59	55	47	58	59	64	61	61	60	47	49	49	52	
84	101	92	87	92	101	96	86	87	87	85	84	94	101	86	92	95	86	98	95	
54	42	38	39	39	36	40	36	42	37	52	53	42	40	43	43	38	53	49	47	
48	45	50	60	59	46	59	41	54	58	42	53	49	45	54	41	57	49	50	46	
35	33	37	26	27	26	32	37	31	32	31	34	39	23	28	28	21	32	28	26	
83	97	80	96	86	80	90	79	96	89	81	80	89	91	82	96	80	91	80	96	
46	47	47	53	59	61	48	46	56	55	56	58	55	59	44	59	56	44	45	52	
73	67	67	71	64	66	58	64	74	65	69	57	75	73	71	75	70	67	65	76	
18	15	22	28	18	16	14	20	31	21	18	27	23	24	28	12	23	14	16	29	
77	93	85	78	91	91	96	96	87	83	94	95	78	83	89	93	90	85	77	82	
92	94	97	87	96	98	89	86	92	83	97	92	86	84	83	86	99	96	91	88	
26	30	30	39	43	44	34	38	39	30	32	39	36	42	39	39	32	33	30	31	
58	72	68	60	63	67	62	69	60	71	66	66	56	56	66	70	57	69	68	71	
64	62	64	74	69	61	80	61	66	63	69	72	61	63	80	79	70	77	80	70	
84	84	77	89	77	79	85	74	81	81	86	79	78	90	93	88	78	91	75	90	
5	24	6	13	19	23	8	16	13	8	15	20	23	23	8	20	14	18	7	20	
95	100	108	94	100	92	96	99	101	101	102	96	92	92	91	110	101	109	91	104	
22	16	24	16	13	15	15	22	15	26	21	13	20	16	12	11	13	10	26	16	
49	37	34	36	51	48	33	36	43	33	45	35	46	33	36	50	34	45	52	50	
64	67	72	60	61	74	70	63	73	61	69	63	60	67	72	66	64	73	68	63	
38	39	39	45	49	37	46	38	37	49	37	46	39	33	31	46	48	31	33	48	
15	12	15	21	14	22	9	24	21	11	26	14	19	14	15	23	21	15	18	22	
113	103	103	105	118	117	113	101	118	115	110	116	117	101	117	115	112	116	109	119	
31	25	23	33	34	36	25	26	27	27	32	32	27	29	37	23	20	19	24	36	
21	27	22	31	18	26	20	25	17	22	22	25	29	32	33	17	23	28	25	24	
81	88	87	82	79	76	76	74	89	79	89	78	90	71	89	87	86	81	89	83	
78	92	83	89	79	90	79	82	84	84	84	86	87	78	81	82	90	92	89	86	
103	102	95	89	92	86	101	95	89	86	85	99	93	100	101	92	90	101	92	90	
90	94	85	88	88	88	93	87	91	92	89	93	84	78	93	84	86	81	83	80	
15	7	16	10	11	19	8	18	17	11	18	6	21	12	20	15	10	16	8	24	
65	78	75	80	79	71	77	82	78	72	65	75	78	71	81	76	71	79	67	80	
66	56	59	55	59	56	59	65	57	69	56	60	74	73	55	66	62	61	56	66	
40	52	51	43	42	46	45	51	51	54	53	39	40	36	39	51	45	52	35	43	
70	61	71	66	65	62	59	71	73	57	58	64	61	70	58	58	57	66	58	70	
105	110	114	103	106	105	110	119	112	112	106	119	112	107	111	115	102	118	104	110	
52	42	43	46	45	45	40	40	50	50	41	46	46	51	39	51	51	52	39	48	
43	56	59	46	50	48	57	50	54	48	57	45	54	58	46	44	62	58	43	43	
30	31	25	17	25	27	18	19	14	20	20	17	27	23	18	29	25	23	27	25	
68	69	74	64	57	73	65	66	76	75	68	58	62	61	65	65	76	71	70	76	
53	56	64	57	63	52	68	53	62	51	62	52	68	68	55	51	67	66	53	55	
64	53	64	60	62	70	54	68	63	67	52	67	64	63	68	62	62	57	63	58	
46	55	50	60	45	55	48	57	43	41	51	51	43	53	49	52	54	42	47	41	
26	30	34	33	28	26	32	37	25	25	32	39	42	32	37	42	25	38	26	40	
49	55	48	51	60	44	54	45	53	56	49	45	63	62	58	48	61	51	61	61	
36	36	35	36	36	45	44	42	42	29	48	37	29	35	36	37	47	40	38	29	
58	74	56	59	68	68	57	65	75	64	58	58	68	56	56	72	58	64	62	69	
12	22	17	18	18	16	17	14	10	20	20	17	19	19	10	21	7	7	24	13	
15	15	16	12	30	14	18	27	30	25	29	31	18	17	16	29	22	14	21	30	
59	60	64	61	64	62	53	68	52	67	69	58	55	56	70	63	64	55	59	57	
27	29	22	31	23	26	32	31	20	22	29	24	29	37	36	24	26	20	30	28	
85	96	90	84	97	101	97	85	86	84	101	89	95	100	90	98	97	86	92	89	
85	85	88	89	80	89	72	82	87	73	84	73	79	83	71	89	83	86	73	80	
85	94	99	93	82	85	89	99	93	81	95	86	86	98	90	98	97	81	98	94	
68	69	69	83	81	73	73	65	66	72	70	70	70	81	72	71	68	78	78	80	
84	86	79	95	91	83	88	87	86	96	82	91	89	93	89	95	91	94	80	94	
68	58	53	50	54	64	62	60	64	59	50	49	49	66	65	50	64	54	61	54	
98	100	104	113	101	114	115	107	103	97	103	104	96	114	105	113	102	115	102	101	
94	98	92	99	88	93	101	106	106	99	95	93	89	97	98	100	95	106	89	96	
25	36	39	26	26	26	36	35	25	24	29	30	28	23	40	25	38	31	24	28	
114	116	110	111	101	99	111	114	114	103	99	101	116	115	111	111	104	104	101	102	
61	59	73	62	70	66	61	61	73	68	57	73	69	72	64	64	59	70	54	68	
22	19	20	34	29	36	21	35	36	30	31	33	20	25	28	29	36	34	35	19	
47	45	46	44	48	49	52	55	57	60	48	56	53	58	60	47	44	53	55	46	
8	8	9	18	6	11	11	17	14	9	15	18	18	2	15	12	7	19	18	9	
39	30	32	34	40	40	27	28	24	38	39	33	36	36	27	25	36	36	40	37	
22	12	13	18	21	20	25	21	10	9	27	28	28	20	14	13	26	15	16	12	
71	79	85	89	82	85	73	83	83	90	83	87	77	89	86	76	84	83	76	72	
24	26	31	15	18	22	25	15	15	19	16	21	29	15	16	22	22	13	29	29	
16	23	22	7	14	11	16	7	11	10	7	23	22	6	23	10	24	21	16	11	
90	95	96	94	93	99	84	97	102	92	94	102	96	86	101	96	91	99	85	95	
29	22	32	34	26	18	21	18	20	19	20	17	28	24	26	23	22	28	28	17	
69	62	60	74	74	57	57	68	74	59	62	60	74	64	71	59	70	68	70	75	
75	76	74	75	78	78	76	75	69	80	74	79	67	86	75	80	76	83	76	80	
77	80	70	68	63	68	64	76	80	71	65	72	69	82	66	66	79	68	67	78	
20	21	20	21	24	10	21	11	11	23	22	14	9	24	8	17	21	12	15	13	
86	84	94	86	99	92	98	97	85	91	87	102	101	103	95	87	90	91	103	87	
98	94	89	92	92	83	99	95	85	91	97	88	84	87	89	89	96	92	85	97	
79	71	73	71	67	80	79	85	85	75	80	83	67	81	81	71	83	76	71	76	
27	33	32	43	33	37	31	42	43	32	42	36	34	26	31	31	29	33	34	33	
23	25	35	32	32	35	30	22	25	23	25	36	21	26	23	35	22	26	33	35	
99	101	83	90	83	85	90	95	93	98	83	82	85	93	100	92	90	91	99	101	
17	15	26	19	22	13	8	12	11	12	17	26	16	26	11	21	13	17	11	20	
43	50	47	58	46	42	58	44	58	52	59	46	55	60	56	52	55	45	47	52	
114	98	98	115	111	110	113	116	113	116	110	112	107	117	109	105	100	108	111	108	
74	69	72	63	60	71	72	74	68	76	74	62	79	65	61	66	74	78	78	68	
46	49	40	41	53	41	40	39	40	49	49	51	38	35	40	53	41	46	45	52	
56	51	64	62	68	63	66	70	56	53	55	61	66	60	51	69	69	55	58	57	
102	110	111	108	112	102	99	101	100	115	110	99	106	117	110	102	107	99	113	115	
65	59	67	54	52	56	51	65	59	50	49	54	52	64	61	62	53	54	65	66	
62	56	62	49	48	48	59	62	60	57	51	61	66	63	49	54	53	66	51	51	
77	84	80	95	76	79	80	92	95	95	92	82	88	81	91	79	76	80	94	91	
99	115	114	109	107	103	116	110	110	114	99	100	110	110	101	108	101	107	105	116	
41	46	35	35	46	50	49	48	52	46	37	34	42	47	37	50	46	35	38	46	
32	20	20	23	18	32	35	28	22	28	33	22	18	22	25	27	34	29	16	20	
57	53	56	57	64	57	65	60	60	58	53	67	52	67	66	59	67	54	66	67	
22	13	26	24	10	14	26	27	28	28	13	20	27	15	10	11	11	11	22	21	
73	59	69	74	65	65	62	66	66	65	71	60	58	65	64	69	57	73	65	69	
49	64	62	46	46	59	54	60	62	57	64	47	50	48	63	51	55	60	46	64	
100	110	104	104	108	103	102	98	102	100	97	106	97	115	112	101	98	112	98	102	
83	77	81	68	80	76	77	73	80	71	79	79	76	85	77	77	82	82	68	69	
97	90	81	82	91	91	87	96	84	97	88	80	97	96	93	96	82	95	87	91	
15	32	22	18	22	22	18	25	32	20	24	19	15	32	24	15	22	29	20	22	
74	81	74	76	77	88	71	83	86	78	78	79	77	82	71	88	86	76	85	84	
49	47	45	45	63	59	47	59	49	46	49	58	50	54	46	51	53	62	53	54	
63	61	75	64	70	72	65	65	62	76	77	66	70	63	77	65	61	68	63	79	
65	53	52	57	69	60	66	58	57	71	68	58	71	71	66	57	58	68	62	66	
28	33	23	29	16	18	27	34	24	31	34	22	26	15	16	34	21	26	28	28	
39	38	45	43	43	43	43	35	39	39	51	35	45	38	41	44	45	46	46	50	
49	59	61	60	55	55	55	60	54	59	58	48	53	50	43	45	47	48	60	53	
63	61	70	67	76	59	62	69	62	76	63	62	74	59	67	62	72	70	69	62	
50	44	43	52	39	44	44	51	46	53	46	44	53	51	51	47	57	55	46	51	
94	97	97	91	85	87	88	86	97	102	93	86	92	91	90	100	95	90	94	97	
26	25	15	15	24	24	28	24	26	21	28	15	31	28	23	22	17	29	24	12	
33	24	34	27	28	22	33	26	34	39	21	28	27	35	28	29	26	20	21	37	
70	77	70	81	80	80	70	72	81	77	72	84	85	75	72	78	73	86	86	82	
109	105	114	113	113	111	105	113	111	99	107	113	107	101	114	113	106	99	100	98	
80	75	84	73	82	79	81	81	77	78	78	74	81	80	72	68	75	76	72	72	
51	47	53	49	49	39	41	38	39	49	38	47	37	46	39	49	37	39	44	48	
53	39	43	43	56	38	43	56	52	45	56	49	51	56	50	54	46	45	48	47	
16	2	20	21	17	11	8	15	4	13	13	10	8	20	16	9	11	6	18	10	
49	59	57	62	59	60	65	65	66	66	51	64	57	55	52	59	55	56	62	56	
86	74	81	71	81	71	79	73	82	72	88	71	72	76	79	75	70	76	89	77	
102	112	112	112	110	101	109	101	104	100	95	95	106	97	100	99	95	95	103	95	
115	101	105	104	99	98	112	107	100	105	100	105	98	96	99	103	113	108	102	114	
54	67	64	56	62	53	60	66	53	56	53	63	64	65	52	69	67	57	64	57	
60	61	59	72	78	60	76	76	64	78	67	68	64	75	75	78	60	76	78	76	
80	87	84	81	90	94	93	91	89	83	91	91	82	95	96	82	92	95	87	78	
37	33	27	30	43	38	26	40	39	30	29	35	31	30	39	43	44	39	35	35	
27	31	37	42	31	30	32	26	40	29	34	33	28	30	42	26	43	40	41	44	
53	59	51	59	50	58	51	47	61	43	61	61	52	58	49	54	48	53	57	55	
44	56	53	52	43	56	41	42	52	44	48	54	56	56	52	40	54	40	41	42	
66	59	63	66	66	68	64	60	70	67	78	67	73	66	70	73	65	73	72	77	
108	114	110	103	117	104	105	107	105	106	111	112	114	113	112	113	109	112	118	107	
68	63	69	62	72	61	77	62	79	67	68	69	60	65	70	64	66	68	66	75	
7	8	12	18	25	11	12	16	19	14	24	8	13	17	14	25	19	19	15	8	
85	100	84	90	87	100	99	87	96	87	90	82	95	100	96	89	100	87	85	93	
49	38	52	48	41	48	51	54	53	41	45	41	42	48	54	47	41	57	56	46	
68	54	67	71	67	55	62	55	67	68	54	58	67	67	56	63	62	54	60	55	
81	84	76	76	90	87	84	84	87	92	81	90	83	82	80	88	80	85	89	92	
90	108	92	99	96	108	105	101	91	92	95	108	95	106	98	108	96	99	101	102	
96	110	105	95	105	107	97	101	100	95	114	100	95	101	101	99	112	109	108	100	
17	20	18	20	28	29	24	12	26	15	14	11	17	17	22	22	13	15	29	19	
53	45	35	37	47	49	36	44	42	49	51	41	40	50	36	37	52	35	37	47	
89	86	91	87	83	91	83	81	94	92	86	89	97	90	99	96	83	81	85	97	
36	43	52	52	42	42	37	52	39	39	43	33	34	42	42	33	36	42	51	45	
47	62	53	49	56	58	45	49	55	48	57	57	48	48	56	50	49	45	47	45	
41	39	57	45	43	49	38	50	49	42	49	53	54	49	39	48	52	52	51	47	
80	90	85	92	90	77	92	85	77	89	84	76	84	91	84	89	89	90	75	75	
113	94	94	106	106	94	110	100	99	95	97	99	102	95	108	110	98	97	94	97	
50	53	64	49	51	66	53	59	56	66	51	60	62	57	50	53	68	61	60	63	
74	74	81	67	86	86	75	81	84	70	76	69	79	84	83	68	76	73	68	79	
35	42	46	44	45	34	46	38	39	30	43	39	46	30	44	28	47	34	46	43	
93	99	102	103	96	88	101	96	94	90	89	105	90	97	104	103	91	96	103	105	
38	37	29	30	31	40	32	34	34	40	24	38	40	37	27	28	36	25	22	37	
43	43	39	34	47	30	48	37	45	49	46	39	43	34	49	31	31	47	43	31	
6	5	14	19	21	20	22	22	8	7	15	11	18	8	16	21	16	20	11	17	
82	70	84	80	76	87	71	88	83	73	81	85	72	83	73	88	71	78	85	70	
50	59	62	43	53	54	58	56	52	51	45	49	46	48	58	57	59	53	49	56	
22	16	10	17	18	24	11	21	14	24	21	23	27	12	16	17	18	13	29	13	
91	93	87	84	88	92	81	86	79	89	96	79	87	93	96	93	87	91	85	91	
21	28	31	31	12	16	12	19	19	22	12	29	21	25	22	27	16	21	19	27	
102	104	110	99	92	98	96	96	94	109	110	99	92	105	91	100	104	106	101	103	
82	78	90	93	84	94	85	91	78	79	94	89	88	84	87	77	90	76	85	85	
79	75	81	77	74	68	69	81	76	74	76	83	85	80	79	72	67	79	71	70	
82	67	75	77	75	74	82	75	77	72	78	78	80	79	70	77	72	83	64	74	
19	17	18	17	21	19	7	18	16	15	3	16	3	12	8	12	6	20	17	21	
29	34	36	30	39	41	29	40	32	30	41	29	39	37	32	37	28	38	38	25	
10	12	15	24	17	18	13	14	9	24	13	9	23	12	28	11	23	24	23	27	
51	48	56	49	52	64	59	58	57	56	56	50	51	50	50	60	52	56	49	61	
66	56	50	48	61	48	59	63	50	57	66	55	56	62	65	49	60	66	49	64	
89	78	80	88	87	75	80	84	74	88	72	76	87	82	71	84	80	76	87	87	
62	63	55	70	64	52	60	53	65	67	66	57	57	66	56	65	70	55	53	54	
104	119	110	110	105	116	103	114	116	107	118	109	109	111	103	102	120	105	116	104	
30	25	30	31	20	19	28	15	30	32	23	30	17	28	32	27	32	23	27	32	
73	66	71	78	74	71	63	62	63	67	78	63	67	72	72	61	64	62	78	74	
101	116	115	109	109	107	117	105	111	108	106	104	100	105	99	111	101	115	105	111	
103	114	115	102	114	108	104	110	117	99	106	118	109	114	111	115	106	111	110	101	
46	55	42	44	46	55	39	48	46	48	53	37	53	50	41	45	36	47	50	38	
73	61	61	72	75	63	73	64	68	69	74	71	72	69	76	79	71	76	72	62	
50	59	51	61	65	53	51	53	65	60	65	50	67	68	62	54	54	58	62	59	
69	70	69	76	86	81	86	69	76	80	85	85	73	71	75	82	76	73	69	73	
29	33	29	32	34	39	39	43	43	35	38	41	37	42	32	39	45	44	27	46	
19	35	32	32	32	36	19	28	34	34	35	23	19	29	22	33	21	33	23	26	
104	100	97	99	111	102	94	108	97	108	106	110	106	94	106	111	102	103	109	104	
28	22	36	24	19	20	20	19	34	22	21	26	32	34	22	28	28	17	36	20	
42	51	47	45	56	55	47	54	38	46	54	51	52	50	43	53	52	43	41	39	
34	35	23	36	27	27	40	25	37	35	40	31	33	32	30	28	23	29	35	21	
14	26	23	21	28	25	16	21	23	22	15	21	28	23	19	17	15	22	22	18	
51	48	42	36	37	40	44	51	43	37	52	52	42	37	53	45	45	45	51	48	
55	59	45	51	59	57	56	56	61	62	61	53	61	50	59	53	51	46	51	59	
44	59	49	61	57	43	43	60	59	47	49	61	48	60	61	46	46	47	42	56	
57	59	58	50	53	59	52	51	60	63	51	59	57	46	58	46	49	62	56	64	
106	90	90	97	102	89	98	88	101	94	97	92	88	92	106	93	96	102	91	90	
65	54	59	69	68	70	63	64	70	69	55	64	71	61	65	62	67	70	62	70	
85	96	82	92	91	84	84	99	85	93	93	94	80	80	93	82	84	92	91	92	
76	90	79	84	87	89	86	81	82	85	86	91	83	84	80	92	76	82	88	75	
18	27	29	25	35	32	19	30	37	23	33	27	37	27	29	37	36	25	24	21	
26	35	29	43	26	34	28	39	39	27	33	34	29	38	41	27	36	45	35	44	
37	42	42	36	36	46	46	41	47	37	45	44	45	37	42	41	37	37	48	45	
113	108	100	100	98	103	105	110	106	109	111	108	103	104	107	111	106	104	101	97	
103	108	112	110	96	96	106	97	97	110	101	112	105	111	110	102	96	107	113	105	
96	93	106	90	107	99	89	101	97	95	107	104	89	93	91	98	91	88	97	105	
56	53	48	62	58	57	53	65	49	54	63	64	65	48	57	55	53	59	54	62	
83	70	71	79	68	79	80	78	77	72	69	73	72	82	76	77	86	69	71	83	
52	43	43	40	49	37	52	36	41	50	34	50	39	50	45	50	51	38	42	50	
42	34	35	43	43	40	31	34	30	35	28	44	33	39	38	45	43	39	31	31	
16	21	24	12	23	10	17	13	25	19	14	15	13	17	16	10	19	13	21	10	
108	100	107	92	93	108	91	108	107	91	108	100	104	101	97	102	109	109	107	106	
52	60	53	61	61	58	66	54	55	63	51	56	56	63	57	55	61	52	61	67	
43	45	46	43	42	53	42	37	40	43	40	37	49	50	42	38	54	49	43	43	
66	74	59	71	62	57	72	74	64	68	56	65	70	70	65	62	61	69	59	58	
119	113	110	117	117	117	107	103	111	104	109	108	117	118	107	119	107	110	101	106	
39	41	27	24	31	29	25	23	28	35	22	34	37	29	31	22	26	38	31	36	
98	97	97	91	99	94	100	84	96	92	97	99	87	94	86	89	90	85	90	99	
56	61	63	61	63	54	69	66	61	59	59	54	55	54	67	62	52	67	67	66	
72	67	74	66	77	77	65	64	79	71	64	73	75	67	77	82	67	71	80	74	
92	93	85	91	94	101	97	101	104	89	89	87	92	94	94	96	100	89	93	96	
113	110	101	105	98	114	100	109	99	108	98	109	98	102	108	110	106	103	116	100	
46	47	50	42	52	38	47	49	44	47	57	56	56	44	50	42	54	50	54	45	
74	83	84	69	85	74	88	86	84	75	77	71	80	78	75	84	77	83	83	70	
65	56	63	55	73	63	65	73	72	56	59	70	70	62	54	58	54	63	58	55	
32	25	21	26	33	36	24	33	19	20	35	24	36	25	26	23	32	22	32	18	
42	50	56	38	42	56	47	48	43	49	54	48	49	38	38	41	44	39	49	52	
32	46	37	36	36	39	43	38	31	37	44	37	38	32	42	40	41	37	42	28	
58	56	54	54	54	65	61	63	52	71	63	70	55	56	64	60	55	61	62	69	
58	67	53	54	59	52	62	54	49	61	52	48	54	51	64	51	55	52	56	51	
82	98	86	95	91	92	96	79	80	94	79	89	81	96	98	81	94	88	89	86	
79	83	75	76	91	87	77	80	83	87	82	91	88	78	88	80	88	77	88	89	
76	76	79	70	76	60	71	62	76	72	60	78	72	73	68	79	76	76	75	68	
29	31	26	20	23	26	18	18	23	23	18	33	28	22	17	20	32	18	25	24	
91	101	98	99	97	106	96	101	97	100	104	98	109	97	90	92	109	90	106	105	
50	59	54	61	61	57	55	65	65	55	55	64	62	53	53	52	61	60	65	51	
21	14	16	6	15	21	15	11	23	6	23	14	24	16	12	8	6	14	11	21	
42	54	44	52	54	50	37	46	41	47	55	40	49	40	49	39	45	44	56	50	
51	51	63	53	62	49	61	53	61	64	63	63	59	51	55	45	64	47	47	48	
13	18	23	21	12	27	17	21	20	15	11	25	20	22	15	20	23	26	13	26	
89	94	99	95	88	102	97	94	96	92	94	89	105	89	105	92	96	96	96	102	
117	100	99	105	101	117	116	105	110	113	103	112	109	104	99	108	112	101	101	103	
11	7	4	5	10	15	20	16	7	8	6	15	17	3	15	8	15	13	14	9	
65	69	55	67	61	72	58	74	71	60	58	69	63	59	69	60	67	71	66	64	
118	113	103	109	101	116	108	114	106	100	110	116	113	101	101	114	105	103	116	109	
25	26	34	35	20	23	20	26	29	29	36	20	37	32	24	28	37	31	36	32	
81	88	86	85	97	80	79	92	83	96	89	91	97	82	83	91	86	90	91	96	
39	31	37	39	43	35	47	38	38	38	40	41	28	31	29	40	42	31	29	40	
72	81	87	81	77	81	75	84	76	83	85	85	84	72	71	84	70	82	80	75	
31	44	45	29	41	30	43	47	30	29	31	29	43	33	47	37	29	46	42	37	
45	39	42	41	29	43	37	30	28	46	40	42	41	35	44	37	32	32	46	32	
42	37	33	50	33	46	49	51	51	47	33	47	35	46	46	33	36	36	42	39	
86	75	86	77	72	80	88	89	76	85	82	87	80	81	81	73	75	72	85	83	
91	84	91	95	83	98	97	86	92	79	86	87	81	81	79	97	92	85	85	82	
83	75	86	82	72	77	75	88	80	72	88	89	72	85	81	88	72	84	84	81	
104	108	117	104	116	117	116	117	102	101	115	108	119	113	105	116	118	110	114	104	
110	110	110	109	96	92	103	95	97	102	100	105	106	107	97	92	96	105	109	100	
46	38	43	48	45	45	31	39	39	46	36	35	46	48	44	48	37	44	29	35	
12	19	24	14	18	6	10	24	15	16	12	20	13	15	22	13	17	19	19	19	
68	76	72	74	68	71	63	68	72	69	65	79	64	76	75	65	80	72	73	82	
101	98	101	101	92	93	96	110	104	104	105	93	96	109	98	102	103	93	105	106	
81	74	81	81	76	74	82	86	86	89	89	77	81	71	83	74	83	73	79	80	
77	63	72	63	68	61	78	73	78	65	62	62	65	62	69	78	65	76	65	70	
22	7	13	21	11	10	11	24	25	13	18	9	19	7	13	16	23	22	9	20	
85	73	79	85	86	72	74	89	87	90	77	80	76	88	79	80	76	75	84	86	
22	26	17	29	31	20	16	15	26	19	14	28	22	29	25	21	15	29	23	22	
59	63	65	65	59	58	67	64	66	55	70	60	63	54	61	55	70	55	65	66	
19	18	15	30	32	22	27	15	29	14	31	20	25	32	27	31	21	32	27	18	
53	56	40	40	47	51	46	52	52	45	53	47	56	47	54	58	53	44	58	58	
100	88	94	95	85	103	94	91	102	85	97	101	90	87	86	93	92	95	94	86	
20	25	32	20	31	19	25	25	23	28	30	31	21	28	34	20	34	29	27	23	
101	107	113	104	116	109	119	113	101	119	102	106	101	115	112	109	119	118	117	113	
27	14	25	16	22	20	20	15	20	26	18	12	27	23	23	14	11	22	15	23	
14	16	11	11	15	10	21	4	9	4	3	19	9	8	12	3	17	7	5	5	
118	115	108	103	112	108	115	103	106	111	116	116	106	103	110	112	101	117	106	101	
72	84	70	73	85	76	79	70	85	80	71	74	78	69	72	77	79	84	70	79	
102	97	92	93	96	89	103	103	97	104	93	105	97	91	89	98	95	91	99	92	
110	117	100	118	105	118	101	100	113	107	112	110	119	112	118	101	107	105	110	114	
51	57	53	53	54	55	57	60	58	56	60	60	51	61	69	62	53	67	64	57	
51	67	57	57	55	62	66	56	61	62	59	51	52	57	59	50	63	52	61	52	
15	22	16	12	17	15	13	19	24	9	7	24	8	6	11	18	18	16	9	7	
20	10	24	14	15	15	24	19	25	26	10	11	20	13	20	19	18	8	24	8	
93	90	81	85	85	95	99	89	96	98	97	82	95	100	100	89	90	82	98	84	
21	27	36	27	35	36	30	22	30	22	35	30	31	28	37	32	20	29	39	36	
57	53	54	57	63	49	61	57	59	60	52	46	61	47	48	46	62	55	62	52	
90	103	107	92	101	102	100	103	98	96	90	104	93	101	98	102	90	94	93	100	
68	65	66	57	66	55	68	54	69	63	64	57	54	54	52	69	64	67	65	65	
79	89	83	78	76	83	77	92	91	92	76	76	85	92	93	79	77	83	92	86	
33	39	33	40	31	26	28	42	38	25	43	38	27	41	32	29	34	32	41	28	
76	69	75	85	74	71	75	72	71	76	68	70	70	76	74	80	72	71	82	80	
98	96	95	98	104	101	90	104	99	105	95	104	91	101	106	107	107	108	106	99	
23	23	33	23	20	22	14	16	17	19	31	22	16	20	16	33	20	33	29	33	
105	111	113	112	109	114	113	108	113	114	102	102	101	115	103	111	109	119	113	106	
29	47	47	34	42	35	47	45	46	34	29	35	37	36	30	43	42	38	35	41	
35	25	41	24	42	25	25	41	36	31	29	32	27	31	27	25	29	27	37	33	
92	81	90	79	82	95	93	90	80	94	93	78	90	89	78	81	87	94	79	81	
60	46	46	50	44	49	52	42	57	53	52	56	54	54	42	60	49	55	52	47	
18	17	34	28	27	23	31	26	25	27	25	31	30	30	16	24	33	25	21	25	
32	35	37	40	37	40	38	36	30	25	43	32	37	30	36	41	42	32	32	29	
101	109	92	103	93	109	93	103	103	105	108	95	104	96	96	99	105	100	95	100	
61	64	47	52	50	52	48	57	63	58	52	59	52	65	48	64	58	57	59	52	
53	54	45	42	36	54	45	41	43	38	43	46	51	48	44	54	52	35	42	50	
57	63	66	66	66	57	68	64	59	72	66	63	60	65	61	56	60	64	75	72	
94	77	82	79	75	90	78	91	80	84	82	94	90	83	94	80	86	92	84	93	
68	68	65	69	62	69	63	64	57	70	56	55	68	56	54	65	56	56	54	73	
97	88	99	103	91	106	93	93	92	101	95	99	89	93	91	91	98	107	94	106	
77	68	77	72	69	67	64	67	75	72	75	71	62	62	69	62	78	63	72	72	
41	33	33	39	43	45	34	44	32	31	38	45	44	33	41	45	30	45	44	48	
81	96	85	84	91	94	89	93	79	88	97	91	91	85	94	95	86	83	96	93	
72	58	57	68	60	61	70	71	75	63	63	72	57	65	57	67	69	67	62	73	
80	79	92	82	92	95	84	85	98	91	94	91	84	95	81	81	93	91	95	93	
74	70	84	69	76	86	84	76	81	79	69	71	77	86	85	76	84	82	78	71	
24	26	33	32	41	22	22	40	34	24	29	32	35	33	35	23	22	36	23	33	
54	51	45	47	47	47	48	62	47	47	46	61	56	61	48	53	50	60	59	57	
15	27	30	20	17	27	19	23	31	22	25	26	18	23	14	17	20	26	14	28	
16	17	17	27	13	25	11	15	26	19	9	14	27	13	13	22	25	14	13	9	
65	57	58	52	49	55	61	56	48	61	50	62	52	64	54	47	49	52	64	61	
12	9	28	15	27	27	24	14	20	21	27	25	22	11	14	10	24	12	28	11	
107	100	100	92	93	103	95	93	110	98	104	110	95	98	102	105	92	101	110	108	
48	44	54	51	54	45	44	58	51	46	50	58	58	48	48	41	57	40	41	54	
83	81	78	81	79	85	80	76	74	86	88	81	91	89	83	80	86	87	74	87	
36	41	42	50	32	39	47	46	47	47	31	39	41	44	37	43	46	48	35	44	
52	46	52	56	45	58	59	59	50	52	57	47	51	51	46	43	47	50	48	58	
82	95	91	92	81	86	93	83	80	88	89	83	89	89	90	84	79	95	78	78	
107	107	107	100	110	102	104	93	105	92	109	104	103	105	100	109	99	102	111	100	
106	97	109	97	95	106	104	105	96	99	94	109	109	91	98	96	104	107	95	98	
113	109	102	99	107	100	102	106	114	105	97	109	116	101	116	100	114	103	107	113	
109	102	101	102	105	108	97	107	98	103	96	111	98	102	110	98	107	99	96	108	
46	56	51	52	48	58	57	49	54	58	60	47	51	49	61	59	58	45	55	60	
4	10	5	20	17	5	2	6	19	12	7	11	16	18	11	11	14	2	19	10	
108	107	112	111	101	111	103	101	105	101	113	120	118	107	114	112	119	108	107	114	
33	30	22	18	24	25	32	28	36	36	23	28	18	35	26	19	36	21	30	33	
76	86	78	79	89	90	91	84	77	77	88	79	86	74	92	82	91	77	85	78	
47	56	46	54	63	57	53	56	46	50	61	50	62	46	57	51	55	54	55	55	
71	73	58	71	62	72	68	76	73	74	58	63	72	61	57	69	72	63	63	62	
104	106	107	100	119	117	102	118	101	119	111	117	112	111	102	118	119	117	108	106	
110	101	105	106	105	113	119	110	112	102	107	106	101	102	108	105	117	114	114	105	
108	106	115	117	103	98	111	100	99	113	112	114	98	107	107	112	112	107	106	108	
68	49	59	50	68	68	65	52	56	63	56	67	50	56	52	66	60	57	60	65	
22	27	19	30	29	22	28	21	32	28	33	20	19	26	27	29	35	21	23	19	
84	91	97	97	81	95	88	88	99	85	88	99	96	81	89	92	99	94	94	82	
36	41	46	51	45	46	42	43	41	43	51	41	50	40	49	44	51	46	34	43	
104	95	113	112	96	101	109	108	104	112	96	100	111	97	96	109	105	95	110	96	
7	15	10	12	20	15	12	9	24	18	7	9	26	16	22	26	26	9	11	9	
12	14	11	14	5	24	5	22	16	23	21	11	14	18	15	6	14	11	7	14	
29	26	35	23	36	31	38	30	30	20	20	28	22	31	31	33	21	28	30	27	
98	103	97	95	97	94	110	99	108	109	101	107	110	105	109	96	105	94	98	103	
56	65	52	60	53	68	52	59	64	64	57	56	59	62	54	57	54	68	53	54	
31	38	50	45	47	47	50	50	44	48	49	45	31	43	46	32	38	49	41	38	
79	73	86	84	82	80	78	81	73	84	75	89	81	86	86	86	85	77	87	77	
94	87	95	81	87	97	93	98	83	84	92	90	91	83	95	88	94	80	89	83	
57	52	61	59	55	53	67	56	64	65	54	67	65	63	65	57	64	55	53	62	
103	107	98	115	107	112	111	99	106	99	103	103	108	98	102	115	117	115	116	98	
95	86	85	81	83	92	84	85	78	93	76	82	92	77	89	95	81	84	82	76	
66	61	60	60	64	76	65	64	69	72	79	62	69	62	74	64	69	70	72	71	
77	77	87	93	86	77	76	79	79	83	86	83	84	83	93	74	79	92	77	84	
90	87	87	80	79	91	85	81	78	87	84	97	94	81	95	82	84	94	83	86	
14	14	29	23	29	17	29	22	30	23	18	26	17	31	26	24	15	28	28	16	
82	83	87	86	84	73	81	85	81	73	80	76	88	73	87	73	88	70	83	78	
3	14	8	6	13	15	17	9	17	8	7	20	3	21	3	16	2	6	11	15	
22	26	24	15	16	29	17	33	15	27	22	16	29	33	17	17	20	18	32	20	
57	66	69	54	71	62	62	72	65	63	71	71	60	59	68	63	53	64	72	71	
101	101	104	107	92	93	92	99	99	103	108	106	100	108	109	94	99	95	90	103	
32	41	35	36	35	33	43	34	49	45	50	41	41	47	41	47	33	37	34	51	
23	16	33	29	25	22	33	22	28	27	16	23	33	18	35	20	32	29	33	17	
75	77	67	77	71	65	71	76	76	81	84	78	82	67	84	72	83	70	65	68	
82	86	86	87	88	78	90	89	73	75	83	90	83	77	81	77	79	85	84	77	
31	40	29	28	40	32	42	45	41	28	46	37	38	32	32	37	28	44	27	27	
57	45	47	54	56	49	54	48	57	42	53	59	51	44	57	47	52	49	52	44	
85	96	87	83	93	85	97	102	85	90	102	88	102	97	89	102	102	101	88	100	
86	91	79	95	85	77	87	85	82	95	81	91	84	83	90	78	88	93	93	83	
42	55	36	43	52	38	54	51	41	40	44	48	52	39	37	36	37	49	52	47	
43	45	42	43	41	44	43	45	47	43	39	45	41	34	49	34	33	38	43	33	
90	103	105	102	105	106	102	100	89	98	99	97	103	88	89	94	105	89	99	94	
80	77	86	83	81	74	72	69	72	73	79	71	81	86	86	85	71	83	75	75	
41	39	42	42	36	41	49	45	52	42	53	45	40	41	40	41	42	48	37	51	
42	40	41	37	39	44	32	31	37	29	27	45	29	32	28	29	39	36	31	31	
49	66	60	58	59	58	63	52	55	61	53	68	55	68	66	64	67	62	57	59	
52	41	42	57	41	40	46	41	56	41	59	52	55	59	58	58	50	51	50	58	
50	57	47	43	44	53	52	43	44	57	51	40	45	52	42	45	43	54	40	41	
83	84	78	93	77	85	90	79	78	90	85	95	83	81	86	85	83	94	83	84	
104	111	104	101	116	118	117	118	104	103	112	109	101	111	103	114	106	99	100	113	
43	49	43	50	44	37	39	39	32	39	40	35	48	33	49	37	48	50	48	36	
39	31	32	36	27	40	23	27	35	25	34	34	38	26	34	38	33	32	29	34	
63	47	65	65	62	53	63	62	46	60	64	57	57	51	51	54	62	63	62	65	
21	29	28	22	37	20	37	21	34	29	26	24	33	27	31	25	26	23	33	23	
16	13	4	9	10	20	22	11	17	3	22	6	19	20	9	22	22	20	22	10	
13	28	27	29	12	21	27	25	15	25	29	20	29	30	21	15	18	12	17	24	
23	10	20	17	16	14	24	8	24	9	24	10	11	12	14	20	18	15	8	5	
108	110	110	107	108	105	98	100	95	99	91	100	104	98	100	103	98	106	100	98	
81	71	77	87	79	88	81	77	78	75	87	85	73	80	85	85	75	81	71	87	
70	87	88	78	71	82	74	89	88	80	89	85	84	81	87	81	81	72	74	80	
76	77	86	72	89	88	73	84	83	74	74	81	73	84	84	83	74	77	76	85	
37	42	40	44	39	47	45	41	43	44	55	44	55	45	47	43	51	39	51	55	
65	58	72	61	56	62	73	56	68	73	72	64	63	62	61	71	71	68	58	67	
28	38	37	35	32	38	31	32	37	26	30	32	19	37	22	19	21	30	33	36	
80	88	75	73	72	88	73	76	75	74	81	86	84	80	78	74	76	80	79	80	
80	67	77	68	70	64	81	83	68	74	69	68	79	83	77	76	77	69	74	64	
61	68	60	74	58	73	61	72	59	73	66	74	55	63	55	59	65	58	58	56	
87	100	85	99	88	103	104	91	99	103	91	97	91	93	93	92	101	98	94	86	
63	55	56	50	45	46	53	53	55	60	63	56	60	49	56	57	60	56	49	63	
21	8	15	8	20	16	8	12	23	6	18	12	7	4	4	21	18	23	16	4	
45	58	48	45	56	60	52	54	61	45	55	60	58	57	52	52	61	59	53	56	
75	76	73	69	71	63	80	64	79	66	80	77	63	66	69	63	63	76	78	62	
41	47	49	41	51	41	50	47	40	48	40	36	37	39	51	38	40	51	44	39	
36	37	31	41	34	39	41	41	39	39	38	36	29	45	28	37	45	30	45	33	
90	97	90	103	96	102	96	103	99	108	94	104	101	90	106	95	93	91	101	96	
53	53	52	47	47	56	63	55	64	60	61	54	58	52	45	55	50	59	46	46	
35	37	41	42	26	25	34	26	43	36	31	41	29	26	37	28	36	43	26	29	
97	108	91	101	103	90	106	92	94	95	105	103	94	91	108	106	99	104	108	103	
23	23	17	17	27	22	27	27	12	8	17	21	19	10	21	20	16	9	23	10	
11	9	9	12	9	23	21	19	13	11	12	11	20	22	22	18	16	26	19	9	
67	71	65	67	75	69	80	67	74	62	81	81	64	66	74	70	76	81	70	79	
33	46	40	42	43	36	50	37	33	48	39	42	45	40	47	37	46	52	48	47	
92	88	104	89	101	93	104	92	89	91	105	96	89	100	91	105	100	89	98	93	
23	31	28	30	30	31	36	32	29	23	20	35	23	34	30	30	34	36	21	28	
51	44	37	49	52	37	43	48	55	39	56	51	49	43	49	54	41	39	37	46	
92	87	82	83	96	95	82	91	92	90	88	91	96	93	97	86	82	85	91	81	
81	92	88	81	89	88	86	85	89	91	77	79	91	76	75	74	79	77	74	78	
61	62	71	70	63	73	66	75	70	70	80	67	63	67	66	61	72	61	71	71	
108	116	99	103	109	114	109	118	110	104	100	106	99	102	111	105	113	99	107	115	
27	11	28	22	23	22	10	11	13	17	20	20	10	17	25	19	27	20	11	25	
64	73	64	65	72	57	59	56	61	57	72	73	74	64	66	71	71	56	65	71	
109	100	111	111	110	115	100	100	115	112	114	117	118	116	100	112	117	115	101	109	
77	79	88	91	91	84	83	73	74	86	80	79	83	85	88	91	72	90	87	76	
85	89	97	86	85	93	91	95	98	96	82	84	92	88	88	89	84	84	93	99	
106	109	108	104	100	101	95	103	95	98	109	100	107	95	95	111	95	108	105	99	
27	26	20	19	19	12	24	29	24	23	29	17	28	21	18	15	17	23	30	29	
31	26	18	25	32	21	16	33	28	30	28	29	18	27	17	21	28	27	16	21	
100	105	100	101	94	94	102	97	92	88	100	103	97	103	94	88	92	101	95	95	
98	93	99	112	108	104	103	105	106	93	96	110	99	102	101	105	105	105	110	101	
84	75	91	76	84	87	90	89	82	90	77	88	89	89	79	88	84	82	77	72	
67	63	60	70	66	63	58	67	70	63	66	66	62	55	65	69	56	52	60	56	
40	29	47	29	41	34	38	45	41	39	30	42	28	36	33	44	42	28	33	43	
75	81	78	91	90	84	84	77	93	93	87	79	84	93	77	88	77	81	92	78	
47	30	28	46	31	35	37	31	30	38	28	34	46	41	29	44	37	47	29	45	
71	60	66	60	63	69	62	61	57	66	55	65	63	66	65	69	73	73	57	68	
50	55	64	48	62	61	60	63	60	52	50	60	64	65	49	59	58	65	56	53	
18	6	4	4	12	7	2	11	6	10	8	7	15	14	13	7	12	3	8	9	
97	102	93	102	98	84	96	89	88	87	97	98	102	93	90	91	89	92	97	89	
62	55	52	49	66	59	60	47	51	60	56	60	63	64	50	56	66	61	63	61	
46	62	52	51	44	48	56	55	55	57	45	63	47	53	59	48	47	45	59	46	
100	102	106	107	112	98	112	102	101	106	117	103	110	117	105	105	104	103	115	109	
26	44	28	42	45	36	33	37	28	34	39	41	42	32	44	45	30	29	30	41	
69	84	72	88	85	71	76	70	81	72	86	82	70	77	72	71	80	72	88	86	
70	69	80	83	86	76	80	76	79	73	84	69	87	81	81	72	75	79	83	80	
54	37	50	51	45	45	37	52	45	48	41	41	43	36	38	54	39	49	51	55	
52	67	56	53	67	60	58	50	52	67	63	51	50	57	68	52	53	63	63	66	
63	64	73	57	61	64	70	71	66	61	69	65	69	71	74	63	66	71	68	69	
108	100	102	111	93	99	101	110	103	98	100	106	105	104	98	110	104	107	110	99	
39	34	25	43	32	42	29	42	43	25	27	42	40	31	42	40	27	26	37	34	
106	101	98	95	111	93	101	111	97	101	100	103	100	109	93	110	104	97	95	104	
116	117	115	100	110	101	109	112	100	107	105	98	114	99	101	103	117	102	108	115	
52	54	70	59	57	63	54	63	51	58	68	60	67	54	67	64	61	57	52	67	
104	103	101	91	97	88	94	94	102	101	99	97	92	89	88	95	96	97	95	102	
99	92	108	101	92	97	92	100	110	103	103	95	105	97	92	106	99	107	93	100	
68	62	67	63	67	65	61	72	69	60	55	56	55	67	56	55	55	66	64	63	
105	103	99	98	107	104	94	106	106	93	95	105	98	106	108	107	107	101	103	101	
61	64	52	47	53	61	50	65	62	56	47	56	50	50	52	56	55	51	53	48	
19	34	28	30	25	29	27	31	18	29	18	29	21	33	33	26	22	23	35	17	
19	25	28	18	23	18	16	17	28	30	30	27	23	19	18	19	19	21	13	18	
44	43	60	49	45	50	48	62	45	51	57	48	49	43	44	49	61	48	62	44	
100	114	95	97	97	104	97	103	108	105	100	114	96	114	104	96	110	114	114	104	
99	95	91	93	107	100	90	101	104	100	104	103	107	93	99	95	107	93	104	92	
71	73	70	68	69	66	79	73	63	72	75	76	63	76	63	73	74	79	70	74	
56	62	55	51	57	52	49	46	50	55	46	57	49	47	55	44	55	43	48	44	
50	54	52	53	43	58	59	52	43	47	44	43	45	44	51	58	51	46	48	52	
49	40	41	40	44	41	36	53	40	38	41	38	53	35	51	37	43	38	35	48	
64	68	61	55	52	61	69	53	63	57	58	55	53	65	69	61	68	57	69	54	
100	86	96	93	87	95	98	94	104	103	97	89	98	98	94	94	98	103	92	96	
30	33	42	38	29	38	25	28	36	38	23	40	23	32	38	29	36	30	24	28	
20	26	21	25	37	25	33	23	32	37	24	39	22	24	32	27	32	37	32	38	
20	18	5	21	23	13	17	11	23	14	16	22	11	12	15	9	5	17	7	13	
76	90	83	76	82	75	93	78	89	86	79	91	78	86	76	80	89	78	82	81	
24	18	22	8	14	27	11	13	19	25	10	22	13	21	19	23	26	12	25	14	
71	64	80	75	72	64	79	79	68	78	73	63	77	65	62	62	76	73	69	74	
54	51	47	56	44	51	56	41	40	50	52	48	46	45	38	46	52	43	44	47	
27	16	30	25	25	34	32	33	33	20	19	21	18	18	34	23	22	31	16	31	
42	36	34	29	37	42	46	32	39	42	27	34	33	35	27	32	42	40	43	39	
67	53	69	65	70	62	53	51	63	68	65	63	57	69	65	70	69	57	65	66	
24	18	15	20	20	26	16	18	26	15	17	12	17	27	12	20	22	27	28	12	
109	97	96	111	111	97	111	104	97	107	100	106	96	95	107	97	98	106	109	108	
44	56	50	43	40	57	50	38	57	49	50	41	48	43	56	43	41	56	50	51	
50	61	53	43	43	53	44	61	57	59	56	46	50	59	48	61	49	56	48	54	
80	91	98	91	82	93	94	83	87	95	86	84	84	90	81	80	80	84	94	83	
101	103	114	113	112	115	104	98	110	113	108	106	115	108	97	111	105	114	116	113	
109	104	106	106	108	102	108	107	96	108	103	100	109	103	102	110	97	96	94	104	
21	33	35	24	34	28	19	30	34	26	20	30	21	36	25	33	22	35	21	26	
87	94	88	90	87	91	95	82	89	88	96	96	89	96	85	94	87	85	85	95	
49	51	59	53	54	60	44	43	51	60	59	46	59	42	51	46	41	43	48	51	
70	73	65	70	70	64	69	70	63	66	72	59	65	68	65	63	71	66	61	73	
107	98	114	102	111	109	97	106	99	104	106	109	114	108	103	113	106	105	100	114	
20	25	25	13	21	14	18	15	9	21	9	25	21	9	14	9	13	13	8	15	
91	97	105	94	110	105	95	94	102	100	96	106	110	102	93	101	104	105	92	103	
59	67	73	70	58	68	59	67	68	67	62	67	62	56	56	71	72	73	70	59	
27	36	35	40	28	23	35	27	41	31	25	30	32	30	29	32	25	31	41	25	
7	14	11	7	23	25	18	23	13	25	24	14	21	21	9	19	23	7	6	18	
64	65	58	51	49	61	61	48	51	53	52	52	63	52	58	57	52	58	62	50	
25	32	18	19	18	21	29	24	33	27	35	24	30	25	36	25	23	34	24	19	
55	66	48	53	50	54	49	65	50	56	59	57	65	53	58	50	55	60	57	56	
92	87	93	99	96	89	101	101	85	91	91	83	101	85	89	84	87	98	82	100	
68	79	79	68	75	69	75	65	78	74	72	75	62	72	63	67	70	62	69	72	
29	42	36	25	33	29	42	39	32	38	27	44	43	27	43	43	34	25	34	27	
97	87	82	82	96	92	84	80	89	83	99	90	91	97	97	98	80	98	95	86	
104	116	106	110	116	112	120	107	114	112	116	101	113	118	101	120	111	115	106	113	
90	81	79	76	81	83	91	80	77	83	88	88	87	80	92	82	93	83	92	81	
61	64	63	54	48	54	62	66	67	64	53	60	60	64	63	67	63	64	50	61	
42	50	50	41	49	49	54	52	49	41	37	38	38	48	35	35	38	54	38	41	
71	70	57	62	74	56	68	74	67	56	59	56	65	58	63	59	55	69	64	59	
103	103	104	111	104	116	101	102	108	116	116	115	115	106	105	114	115	114	105	109	
114	113	115	114	100	103	103	112	102	116	103	111	104	110	116	99	111	105	115	112	
26	19	38	22	34	21	25	19	23	27	27	35	33	21	30	25	35	32	32	34	
97	107	105	104	95	90	93	96	96	92	101	100	101	94	101	104	105	93	93	102	
49	63	63	52	46	48	46	54	51	63	53	52	65	58	50	61	64	50	62	52	
26	27	31	28	24	38	33	30	33	35	42	29	43	38	34	36	41	30	33	34	
98	102	90	103	91	104	94	100	98	90	88	91	96	86	91	100	100	95	101	97	
55	66	73	61	59	63	59	63	74	66	57	67	61	69	68	66	71	74	62	68	
58	42	53	42	54	58	58	60	53	61	44	44	46	45	55	52	50	44	47	45	
104	104	106	112	109	95	96	95	110	110	112	106	109	108	104	101	101	99	104	105	
45	29	33	32	39	35	41	47	37	32	31	43	41	45	29	44	34	44	34	46	
63	57	52	65	64	66	59	49	67	52	55	59	65	66	61	56	55	61	64	49	
47	39	30	36	43	47	29	30	46	45	30	43	42	42	35	45	41	34	41	35	
70	73	77	65	63	66	62	69	59	75	75	73	66	63	61	59	71	61	77	62	
36	42	38	41	27	38	37	34	32	27	32	28	23	42	24	39	40	28	41	35	
47	38	42	40	48	51	39	45	33	41	32	38	44	43	49	47	42	41	48	32	
58	63	59	63	58	67	60	65	65	57	70	73	64	61	65	57	65	68	54	61	
59	52	51	53	53	52	45	56	54	53	42	51	40	51	56	47	50	57	48	47	
56	57	51	66	62	49	64	57	67	67	63	60	63	55	53	59	66	51	57	55	
79	77	66	65	64	70	74	65	65	73	77	61	69	66	80	78	61	63	70	76	
87	93	86	100	87	102	101	89	84	96	91	97	88	97	87	99	86	100	93	87	
79	66	72	85	83	69	85	67	80	72	78	70	74	72	76	81	85	75	84	80	
20	13	30	18	28	26	18	23	28	20	28	17	29	19	16	21	24	13	21	21	
56	46	50	55	58	49	53	63	63	46	62	53	60	49	51	48	49	56	61	52	
105	110	108	101	105	101	111	102	103	104	119	119	102	103	117	114	101	104	102	104	
30	17	28	30	13	29	29	23	14	12	14	21	21	24	22	23	12	20	16	12	
86	80	86	70	82	71	71	84	73	76	82	83	84	79	74	82	86	80	75	73	
59	51	61	58	63	48	47	55	57	49	51	56	57	62	54	62	59	60	63	44	
58	64	69	57	69	54	52	67	70	69	64	61	62	54	69	51	52	66	51	64	
72	72	75	74	75	73	74	77	70	70	67	72	85	72	72	84	72	73	79	73	
92	97	81	98	82	88	100	91	91	94	95	85	84	87	90	82	100	97	99	93	
53	59	47	59	59	59	50	58	45	49	58	48	58	54	59	56	61	45	51	56	
96	94	108	97	96	100	91	97	92	105	91	94	93	98	99	101	102	107	97	101	
7	23	9	14	11	16	11	15	8	15	9	8	23	19	5	22	15	23	17	9	
59	70	56	67	60	60	70	74	66	71	72	59	61	65	63	67	73	63	66	63	
44	43	33	47	37	30	38	40	48	33	37	41	34	46	45	32	42	31	43	42	
68	71	62	72	60	78	73	68	61	77	60	74	62	79	76	75	73	73	62	64	
56	58	68	58	57	52	56	60	57	50	67	55	66	60	67	58	59	59	66	67	
43	46	40	35	41	41	45	47	50	38	45	41	42	39	36	47	47	50	50	31	
110	94	96	101	107	106	96	109	102	106	99	93	93	93	110	103	104	110	111	105	
72	80	68	74	67	81	76	66	67	84	81	78	81	75	71	71	67	70	79	69	
30	44	45	29	47	37	40	42	47	30	44	41	34	44	34	36	36	44	30	33	
97	100	105	88	100	88	97	104	89	102	90	101	97	104	97	91	103	93	91	97	
73	89	73	85	86	85	78	90	79	89	71	75	83	89	82	84	87	87	81	74	
54	62	55	63	61	51	57	56	56	66	53	54	60	48	54	63	58	63	51	49	
51	61	63	57	65	64	63	59	55	60	63	58	49	63	58	66	59	58	49	55	
52	37	35	41	45	41	34	41	48	47	45	49	35	47	48	49	49	37	41	43	
71	80	79	64	71	78	73	78	75	81	73	83	68	67	83	81	71	65	82	82	
66	73	70	61	59	75	66	71	68	64	61	62	71	60	75	61	75	61	70	61	
47	48	50	35	40	40	41	39	33	35	40	46	34	31	32	43	38	47	33	48	
66	71	68	67	65	67	74	73	64	65	75	71	76	64	79	73	66	73	78	77	
53	42	61	59	48	54	59	51	54	60	61	61	47	54	61	54	59	44	52	51	
16	14	6	19	21	15	10	18	17	22	19	9	18	19	14	14	10	13	23	11	
89	89	90	79	75	86	84	76	75	88	86	92	89	77	92	87	84	80	83	83	
110	113	116	102	110	111	116	111	100	115	102	106	104	99	100	108	100	106	114	101	
40	37	31	25	38	26	34	31	35	34	42	29	27	28	23	40	40	29	26	23	
78	68	78	66	62	61	69	60	76	77	71	72	70	66	68	76	66	64	62	70	
107	114	104	99	115	112	110	101	113	113	105	116	108	109	112	102	99	115	112	101	
46	35	37	40	36	39	36	47	42	44	35	49	42	44	43	38	40	38	43	43	
39	34	35	46	34	49	41	36	47	42	47	33	39	40	36	43	42	38	39	42	
77	73	74	80	79	82	71	80	73	71	75	82	80	66	72	71	74	74	82	71	
110	112	98	93	111	108	102	99	100	108	105	108	95	97	107	104	101	95	105	97	
23	22	29	23	36	29	22	40	34	34	40	34	25	36	32	29	30	25	31	31	
109	105	105	110	105	104	103	109	94	97	93	100	95	93	106	101	107	105	103	105	
84	86	92	100	83	86	92	91	84	83	85	94	88	101	96	84	82	83	88	91	
70	69	69	81	69	67	71	74	72	72	74	82	75	69	72	70	79	79	76	68	
37	21	22	26	28	38	24	29	23	25	37	26	31	21	29	39	38	36	34	37	
66	80	71	81	81	69	69	79	77	69	68	82	74	70	79	82	65	68	82	67	
86	96	85	84	92	96	97	90	98	93	92	86	91	88	82	81	81	87	95	83	
89	98	93	90	89	83	89	81	86	79	84	85	80	83	80	86	94	94	81	94	
48	51	48	51	48	41	48	48	33	47	34	51	41	48	46	32	51	48	43	42	
107	116	110	105	116	112	113	118	105	106	115	111	103	110	108	117	102	103	115	103	
51	55	45	56	56	55	48	56	59	41	60	58	51	53	42	44	43	59	42	48	
55	55	63	52	59	62	58	60	57	46	61	59	62	44	52	63	48	54	49	48	
16	10	13	5	17	6	2	16	5	4	21	14	3	6	17	7	14	7	17	12	
78	69	67	60	69	77	61	61	60	60	73	74	63	75	62	64	64	60	77	68	
77	81	81	73	88	81	71	87	88	79	71	88	80	80	73	88	76	81	73	85	
74	75	80	80	72	73	81	67	74	74	69	74	77	71	77	73	79	80	70	72	
38	31	41	43	34	39	33	40	31	35	28	45	32	32	27	45	27	27	44	32	
109	108	100	97	102	115	111	102	105	111	111	104	102	96	102	101	104	108	107	105	
80	95	85	90	79	89	89	90	91	95	89	95	91	81	83	79	91	95	81	82	
13	21	24	25	15	25	6	11	11	15	25	19	25	9	18	20	14	24	10	7	
37	48	45	42	46	35	53	42	34	40	48	37	52	48	38	48	53	46	38	40	
58	53	53	52	51	48	65	49	60	54	53	61	60	62	49	54	54	49	53	59	
88	88	105	99	91	87	87	98	93	94	92	102	104	101	98	105	105	89	102	91	
56	52	56	61	42	61	42	53	56	57	48	53	48	57	61	59	50	56	45	56	
16	16	17	23	6	16	14	23	6	13	16	16	21	13	14	14	22	15	25	18	
115	110	104	110	115	117	102	119	118	110	110	113	101	106	111	104	116	113	105	104	
103	96	106	92	100	94	96	106	94	101	106	92	105	105	98	98	97	102	105	103	
55	48	43	46	50	41	37	41	36	54	54	46	47	42	40	47	51	46	41	37	
86	73	74	75	78	77	68	70	80	81	85	82	70	84	84	68	72	78	84	80	
83	73	74	77	79	71	83	83	69	84	81	81	87	80	70	88	74	80	78	81	
57	69	63	53	65	62	61	70	66	72	72	58	55	64	58	54	66	55	72	55	
56	58	61	48	50	64	63	55	64	54	54	62	62	57	59	59	58	57	58	53	
69	84	68	84	82	81	80	68	79	84	84	79	82	73	82	80	73	79	80	75	
31	21	27	32	36	27	39	32	34	31	30	40	27	27	25	23	21	38	25	28	
11	20	21	6	11	18	16	19	21	6	23	19	7	23	6	14	11	23	21	6	
48	57	57	50	50	48	54	55	56	48	44	58	46	52	58	45	44	49	56	47	
92	93	97	101	94	103	107	90	94	109	92	90	92	109	101	101	94	95	104	104	
92	79	84	79	88	93	80	94	78	84	75	75	78	93	78	75	75	78	84	85	
26	25	35	21	32	32	21	20	27	23	20	35	36	38	21	24	34	27	34	37	
99	100	103	100	92	96	90	100	93	87	96	97	94	94	102	92	88	93	95	91	
66	73	81	82	67	73	67	67	83	67	72	79	82	79	73	69	81	73	77	84	
57	54	60	54	56	55	54	62	54	63	71	64	69	60	65	62	54	54	71	73	
40	29	37	28	38	31	37	28	42	34	37	31	24	27	30	39	24	37	32	40	
64	76	66	73	68	62	59	76	72	65	71	63	74	75	70	74	62	60	67	75	
46	53	34	51	49	41	52	39	37	48	34	44	37	44	41	34	45	37	34	41	
43	42	54	52	53	50	43	51	45	49	45	49	53	46	44	55	50	40	49	53	
69	74	61	58	69	72	58	60	56	75	59	67	66	75	74	59	68	67	58	57	
59	59	74	68	71	60	59	66	67	62	70	61	62	70	65	55	55	57	59	57	
93	109	101	94	98	94	102	112	101	103	97	103	111	102	104	110	112	98	98	103	
64	49	56	51	65	50	58	53	56	51	64	52	64	53	63	47	60	46	48	57	
102	106	118	116	100	106	115	102	115	116	100	103	105	107	102	115	117	101	115	103	
60	73	70	69	62	62	63	74	66	71	76	63	68	64	64	69	73	62	77	66	
103	96	95	97	98	103	110	101	99	94	107	103	104	94	96	95	92	94	93	108	
76	91	85	89	77	86	80	87	76	84	77	82	89	79	79	76	72	74	75	78	
27	23	16	27	18	23	20	26	20	20	21	25	26	11	11	17	17	20	23	17	
114	101	111	103	119	106	118	103	118	112	107	106	115	116	108	117	106	107	108	112	
22	25	19	16	7	6	19	16	17	21	24	7	20	15	16	16	23	12	17	10	
73	75	78	72	79	81	82	71	78	73	90	71	73	77	73	71	86	76	75	80	
57	48	47	59	56	50	59	48	47	55	56	53	57	53	49	42	59	60	49	55	
49	65	65	61	51	65	61	58	51	57	58	62	65	57	52	51	48	65	48	60	
61	61	54	47	63	44	60	45	57	61	62	57	45	45	50	49	50	58	49	48	
60	56	58	52	52	69	59	53	57	68	68	67	68	61	64	55	54	67	62	62	
26	29	20	23	17	33	21	31	24	34	20	28	25	33	33	24	25	29	30	21	
25	27	15	15	18	21	20	18	20	23	25	27	19	22	14	25	26	21	19	24	
57	56	67	57	62	62	63	66	69	70	69	69	70	68	53	69	59	54	66	69	
113	106	95	97	101	100	96	101	95	103	111	106	110	112	110	105	109	100	104	94	
98	84	95	98	87	82	96	83	99	82	84	99	97	90	87	88	87	99	87	86	
69	67	71	76	64	75	74	66	76	67	78	65	71	73	66	75	70	73	69	69	
81	65	75	81	80	67	70	72	67	78	72	64	64	69	74	77	81	73	65	79	
28	38	33	21	27	34	38	38	27	27	22	22	26	24	37	20	24	25	37	30	
33	43	41	31	38	36	41	40	43	46	40	42	41	47	30	43	38	46	35	29	
60	58	61	69	69	66	64	59	72	60	69	62	59	66	62	63	68	65	62	71	
86	85	72	77	82	73	85	84	85	77	82	82	72	87	76	85	77	78	73	90	
86	80	83	84	86	86	96	95	96	81	90	95	90	95	94	85	96	78	87	81	
35	24	28	31	28	27	33	33	23	25	20	22	20	33	30	19	19	19	26	17	
90	89	82	93	86	91	85	97	89	82	79	80	95	85	85	97	92	81	84	92	
71	76	74	70	66	61	74	62	70	77	68	61	60	62	69	67	74	64	68	61	
12	7	6	18	10	16	8	6	5	7	18	9	16	16	21	17	11	14	6	6	
34	22	24	23	34	29	41	35	23	37	26	22	30	41	39	22	40	39	36	38	
54	46	54	58	62	48	50	55	47	46	59	47	52	58	43	56	54	56	59	58	
60	47	47	60	45	56	46	45	51	45	58	53	51	45	53	57	58	48	61	52	
100	95	107	107	95	110	99	103	98	109	110	95	99	106	99	105	103	100	108	96	