1000
30
50	52	55	62	64	59	56	56	62	54	53	53	54	56	56	49	55	54	51	48	51	59	55	52	63	60	54	57	63	61	
97	114	104	110	97	111	102	102	113	98	116	103	116	112	103	112	97	109	112	107	114	104	100	108	110	102	111	105	114	109	
116	108	108	105	103	104	104	105	97	116	101	101	103	116	115	103	104	107	100	98	110	102	102	102	115	115	103	115	103	110	
83	74	80	86	89	91	76	80	81	84	74	80	93	90	78	77	85	75	82	84	84	85	85	93	75	88	74	85	76	79	
50	35	34	48	51	48	33	33	45	43	46	52	33	38	46	34	41	42	47	34	49	47	42	44	47	45	34	51	38	39	
14	21	16	25	7	8	7	23	12	11	19	7	15	14	7	10	25	15	21	8	7	9	24	20	6	11	10	19	18	23	
73	80	72	69	63	65	69	69	64	76	73	80	61	61	61	80	74	78	67	64	62	77	63	74	67	71	62	71	73	79	
55	55	73	72	61	60	67	72	67	66	59	68	65	63	65	65	59	55	63	68	63	73	74	64	71	69	58	64	69	65	
25	16	22	17	10	17	23	12	29	16	22	23	20	14	12	16	13	21	12	18	15	15	29	26	10	20	11	27	12	25	
25	12	19	23	21	28	21	22	19	30	12	21	20	19	21	17	19	27	24	29	23	19	23	21	24	30	26	26	16	11	
52	46	50	35	41	50	40	45	37	45	47	47	42	50	38	42	33	33	41	50	41	39	47	48	44	42	50	41	41	35	
17	33	28	25	17	25	18	30	26	31	29	26	20	21	33	33	23	32	26	26	28	17	35	28	23	20	24	16	32	21	
67	71	74	74	66	71	65	68	59	57	70	66	68	70	70	71	74	68	64	66	67	68	70	73	73	59	62	65	58	67	
77	86	81	80	77	76	75	75	90	77	76	90	77	80	87	93	78	79	78	83	89	83	79	91	88	86	85	93	90	81	
85	73	84	86	75	78	78	81	71	81	84	84	77	80	73	72	84	79	84	85	82	71	69	83	69	69	84	78	71	69	
72	66	71	66	66	71	59	77	67	71	75	72	75	61	67	59	65	75	71	72	61	78	64	78	77	72	60	62	60	61	
41	52	42	47	44	39	50	33	52	38	39	35	33	45	33	36	44	44	40	39	39	33	45	39	49	37	50	35	48	35	
5	7	16	13	8	16	22	21	19	21	17	3	6	20	9	7	6	6	17	3	7	12	12	5	17	8	8	7	11	17	
55	37	52	46	55	43	43	51	47	56	51	37	48	43	44	45	37	41	47	47	46	50	39	40	47	48	50	54	49	43	
45	41	48	41	40	41	48	51	46	37	54	54	41	37	48	50	39	48	45	50	54	47	41	37	35	47	54	35	45	54	
70	76	72	68	68	76	76	64	82	76	70	63	79	71	77	72	64	63	73	76	80	65	79	78	71	68	74	71	77	73	
55	47	60	48	43	42	46	57	53	60	44	49	42	53	57	59	59	42	48	55	52	48	56	48	49	55	57	47	58	44	
86	96	85	98	98	102	87	101	87	102	101	88	93	87	98	93	88	98	95	94	95	90	88	98	83	94	100	95	83	85	
98	97	106	99	101	110	113	111	96	105	108	114	105	106	97	100	114	98	104	102	111	100	102	114	110	112	103	103	101	113	
22	18	6	12	24	17	13	19	15	10	10	8	24	21	10	15	19	19	23	8	11	11	10	15	18	15	18	15	21	22	
98	100	104	108	99	112	93	110	111	99	106	110	112	94	93	97	96	98	112	104	110	108	93	104	100	106	105	97	106	108	
44	49	48	55	63	49	47	45	48	53	49	53	47	58	51	62	47	60	61	60	48	50	46	45	61	46	48	59	44	55	
98	89	83	83	101	101	95	92	86	85	90	91	99	88	92	92	102	93	100	101	96	84	93	101	92	83	88	88	95	88	
13	8	10	5	23	15	15	5	16	18	15	9	16	15	18	11	12	17	20	18	12	15	19	4	12	20	16	14	20	18	
97	96	93	101	105	98	95	111	106	107	98	100	95	108	98	104	95	109	94	111	97	104	110	110	97	96	106	94	100	110	
42	44	40	40	58	48	50	43	51	50	50	49	57	44	54	58	46	42	55	57	43	45	50	42	46	47	43	41	50	53	
32	34	24	35	31	39	22	25	38	22	31	27	37	33	38	32	22	36	40	22	40	40	26	27	32	24	40	24	27	35	
17	20	18	27	35	21	24	22	30	19	18	32	21	26	16	30	30	28	16	18	33	20	35	18	31	34	32	27	18	35	
45	38	45	51	38	46	47	39	55	38	42	56	50	39	47	45	54	39	46	48	45	53	41	43	38	48	55	38	52	57	
39	41	45	55	45	47	58	40	58	46	44	47	56	51	52	56	39	55	40	50	58	42	44	56	53	57	57	40	50	43	
97	85	89	89	95	100	92	89	85	92	95	98	101	90	89	88	98	93	88	97	90	99	84	92	96	99	97	88	98	91	
34	23	25	29	17	17	34	34	21	28	17	28	16	29	24	21	26	31	23	25	23	19	17	30	18	21	18	34	25	18	
32	25	38	24	32	33	24	24	22	25	25	38	29	23	24	31	28	29	39	26	28	24	25	37	27	31	33	28	38	33	
45	52	58	52	53	45	48	60	56	51	56	46	42	50	59	51	45	57	57	61	53	47	58	48	45	43	57	56	46	51	
50	51	55	53	46	59	47	54	54	53	51	50	52	52	48	41	45	57	51	40	47	59	50	44	46	56	49	44	49	40	
85	82	78	84	78	79	85	86	89	86	87	83	83	78	71	73	82	85	83	81	79	87	79	87	82	88	75	77	87	72	
46	64	57	47	58	58	52	59	49	48	56	61	57	60	61	54	58	57	57	58	54	51	57	53	49	57	55	55	60	49	
70	62	68	69	69	59	73	58	74	69	71	66	57	56	57	73	68	62	71	61	72	68	64	74	62	68	58	66	71	69	
30	22	31	34	29	24	20	25	22	30	19	27	28	26	34	32	21	28	32	29	19	16	27	33	19	29	22	35	33	34	
47	47	57	45	50	44	49	41	49	47	57	44	47	54	39	53	51	56	43	58	56	53	52	57	39	51	54	57	54	49	
71	74	75	82	76	68	83	66	72	82	71	76	82	70	82	81	69	82	66	85	71	77	82	67	75	80	80	77	75	69	
38	28	41	28	44	39	30	39	43	30	29	39	36	29	42	31	40	32	30	27	40	42	38	29	32	26	29	30	43	36	
88	94	95	102	89	95	91	91	100	90	100	98	98	86	91	90	94	93	87	99	102	85	95	90	104	101	95	91	90	101	
102	105	104	94	93	93	91	102	91	95	95	103	91	97	95	99	89	104	106	101	104	95	99	97	100	99	101	94	106	89	
89	98	100	83	97	86	89	101	94	89	85	94	98	99	86	87	95	89	87	86	100	93	90	85	87	83	91	90	92	91	
67	63	61	69	64	60	59	74	58	66	76	70	65	59	68	61	58	67	70	61	74	61	64	67	67	59	72	64	68	70	
65	69	62	81	67	81	62	70	74	79	67	77	69	81	67	71	79	79	81	81	74	69	80	78	66	64	77	80	68	62	
73	60	54	56	54	60	58	58	57	64	65	60	71	68	61	63	56	73	57	68	63	68	57	70	71	60	54	58	64	59	
54	65	73	70	54	58	65	62	59	57	60	66	57	61	63	69	57	59	57	68	72	63	68	62	55	55	66	63	72	63	
42	44	41	48	50	40	52	46	59	48	51	48	53	48	43	41	56	47	45	51	53	40	46	47	50	55	59	54	47	47	
71	75	78	69	75	77	84	81	79	70	85	69	84	82	79	85	83	78	71	71	74	79	87	79	82	83	81	76	82	72	
100	96	101	95	93	89	100	106	89	100	107	95	105	97	90	99	106	102	94	100	93	94	103	94	92	89	95	96	90	99	
15	11	3	8	9	10	20	14	19	12	18	19	18	18	15	21	8	12	10	10	19	21	17	12	18	11	22	12	11	7	
63	53	57	49	55	59	54	64	46	51	63	58	59	58	60	60	48	53	51	47	63	58	62	51	49	47	48	63	54	62	
4	20	14	7	18	12	11	18	2	11	11	4	15	6	13	2	19	16	19	16	21	17	3	14	21	5	2	12	11	3	
101	110	100	106	104	98	116	116	98	109	114	115	100	111	105	114	114	116	108	110	106	99	112	100	107	102	117	107	101	105	
68	65	70	84	75	67	79	73	80	72	84	79	72	83	82	78	84	69	66	70	79	72	81	65	74	73	72	77	75	80	
79	90	80	83	73	86	81	78	72	89	74	79	75	73	75	76	75	75	88	82	84	80	79	91	83	75	72	82	89	77	
97	94	103	101	99	93	95	106	96	106	95	104	96	98	109	94	102	91	96	100	104	98	110	99	109	97	94	93	94	91	
64	75	68	70	66	69	63	67	71	65	66	66	74	74	68	69	71	68	75	75	66	77	73	61	70	69	65	61	60	67	
59	61	56	61	49	63	56	53	48	49	51	60	64	62	48	55	46	62	59	56	47	54	61	57	58	63	52	55	53	47	
48	49	61	57	62	51	53	49	47	60	53	61	53	64	47	48	51	56	50	60	55	53	53	50	56	57	51	48	47	53	
75	74	81	68	80	72	65	75	67	76	64	68	74	74	62	68	62	63	78	64	77	78	75	73	77	71	74	69	62	64	
85	91	83	81	87	90	94	81	100	95	97	92	96	100	99	87	96	91	96	90	99	91	86	100	100	85	88	84	91	95	
90	87	87	81	87	97	87	87	81	82	96	92	83	88	97	87	98	91	90	100	94	96	94	90	96	96	83	81	88	94	
62	67	67	67	66	58	62	54	53	67	67	58	62	61	57	62	62	62	64	67	52	50	50	66	59	66	50	68	56	69	
41	28	31	28	38	35	23	41	39	25	39	42	31	26	38	24	25	28	27	31	29	31	25	40	33	31	26	40	31	30	
88	94	91	91	88	97	93	99	84	98	95	85	85	90	96	93	83	91	89	85	84	84	86	88	86	84	91	89	96	89	
73	59	70	54	72	69	61	56	70	67	73	66	57	54	55	68	62	65	67	72	55	55	56	62	61	60	69	70	56	59	
41	51	45	44	42	41	44	46	52	55	53	43	55	42	54	54	46	46	46	46	45	43	38	50	54	43	47	39	49	51	
68	63	57	67	54	50	53	57	57	53	62	50	66	57	62	69	60	66	56	51	56	57	60	57	52	69	59	50	53	55	
53	54	52	50	57	38	41	53	41	38	49	44	46	53	38	40	40	44	41	38	56	42	54	39	41	45	49	53	51	40	
22	33	14	24	19	23	31	28	24	19	21	26	19	33	21	16	26	22	28	19	18	21	19	24	22	33	23	32	18	32	
73	59	70	63	56	56	59	64	71	69	62	67	63	71	69	58	60	55	58	68	70	65	73	66	61	63	61	59	57	54	
23	18	20	26	18	14	16	26	17	13	17	22	31	25	31	23	28	16	23	28	23	22	17	22	18	15	15	27	22	20	
38	33	48	38	36	48	39	34	41	32	42	48	41	40	37	34	40	41	40	41	30	32	46	32	49	31	49	34	42	47	
58	61	55	55	46	48	45	44	45	58	44	44	44	47	45	46	52	61	57	57	55	48	50	57	55	56	59	55	46	50	
57	69	59	68	60	62	72	56	56	72	70	68	53	61	65	72	64	65	58	65	67	60	59	55	60	67	64	56	54	70	
72	62	67	61	64	60	73	60	60	72	75	72	72	59	69	69	58	66	72	58	62	63	69	73	59	73	58	72	68	63	
108	109	107	99	91	108	95	105	101	94	103	97	103	109	105	100	94	106	102	96	107	101	107	97	102	96	92	102	103	95	
19	20	36	32	18	27	21	24	20	28	28	25	22	33	36	29	27	19	24	32	35	21	31	27	27	35	26	31	35	35	
21	15	27	13	24	23	19	17	16	26	28	31	26	24	15	27	21	29	26	32	22	20	17	27	24	13	18	24	32	13	
36	37	34	44	32	36	37	38	43	41	39	34	47	49	39	37	33	32	35	40	45	32	31	45	30	41	32	46	48	32	
11	18	21	6	13	21	9	8	17	9	10	18	6	18	17	19	9	13	12	5	16	15	7	21	19	20	11	16	14	9	
19	26	26	29	18	25	23	27	32	23	22	26	22	21	13	31	31	29	19	31	13	26	30	22	19	23	14	26	30	31	
76	79	84	80	72	83	84	73	88	84	78	86	89	88	85	87	77	75	86	82	79	79	76	76	82	82	89	77	86	81	
97	93	107	92	104	100	99	98	99	98	98	103	105	103	103	92	97	90	106	107	97	98	96	99	108	106	101	104	93	103	
100	108	103	97	103	98	99	100	96	102	112	107	112	107	95	103	112	113	111	97	113	108	113	110	96	111	94	101	113	94	
89	90	82	94	85	88	98	90	97	96	88	99	91	89	87	90	92	92	94	95	87	83	86	87	83	81	95	98	89	95	
110	100	99	115	115	107	108	104	108	102	115	96	105	109	105	103	112	107	112	113	114	109	114	105	114	106	104	107	111	107	
23	15	21	17	19	12	9	21	10	15	10	16	11	16	21	16	12	8	5	6	12	11	6	12	10	23	14	14	8	19	
115	117	113	117	108	101	118	116	112	102	102	117	116	105	117	119	109	107	102	120	104	104	107	106	114	114	115	115	105	110	
75	78	81	82	86	76	82	71	71	73	74	86	75	81	83	70	74	77	80	81	82	73	76	81	76	84	81	69	81	79	
102	102	114	114	111	98	98	105	105	104	111	112	103	101	100	104	97	107	115	96	98	113	113	109	110	113	105	104	99	113	
59	63	65	59	60	56	68	60	75	68	69	67	63	62	63	58	65	66	62	61	62	74	61	65	74	69	65	70	65	68	
62	54	57	61	70	63	71	54	70	57	65	65	70	53	54	69	68	55	62	69	58	59	57	55	61	54	52	57	52	71	
73	61	59	70	74	74	74	66	63	77	62	78	78	67	63	76	71	64	77	60	69	71	70	66	65	72	66	74	73	59	
87	93	81	89	95	81	94	97	92	86	92	81	87	83	94	91	91	95	90	94	98	95	98	99	88	95	83	91	85	86	
19	11	24	23	19	21	11	25	22	21	21	15	21	23	15	16	13	16	22	12	17	20	21	6	25	19	7	22	10	10	
62	53	64	59	55	53	53	55	72	54	56	69	62	65	70	71	59	63	69	61	63	58	70	67	58	70	62	70	68	56	
60	44	48	46	61	61	53	50	48	52	47	48	60	55	54	55	52	44	56	56	46	57	56	63	56	59	56	52	51	58	
62	63	69	58	66	60	76	76	58	58	61	68	72	74	77	69	76	63	75	62	69	62	58	73	69	75	75	63	61	64	
70	73	69	62	68	62	69	67	65	59	71	60	78	77	67	74	64	66	63	69	77	70	62	74	59	77	61	70	61	76	
50	45	56	53	50	39	56	46	37	49	49	39	49	54	40	56	41	55	51	46	38	52	43	43	37	54	49	39	54	48	
94	89	90	93	81	83	95	82	86	93	81	81	88	93	77	77	86	76	91	83	92	88	82	91	94	86	95	89	80	79	
90	103	94	91	94	91	87	93	86	102	96	102	102	96	97	86	101	89	99	88	86	93	101	99	95	95	99	103	89	98	
28	36	27	34	28	45	31	30	37	28	30	34	35	39	43	28	30	40	29	30	43	32	39	28	37	43	30	29	33	29	
56	54	47	54	52	44	49	45	51	40	45	44	48	45	50	50	52	54	42	43	54	40	50	53	40	52	51	41	49	38	
22	26	32	17	32	30	26	30	31	14	15	17	16	15	22	30	21	17	19	33	25	16	21	22	32	18	32	29	27	17	
80	95	83	88	81	93	79	77	80	88	83	84	92	84	82	88	89	84	83	92	92	93	87	76	85	76	86	77	80	89	
40	31	34	41	45	30	45	39	43	40	38	28	40	38	29	32	46	30	37	36	40	42	38	47	44	33	32	47	43	35	
88	87	103	103	90	100	105	95	98	94	87	92	97	87	90	92	91	87	96	91	99	89	88	97	99	96	101	106	101	98	
51	49	59	43	55	43	51	59	42	46	43	54	46	51	59	55	50	55	43	46	46	56	46	48	56	55	55	55	45	43	
74	74	64	69	55	60	58	67	63	64	60	72	66	58	67	73	58	60	55	67	55	68	64	56	55	61	59	69	65	57	
115	114	114	103	118	114	109	114	107	103	114	112	112	119	119	114	116	115	118	102	112	110	113	116	103	116	103	118	111	105	
64	81	73	75	82	64	66	70	67	76	75	81	81	78	65	65	71	81	72	67	71	80	66	75	75	73	67	81	69	70	
4	11	18	22	10	22	4	16	19	9	20	18	7	19	11	15	20	9	11	10	15	17	3	7	15	4	13	16	7	15	
59	70	67	55	60	71	63	66	64	65	68	58	67	68	71	56	66	56	54	58	70	64	56	59	55	53	68	52	60	55	
57	42	49	48	56	42	58	57	47	44	56	45	45	45	57	42	48	55	55	50	56	41	50	53	48	46	43	41	50	55	
96	109	99	114	101	105	111	96	96	98	107	107	108	113	112	109	110	107	105	95	96	96	109	103	97	97	95	99	109	103	
78	70	73	83	81	77	68	71	86	86	70	82	85	78	80	69	74	71	77	71	83	67	68	85	70	67	77	80	81	75	
104	89	96	90	93	92	97	99	105	105	101	95	92	95	101	99	107	106	90	89	102	104	92	97	94	98	95	93	91	96	
68	78	76	65	79	70	74	73	77	71	62	77	71	78	78	74	67	77	80	66	80	65	71	71	68	77	73	78	69	72	
36	36	40	53	50	39	35	52	34	35	34	46	46	42	53	41	40	36	37	39	44	39	34	39	41	45	34	37	48	45	
44	58	53	48	59	53	48	47	58	44	58	52	45	44	59	53	46	45	46	54	57	61	58	61	62	62	60	61	53	50	
88	83	93	90	89	84	85	89	93	93	88	78	96	95	89	93	82	89	84	79	85	87	86	85	83	80	95	79	91	83	
94	93	94	105	99	94	112	110	108	99	102	110	108	109	101	101	94	101	102	103	99	102	98	102	102	112	101	97	110	101	
62	70	62	70	62	72	60	71	65	78	70	63	78	79	76	74	75	67	74	65	65	60	62	74	73	64	67	61	70	67	
60	67	71	69	75	62	68	59	66	67	61	59	68	67	65	65	62	62	66	71	73	63	74	66	61	67	56	67	67	57	
70	54	62	55	58	70	53	67	66	66	61	61	56	64	59	71	54	67	61	72	68	64	67	69	54	70	65	64	56	53	
45	50	52	39	51	44	44	39	39	54	54	43	46	43	47	43	40	54	57	57	42	56	52	44	48	54	45	49	42	54	
15	22	14	19	25	21	22	26	23	29	14	29	18	14	15	31	18	31	20	23	27	21	22	22	27	17	17	18	13	29	
84	85	70	81	84	83	84	68	68	79	86	87	87	70	80	80	69	82	79	83	85	68	76	82	82	74	85	82	71	77	
20	25	8	10	24	15	11	18	22	26	20	24	12	11	24	14	25	15	16	8	7	14	15	19	16	12	16	11	21	9	
53	58	66	67	62	51	64	63	51	65	65	67	52	63	60	69	67	69	52	66	60	69	61	54	58	52	54	50	57	64	
97	107	103	110	110	98	105	99	104	97	99	97	96	95	102	110	111	104	105	106	101	102	97	110	107	106	98	105	98	109	
95	93	92	93	99	92	103	96	94	88	100	103	102	99	98	103	94	88	89	88	103	93	102	100	90	97	103	104	93	92	
27	28	35	29	32	23	24	30	17	21	19	31	22	23	19	19	23	19	35	16	27	24	21	35	23	16	32	20	27	26	
25	10	23	23	16	16	12	27	15	12	24	21	22	23	26	17	11	29	20	12	16	20	28	10	28	14	12	24	10	14	
46	50	48	39	46	37	51	52	46	47	38	45	35	47	39	37	48	48	44	45	52	43	38	42	44	50	45	43	39	52	
24	31	32	38	30	23	33	39	37	30	25	26	29	24	33	29	30	27	26	29	22	30	31	40	35	31	31	40	40	38	
58	57	66	59	69	60	67	64	60	64	66	61	60	62	64	66	54	55	57	57	54	53	66	53	68	55	59	61	72	68	
62	70	65	56	65	55	63	62	60	60	70	57	68	57	64	57	62	67	71	61	55	55	62	67	58	58	61	60	64	56	
99	107	91	105	100	95	102	102	92	108	98	107	92	98	92	107	97	95	107	91	101	101	90	105	100	104	99	107	91	91	
82	75	84	74	85	76	86	80	86	82	86	80	71	76	72	75	77	71	75	83	76	82	77	76	72	84	87	83	84	89	
40	51	41	41	50	50	47	49	47	50	38	52	44	50	43	45	45	40	33	51	34	36	52	40	40	52	40	43	42	48	
28	28	17	24	28	26	19	30	13	31	17	25	13	16	30	19	27	20	22	21	20	19	18	13	21	15	13	24	17	19	
22	21	27	20	22	19	13	15	21	13	26	13	27	12	28	26	13	22	12	11	22	19	21	25	27	28	11	9	23	22	
60	59	57	51	63	63	58	50	66	51	59	63	58	66	52	67	54	59	55	62	57	52	53	62	65	67	63	56	53	59	
23	24	28	27	38	31	36	24	22	20	38	29	24	34	37	38	23	30	39	27	34	31	21	38	30	34	38	24	22	33	
55	50	46	56	56	44	56	57	50	49	58	50	55	61	55	62	63	50	59	52	62	59	44	55	54	58	61	63	55	62	
34	38	29	41	33	38	38	40	24	39	37	29	31	38	39	24	41	39	36	22	24	32	33	38	28	23	29	35	31	33	
68	74	70	79	78	82	78	83	69	74	70	73	80	73	69	66	76	77	67	66	66	66	68	73	75	72	84	77	83	79	
101	89	95	97	85	88	101	93	101	102	96	85	87	89	83	87	98	100	101	87	102	85	88	95	100	98	85	99	102	91	
19	21	12	13	10	20	19	13	11	16	10	19	23	17	15	26	19	16	20	19	7	9	10	17	16	13	17	25	7	17	
60	67	61	65	56	65	55	55	63	67	64	69	64	52	69	60	69	60	56	64	57	68	58	66	58	53	62	58	58	52	
112	113	107	113	101	105	100	114	100	111	109	105	112	100	98	103	102	106	104	107	102	103	98	107	98	99	105	110	105	111	
53	60	56	68	67	53	60	62	68	67	62	52	61	55	64	56	56	64	52	52	65	60	53	66	55	50	61	57	58	58	
78	82	87	91	85	92	82	84	74	89	90	82	93	81	90	85	86	93	75	91	85	84	91	77	78	76	76	86	92	85	
34	40	34	49	38	41	40	49	48	37	50	42	40	41	41	39	47	46	51	51	37	43	40	45	37	50	32	36	39	38	
71	78	70	70	66	77	65	71	65	69	77	79	69	70	70	77	66	76	65	66	61	76	67	62	63	70	69	69	62	78	
92	93	79	78	84	88	93	92	83	80	75	92	93	78	86	81	83	93	86	89	75	92	75	85	86	93	91	90	85	75	
74	72	84	75	87	82	80	77	84	86	73	86	77	70	79	71	68	85	79	70	79	84	85	84	85	83	76	79	82	79	
108	91	97	90	96	95	92	106	108	97	94	93	92	94	106	94	96	89	93	102	98	106	101	96	104	96	95	103	99	100	
51	40	41	37	46	51	42	44	45	48	35	36	50	52	38	51	35	39	36	44	49	49	37	48	51	53	42	43	41	40	
85	93	90	93	85	79	86	90	94	95	96	84	77	79	88	93	84	85	83	80	87	95	82	84	80	91	92	90	96	78	
36	20	23	25	38	28	31	34	33	24	34	38	27	23	25	35	36	22	20	39	39	20	21	30	20	38	26	30	33	36	
94	90	83	77	94	87	76	85	79	86	88	90	91	88	82	82	93	78	86	90	93	84	91	84	82	81	76	81	81	84	
105	108	107	115	100	112	114	109	115	99	100	113	100	118	111	104	100	118	102	114	103	104	100	114	113	111	103	109	99	101	
23	31	28	21	30	19	31	20	37	27	32	19	22	35	34	22	34	28	25	28	30	21	36	30	26	33	22	33	20	28	
34	48	34	33	35	43	44	33	49	37	36	45	37	39	42	32	45	44	51	49	49	42	44	51	49	47	46	51	40	49	
19	21	23	17	17	27	35	25	28	26	32	19	27	24	36	25	18	21	27	17	23	17	36	20	19	33	21	17	19	22	
23	22	9	8	8	15	10	9	12	9	21	13	15	20	16	20	11	21	13	21	24	9	11	21	21	13	14	8	12	16	
92	91	99	95	102	99	92	90	97	105	90	107	96	95	89	93	98	104	103	96	90	105	104	107	106	97	104	96	103	105	
83	95	77	95	87	86	90	85	94	95	77	91	96	95	81	94	88	88	81	87	91	91	77	92	90	92	79	96	94	80	
10	16	6	16	12	7	11	4	3	6	2	19	13	2	15	6	6	15	16	17	21	17	15	21	20	6	9	20	17	12	
29	16	14	28	17	29	19	23	28	21	19	21	16	25	21	23	27	27	13	12	22	18	24	28	21	30	17	27	11	13	
22	28	30	29	24	26	26	14	22	29	21	26	20	14	18	28	12	13	18	26	22	12	12	24	26	25	15	29	19	21	
33	18	28	23	32	23	18	27	21	28	36	28	35	27	24	32	28	17	31	23	21	36	19	29	18	34	28	23	28	25	
85	77	80	83	71	72	88	84	79	82	69	84	79	73	84	73	77	83	77	82	80	83	70	70	83	80	70	82	80	87	
17	21	12	28	11	26	12	24	9	16	15	17	21	15	21	25	18	12	11	21	16	22	15	28	26	26	28	19	28	27	
86	80	85	78	75	89	78	91	80	91	93	76	93	89	88	87	75	92	77	87	83	89	87	79	77	80	89	78	90	90	
100	100	101	95	94	91	94	88	97	97	94	85	91	87	94	93	87	96	94	98	84	96	97	101	98	89	91	101	89	94	
32	39	33	37	41	33	35	33	31	33	30	42	30	35	34	41	36	37	41	32	33	25	34	31	25	40	27	28	32	25	
97	95	109	95	114	100	97	103	95	100	101	109	96	107	109	107	105	101	101	102	114	104	110	107	108	105	104	105	97	96	
13	28	11	14	29	25	14	15	18	22	16	21	18	24	18	17	27	26	23	21	25	27	19	23	28	14	10	26	23	14	
82	86	78	85	74	77	80	78	78	81	88	78	85	73	82	76	76	72	87	84	74	75	75	86	75	80	82	88	90	88	
39	48	36	42	41	49	33	49	52	39	46	33	51	33	49	47	34	49	36	49	40	41	39	34	37	42	40	47	34	39	
46	46	34	39	38	39	43	39	48	34	46	49	48	48	34	48	34	39	42	51	48	53	45	40	50	45	34	39	43	42	
29	21	32	27	17	31	25	23	16	30	19	24	31	35	33	28	23	26	26	23	27	18	24	20	33	22	31	27	16	23	
19	29	26	20	29	23	36	21	18	26	18	27	29	28	32	37	24	32	36	24	32	18	22	27	29	30	19	18	28	30	
31	35	38	33	43	38	44	25	41	26	36	33	27	37	35	34	34	41	26	35	44	29	25	41	35	40	27	41	39	39	
23	30	15	14	14	29	29	15	15	29	24	20	20	19	17	19	14	20	20	15	23	16	30	28	14	17	23	22	16	31	
84	69	87	83	74	80	73	86	72	72	78	73	86	84	86	83	80	83	77	85	71	85	69	75	87	81	88	88	84	87	
51	59	40	41	48	42	46	42	47	40	49	46	49	49	46	52	46	51	55	53	57	53	45	57	42	52	52	54	49	57	
103	101	103	95	105	101	99	91	103	90	92	101	93	94	102	99	93	89	89	93	93	99	106	102	101	102	101	106	106	97	
34	42	47	45	34	43	46	43	30	30	40	45	35	35	48	42	35	34	43	34	44	30	39	44	39	31	46	42	31	47	
79	91	87	90	91	79	79	74	91	77	83	75	91	84	76	81	84	81	78	76	77	80	90	88	76	78	81	81	91	74	
117	119	118	114	111	119	109	103	107	110	104	112	114	109	111	114	113	102	112	116	105	117	111	116	111	113	120	116	106	109	
97	99	96	97	91	98	88	83	89	99	99	85	85	83	93	86	91	98	95	85	89	81	88	92	94	93	97	81	97	87	
11	22	10	4	21	5	16	21	10	23	6	23	11	22	8	18	16	13	21	4	20	17	23	9	16	19	19	20	12	21	
9	7	13	17	14	6	13	17	20	6	21	18	7	7	23	21	22	8	12	15	17	7	13	14	9	15	13	7	7	9	
71	69	54	63	56	66	61	61	60	57	55	67	66	69	55	53	57	65	65	52	70	66	70	63	56	62	68	65	55	67	
23	34	21	16	19	26	22	26	34	32	32	23	19	34	33	17	17	16	22	27	23	34	22	24	16	22	19	27	22	16	
85	89	90	97	92	92	90	99	84	86	86	88	91	82	83	94	84	96	89	97	82	82	95	100	93	94	88	98	96	83	
21	17	17	11	11	8	19	11	26	8	16	10	14	24	16	24	15	20	20	13	16	15	9	18	19	23	20	18	10	15	
20	14	20	25	20	20	22	11	25	9	20	12	7	16	11	12	8	20	12	9	15	24	23	23	17	11	10	10	18	24	
14	15	13	19	25	20	12	25	16	18	15	12	25	12	15	25	17	23	22	17	25	10	14	22	15	16	13	8	11	25	
114	99	106	102	107	104	106	111	97	104	103	105	107	113	104	109	108	115	100	100	115	97	114	100	105	101	114	107	111	113	
53	67	60	63	66	52	56	65	58	68	61	59	67	68	64	66	68	56	67	68	52	70	53	68	59	64	63	60	61	57	
69	51	54	65	62	67	68	61	56	61	57	60	58	65	53	65	61	57	66	62	57	53	68	52	64	66	59	59	68	53	
6	22	18	21	6	16	25	7	9	18	10	11	11	6	15	14	14	24	25	11	10	12	22	6	23	13	20	10	10	18	
101	100	100	97	94	102	97	111	102	110	108	100	96	103	101	109	96	108	104	94	111	104	98	109	94	106	97	109	100	100	
50	55	60	56	53	63	62	46	48	65	51	61	61	62	56	62	59	58	52	49	47	58	51	56	49	52	55	61	55	51	
75	73	76	66	64	82	66	80	83	82	64	82	68	79	80	75	71	71	71	79	67	83	74	66	66	83	80	75	77	81	
82	75	73	67	78	73	69	73	72	75	65	82	77	82	75	67	74	76	74	66	82	70	82	75	70	70	74	69	77	70	
44	46	32	37	33	38	34	38	38	41	41	40	27	40	39	44	32	46	33	38	31	43	29	42	31	32	46	38	36	38	
67	67	55	48	56	56	60	57	65	59	57	51	49	59	62	63	63	66	50	66	56	59	64	48	58	58	54	64	53	51	
46	32	38	36	45	39	35	42	30	43	49	37	31	42	47	34	32	35	30	48	39	47	40	47	33	35	44	44	38	31	
23	24	19	29	23	18	20	23	27	35	24	24	16	20	17	26	33	16	21	33	22	21	18	17	35	26	32	25	34	35	
25	19	20	20	21	29	19	19	19	28	22	20	25	28	23	25	22	17	16	12	30	25	30	25	15	17	28	26	13	27	
118	110	113	102	111	109	100	110	117	106	109	105	107	99	112	112	108	105	99	105	115	113	106	106	114	114	113	104	106	113	
48	47	40	45	41	34	52	39	48	40	46	44	50	47	41	43	40	41	39	51	36	45	49	38	51	53	41	37	51	41	
88	96	98	93	97	88	89	88	96	95	90	86	100	102	91	102	92	100	98	86	102	93	84	97	102	96	98	90	92	84	
99	93	89	108	92	104	104	106	97	100	91	91	105	104	91	95	104	93	89	96	89	89	90	103	108	106	92	104	91	89	
55	62	49	65	55	53	58	52	49	63	67	53	56	52	57	54	58	56	67	53	65	64	62	51	54	65	64	62	66	54	
83	87	88	73	84	83	79	75	88	89	73	73	74	82	84	76	84	84	80	80	73	77	82	83	72	77	84	79	71	76	
47	46	42	44	55	50	51	49	48	45	46	53	52	38	44	54	45	40	42	52	47	53	47	50	54	47	50	47	41	40	
61	66	66	60	65	61	69	63	60	66	54	59	52	53	53	64	69	52	69	54	64	62	53	66	57	65	56	57	63	55	
18	27	26	29	15	16	16	23	19	15	26	21	25	18	21	28	29	18	31	16	25	17	15	34	20	19	28	21	23	21	
80	86	76	76	81	78	91	81	76	76	80	76	93	77	84	79	82	88	85	92	94	89	86	80	88	90	80	90	86	89	
54	55	58	47	51	58	58	45	61	52	47	55	49	56	51	43	56	46	50	56	45	59	53	45	58	56	42	57	54	47	
108	105	100	110	105	110	107	106	96	109	99	106	102	96	107	97	108	103	113	100	95	109	105	102	107	99	111	101	96	109	
53	67	66	63	54	68	52	61	66	67	67	62	55	59	61	60	49	55	66	64	50	66	60	51	51	55	63	53	64	51	
90	101	96	90	94	96	90	93	91	98	100	98	86	95	97	83	82	98	95	90	82	96	98	90	98	84	91	99	86	88	
63	70	66	76	61	70	77	75	78	63	73	74	73	64	66	78	66	79	66	78	74	67	78	74	68	74	74	74	64	71	
73	77	64	80	68	78	62	67	69	65	81	69	64	67	74	64	77	64	64	69	62	72	65	64	70	76	74	72	79	70	
107	95	95	96	112	104	103	107	108	103	109	107	97	108	94	110	102	113	100	97	101	108	110	102	110	95	101	103	104	111	
26	27	34	34	28	21	27	30	26	38	22	22	26	30	24	31	34	25	19	34	32	31	24	29	36	23	36	19	36	35	
71	80	72	61	74	76	66	65	78	65	77	66	62	79	61	75	67	75	79	71	80	78	71	80	70	63	75	67	80	73	
111	108	102	98	115	105	103	101	111	101	112	102	101	114	103	110	112	111	116	104	108	98	117	103	111	98	113	108	104	112	
84	86	99	84	90	98	83	97	95	94	101	96	99	92	97	94	95	87	92	96	92	92	98	83	96	92	91	90	98	90	
78	69	65	62	63	64	65	77	74	64	71	68	79	67	62	70	74	73	72	78	71	74	78	79	63	74	73	66	78	81	
54	59	60	61	53	55	54	47	51	58	48	45	52	59	50	57	48	54	42	56	54	53	44	49	55	53	53	42	52	55	
78	71	68	74	75	80	81	67	73	71	71	68	86	82	74	83	69	83	72	73	79	69	82	80	70	81	77	71	75	69	
54	50	62	58	57	60	50	46	50	45	49	54	43	52	51	46	46	48	55	57	59	52	48	58	44	51	57	53	61	43	
73	83	81	68	67	67	70	71	69	72	72	71	80	73	67	69	71	78	71	76	79	82	84	76	76	85	77	67	67	72	
24	27	24	15	15	16	25	31	22	26	15	20	23	24	24	26	29	25	22	32	16	19	30	21	32	16	13	31	29	28	
110	110	113	114	104	101	100	97	96	104	104	96	108	99	103	98	98	98	101	99	110	97	103	103	108	98	102	101	110	100	
56	59	62	51	50	63	53	50	48	46	62	63	56	63	60	62	52	61	47	46	52	59	55	51	64	62	61	47	58	53	
8	17	11	9	17	20	20	9	10	13	21	11	15	3	4	8	20	13	13	21	18	4	5	22	21	22	22	21	3	4	
8	5	11	8	23	11	24	8	8	17	24	24	20	12	9	17	24	14	14	22	23	23	24	11	6	14	16	17	24	6	
94	102	104	110	103	99	101	109	101	94	102	98	92	105	110	93	102	97	91	93	101	110	102	100	105	95	96	98	95	91	
10	20	12	22	25	25	8	16	10	19	21	12	19	23	22	19	15	23	19	9	18	24	20	9	25	25	19	16	14	9	
65	70	76	70	68	71	68	65	78	67	77	73	66	69	80	70	79	81	65	76	81	72	79	72	68	69	68	74	83	73	
49	46	45	64	56	57	49	45	59	49	64	47	59	56	60	60	51	61	48	57	58	54	64	49	50	51	50	48	60	56	
10	17	21	19	10	10	13	13	12	13	11	17	5	9	11	14	14	17	7	7	6	7	16	21	11	7	10	13	7	21	
45	33	41	40	39	28	40	41	45	44	36	34	37	27	36	30	45	39	42	39	28	32	41	44	39	28	27	33	34	32	
30	28	27	16	20	26	24	17	15	19	25	30	14	16	17	23	17	23	26	30	14	16	26	29	13	13	17	16	31	27	
47	53	49	46	62	61	52	60	51	53	54	56	58	58	52	47	56	45	51	45	49	48	46	62	47	55	46	53	49	61	
85	88	74	89	71	81	75	77	76	85	79	76	81	70	83	80	82	86	73	74	82	70	77	73	88	72	80	80	74	72	
92	76	89	87	82	86	93	88	94	76	81	87	79	90	81	88	77	87	84	84	92	76	90	83	94	92	81	95	85	84	
86	77	88	87	76	74	83	78	80	89	74	75	76	83	79	87	80	77	86	84	89	80	90	82	78	74	80	89	90	89	
62	61	67	56	67	54	71	60	65	67	64	65	63	70	60	63	59	65	58	55	71	57	67	54	65	54	69	67	58	53	
100	100	110	94	108	92	98	101	92	103	98	101	94	103	102	96	107	106	107	109	96	107	100	93	110	105	100	92	94	108	
20	32	18	33	20	21	22	25	20	22	26	32	23	32	20	20	29	20	24	28	31	30	37	30	29	36	36	22	30	28	
70	72	71	74	75	67	80	75	70	76	73	71	81	66	68	68	73	69	77	78	75	79	80	80	78	84	79	68	83	83	
29	29	21	21	31	24	35	31	33	25	37	35	32	31	28	35	36	35	23	23	23	34	35	37	26	27	35	36	20	30	
26	17	24	25	16	17	35	18	26	17	32	34	23	29	35	26	18	17	32	30	28	27	22	24	28	16	25	16	25	16	
52	58	43	61	62	54	57	49	43	44	51	53	62	60	50	57	59	49	46	43	52	51	47	47	56	51	54	45	61	57	
69	88	76	72	75	73	82	69	85	88	69	70	74	72	87	72	84	75	84	77	71	78	69	73	75	82	71	87	85	84	
99	94	93	104	92	109	91	90	105	94	102	101	96	106	95	92	106	105	100	107	96	96	93	93	104	98	100	105	105	99	
69	73	77	81	75	64	65	76	76	65	68	77	69	72	75	81	75	66	65	69	67	78	82	69	81	66	81	72	76	79	
21	28	17	18	19	23	10	15	22	29	27	19	18	11	15	18	14	11	29	26	13	11	19	11	17	19	24	10	28	16	
104	100	91	90	96	108	91	109	90	101	101	103	100	107	106	91	106	108	103	95	103	103	108	100	98	107	105	94	103	107	
65	61	55	65	67	57	60	64	65	57	52	68	61	52	61	67	62	60	59	66	56	60	66	68	59	57	51	68	55	54	
49	39	52	46	58	47	50	51	39	56	50	53	55	58	53	50	54	53	58	45	55	56	51	54	52	56	39	51	58	46	
82	89	76	93	89	91	86	76	84	93	75	75	77	92	88	80	78	78	76	75	88	78	83	80	94	81	83	83	88	83	
13	14	18	3	16	17	6	4	14	8	18	14	7	9	6	14	17	19	10	9	9	3	12	19	21	11	3	7	4	3	
91	90	76	82	90	94	92	85	83	82	75	82	82	94	88	75	77	84	83	82	75	88	87	85	92	80	77	90	82	87	
28	29	27	34	34	23	29	36	35	35	21	31	29	36	32	33	36	19	28	18	18	25	26	30	24	18	37	34	34	22	
8	4	14	8	20	2	4	15	3	8	5	6	12	3	19	18	2	11	7	6	17	14	9	17	21	18	15	11	9	19	
78	85	83	73	80	82	83	79	75	84	80	80	80	74	80	73	87	78	84	82	86	88	86	73	75	73	82	76	74	80	
21	14	14	12	8	14	8	20	11	20	25	6	22	8	13	10	6	25	15	20	16	17	8	24	20	17	14	14	9	14	
30	20	31	31	31	20	27	18	27	33	18	19	21	18	32	22	34	37	26	23	32	37	37	35	21	27	21	27	24	26	
22	17	27	22	32	32	33	22	29	21	20	24	29	22	27	30	31	23	30	27	31	16	17	26	24	28	25	16	18	35	
71	68	75	82	73	64	82	79	78	79	68	72	82	64	69	66	72	69	73	66	83	77	80	68	74	67	81	82	77	64	
35	22	39	27	27	38	37	37	39	31	31	25	31	39	33	37	24	31	39	27	33	34	22	38	23	28	29	34	24	31	
55	67	60	66	54	65	63	70	61	61	54	68	55	68	54	51	61	53	70	53	54	64	51	54	60	69	59	70	51	58	
74	68	59	62	71	64	74	62	78	59	78	71	75	64	73	64	65	75	63	66	68	62	67	68	66	69	69	77	72	69	
77	70	74	61	72	71	65	71	73	73	70	80	69	71	61	79	70	75	67	66	70	75	71	65	63	71	69	76	79	80	
45	55	41	52	48	51	57	53	44	47	55	55	54	41	58	59	54	60	45	42	55	52	56	45	44	55	49	53	53	52	
67	60	72	65	69	57	55	69	71	60	72	67	72	60	71	60	71	70	58	66	66	60	64	60	71	61	72	60	56	59	
35	37	35	27	35	36	25	27	28	33	28	40	39	32	39	38	37	40	42	33	36	26	38	27	40	27	28	34	32	43	
114	117	100	100	116	107	99	113	112	102	117	104	115	98	100	110	103	103	101	111	116	114	116	103	101	110	107	100	114	113	
27	29	25	33	40	31	22	26	28	34	38	37	28	30	40	35	37	21	24	30	21	39	28	36	28	38	24	21	31	31	
62	66	57	60	59	58	51	60	61	57	63	55	62	51	54	56	61	59	48	59	49	67	65	49	65	54	64	57	54	50	
98	99	94	97	102	87	102	86	98	92	102	93	95	90	85	90	99	89	86	101	98	101	97	91	102	93	88	93	103	100	
19	26	23	17	32	16	32	24	33	20	30	25	30	29	24	26	24	24	29	24	30	32	15	20	28	22	26	28	16	25	
90	89	89	97	99	101	98	89	88	89	87	92	93	95	104	95	97	87	90	85	104	100	103	100	101	92	88	93	91	103	
53	67	50	59	59	58	51	51	65	63	69	65	63	63	66	58	66	66	51	69	68	66	64	51	54	56	65	60	62	52	
41	56	44	58	44	52	41	51	39	54	44	57	43	40	45	55	45	43	52	56	41	42	51	45	53	58	39	49	50	53	
40	46	43	41	45	40	37	40	29	40	30	37	37	30	33	41	31	29	41	37	39	46	28	38	41	41	40	45	39	34	
35	34	38	38	39	45	44	30	29	30	33	40	37	35	26	40	36	28	27	29	36	44	38	39	45	42	43	33	38	29	
72	73	67	79	77	74	65	69	77	80	65	71	75	74	70	67	72	81	72	78	79	66	67	68	67	79	72	81	66	76	
73	76	73	82	88	77	79	75	79	71	89	77	74	76	71	72	86	88	86	89	76	80	73	78	85	88	78	88	78	86	
55	67	64	55	57	63	67	55	55	51	59	57	57	57	68	67	53	69	50	59	64	50	69	52	57	54	51	50	51	60	
93	87	86	87	82	91	79	83	81	77	85	90	92	81	93	95	87	93	94	77	88	92	91	90	76	76	83	85	95	79	
9	12	12	23	7	26	18	19	18	16	18	11	19	17	20	14	26	21	21	8	15	16	19	26	13	23	25	10	15	12	
63	72	71	64	57	70	68	73	64	71	73	62	66	69	72	72	65	72	66	69	73	74	74	60	67	62	69	61	64	66	
7	4	19	19	16	6	15	2	18	4	20	7	21	5	21	13	14	16	7	16	17	7	12	16	13	18	10	11	20	13	
22	14	30	18	17	29	25	23	23	14	26	11	20	11	23	25	17	28	11	17	15	13	24	24	18	23	13	11	13	23	
100	97	98	87	85	87	102	95	93	92	93	100	102	102	94	97	101	102	90	102	88	88	91	98	88	98	94	98	85	95	
38	34	37	46	44	32	35	44	42	39	48	39	43	48	44	39	33	45	40	45	36	42	49	44	44	46	47	42	38	43	
43	52	47	47	48	38	41	44	40	50	52	50	34	37	39	36	34	39	45	41	45	52	40	38	40	45	49	37	44	43	
6	18	8	20	8	18	22	12	9	22	9	22	24	21	13	22	24	17	17	11	18	22	21	25	12	21	6	19	24	13	
56	58	52	63	55	57	54	50	63	67	64	51	67	63	51	54	66	62	61	56	53	66	56	59	57	53	56	50	49	63	
33	42	34	42	30	36	44	45	43	32	35	44	36	31	45	45	29	48	32	31	38	48	41	30	48	40	30	30	36	37	
49	41	54	50	51	43	54	54	36	50	51	39	39	39	45	52	41	47	54	50	54	35	53	46	51	54	40	49	46	40	
84	88	86	82	83	76	89	75	77	75	75	72	89	80	84	75	81	80	79	86	88	88	75	79	86	81	87	91	76	89	
41	56	47	44	45	55	39	57	44	57	39	46	44	43	44	48	38	38	38	39	39	38	49	52	56	52	50	44	44	57	
32	32	18	23	21	30	31	26	21	27	20	24	28	36	26	28	36	28	25	23	32	37	22	20	29	24	33	31	31	30	
56	62	68	50	60	50	56	60	50	60	56	66	53	52	65	64	66	54	61	59	63	67	64	50	66	65	61	49	61	53	
37	44	46	37	31	38	36	36	40	39	42	46	42	46	46	29	41	31	35	29	33	30	45	40	35	36	33	32	39	42	
51	63	60	45	56	55	62	59	53	54	54	53	64	46	47	51	56	57	59	46	57	50	45	55	55	51	49	60	61	53	
27	11	27	13	10	18	21	18	28	20	19	20	11	27	13	17	25	13	13	26	20	18	28	22	20	15	25	19	20	17	
20	20	28	18	32	32	33	33	23	35	33	27	32	31	34	31	28	19	30	17	16	18	17	19	29	20	26	19	17	16	
27	37	32	33	29	31	30	38	27	42	43	44	37	33	28	41	36	31	27	41	45	37	42	41	33	33	40	37	42	35	
29	36	26	31	26	24	41	36	25	33	23	38	30	33	39	29	34	34	29	27	37	42	39	35	29	38	25	29	37	24	
43	48	39	35	39	41	46	42	36	40	35	41	45	44	36	40	41	53	45	53	35	49	44	42	49	35	44	52	39	39	
45	32	42	33	41	46	49	32	46	42	44	49	35	42	45	39	45	41	38	45	43	43	42	36	49	42	44	44	50	34	
67	69	73	63	60	73	65	67	67	58	57	71	57	66	64	72	69	76	75	64	64	61	69	57	75	72	67	66	72	70	
43	37	31	48	41	43	42	35	33	43	43	48	45	42	35	35	48	41	35	34	32	45	35	33	42	48	36	42	48	35	
40	50	41	39	41	50	37	51	47	48	49	45	41	51	42	52	52	38	40	54	48	41	42	50	40	47	39	40	52	53	
76	86	74	86	91	86	78	84	75	79	76	78	73	75	88	80	74	87	83	82	83	84	92	86	82	74	87	89	75	74	
111	103	110	103	102	101	97	95	98	111	103	92	94	96	93	96	111	105	94	107	98	109	104	105	105	106	92	104	94	101	
70	64	73	82	65	70	72	64	82	74	71	83	69	81	73	68	83	77	72	75	70	68	73	70	67	70	70	78	68	67	
47	44	35	46	48	45	38	49	38	43	49	44	38	48	35	41	50	51	35	37	47	49	52	45	37	47	54	53	48	50	
48	61	58	55	62	62	58	56	60	45	54	55	56	62	51	57	60	62	48	53	60	47	48	55	45	59	61	53	62	62	
90	98	93	92	99	87	95	82	98	98	91	100	86	94	83	81	83	99	83	88	100	96	83	91	97	98	95	87	96	87	
37	37	36	20	35	24	38	28	19	37	32	30	36	30	28	36	36	36	20	37	32	34	33	29	25	25	26	29	37	33	
17	6	18	18	16	10	10	20	14	13	22	4	10	7	5	13	19	6	16	6	21	16	4	11	17	17	6	17	22	21	
8	19	5	10	11	14	17	8	6	10	21	12	7	13	17	4	4	22	11	21	14	22	15	19	8	14	3	12	18	4	
70	60	72	68	58	67	63	70	58	59	71	58	58	59	72	61	60	66	61	74	63	66	68	61	72	68	62	67	66	72	
63	71	74	72	69	61	74	76	60	69	58	67	59	61	67	60	71	59	63	66	58	76	64	71	64	60	61	71	69	75	
63	62	69	77	72	74	70	70	68	65	65	75	64	62	78	81	69	69	75	72	64	80	72	73	72	62	63	66	78	63	
63	70	66	63	82	75	67	63	65	68	68	81	74	68	64	76	79	78	82	70	63	79	76	66	63	71	69	73	72	64	
49	51	64	54	64	51	60	63	68	51	64	60	63	60	49	51	52	57	68	58	53	54	51	64	66	66	63	51	58	49	
27	37	42	35	27	40	37	36	34	29	41	42	38	37	43	37	29	24	28	29	28	27	32	35	26	28	27	24	33	29	
88	88	84	79	85	80	88	80	79	80	78	87	76	81	75	72	77	88	89	75	87	73	78	72	72	85	84	77	75	90	
52	64	58	62	54	49	59	60	64	65	62	59	60	57	67	54	63	60	51	67	58	54	65	62	67	66	60	58	68	67	
38	47	31	29	47	37	29	46	28	45	42	43	33	29	31	43	38	41	37	43	32	47	45	32	41	35	30	43	47	42	
4	17	17	14	16	11	21	14	6	7	19	21	15	6	4	11	11	14	4	16	11	12	15	12	5	12	4	14	17	17	
7	22	16	19	11	17	18	16	17	26	17	10	7	14	23	7	10	26	19	24	23	18	26	16	24	8	17	24	18	20	
9	24	11	16	16	18	17	12	8	22	27	23	17	16	8	20	14	20	9	20	23	26	26	24	21	15	11	20	27	27	
14	8	19	8	13	7	8	20	22	25	19	14	21	19	21	26	22	17	26	8	26	16	22	7	13	24	24	21	9	26	
25	42	43	29	28	26	27	37	30	33	34	44	31	25	35	30	33	26	37	30	34	39	38	27	38	36	25	35	43	41	
97	94	98	97	82	93	95	94	87	97	93	99	89	95	98	82	88	94	88	86	87	92	91	87	94	95	95	88	88	94	
85	92	97	89	85	90	91	92	97	87	92	97	95	81	96	88	99	90	82	84	84	89	97	84	87	82	81	99	97	87	
45	44	48	47	48	36	36	37	40	37	50	53	49	47	37	39	42	50	40	43	40	39	51	44	43	51	51	44	50	51	
28	42	28	40	44	31	35	46	34	34	40	37	28	32	29	46	46	39	41	43	42	27	28	46	36	45	31	43	35	41	
95	77	84	91	80	85	91	78	77	94	81	90	82	91	84	91	80	77	87	88	80	79	85	83	93	92	83	84	77	93	
23	29	18	14	19	20	23	28	22	24	24	26	27	23	20	30	28	28	15	21	15	32	18	27	29	13	13	28	29	14	
112	112	104	115	110	106	104	102	104	116	100	114	102	116	114	99	107	102	110	113	102	115	109	101	104	118	113	104	110	109	
74	69	70	67	78	71	68	77	62	77	62	74	72	76	77	79	64	64	67	62	81	71	63	78	78	69	78	80	69	80	
13	29	24	25	23	25	15	22	20	28	26	28	13	18	18	18	22	16	16	12	13	14	13	30	22	16	16	19	12	20	
44	45	46	49	35	54	36	50	49	42	45	38	44	44	50	48	42	50	49	53	36	53	38	48	35	51	51	48	41	36	
77	75	71	66	66	67	71	60	77	69	74	74	71	72	71	63	62	63	73	73	76	66	73	76	65	67	61	63	59	65	
65	67	68	69	53	52	51	68	55	66	68	56	67	65	58	58	57	56	61	50	68	69	61	51	55	65	61	62	50	57	
81	71	82	81	84	78	68	73	86	85	69	70	87	79	79	85	76	87	84	79	77	82	82	72	73	84	74	76	83	77	
107	108	99	118	103	107	111	101	111	113	118	113	112	107	100	114	99	111	112	107	101	103	102	99	106	101	109	114	116	102	
93	87	78	92	79	75	85	84	79	94	92	78	87	84	75	90	80	85	80	77	93	79	82	92	82	93	91	87	86	93	
81	84	77	86	94	83	92	90	93	77	88	94	91	94	79	92	84	90	84	88	81	93	84	86	88	76	91	86	89	92	
109	110	116	111	101	118	104	111	119	101	116	118	101	107	106	116	117	104	111	109	118	101	114	105	104	117	104	102	100	103	
91	102	84	86	102	98	85	95	94	102	88	94	95	102	92	93	102	101	102	96	96	100	102	89	96	94	103	98	90	86	
87	86	96	90	88	101	87	87	99	92	89	100	82	101	88	96	92	100	83	87	95	95	83	84	83	96	98	92	92	86	
28	30	27	30	17	25	18	25	21	30	29	11	29	21	30	24	21	25	23	28	15	11	20	26	20	21	29	18	21	26	
63	58	60	66	51	64	50	51	66	65	66	61	64	64	66	67	61	61	68	53	49	60	61	59	62	59	50	55	56	56	
40	21	22	31	38	36	30	36	35	24	23	23	31	29	27	40	37	39	32	34	35	32	31	30	25	29	39	34	25	29	
84	72	74	88	87	72	80	89	82	80	90	83	78	77	72	75	72	85	74	83	74	89	77	84	74	85	77	75	75	88	
84	91	91	94	91	83	97	97	88	86	90	96	94	98	93	83	101	90	87	87	102	85	102	96	84	85	95	100	88	98	
115	97	102	108	113	103	111	114	112	106	98	107	114	107	107	115	103	102	113	108	107	103	114	115	111	108	114	115	108	101	
103	105	101	92	104	90	96	102	88	86	87	102	99	99	94	92	91	86	104	94	90	96	95	99	90	87	94	88	100	94	
84	84	75	91	89	78	73	89	92	83	86	88	90	83	83	82	82	81	80	86	87	81	90	82	91	89	85	73	73	74	
71	73	74	81	80	70	76	75	80	67	75	71	64	75	79	76	73	62	70	64	66	75	77	80	68	77	63	67	66	65	
67	63	64	63	67	67	65	75	63	82	81	80	81	75	71	66	74	81	77	76	82	76	82	64	70	76	63	67	78	71	
3	6	17	14	16	17	4	3	6	2	11	3	15	19	14	12	5	21	11	5	12	5	3	3	13	18	19	16	11	6	
80	85	96	87	88	95	81	81	94	84	97	96	86	95	85	81	86	84	93	84	91	92	85	88	91	79	98	87	84	83	
57	59	55	50	52	63	45	53	58	59	63	56	62	47	60	44	46	47	50	58	46	57	61	44	56	62	61	54	47	52	
85	77	81	84	82	81	74	83	81	83	72	90	75	81	73	82	76	71	90	76	80	90	72	72	75	77	72	75	83	76	
105	104	92	99	100	94	100	93	103	92	92	94	93	94	91	96	107	104	98	90	108	103	102	101	91	104	100	92	97	90	
57	54	62	62	57	47	56	49	61	46	51	61	54	61	46	51	53	59	53	57	64	49	64	61	54	55	55	49	60	61	
53	52	47	52	41	37	36	40	49	51	52	48	45	52	47	40	45	46	40	40	48	50	53	55	38	54	36	50	55	53	
69	70	68	59	63	65	60	70	66	77	64	62	63	78	61	59	60	66	66	78	67	70	72	73	74	73	67	71	65	76	
115	98	108	116	115	97	109	110	99	110	111	114	110	97	100	99	108	100	103	115	103	106	105	105	103	107	112	103	106	105	
111	116	104	114	118	103	113	107	111	103	105	109	119	119	110	101	117	116	115	109	113	118	113	112	110	104	107	117	112	112	
91	100	103	108	96	99	107	106	106	104	102	102	96	95	105	94	109	91	103	94	101	92	107	104	108	93	106	100	101	103	
28	15	11	26	21	13	18	16	21	12	27	30	18	16	11	11	29	20	26	22	17	14	15	21	11	19	16	17	29	19	
59	58	77	64	61	64	75	69	65	71	61	63	59	73	61	76	76	64	67	61	62	59	74	67	59	74	60	69	77	67	
109	107	98	102	114	98	103	110	108	112	101	115	115	115	100	113	102	112	111	112	106	99	115	98	114	108	99	111	106	99	
48	33	40	38	48	45	44	34	36	37	37	32	37	45	41	40	37	46	47	44	38	39	46	37	30	37	34	47	45	38	
73	78	85	72	86	82	81	87	77	73	76	78	83	81	70	85	82	76	74	70	83	87	82	83	89	88	87	85	82	78	
107	96	100	96	108	109	114	97	101	107	103	111	113	114	97	96	104	111	102	114	113	99	109	112	106	111	112	104	101	110	
51	58	54	66	63	53	51	54	49	50	57	51	50	61	65	56	54	65	62	66	65	62	67	48	55	51	57	49	59	48	
46	48	38	43	44	51	45	53	36	43	48	44	39	40	54	42	46	52	39	38	44	50	44	50	38	46	39	47	35	39	
24	17	10	10	18	12	22	24	8	10	11	8	12	22	9	10	24	23	24	12	9	25	12	27	24	16	18	10	25	14	
36	29	19	26	17	30	21	31	28	26	35	23	24	32	23	18	20	30	27	18	26	36	34	26	29	23	18	24	31	32	
100	100	114	104	111	111	110	99	113	114	116	101	104	108	116	115	112	106	105	113	114	116	116	102	100	106	100	99	116	118	
75	61	75	63	78	78	79	62	69	70	60	67	77	76	66	70	71	78	60	67	65	61	75	76	76	66	78	64	72	78	
73	59	71	55	65	64	73	71	72	62	60	64	59	66	66	58	69	63	71	70	55	68	56	55	61	71	59	59	63	56	
87	93	88	92	92	88	101	88	85	91	99	94	90	99	86	100	85	96	93	96	94	90	87	92	96	95	96	90	82	99	
38	35	43	52	43	52	36	39	38	50	33	45	35	40	52	33	46	47	50	44	50	51	49	34	41	50	50	40	43	33	
35	45	50	51	52	33	45	36	33	44	38	38	45	45	49	34	48	46	50	44	46	33	36	45	47	52	49	46	47	42	
46	43	33	41	28	31	41	42	36	32	36	36	44	36	37	37	29	34	32	43	29	33	40	46	28	46	35	35	37	32	
74	56	55	66	70	61	74	64	58	74	73	71	63	57	72	69	74	56	59	74	64	64	61	59	73	62	74	62	66	64	
46	46	40	54	47	52	41	42	46	35	43	41	46	39	49	50	53	37	41	44	46	45	44	48	48	40	38	50	48	46	
116	110	105	105	118	102	105	102	105	115	103	114	116	108	105	103	116	117	105	102	104	101	110	100	113	118	104	109	103	103	
107	108	93	93	108	101	97	100	107	98	108	106	96	102	91	99	97	93	90	96	92	97	90	96	92	105	101	108	97	95	
26	29	25	33	23	24	40	29	33	28	38	30	28	24	30	32	26	33	22	30	39	23	36	31	40	35	22	41	30	41	
74	62	74	64	80	78	66	71	69	72	80	67	62	64	75	78	62	66	73	65	68	73	75	65	61	78	76	70	75	79	
47	43	54	49	56	44	43	52	61	46	60	60	55	50	50	50	47	46	60	46	56	44	62	57	51	59	50	62	47	44	
108	106	103	105	112	106	116	109	110	116	116	116	117	117	109	107	111	113	108	115	117	110	114	116	105	116	111	104	107	113	
54	61	50	54	47	57	60	56	65	58	54	54	56	49	66	59	59	55	47	63	62	52	55	50	48	53	62	66	56	57	
96	113	105	95	102	101	103	97	113	111	111	109	102	113	94	105	113	98	101	100	113	112	97	97	98	106	100	107	112	104	
54	49	43	43	53	48	44	46	42	45	49	43	50	49	45	45	54	46	50	50	47	47	57	61	53	58	61	59	60	56	
45	45	56	47	61	61	44	61	62	58	55	59	47	61	43	55	43	55	62	43	50	62	54	61	53	46	43	58	62	54	
28	22	24	30	17	18	19	29	25	17	20	22	16	28	25	14	21	17	15	28	15	18	18	22	23	14	19	30	23	26	
77	87	83	74	86	77	80	90	79	74	90	74	72	80	83	91	76	86	81	75	81	80	86	81	74	72	82	73	90	74	
58	42	50	51	46	46	56	46	42	42	44	58	54	47	55	42	53	56	48	43	47	57	53	43	42	54	52	45	45	45	
52	66	51	65	64	61	60	61	52	51	56	60	57	50	64	61	59	54	52	65	55	52	65	62	59	47	61	59	55	49	
89	98	88	92	99	99	88	101	95	85	103	85	86	94	100	90	86	84	84	100	98	99	96	86	87	99	84	86	91	94	
67	65	77	72	72	67	72	71	70	66	69	82	70	65	67	75	73	73	68	77	77	79	75	82	81	75	81	75	70	69	
54	52	51	56	44	40	59	41	41	59	51	53	41	49	59	48	45	57	46	53	51	49	46	45	47	46	50	40	56	52	
92	98	99	100	100	105	87	105	88	87	88	89	100	100	99	97	104	97	105	94	87	94	89	97	103	100	100	104	96	102	
72	90	88	72	73	89	80	72	81	84	73	91	75	88	84	73	86	83	89	86	74	90	72	73	72	72	90	80	72	83	
76	63	63	64	58	75	74	67	74	60	64	65	60	67	73	74	72	59	71	65	76	70	72	60	77	61	60	65	66	62	
41	48	43	52	55	49	44	48	55	57	50	42	53	56	52	48	54	47	44	49	41	55	55	45	43	48	49	43	57	38	
103	98	109	112	99	97	114	97	115	101	116	97	106	102	103	101	102	109	110	115	102	100	109	106	113	102	105	98	98	108	
80	81	83	81	78	67	76	86	70	68	85	78	67	68	71	77	84	74	75	68	82	75	68	77	71	85	85	78	75	77	
51	65	49	67	52	59	50	50	62	56	60	65	68	61	62	58	56	60	50	54	68	62	64	50	54	63	50	66	62	58	
29	19	26	31	17	17	26	34	22	29	31	27	31	27	34	31	19	16	22	18	16	17	25	29	31	24	26	31	31	19	
42	38	47	39	42	45	34	31	33	42	31	47	32	29	41	30	47	41	36	42	42	35	38	38	47	39	44	44	34	46	
94	90	96	102	92	88	100	91	104	99	99	95	89	97	107	100	102	91	98	106	93	107	99	102	103	102	99	98	101	102	
63	64	66	67	73	76	62	76	73	74	66	68	79	73	75	66	77	69	77	75	62	64	77	69	61	71	79	75	76	68	
88	97	96	87	86	95	91	78	93	93	81	83	85	87	87	92	96	82	82	86	89	91	97	83	91	97	88	92	94	92	
91	84	100	98	87	95	90	92	86	95	83	90	84	92	93	95	82	96	97	81	88	99	90	94	91	83	84	91	92	89	
83	82	76	81	82	72	91	87	85	79	91	72	72	79	77	86	72	78	82	77	79	82	83	78	84	87	72	88	90	80	
32	14	31	20	25	30	21	29	16	28	20	19	26	27	27	16	25	28	19	26	26	23	28	30	28	27	28	18	26	32	
28	21	17	22	18	29	12	16	23	17	28	28	18	16	29	29	24	21	30	28	14	24	19	15	28	28	20	23	18	27	
25	40	41	40	39	26	32	24	41	39	34	33	27	25	22	27	32	27	33	22	37	26	24	39	35	32	37	25	22	35	
35	30	19	23	19	22	32	30	23	24	35	30	19	20	22	20	24	37	31	29	24	22	26	28	20	22	36	28	36	34	
98	104	87	103	90	104	104	90	93	90	100	89	100	88	94	93	92	87	100	86	96	86	92	88	103	104	96	103	95	92	
34	32	38	26	28	27	21	36	38	39	31	26	28	25	21	23	27	32	37	30	23	31	26	26	27	40	27	23	34	27	
19	20	15	4	19	22	21	23	12	19	18	21	17	18	8	6	9	22	18	4	13	4	13	13	14	11	19	6	15	17	
75	86	78	71	87	78	76	81	82	74	78	76	74	77	69	74	79	70	76	72	79	76	83	72	83	73	84	76	84	76	
56	55	46	54	53	44	47	53	48	56	54	47	41	56	56	44	56	58	57	41	58	45	46	55	55	58	45	49	45	55	
17	23	25	21	6	24	17	19	21	24	14	18	17	24	17	20	23	8	16	6	21	16	22	14	8	10	11	23	17	7	
32	21	28	26	23	40	38	32	26	34	36	40	37	30	31	40	32	31	33	32	23	32	30	23	38	27	30	22	26	31	
99	97	94	93	89	91	101	88	95	104	96	96	92	92	91	103	100	88	98	103	87	89	105	102	90	96	99	88	89	87	
95	97	81	96	98	97	95	98	96	98	98	81	94	99	83	86	97	81	97	85	96	94	100	84	89	86	84	91	99	81	
91	90	95	96	96	87	88	91	92	80	85	81	89	94	97	80	89	85	96	79	84	92	89	93	93	96	82	90	79	92	
31	20	16	20	30	14	18	32	19	30	21	25	16	27	27	26	25	26	32	28	22	14	26	32	32	20	21	31	19	20	
85	75	80	74	79	91	76	79	85	81	74	83	81	82	75	88	81	74	83	87	77	74	83	85	81	84	85	92	82	80	
100	101	96	101	98	96	109	111	100	102	98	101	107	103	98	96	97	105	102	103	110	93	94	97	109	93	104	105	109	106	
62	53	60	62	53	57	51	61	49	48	56	61	51	59	60	54	54	43	50	53	52	50	53	61	54	59	59	60	55	51	
113	111	101	110	113	100	105	103	114	99	113	113	100	103	102	98	103	104	107	104	103	106	110	108	115	108	108	99	99	100	
47	49	48	47	41	43	43	41	31	47	39	40	45	45	39	46	30	37	30	46	37	30	35	48	41	43	42	45	47	33	
94	81	96	89	90	80	98	96	96	96	97	83	93	97	87	94	86	81	90	80	96	92	80	86	94	94	94	82	90	93	
37	45	52	38	33	47	38	43	35	34	40	49	51	42	46	44	43	45	42	34	48	42	48	38	50	38	35	46	49	45	
72	71	71	82	86	83	85	78	79	78	85	68	74	86	77	77	74	78	83	74	83	68	76	68	73	80	68	74	67	76	
99	98	93	102	100	106	102	108	97	108	93	109	109	107	92	109	96	105	102	107	102	109	107	99	104	90	109	102	96	95	
51	57	65	59	55	51	55	53	57	59	50	62	64	48	58	50	60	51	66	62	50	54	67	60	52	50	55	49	48	67	
57	50	59	54	44	58	57	42	45	45	53	59	43	51	42	61	42	44	48	52	57	43	55	61	55	58	55	53	54	57	
54	53	50	51	50	57	51	59	58	47	47	55	57	48	44	42	61	58	55	45	55	51	51	58	45	55	59	49	58	55	
37	27	37	20	23	37	28	19	28	24	26	33	34	25	21	21	34	36	35	18	33	25	28	31	21	30	18	18	37	23	
95	97	100	108	96	93	108	96	100	102	107	101	97	105	95	108	101	107	101	97	101	97	99	89	100	91	106	95	93	96	
7	8	7	11	23	19	17	18	24	22	15	22	21	18	21	9	23	19	13	7	22	17	15	21	15	15	23	19	19	15	
106	102	109	109	103	105	112	111	113	100	110	102	101	97	113	98	105	104	111	102	115	99	101	99	114	112	114	111	99	109	
47	38	44	38	38	37	32	33	34	38	40	50	32	32	35	33	48	49	38	48	47	43	51	50	42	32	35	51	32	41	
31	43	34	38	45	28	29	38	36	29	38	34	41	37	46	29	44	31	31	42	29	39	39	28	36	47	46	37	44	45	
111	102	96	101	99	99	108	98	105	94	97	108	111	112	109	106	109	112	97	101	111	104	104	106	97	95	102	97	97	100	
106	94	102	90	103	107	101	105	100	107	103	92	99	101	104	102	92	105	98	90	101	90	101	103	96	106	94	107	102	91	
86	101	104	96	99	85	101	86	99	87	100	101	91	91	94	92	94	96	97	92	88	96	92	86	93	94	104	93	89	99	
7	18	22	6	21	5	15	10	15	5	22	15	4	20	20	18	13	6	21	16	15	20	3	19	6	21	20	22	3	7	
69	83	71	75	83	72	78	82	69	70	76	86	85	70	85	82	81	69	73	76	76	82	86	82	74	73	85	74	74	78	
31	28	41	25	25	35	25	26	26	25	24	42	36	25	31	42	35	39	30	27	34	25	42	30	32	40	29	32	41	37	
18	20	15	13	5	17	23	13	7	8	4	5	22	4	9	12	21	23	20	18	20	19	8	22	12	18	23	23	8	23	
59	56	52	43	47	57	53	46	42	54	46	47	52	59	58	56	59	51	56	47	45	44	50	55	53	58	54	56	40	56	
100	96	95	91	93	92	109	104	106	100	104	97	95	92	101	92	106	92	97	107	95	110	109	99	103	104	105	97	108	93	
15	6	21	23	13	19	17	16	14	16	18	15	23	15	9	7	18	23	10	13	18	13	17	16	21	10	12	19	9	15	
91	96	98	97	88	85	96	90	82	84	100	101	93	93	84	99	93	84	91	94	96	86	91	94	84	93	92	83	101	87	
32	42	33	38	41	34	41	33	40	29	38	34	29	41	36	41	43	33	40	34	33	43	39	44	39	38	31	43	42	36	
58	58	59	68	68	58	74	61	70	55	67	59	74	66	67	71	58	72	62	68	72	57	69	74	66	73	62	58	58	63	
65	55	66	67	61	66	57	54	54	53	69	64	64	52	52	51	69	60	67	59	56	52	58	62	53	57	65	67	66	53	
15	28	25	29	32	19	20	27	18	30	19	26	16	27	18	21	20	27	29	21	15	16	34	20	17	24	28	22	25	30	
78	66	70	70	73	69	78	80	71	82	74	78	82	74	75	72	72	69	82	72	66	77	78	65	82	76	78	71	80	66	
115	116	118	99	112	117	110	108	110	116	103	99	109	106	112	104	113	109	116	105	116	101	113	105	115	114	100	109	115	104	
69	77	80	74	73	79	75	65	72	81	75	81	74	79	78	77	67	71	75	66	81	68	66	82	72	80	75	78	82	81	
111	109	116	104	110	99	101	110	100	112	110	112	105	112	109	100	106	99	104	106	115	105	110	112	115	105	109	99	97	104	
17	15	14	28	19	24	27	11	13	26	19	28	13	23	15	12	18	20	16	16	23	10	14	16	20	23	27	26	10	11	
49	35	33	39	37	35	39	35	40	41	40	38	40	51	51	46	51	51	36	41	47	38	45	41	45	48	48	51	51	32	
71	52	61	60	56	70	61	69	64	59	71	64	70	61	64	52	55	61	62	53	61	71	57	66	71	65	71	65	63	65	
108	118	110	120	107	113	115	107	110	112	118	102	116	103	108	102	108	105	120	120	109	114	107	114	118	118	107	102	101	109	
14	14	19	15	21	16	24	22	28	23	16	16	29	32	23	16	21	21	27	15	31	32	24	17	21	29	27	30	18	18	
74	72	73	80	74	83	80	86	86	74	82	75	79	85	76	75	72	90	85	77	83	91	89	78	87	90	72	85	88	82	
92	94	89	97	90	85	101	96	95	87	101	83	94	93	94	96	88	94	84	101	85	101	98	100	94	84	94	87	96	87	
27	33	24	26	34	20	31	30	27	16	15	24	17	20	28	24	29	33	15	24	19	29	19	27	32	20	26	20	21	30	
119	116	100	114	114	115	100	112	112	109	116	108	116	110	111	118	111	114	102	102	109	116	110	115	101	109	118	106	109	116	
36	45	44	38	41	43	31	33	41	35	28	40	28	45	38	38	46	44	45	44	41	44	37	40	33	39	44	39	28	29	
8	16	11	11	19	22	20	15	16	14	10	11	19	17	14	19	13	14	22	16	7	26	22	9	15	20	19	13	21	25	
99	91	89	87	87	93	98	95	88	88	96	95	99	101	87	88	90	99	90	97	95	105	98	103	99	87	99	104	103	88	
34	31	37	36	41	34	37	30	37	33	40	34	37	28	34	43	29	38	25	33	28	41	27	36	27	31	27	39	35	38	
65	65	61	56	53	58	62	58	63	58	66	65	62	54	58	54	55	55	67	69	64	55	72	65	59	66	66	62	56	54	
56	64	53	54	55	62	57	51	61	58	46	47	48	52	50	51	51	52	51	50	52	65	50	49	57	65	47	63	62	52	
94	89	96	79	90	95	97	94	90	81	98	92	84	97	88	81	94	83	90	84	81	86	90	98	95	97	91	92	93	97	
74	78	89	80	83	77	84	85	81	87	86	73	81	77	80	91	83	80	89	80	88	77	75	74	81	91	89	88	81	89	
48	34	51	47	47	49	40	43	39	38	53	53	45	41	35	41	40	45	45	51	36	44	35	35	38	37	52	40	51	52	
83	91	84	82	82	82	90	83	83	83	83	90	83	90	92	78	85	81	91	90	83	77	93	86	80	83	91	77	84	89	
107	104	119	116	107	106	108	105	118	113	110	111	110	103	119	108	117	120	105	117	114	111	109	110	116	112	107	101	111	101	
56	62	64	58	59	65	57	63	60	58	62	59	63	61	55	66	67	55	63	65	68	54	56	54	61	69	69	69	54	62	
80	89	91	87	92	96	88	96	81	84	96	80	86	81	81	91	80	94	96	88	87	78	89	86	81	96	86	84	78	78	
108	117	109	101	101	102	104	111	110	112	113	105	117	105	100	114	104	102	105	109	117	102	102	98	102	111	105	100	102	105	
82	82	82	100	95	86	83	96	93	96	97	82	99	91	100	100	91	93	97	83	88	95	82	101	99	91	101	85	89	85	
60	77	63	69	77	72	66	76	61	75	61	61	61	60	69	64	70	70	64	77	75	59	63	65	62	59	59	72	60	59	
71	64	65	69	59	74	64	64	74	72	55	60	72	62	57	57	59	67	71	65	65	58	55	58	55	63	59	73	64	59	
24	21	30	26	28	21	14	15	31	18	23	21	26	24	31	24	31	28	17	27	21	15	18	21	28	17	33	18	20	19	
17	34	27	35	22	30	20	23	17	34	35	26	20	35	19	26	33	19	19	36	17	26	32	36	35	21	21	31	29	22	
83	76	86	91	80	85	86	84	75	75	83	94	77	81	92	75	85	88	94	82	80	83	76	80	84	92	82	90	94	84	
57	61	54	56	56	59	62	48	51	46	61	59	60	43	50	47	56	47	59	48	52	52	45	44	50	49	46	58	47	46	
27	15	33	33	27	32	25	30	25	32	33	25	34	34	27	19	15	28	27	34	27	19	30	24	31	28	32	33	33	31	
93	82	92	88	91	100	81	90	99	91	97	83	97	83	94	93	82	81	96	87	82	92	93	93	82	84	99	92	81	95	
53	37	44	50	43	42	49	42	40	40	54	40	39	36	53	44	54	46	52	40	53	41	52	45	42	43	48	46	55	55	
65	74	67	69	57	73	71	68	59	66	61	72	57	70	57	58	69	63	67	55	55	69	60	56	71	65	61	73	62	60	
52	51	50	61	65	57	48	65	63	56	49	63	54	57	48	57	60	56	63	62	60	53	55	62	50	59	64	58	48	66	
104	103	101	100	91	105	108	100	91	103	89	98	98	105	101	96	104	89	100	101	107	102	100	101	101	98	102	94	98	103	
63	70	71	59	62	57	54	62	62	63	71	64	57	62	62	60	66	60	62	55	59	58	68	72	58	69	70	64	57	53	
35	33	44	44	48	40	38	37	44	44	48	35	51	44	38	42	44	49	45	36	42	37	33	33	50	45	40	42	43	45	
46	44	48	60	49	60	62	60	52	49	43	44	59	58	49	47	47	57	47	43	56	48	55	47	49	45	43	52	61	53	
20	8	9	18	24	8	11	12	7	13	23	13	13	6	20	18	7	16	23	21	14	15	17	6	6	9	10	19	15	21	
17	33	23	24	24	23	32	27	20	24	20	24	22	18	22	33	22	18	23	21	15	14	21	22	28	28	32	22	19	24	
35	46	28	36	36	31	30	46	38	35	41	45	39	28	28	39	42	35	29	30	31	30	45	40	31	41	47	37	45	34	
101	101	98	105	99	105	101	99	111	112	99	105	99	96	106	101	103	99	113	97	105	99	110	99	103	110	108	103	102	95	
24	20	22	15	24	27	21	25	19	30	17	26	23	22	30	20	19	22	27	23	24	32	16	32	19	19	25	24	29	32	
104	111	103	98	98	99	112	100	115	115	98	110	111	103	99	111	104	100	99	97	108	105	113	111	112	112	105	103	96	113	
71	70	66	57	61	65	58	68	61	70	68	73	56	61	75	72	66	58	72	56	60	75	72	75	69	75	57	69	60	66	
64	65	63	67	65	75	59	64	64	67	61	71	69	58	72	68	77	77	77	68	67	65	65	77	75	66	65	61	62	66	
111	114	97	113	110	98	99	104	108	100	113	110	106	106	102	105	107	109	111	108	108	96	109	98	112	113	113	96	104	96	
78	70	65	72	78	61	65	77	72	78	67	71	75	74	70	69	75	77	64	64	67	62	77	72	76	60	68	63	63	69	
106	106	104	111	110	104	106	100	111	113	100	98	97	98	109	106	102	107	97	104	112	97	116	112	102	114	99	114	106	99	
31	35	33	48	36	44	45	40	46	36	38	38	41	40	33	42	31	34	48	29	48	39	37	41	47	38	29	31	40	48	
7	15	17	18	6	14	10	17	18	21	15	25	18	18	11	24	24	22	14	9	9	8	16	21	16	15	13	25	23	23	
59	62	61	66	54	59	51	56	60	65	51	50	65	65	66	52	55	51	57	58	59	53	68	51	58	57	67	49	56	57	
38	42	44	43	39	48	52	40	50	46	35	47	46	48	35	52	38	34	48	35	37	50	48	39	44	36	41	42	34	51	
43	52	37	39	48	36	50	45	53	46	48	36	39	55	48	42	55	43	50	51	45	45	50	53	48	53	53	44	36	41	
111	111	105	109	113	110	101	115	108	115	117	109	112	109	110	107	106	100	104	102	119	115	100	110	117	108	111	114	114	102	
47	34	36	33	43	39	42	41	30	37	32	37	37	38	33	40	38	38	36	43	34	38	32	47	47	38	44	36	48	34	
38	33	37	28	35	30	31	29	29	38	22	33	36	23	38	22	31	24	36	33	25	33	28	31	33	31	29	22	37	30	
42	44	42	50	51	38	53	39	40	40	50	55	37	45	54	44	39	38	42	38	43	50	37	49	47	48	41	45	38	54	
92	102	100	100	100	99	97	106	96	96	106	93	98	99	98	99	91	95	97	96	99	92	93	94	104	98	95	105	98	94	
77	77	75	87	88	74	91	82	81	79	81	76	87	79	83	74	88	82	88	82	81	91	79	81	83	84	80	85	72	82	
75	59	74	65	61	71	67	61	64	71	71	68	66	64	63	70	65	77	63	69	74	71	71	67	71	77	74	63	60	69	
106	113	109	116	111	107	118	101	112	116	111	111	109	101	107	104	110	103	100	116	100	113	112	110	117	118	102	110	113	102	
32	49	39	42	39	39	43	37	48	49	33	34	43	44	47	43	49	37	46	48	31	47	48	35	41	35	47	33	49	44	
14	19	11	18	19	28	15	19	13	17	14	17	27	22	12	18	16	11	18	10	27	29	20	10	20	10	11	17	16	24	
20	21	28	22	17	15	28	28	22	16	31	26	13	19	26	19	24	26	32	22	30	18	22	24	15	22	20	24	22	32	
38	28	42	28	28	41	39	38	37	43	46	29	33	39	40	39	45	47	32	38	42	42	43	45	33	34	31	47	38	38	
42	52	48	33	47	38	44	35	50	46	50	39	37	45	41	52	45	50	43	34	51	49	42	35	50	41	36	51	50	35	
78	77	67	69	61	76	73	70	63	71	68	79	79	74	79	79	63	76	61	63	79	75	71	64	80	72	69	73	65	77	
82	84	101	100	93	94	89	83	85	95	93	83	100	88	93	98	84	99	85	93	84	95	96	90	82	99	82	94	90	97	
33	30	47	48	35	43	36	31	43	37	45	31	35	39	36	49	47	46	47	48	43	44	42	36	48	49	47	38	47	34	
20	25	14	25	23	19	18	26	15	29	17	31	22	15	17	28	17	23	14	24	24	22	16	19	33	15	23	20	25	21	
59	56	71	67	66	55	66	61	72	55	67	71	74	63	61	56	69	74	60	64	62	56	57	61	66	68	63	65	72	68	
72	70	74	79	71	78	71	74	66	80	73	70	65	76	81	83	73	78	70	72	67	80	65	76	75	69	79	71	69	65	
46	47	61	52	47	58	63	61	44	56	51	52	51	59	61	51	59	49	62	60	46	52	62	51	62	60	53	61	51	55	
98	91	93	100	105	105	106	108	89	108	101	98	99	91	99	106	102	90	89	96	107	92	99	106	96	92	94	107	105	100	
31	13	32	31	27	21	16	32	14	19	25	16	22	32	29	14	14	14	27	19	16	28	29	14	25	26	22	15	17	24	
91	88	87	98	90	93	96	104	102	95	98	96	96	102	87	85	90	93	102	91	88	96	92	97	103	101	86	87	88	100	
103	100	106	102	116	118	112	114	108	115	114	107	107	114	112	115	114	102	102	119	116	104	119	103	107	109	108	106	107	112	
54	52	45	50	53	51	47	50	52	54	52	52	41	49	51	58	46	50	59	53	53	46	47	55	54	50	50	57	50	44	
86	85	80	75	78	83	79	73	68	77	81	68	75	74	81	81	70	67	72	72	74	67	69	69	79	76	86	79	77	82	
49	63	61	52	56	57	63	47	48	53	60	65	48	58	47	57	65	61	55	60	62	58	58	59	62	50	49	50	54	50	
61	74	77	61	69	79	76	78	72	64	76	64	78	67	78	68	64	64	63	80	78	76	66	74	72	62	65	74	70	67	
117	113	120	117	114	110	102	106	109	118	106	114	103	101	115	102	106	106	117	105	114	111	108	110	120	120	102	114	119	105	
33	34	23	32	32	18	34	22	32	21	16	15	24	29	20	24	31	18	19	31	16	23	29	19	28	25	21	15	24	21	
75	82	66	73	80	80	67	71	80	83	75	70	77	76	77	76	74	74	69	82	83	70	83	69	70	82	82	69	80	83	
34	36	37	36	43	34	42	32	40	50	45	34	46	34	39	38	47	48	33	38	48	34	44	39	40	47	36	50	33	32	
69	75	61	66	61	70	60	62	63	75	60	61	72	72	57	61	67	75	58	75	71	68	68	58	57	67	57	62	68	69	
110	110	115	109	114	110	108	102	107	114	106	108	110	109	109	112	104	104	108	99	107	111	105	103	110	114	103	99	115	117	
58	48	50	61	47	45	61	45	55	55	60	47	57	47	47	50	63	48	57	45	51	60	51	52	59	64	51	64	61	59	
44	35	47	54	50	42	45	50	46	40	44	42	41	48	50	49	40	35	38	35	52	47	52	38	39	54	38	35	35	52	
27	22	24	29	20	31	15	30	25	22	29	22	21	15	27	31	25	15	20	30	27	32	26	27	17	17	23	26	14	21	
108	107	111	112	109	104	100	106	116	102	119	115	110	101	118	105	106	113	104	112	117	110	106	114	101	105	106	111	110	112	
20	32	21	33	25	22	19	33	29	32	30	33	35	21	19	23	34	23	17	18	33	23	30	18	26	30	30	33	18	34	
17	29	11	19	24	15	29	17	20	19	15	28	29	17	23	16	11	14	25	27	21	19	30	20	15	29	17	25	13	18	
48	49	42	47	48	40	55	55	48	37	38	37	53	48	42	52	51	45	46	50	46	50	48	38	48	50	54	37	39	41	
88	98	93	81	90	88	86	97	96	82	84	81	94	91	85	82	98	98	90	91	89	82	94	81	98	97	87	93	98	80	
39	41	38	52	53	47	49	50	45	48	54	41	41	43	38	45	53	35	48	35	35	43	37	51	46	43	39	43	47	52	
106	106	108	108	112	101	108	103	104	109	111	110	106	110	112	95	113	113	98	106	96	109	99	95	100	97	95	105	113	105	
33	37	39	27	36	39	34	40	41	34	27	31	25	30	41	30	38	32	40	33	37	33	41	25	39	34	41	28	38	40	
4	21	10	14	20	7	4	15	20	17	6	13	15	11	5	14	8	15	12	4	22	13	11	16	20	14	13	21	19	11	
10	25	11	16	10	8	23	14	16	22	12	15	25	10	24	22	11	22	24	10	6	6	8	24	17	8	20	12	10	12	
60	54	46	54	48	49	59	50	47	59	41	57	53	53	50	42	60	59	42	57	41	46	45	52	42	46	50	45	41	49	
61	74	71	65	73	58	75	62	56	71	74	72	67	57	72	62	58	61	65	66	75	63	66	64	72	61	65	74	65	74	
36	42	43	31	27	44	34	38	31	45	29	27	46	34	32	34	42	30	45	40	34	28	46	43	29	33	35	43	43	32	
59	44	59	53	43	44	44	45	53	53	60	54	52	61	51	43	53	55	55	54	58	45	55	53	44	56	60	51	45	59	
55	53	46	55	52	47	59	51	49	53	49	65	65	58	50	48	52	49	47	53	53	49	58	47	51	48	58	62	47	64	
96	96	95	103	103	110	96	102	95	112	101	109	107	108	98	96	108	110	95	97	114	109	111	106	103	103	99	112	106	104	
71	89	86	73	78	76	84	87	75	83	88	90	88	78	80	77	77	87	89	71	90	72	75	78	82	76	82	89	82	90	
106	101	106	105	105	112	99	104	108	108	103	111	107	111	112	96	115	103	109	108	99	104	111	98	104	99	112	101	104	114	
72	71	83	85	85	70	83	79	70	76	79	76	80	69	73	69	73	85	80	79	86	74	83	74	84	75	73	82	80	75	
98	87	84	81	93	94	81	94	86	86	88	85	89	84	95	79	89	82	80	98	96	79	94	86	89	94	93	84	87	84	
56	54	44	57	49	40	38	47	52	47	53	38	39	43	54	52	56	49	43	42	52	46	53	45	50	48	49	38	57	46	
64	61	54	53	60	55	62	54	66	71	65	56	67	60	53	70	67	61	59	53	72	62	69	61	64	58	67	70	56	66	
93	87	92	96	87	83	91	92	100	94	82	94	86	88	88	100	85	85	82	88	83	83	92	86	89	95	88	86	88	93	
65	67	50	65	55	55	65	65	62	56	69	64	66	50	66	63	68	63	59	51	69	56	69	55	57	52	54	50	53	59	
104	119	103	108	109	104	113	104	119	117	111	111	102	108	114	102	112	102	108	112	109	118	106	113	112	111	105	110	118	102	
110	114	113	118	101	113	109	102	105	102	118	117	118	105	107	110	113	109	106	114	103	113	117	113	116	111	117	103	112	114	
26	18	25	25	29	31	34	23	31	36	26	34	32	33	18	24	27	23	26	35	34	20	20	22	34	20	29	20	20	34	
65	71	58	67	66	62	55	67	67	68	54	67	64	71	57	72	65	72	56	55	71	71	58	57	68	68	72	58	70	55	
80	74	81	63	72	80	74	75	68	79	64	80	68	71	78	68	67	70	66	79	63	77	81	77	77	68	67	76	62	69	
93	83	91	89	92	84	98	96	92	92	90	82	92	81	88	91	91	82	87	99	93	82	89	94	96	81	80	91	86	87	
21	22	29	30	30	29	31	12	20	12	16	27	30	20	21	25	28	17	25	23	19	15	31	16	27	19	14	21	23	19	
54	58	53	49	51	53	58	41	46	51	39	51	55	46	57	46	48	52	55	57	56	55	57	41	57	53	56	53	39	45	
90	78	90	92	78	76	84	85	76	75	85	86	87	88	82	86	81	82	89	79	79	78	89	90	77	78	89	79	91	87	
84	82	87	81	81	91	92	82	97	95	81	83	94	84	85	83	85	97	88	98	91	83	93	92	87	92	91	82	96	97	
89	101	101	96	90	89	94	87	94	102	102	101	104	92	98	94	106	93	89	95	88	88	88	101	99	102	96	91	97	102	
74	58	60	74	68	59	57	68	67	71	63	71	64	71	69	74	73	68	59	57	62	72	72	74	60	66	63	61	56	71	
44	43	57	60	50	57	47	45	62	50	56	50	49	45	53	58	59	48	58	47	55	53	45	53	57	52	62	48	53	54	
74	86	84	77	87	88	85	72	82	85	79	74	72	73	78	69	73	76	82	83	87	72	77	77	77	80	88	81	83	85	
68	63	82	68	79	74	77	81	76	71	73	71	63	64	70	78	73	80	81	68	67	63	66	80	65	70	73	70	65	65	
17	15	20	11	23	30	25	12	25	24	28	15	17	30	11	29	28	15	17	14	12	14	27	16	23	29	19	15	27	17	
16	23	30	16	29	31	27	28	20	18	28	26	30	27	29	29	14	26	18	20	24	18	23	14	21	19	14	13	31	22	
38	34	38	25	42	29	32	27	41	43	33	39	26	29	44	27	37	31	38	36	30	40	33	43	41	35	37	32	33	25	
73	83	72	81	68	71	78	73	78	83	74	85	86	79	69	78	81	71	82	81	67	82	85	73	85	82	80	79	79	67	
53	51	53	50	65	54	55	55	50	61	47	62	63	53	52	62	48	60	52	63	54	47	63	65	58	56	52	47	49	61	
104	96	97	112	96	111	99	100	100	99	100	113	95	108	96	110	109	108	104	97	102	96	101	102	103	97	106	98	114	104	
23	9	9	20	11	17	13	18	10	21	22	25	16	21	18	14	12	16	11	23	23	9	19	18	21	19	13	15	11	22	
30	35	34	30	31	25	24	26	22	18	19	31	31	35	28	24	30	19	34	24	29	26	32	23	26	31	19	25	32	18	
63	68	68	67	70	61	79	69	67	73	61	62	63	65	71	76	68	66	71	73	74	75	76	65	63	79	79	72	62	63	
110	98	102	106	101	106	111	112	109	112	108	105	111	93	96	107	99	96	103	100	111	103	107	106	97	111	103	98	106	106	
44	42	44	40	53	48	55	46	41	39	45	37	55	39	52	49	48	37	37	44	53	37	42	46	54	42	37	51	56	49	
49	61	63	51	66	56	49	65	66	48	66	48	59	55	64	54	63	48	54	57	62	48	62	60	56	67	66	56	49	62	
65	73	65	64	69	80	63	70	75	66	62	75	78	74	79	76	77	79	64	65	70	66	62	66	65	72	72	62	75	74	
80	68	74	70	66	69	75	79	70	79	83	76	79	81	82	78	67	78	81	81	72	83	80	78	67	69	71	75	74	69	
98	103	115	97	102	101	116	105	100	115	99	112	108	116	110	116	102	116	100	113	109	97	104	109	105	102	115	101	103	106	
39	33	34	25	28	35	41	40	36	40	33	44	26	39	34	30	38	31	43	44	37	25	41	37	31	37	32	32	28	31	
24	18	34	19	33	29	20	23	36	36	31	21	34	30	34	32	35	27	23	26	28	29	23	25	32	33	30	23	33	32	
78	90	85	82	76	80	84	78	93	74	91	90	91	74	86	77	88	75	80	81	83	80	86	88	76	87	92	81	78	92	
78	71	86	84	71	83	72	69	72	82	84	73	75	76	68	80	68	79	80	85	77	80	77	79	71	75	76	76	76	85	
97	96	88	103	97	91	98	100	105	100	92	92	94	88	106	94	103	97	88	95	94	87	95	102	92	98	101	97	93	90	
98	94	99	94	98	103	95	98	105	105	91	91	91	109	107	98	93	107	106	99	91	93	91	97	106	92	105	99	107	101	
84	86	89	77	90	85	90	86	77	83	88	90	86	90	78	92	82	84	87	89	87	80	84	79	88	83	73	87	90	83	
30	44	33	42	29	38	46	38	44	41	30	39	35	46	41	43	31	44	36	27	32	41	38	28	33	38	45	31	29	40	
35	30	24	31	34	18	34	20	16	26	33	29	17	23	23	33	21	30	27	25	32	17	25	18	26	16	18	18	35	20	
45	50	43	49	34	35	47	37	34	39	42	49	50	38	47	43	35	33	44	34	41	36	48	33	48	31	35	35	34	35	
29	24	26	25	29	30	17	23	22	20	21	32	23	21	16	23	27	29	24	25	25	29	24	32	30	33	16	23	18	31	
110	114	108	102	107	106	111	104	110	109	104	115	115	99	102	100	116	102	111	105	113	107	107	110	105	106	110	99	98	104	
89	79	87	93	89	80	90	87	86	82	92	83	89	90	92	79	77	79	86	84	83	85	87	82	77	86	93	91	89	83	
46	48	46	40	52	48	54	52	44	40	53	48	56	40	55	52	50	50	46	56	53	50	48	47	52	42	48	48	44	49	
97	96	78	90	81	92	93	87	82	84	85	90	78	84	95	87	80	81	92	91	80	85	94	80	96	79	93	85	89	90	
98	88	87	83	96	91	87	87	85	97	93	92	91	101	91	91	86	83	98	88	97	96	102	93	95	85	94	90	96	90	
7	5	6	21	20	16	18	12	17	23	18	19	15	18	11	5	8	10	17	9	22	19	18	19	22	24	21	19	7	15	
17	13	20	20	22	20	17	13	30	23	25	16	13	30	31	29	30	22	27	20	17	29	12	22	27	17	27	17	14	21	
29	33	46	43	32	40	32	45	38	44	33	36	40	33	31	41	43	47	30	35	39	48	46	42	42	41	42	33	40	37	
72	56	70	75	74	68	74	57	72	60	56	56	65	74	58	57	58	59	56	72	68	72	64	65	60	74	63	66	67	63	
89	97	88	98	96	85	94	97	86	93	92	92	92	102	93	104	96	103	101	96	103	100	93	92	99	100	89	95	85	96	
108	111	108	96	103	109	104	104	108	95	106	94	106	97	97	103	108	108	99	98	109	108	97	96	94	110	100	100	103	111	
32	20	18	26	22	27	22	32	25	32	14	33	26	20	16	18	28	18	15	28	31	15	24	14	20	23	22	29	31	21	
118	109	105	113	119	114	111	118	119	105	115	115	114	117	119	109	110	101	116	109	103	108	106	116	115	104	100	113	105	100	
67	61	57	50	57	50	55	61	65	61	65	51	60	49	58	62	63	60	52	51	48	49	55	66	65	67	60	61	63	54	
18	22	19	22	22	15	7	12	9	16	20	11	18	21	10	9	6	6	10	17	19	13	7	17	21	8	12	15	15	19	
110	101	101	107	104	116	103	111	100	100	104	109	104	113	113	117	103	108	104	104	118	103	113	111	100	118	115	109	102	110	
65	62	70	69	63	80	74	67	70	69	75	78	71	66	80	62	75	67	70	71	80	79	69	79	79	66	64	69	62	66	
91	94	103	104	92	98	96	88	91	92	88	89	104	98	91	89	92	85	99	92	89	90	98	102	87	104	92	95	94	98	
16	19	19	8	20	14	25	21	14	10	7	11	20	10	22	9	22	18	13	23	16	23	25	11	20	21	25	20	18	16	
81	78	75	82	88	77	79	88	86	80	85	88	75	89	75	89	88	88	85	92	85	88	81	93	82	80	92	77	83	81	
36	46	32	34	42	37	44	41	47	40	42	45	45	42	43	43	43	49	32	50	40	47	36	43	32	41	42	38	47	34	
21	17	26	20	23	35	29	35	33	24	18	27	32	22	24	33	17	32	35	20	30	17	25	18	20	24	25	18	17	16	
66	78	71	71	76	76	62	71	62	73	63	62	70	75	67	72	63	61	79	72	78	77	75	67	61	69	79	62	64	66	
26	17	11	18	18	22	18	17	11	12	19	16	25	23	9	21	12	26	12	9	21	15	15	11	26	23	17	9	23	16	
71	87	75	87	78	88	82	86	84	86	87	84	88	71	75	78	80	77	87	75	87	75	73	89	85	78	75	85	81	74	
16	15	20	31	34	19	23	23	23	30	32	21	21	25	28	33	33	23	32	20	19	24	24	25	17	20	25	27	29	21	
18	16	16	8	12	23	6	21	9	18	17	24	11	6	21	13	6	15	16	8	18	24	21	22	6	18	9	6	23	17	
92	86	79	80	91	93	86	93	91	84	93	86	81	80	82	94	83	95	97	79	93	84	81	83	82	80	96	83	85	95	
16	33	30	18	31	23	28	30	15	30	26	27	29	24	28	27	23	23	18	20	26	17	25	15	30	17	20	24	28	16	
104	97	92	108	106	94	103	92	96	101	93	93	105	101	99	105	108	109	108	98	96	107	102	110	107	96	98	102	102	110	
90	89	91	98	104	100	85	85	92	96	96	103	97	101	103	86	92	91	102	85	100	87	86	104	100	94	85	85	96	88	
95	110	108	96	107	107	97	94	104	105	91	96	107	106	102	91	103	105	96	96	104	101	91	109	100	94	103	104	94	93	
19	20	28	20	22	23	23	31	38	29	23	25	22	33	25	25	32	26	36	31	37	19	24	26	30	25	34	24	32	20	
98	89	98	93	97	105	104	105	107	90	108	105	92	98	90	103	90	97	94	95	97	89	98	91	89	100	103	93	97	108	
70	68	72	72	84	70	77	71	71	87	68	69	85	68	72	85	78	80	74	76	78	76	80	69	76	82	83	80	75	73	
84	81	90	78	81	82	88	81	76	90	88	78	77	74	90	79	92	88	89	80	77	78	87	89	79	77	90	87	81	76	
50	51	49	61	47	47	56	47	52	63	64	55	61	52	63	51	50	58	57	49	59	51	64	61	47	46	62	47	54	56	
88	74	85	72	71	81	81	71	85	86	83	86	70	69	88	74	83	73	81	74	77	85	71	85	72	78	83	85	73	81	
26	24	38	41	23	37	30	41	33	24	29	25	33	38	33	30	29	29	34	40	34	39	32	34	26	26	28	36	27	42	
73	66	64	64	74	72	60	75	68	67	61	66	62	62	64	66	56	73	70	66	62	69	73	64	61	66	71	71	75	69	
51	49	48	40	41	39	55	38	53	46	54	49	39	55	39	47	54	40	44	52	39	46	46	44	56	51	38	38	51	52	
67	60	74	67	75	73	70	60	65	58	71	73	58	70	59	74	67	77	66	67	64	74	74	65	73	64	73	74	65	71	
73	61	77	77	62	67	67	78	61	69	74	70	63	77	67	78	64	61	68	63	67	70	69	77	79	70	75	63	72	75	
62	57	64	72	69	55	55	71	61	57	62	74	67	73	66	58	68	68	65	73	68	68	67	67	57	73	66	55	66	73	
74	59	72	61	60	66	66	60	62	64	56	56	73	62	59	72	74	68	65	63	61	67	64	74	71	68	69	64	59	56	
83	83	85	95	94	95	91	95	96	81	85	96	81	90	99	83	82	95	98	84	82	89	81	85	87	81	89	88	100	96	
22	26	30	32	22	16	17	27	32	26	15	33	30	25	32	19	32	31	23	20	30	20	26	28	19	31	31	16	27	21	
33	33	36	43	40	46	37	32	39	35	44	49	49	41	38	45	40	48	37	40	44	41	36	47	49	33	49	31	38	36	
113	100	103	111	110	109	118	116	108	110	113	100	117	113	106	108	110	105	116	114	117	100	104	111	114	99	101	100	108	108	
45	54	58	57	56	63	51	50	62	53	57	54	51	61	50	52	47	46	64	56	47	55	54	56	55	60	47	57	51	63	
80	87	78	74	79	75	86	71	76	81	77	75	74	76	83	85	84	80	79	86	77	79	84	76	72	74	88	83	87	87	
30	16	16	16	27	27	29	13	31	18	29	29	23	14	30	27	23	29	31	16	23	29	13	27	29	22	24	25	16	14	
90	87	94	87	86	87	87	90	87	84	87	76	86	87	87	84	90	78	83	78	87	89	85	92	83	81	85	75	77	86	
46	61	46	50	60	57	62	57	50	61	49	52	62	44	47	63	58	58	50	53	49	48	61	47	52	56	46	62	63	53	
78	81	80	76	68	63	63	72	62	71	68	80	67	70	68	79	79	70	81	66	70	71	68	77	71	67	74	64	71	68	
35	43	31	38	38	45	29	35	35	29	32	28	37	34	39	34	41	38	43	41	44	33	35	30	40	44	40	42	45	31	
81	99	86	86	98	86	88	96	91	100	100	87	86	93	96	98	96	90	82	91	100	98	92	90	99	83	94	97	94	84	
52	48	60	52	57	59	60	56	53	58	63	63	60	61	48	44	55	63	62	55	54	50	60	54	48	45	59	50	50	46	
41	42	42	27	27	34	38	41	35	31	27	43	39	40	29	35	40	43	32	44	41	44	37	27	32	34	30	40	29	36	
64	61	60	52	65	53	61	59	57	71	52	63	57	60	66	63	61	59	67	55	65	70	58	64	67	66	61	70	63	54	
93	104	109	99	101	104	110	104	101	95	102	95	92	94	105	106	107	107	105	97	106	102	104	107	109	111	104	103	103	103	
68	64	64	69	70	56	64	65	68	55	58	60	70	71	57	61	67	65	71	52	65	53	70	65	58	65	58	69	67	53	
103	105	109	97	100	103	112	109	102	111	114	114	108	104	101	101	107	109	112	113	112	105	115	105	115	99	100	108	96	106	
34	42	35	52	51	36	38	44	48	43	36	35	37	37	34	39	49	39	34	45	35	40	53	40	43	42	35	34	43	47	
32	19	24	28	35	31	17	25	34	28	31	22	17	26	24	28	17	20	30	32	17	24	34	19	33	34	30	22	31	18	
60	73	70	72	74	63	64	72	73	77	76	63	77	65	75	65	77	76	65	58	69	73	65	71	61	63	69	60	65	69	
64	65	65	55	52	62	61	53	48	52	63	58	51	47	56	63	54	53	48	48	64	54	52	56	49	63	64	65	61	49	
47	35	43	36	38	43	35	37	44	39	48	46	39	36	43	41	34	45	39	33	38	32	50	35	34	35	40	35	34	48	
113	106	116	103	100	116	111	110	103	102	116	115	106	109	110	103	111	102	105	98	105	105	106	110	98	102	98	102	105	113	
46	33	47	38	32	48	37	47	44	36	44	32	48	43	46	41	34	47	35	40	32	46	41	49	38	42	43	33	49	39	
63	49	52	61	68	49	61	54	57	65	57	67	61	58	66	65	56	49	49	49	60	67	51	56	65	56	68	63	62	49	
95	96	88	87	87	94	101	89	97	102	99	91	104	102	101	89	90	102	103	93	87	87	100	89	94	94	89	101	96	87	
18	30	26	15	19	26	28	23	15	25	26	21	26	26	18	33	28	30	24	26	15	27	28	24	31	27	24	25	29	24	
9	13	21	7	9	19	11	19	24	8	23	12	21	23	23	18	11	11	12	22	14	20	22	12	10	18	24	10	23	25	
96	96	88	96	91	93	88	86	92	84	86	92	88	87	90	88	82	92	87	87	86	83	84	95	96	81	84	79	84	86	
12	14	25	19	25	24	16	21	10	21	27	18	18	13	17	14	26	15	17	25	16	12	24	14	17	25	20	21	16	21	
73	69	77	71	82	77	70	81	69	80	84	80	82	68	76	70	81	68	70	73	78	77	77	73	83	81	79	84	81	75	
110	109	112	102	115	101	100	99	108	102	102	106	103	114	105	107	113	99	110	102	109	116	106	116	106	101	110	101	104	111	
65	56	66	74	61	71	63	69	56	68	69	62	65	69	68	65	71	72	60	72	60	68	63	56	56	71	63	63	56	61	
70	75	71	56	57	57	70	57	57	57	62	59	58	56	65	70	57	68	69	72	74	58	70	61	59	74	75	73	58	71	
31	31	34	41	30	45	32	43	33	33	31	28	45	43	35	41	35	31	36	31	46	34	30	34	34	32	29	38	42	39	
96	97	95	89	89	89	92	106	99	101	93	87	88	102	103	93	101	97	105	106	89	103	99	106	94	97	106	98	101	99	
78	84	88	84	94	85	93	79	88	87	80	87	82	82	88	82	88	82	83	90	91	84	83	95	88	96	86	97	80	90	
21	19	6	13	12	9	16	17	8	22	11	18	6	19	20	7	23	21	8	21	17	9	17	5	22	9	16	11	10	7	
25	32	28	40	28	30	37	27	37	37	33	27	38	38	24	39	28	30	35	28	26	22	27	32	21	40	28	39	28	39	
41	30	25	43	28	35	39	27	25	24	27	39	43	24	27	34	26	32	29	34	35	30	30	35	36	30	36	32	31	34	
64	69	77	78	80	66	75	67	77	70	78	77	73	78	72	76	78	80	61	70	65	63	69	62	78	65	73	75	62	68	
68	73	65	78	74	80	75	67	79	77	69	64	66	82	81	77	66	69	75	78	76	73	76	82	65	77	82	80	67	77	
108	95	95	96	98	105	106	90	108	99	105	108	104	100	102	106	100	101	97	93	99	95	89	96	106	92	106	108	97	97	
20	18	16	31	28	26	22	22	26	25	29	21	24	31	29	17	18	32	27	22	30	31	18	24	28	20	17	29	18	34	
103	106	102	98	96	97	97	102	100	113	99	99	102	111	97	102	96	105	97	110	101	110	99	110	104	112	100	99	103	97	
78	78	64	69	66	78	66	60	67	75	76	67	62	74	62	72	65	75	70	78	71	59	73	62	65	78	71	77	68	66	
44	50	55	43	56	49	45	46	42	56	56	50	52	49	56	54	60	49	43	47	53	42	61	60	50	50	54	55	46	56	
77	83	75	75	70	73	76	71	69	77	74	83	72	77	83	65	66	80	75	81	65	72	83	83	81	67	82	76	73	71	
111	107	114	119	111	109	108	112	106	117	103	113	113	107	108	105	100	111	106	115	100	112	107	115	104	108	115	113	108	109	
45	48	48	43	44	54	54	40	49	43	44	45	53	41	54	54	54	55	40	44	49	48	45	50	49	42	48	46	55	47	
3	17	10	4	9	5	17	20	15	3	7	4	13	19	21	22	11	20	17	8	17	22	19	8	9	11	8	4	7	17	
90	84	89	95	101	103	96	97	98	100	98	97	85	90	103	91	95	84	86	96	85	100	86	100	93	101	100	103	102	91	
65	60	67	50	69	57	65	59	54	64	68	51	59	50	64	50	66	58	65	54	50	68	53	53	64	68	61	53	67	51	
27	17	28	30	13	15	23	26	18	12	25	29	16	14	19	13	24	29	12	27	22	26	23	27	17	16	12	25	27	18	
36	34	30	33	28	34	34	27	24	27	29	40	27	40	37	38	42	38	31	42	39	27	40	34	36	34	32	32	26	23	
39	34	44	34	40	39	44	41	49	42	37	38	46	50	45	31	48	42	45	46	31	38	45	37	37	35	45	46	33	36	
28	25	36	20	30	31	28	26	19	29	28	29	24	17	25	20	20	25	33	28	31	19	17	19	27	24	21	28	27	26	
44	29	38	41	39	30	29	28	42	42	44	47	45	34	29	46	29	32	31	29	32	45	36	40	32	45	32	41	35	39	
90	94	98	101	104	89	100	98	99	92	87	90	93	90	96	100	89	98	90	104	93	89	104	106	98	98	90	100	106	99	
49	46	44	39	47	43	56	50	42	45	40	58	55	56	48	54	51	39	49	47	46	46	41	40	56	51	54	54	47	45	
65	66	64	51	63	68	66	63	56	67	53	65	59	54	51	52	58	60	68	62	60	57	61	63	63	65	57	63	68	52	
13	18	5	16	18	12	21	16	24	14	15	20	15	16	13	19	18	23	10	17	10	9	19	22	13	24	9	8	10	6	
101	109	116	102	107	104	117	116	113	115	111	102	119	113	117	119	103	112	119	119	108	115	104	108	116	107	117	120	113	115	
69	76	74	76	61	66	72	71	77	61	62	70	68	67	78	64	64	70	77	71	75	69	76	64	73	74	67	63	72	61	
94	89	102	96	87	98	87	88	90	89	96	101	89	85	94	89	97	85	90	89	92	97	93	95	101	84	86	97	87	94	
57	62	60	56	62	70	60	54	67	56	71	64	59	54	52	65	71	66	61	60	64	52	53	61	54	58	54	69	52	59	
18	9	10	10	8	4	8	12	3	20	3	15	12	17	14	10	5	13	13	8	6	12	16	17	9	11	3	21	21	13	
65	60	58	61	52	65	55	63	53	58	65	53	60	66	69	61	62	53	70	65	70	56	68	56	61	58	68	69	63	65	
25	18	14	31	25	21	22	31	22	18	12	18	14	18	20	19	12	27	29	17	16	12	22	22	24	30	22	15	23	27	
81	75	81	65	76	62	72	70	70	68	62	63	67	77	75	62	70	64	68	67	78	62	76	70	67	67	76	71	69	65	
88	86	74	81	72	82	74	69	80	69	80	80	74	76	80	80	75	84	83	84	82	71	85	71	74	84	73	82	70	85	
17	24	15	17	21	13	14	29	15	30	13	13	19	20	30	23	25	14	29	11	21	14	19	25	16	28	24	22	15	17	
52	45	55	50	54	43	58	61	45	47	51	60	45	45	44	45	43	57	52	43	48	51	44	52	59	62	60	54	61	57	
27	31	29	32	32	32	19	19	22	32	20	18	31	20	29	29	20	32	25	22	21	24	24	27	30	32	24	19	33	28	
112	98	100	109	96	107	99	102	102	101	102	99	107	112	100	94	93	109	94	94	94	98	94	96	100	95	105	100	101	93	
31	16	19	19	17	25	16	19	31	33	31	25	15	29	31	27	22	34	17	32	18	17	23	24	26	18	25	28	20	20	
50	63	65	67	56	53	58	57	67	48	58	65	65	55	52	52	54	54	50	63	49	67	57	57	64	66	55	53	67	62	
91	93	97	98	94	88	86	81	93	89	98	96	87	90	94	86	81	92	97	95	86	80	88	97	85	84	94	84	91	93	
20	23	9	21	23	4	17	21	6	8	14	15	22	4	8	12	19	14	6	20	14	17	8	4	14	14	4	7	19	19	
64	58	69	64	54	64	61	66	67	66	59	54	63	62	61	71	61	52	68	60	58	52	70	60	58	52	65	57	60	57	
66	65	71	66	66	78	66	69	72	68	73	82	69	66	75	72	77	66	82	79	74	69	64	76	79	68	74	63	76	71	
88	90	96	94	80	86	78	82	86	96	88	92	86	89	78	79	83	94	84	84	96	94	90	88	89	81	79	91	87	94	
85	72	88	78	85	85	70	84	71	75	78	76	88	71	77	86	86	85	77	71	84	75	84	71	83	72	84	69	83	70	
102	100	103	98	101	110	106	93	97	105	96	101	99	99	108	100	105	110	106	107	105	100	91	109	109	101	105	97	95	103	
38	44	52	38	53	53	42	39	44	38	57	39	39	51	47	47	53	42	54	51	56	38	42	46	49	53	52	49	55	48	
8	15	13	2	17	2	4	20	10	3	3	16	3	19	15	4	21	11	3	14	14	18	20	6	8	12	8	8	21	10	
91	99	93	91	91	94	95	88	94	82	88	90	95	94	88	86	91	81	92	99	82	80	80	97	85	98	82	98	93	94	
93	85	101	89	97	103	86	95	102	90	86	103	95	87	100	94	95	89	93	92	87	104	103	92	89	93	85	100	96	85	
18	19	19	27	21	16	14	19	18	12	28	12	12	17	22	25	23	18	22	20	19	12	19	25	21	29	24	28	30	29	
98	97	101	96	97	92	103	90	89	95	95	86	86	89	87	91	87	99	89	103	94	87	95	101	86	102	90	92	103	94	
99	107	111	115	102	117	101	102	106	113	104	111	106	108	104	104	110	109	100	100	100	107	114	114	105	116	117	115	109	110	
7	20	18	21	15	22	17	24	20	11	17	13	25	9	14	15	20	18	23	20	22	25	21	6	12	8	11	6	9	20	
98	99	102	107	104	102	99	113	111	98	114	110	102	113	105	114	95	97	114	112	107	98	108	95	100	105	95	110	109	105	
17	35	35	21	21	28	24	26	25	29	30	35	19	32	20	24	18	19	22	23	29	28	26	31	17	23	34	17	26	19	
88	97	82	97	94	94	87	87	82	87	85	89	95	100	98	81	95	97	82	94	98	87	82	97	95	85	82	91	82	95	
48	58	52	52	50	62	52	64	62	51	67	50	52	63	49	48	55	54	55	62	67	65	63	61	67	60	63	63	67	63	
18	12	16	16	11	15	8	3	8	13	10	4	16	16	10	14	21	19	8	4	21	14	20	7	13	15	5	14	16	5	
102	96	106	109	97	105	104	103	107	99	109	92	99	91	101	104	96	93	95	103	91	109	107	99	102	108	97	92	99	95	
35	48	37	31	32	48	33	38	32	42	46	43	33	37	49	45	31	46	39	40	50	31	34	48	37	46	39	39	32	47	
61	65	71	76	71	63	65	70	66	71	63	59	62	76	66	64	66	66	63	69	74	72	74	69	75	72	77	66	77	75	
79	78	81	70	77	63	66	78	75	81	65	69	64	66	64	69	77	76	73	67	75	70	71	64	66	81	71	64	74	65	
82	79	88	72	88	82	73	72	71	79	71	87	75	86	89	87	83	89	74	81	75	83	81	83	83	72	75	72	81	74	
57	52	64	66	58	64	61	63	54	57	56	62	57	59	52	61	68	53	59	62	50	67	60	64	57	62	65	52	56	58	
52	58	60	70	62	64	66	69	52	59	59	64	63	68	63	54	60	68	63	61	65	57	67	54	54	60	66	59	53	65	
100	85	95	97	93	93	101	97	100	101	97	103	88	101	94	94	89	93	103	96	98	102	100	102	94	91	103	99	96	94	
71	68	61	58	60	62	64	70	68	59	57	58	58	65	55	62	65	57	62	69	61	74	64	70	68	72	65	74	57	55	
64	70	62	65	62	70	72	59	59	61	63	59	62	77	71	63	70	63	70	78	71	67	66	61	62	65	61	63	65	72	
24	20	23	21	31	20	23	33	25	32	18	35	35	24	24	34	35	29	18	33	25	25	30	19	34	24	17	28	21	26	
11	3	5	8	13	19	14	8	17	18	11	20	17	3	15	8	8	18	10	19	12	17	16	15	5	21	6	11	11	13	
60	55	53	56	58	59	61	60	47	59	52	54	60	55	49	48	58	53	44	55	59	47	56	54	56	50	59	54	49	60	
58	54	59	44	46	46	45	51	56	48	46	43	57	43	53	53	43	60	60	61	61	50	50	46	47	61	43	44	43	56	
52	49	52	50	47	42	46	52	41	52	50	42	43	46	43	38	38	55	48	49	42	43	45	54	49	47	57	50	39	57	
47	59	64	64	50	57	64	64	50	52	57	58	59	64	63	65	59	48	53	47	52	54	58	62	59	47	46	61	65	50	
20	24	21	14	10	24	6	7	6	9	6	9	14	15	21	21	17	10	15	15	11	8	18	23	17	19	18	17	11	13	
98	97	101	96	89	91	101	98	98	95	102	90	97	102	95	100	97	88	99	84	86	92	92	94	83	98	97	98	94	91	
81	85	77	74	78	76	85	85	84	76	76	84	82	76	71	75	72	84	78	86	87	82	75	77	80	79	85	75	80	70	
88	93	84	84	89	90	94	86	81	94	94	90	87	78	88	93	87	80	77	76	89	75	91	88	84	83	82	79	94	91	
27	43	44	38	28	37	39	44	33	29	28	32	38	34	31	29	41	37	34	26	38	43	40	30	40	37	44	26	37	29	
58	50	45	41	60	44	51	54	41	48	56	53	43	46	51	51	46	47	47	52	54	45	52	58	46	42	59	42	49	52	
33	46	44	46	29	35	36	34	33	38	31	48	31	45	48	38	45	32	38	47	47	37	46	33	30	32	35	36	39	33	
64	68	68	69	65	80	79	76	74	67	75	71	63	80	68	78	72	70	63	66	63	66	71	61	70	71	68	70	71	61	
71	65	61	61	70	64	62	73	64	64	64	67	75	67	65	67	73	76	60	58	60	65	59	69	74	62	69	77	69	59	
40	26	40	34	38	29	32	40	30	26	21	30	37	38	24	39	40	40	25	23	36	38	33	22	27	31	26	38	34	39	
81	84	85	88	78	74	87	78	90	80	80	84	92	91	86	81	86	77	91	88	84	83	89	90	90	73	79	83	85	89	
110	103	106	103	99	104	100	108	99	106	107	110	112	97	100	98	110	112	115	108	97	116	106	101	104	110	98	108	107	109	
52	47	47	50	56	56	49	42	58	48	57	51	56	49	50	49	42	59	58	56	54	49	53	58	60	55	48	42	52	47	
69	75	78	65	77	75	80	75	66	78	63	78	80	66	68	65	77	67	68	72	78	68	75	74	82	67	79	70	81	81	
102	108	99	101	99	104	98	105	115	103	110	112	110	114	103	115	100	97	104	104	105	106	107	115	110	106	112	111	100	99	
36	41	33	37	43	35	38	46	45	41	35	44	48	40	40	48	32	41	48	29	43	37	48	34	37	43	31	33	35	47	
67	62	59	48	56	59	51	58	67	55	63	52	48	48	66	54	58	67	67	63	60	64	58	49	52	50	57	50	58	50	
78	73	74	73	68	67	80	66	65	70	76	81	77	81	65	78	74	67	78	74	65	78	67	74	63	62	81	66	80	62	
18	21	21	13	15	5	13	15	11	7	19	21	22	8	6	9	23	12	16	6	8	15	16	22	21	11	20	21	6	6	
101	106	94	91	103	106	104	108	95	93	109	95	98	96	98	105	99	99	106	92	91	102	103	102	92	99	108	90	92	95	
37	40	35	34	31	24	38	43	30	40	36	27	29	35	24	30	24	24	26	36	39	37	34	26	28	29	29	39	41	24	
23	7	6	23	19	10	19	22	18	24	9	8	23	9	19	16	23	5	18	9	19	6	11	7	8	5	17	13	7	8	
87	81	91	85	87	84	96	89	79	87	85	96	93	83	96	95	95	78	92	91	83	94	87	82	80	85	82	84	92	92	
37	34	38	28	36	40	42	39	26	32	37	23	41	23	23	37	30	27	23	35	30	39	34	24	37	39	25	27	31	30	
58	64	74	70	71	62	59	62	61	71	60	58	62	65	69	60	58	60	63	69	63	73	76	60	71	76	63	62	62	71	
82	89	86	96	83	93	93	87	89	94	97	94	85	100	87	93	94	87	86	94	85	87	96	88	100	86	88	87	83	86	
95	96	90	91	90	85	81	97	92	84	85	90	86	87	96	92	87	89	79	93	83	85	79	82	83	90	94	95	90	96	
92	90	95	98	89	95	91	85	85	89	80	85	82	94	96	86	81	89	98	81	83	81	98	89	98	79	87	92	93	96	
56	52	49	64	59	52	52	52	58	53	50	56	51	64	62	59	58	51	65	55	54	53	54	53	53	64	58	49	54	52	
107	100	98	110	106	96	110	92	98	108	106	99	97	106	105	99	102	96	107	98	104	105	107	103	106	93	100	95	104	95	
55	61	61	56	55	62	50	65	56	56	47	59	61	62	55	49	61	51	47	61	60	60	47	65	63	53	64	59	50	47	
65	81	74	81	70	72	64	64	82	68	82	63	69	66	73	81	68	71	81	69	71	72	64	67	79	65	79	78	76	75	
4	10	16	9	12	14	15	14	6	21	7	11	3	6	8	10	8	9	6	12	12	14	15	2	21	4	3	2	14	10	
30	24	25	35	24	33	18	25	31	18	18	23	37	37	28	22	26	29	34	30	20	26	28	25	22	34	33	36	23	26	
30	26	41	43	32	33	35	36	34	31	36	39	40	33	30	29	27	27	33	39	33	24	24	41	35	30	32	37	37	29	
73	64	62	66	69	66	68	54	61	57	61	54	58	69	70	68	66	63	67	68	56	69	64	72	59	73	59	68	60	63	
36	40	43	36	41	43	50	41	34	44	34	35	47	45	52	41	49	49	43	39	46	41	43	52	36	37	51	49	37	50	
78	81	81	92	79	91	89	88	81	91	82	90	91	89	86	83	80	91	81	86	86	85	86	86	89	90	80	74	83	76	
23	17	22	26	24	16	21	30	27	21	16	28	22	17	32	33	27	32	15	22	19	33	19	18	24	25	19	18	20	33	
80	76	81	68	71	80	76	70	85	74	78	84	72	68	67	81	85	84	70	71	74	66	80	68	83	71	67	72	71	69	
78	73	75	68	74	75	80	69	74	66	72	72	84	76	74	75	69	67	78	73	72	67	78	67	84	80	85	71	77	70	
60	71	56	59	67	74	72	64	73	60	58	56	58	71	61	69	71	62	66	66	59	72	67	57	71	64	70	66	63	57	
61	64	60	48	53	61	53	48	51	62	63	60	59	53	47	47	48	58	62	51	63	57	63	60	57	66	54	48	48	53	
46	47	44	48	41	38	54	40	48	50	49	54	52	50	40	52	50	52	40	54	39	36	41	51	38	42	49	46	54	40	
75	86	86	85	83	82	86	86	76	83	83	78	78	74	77	75	77	69	80	84	77	70	70	74	73	86	84	76	77	76	
82	78	78	66	79	79	66	77	79	72	82	78	70	63	70	81	67	65	69	73	72	73	73	66	65	71	64	73	63	68	
104	98	91	107	97	92	93	96	106	93	95	103	105	101	95	95	98	94	92	103	101	96	94	101	97	95	100	90	105	100	
18	21	13	6	18	11	18	18	4	17	5	21	23	12	6	12	21	4	8	12	22	13	7	20	8	4	23	4	5	11	
19	34	28	28	19	34	30	23	30	27	22	32	27	18	21	23	20	25	28	22	32	21	16	16	26	17	20	34	32	24	
88	88	79	87	78	84	89	75	77	73	71	86	79	72	84	85	86	84	78	87	84	73	76	79	79	74	85	72	83	87	
108	92	106	107	109	94	99	110	107	100	99	96	100	100	94	94	104	95	93	93	99	106	94	99	103	105	95	103	105	93	
36	36	27	19	22	20	19	17	28	27	19	33	17	36	19	22	26	34	20	21	21	21	27	36	21	22	29	29	20	25	
60	65	63	58	66	66	53	63	54	62	48	59	58	52	48	51	60	62	52	60	60	53	60	49	48	61	50	60	62	60	
61	68	69	72	55	55	72	70	60	61	56	68	73	58	70	61	56	64	72	64	64	64	55	61	54	68	72	65	60	58	
72	74	65	78	63	67	61	66	73	66	62	69	71	77	73	77	65	76	67	69	78	61	69	76	74	62	80	75	76	75	
21	11	15	5	21	20	24	11	16	21	11	15	16	12	21	11	13	15	7	7	13	12	17	19	11	7	11	5	14	7	
35	37	26	37	30	36	24	23	26	40	27	33	21	40	30	36	28	32	24	28	26	28	40	36	40	27	34	35	26	33	
4	4	15	14	20	12	13	2	17	19	21	10	13	3	15	6	5	12	13	3	13	16	11	12	6	2	16	21	11	8	
114	115	114	107	102	100	113	119	109	107	119	106	115	119	104	108	113	106	104	102	112	104	119	112	110	117	116	100	104	111	
88	72	86	79	77	81	75	82	80	75	71	84	72	83	81	74	78	88	85	82	74	71	69	72	88	79	79	85	87	84	
3	11	14	4	3	18	9	19	13	7	11	3	11	10	22	14	10	6	18	5	11	3	20	17	9	14	18	20	22	20	
73	74	56	59	59	73	56	72	71	64	66	66	60	66	63	72	66	68	75	59	56	65	59	58	70	56	58	62	75	70	
70	76	74	83	68	85	83	81	84	80	74	82	79	73	73	72	81	70	70	71	68	77	80	69	76	67	76	70	71	78	
85	85	82	86	93	90	81	85	89	88	82	89	75	77	82	86	88	91	87	74	88	79	89	86	91	80	86	79	85	87	
91	102	107	107	95	91	90	94	95	106	101	96	101	89	107	105	96	107	98	101	92	99	94	105	90	101	93	92	93	90	
49	52	52	52	48	40	49	51	47	47	38	45	47	35	44	50	44	37	49	34	49	36	48	48	50	50	40	33	49	51	
24	42	32	43	27	35	24	25	33	36	34	39	33	41	25	34	40	28	38	42	26	34	42	41	38	29	39	29	38	26	
86	84	69	78	85	71	72	87	79	86	76	88	80	82	82	78	83	69	69	87	76	85	85	80	78	79	86	85	77	79	
40	51	33	36	38	47	37	38	40	47	48	45	42	46	47	45	51	43	33	52	44	35	52	41	39	35	37	41	52	39	
88	92	100	98	93	102	90	99	89	91	87	103	93	105	99	99	90	86	96	86	86	104	103	89	91	105	103	101	105	91	
66	55	67	71	68	70	70	71	71	67	65	63	65	59	65	66	72	71	62	62	71	60	57	65	70	66	57	72	62	57	
66	59	54	56	60	53	67	61	63	66	59	55	54	57	57	52	62	64	63	58	60	68	62	55	70	63	53	54	54	59	
91	84	90	88	85	99	91	92	99	96	83	87	97	99	89	85	95	83	91	95	92	97	101	100	98	89	97	86	86	85	
88	83	96	89	86	94	95	90	96	87	88	96	83	92	95	94	84	85	85	100	94	92	81	93	94	97	81	89	93	97	
43	41	33	33	42	35	43	33	44	34	51	34	50	48	45	38	35	46	33	37	50	37	50	39	49	47	43	41	36	47	
89	85	83	81	88	92	92	77	89	74	91	89	79	88	89	76	91	81	92	75	77	82	83	84	87	76	78	88	82	85	
53	68	60	64	58	54	62	50	50	65	61	67	53	52	64	49	53	55	54	58	53	51	60	64	57	54	50	62	57	57	
83	74	87	90	75	79	89	71	76	75	90	81	74	75	80	73	74	81	83	84	85	85	88	88	78	81	84	87	74	86	
70	65	60	53	67	52	65	67	65	55	54	52	57	55	62	67	59	68	63	62	51	66	52	65	62	68	65	64	65	60	
104	99	95	90	87	101	99	105	95	103	94	90	87	91	96	104	105	86	97	100	86	97	97	95	99	87	92	104	88	88	
32	36	27	27	35	28	32	22	32	29	41	37	35	33	35	35	34	22	33	33	37	35	31	30	26	28	25	37	30	25	
58	64	47	52	62	64	63	66	47	63	51	57	55	59	59	63	64	53	64	61	54	64	49	49	66	60	59	55	64	61	
42	50	45	43	52	48	52	42	52	45	54	43	44	54	53	45	52	59	58	61	56	44	57	43	56	53	56	51	59	61	
98	104	96	89	98	99	106	97	105	89	90	99	98	105	89	96	104	97	97	105	99	102	96	93	105	98	89	103	96	98	
97	91	91	98	89	88	93	94	94	102	89	91	91	106	100	95	92	95	90	90	104	94	87	92	90	106	88	92	104	87	
36	37	48	46	37	48	32	46	34	47	36	41	43	41	33	48	31	45	35	48	42	42	33	46	46	46	42	44	47	37	
59	41	43	46	42	44	43	40	57	40	52	56	44	48	54	49	43	46	43	59	57	48	57	54	57	57	59	59	41	53	
100	92	96	91	86	96	100	96	93	103	94	88	100	85	90	88	103	90	93	98	87	95	104	97	101	101	100	98	101	87	
107	113	119	106	111	105	100	116	114	102	112	119	113	103	102	114	110	106	100	116	113	100	113	111	102	104	109	113	111	100	
68	79	69	67	68	65	69	77	80	66	80	70	69	65	72	77	75	76	71	77	70	65	64	70	76	69	69	82	70	70	
23	30	29	33	25	37	29	32	41	24	33	39	39	31	36	29	28	33	27	33	38	33	26	32	35	27	36	36	39	24	
77	86	88	75	93	80	92	81	85	83	77	80	78	79	93	84	82	74	89	78	78	79	79	88	81	77	81	77	87	85	
93	104	93	96	109	92	108	96	91	99	99	110	110	106	93	104	103	104	110	93	100	103	102	93	106	105	94	101	103	107	
21	21	32	24	31	38	25	33	26	23	39	39	27	38	33	40	29	32	37	28	23	34	25	37	34	31	37	31	38	33	
81	83	76	86	90	91	93	76	81	78	91	79	87	85	74	74	88	91	79	83	91	79	74	86	76	80	79	90	92	75	
64	71	60	59	59	61	63	69	76	71	66	75	77	59	69	75	77	59	65	67	69	70	65	71	66	72	63	77	68	67	
104	92	94	94	107	101	107	103	106	99	92	92	94	98	100	101	104	97	92	98	95	102	96	102	104	96	99	98	100	111	
31	35	31	29	21	21	17	33	34	23	26	34	20	20	26	28	34	16	26	25	34	31	31	22	23	31	32	35	26	20	
50	41	45	39	40	47	36	35	35	36	36	32	51	44	47	38	32	42	46	38	46	35	49	45	32	41	39	48	48	48	
89	92	81	84	96	90	81	95	83	84	95	78	88	82	85	88	79	93	81	78	90	78	79	94	89	81	83	87	92	80	
94	97	92	92	101	102	94	98	98	96	105	92	108	105	107	89	105	96	98	94	91	108	101	98	100	102	99	108	97	108	
55	52	48	48	49	43	54	54	55	61	59	45	51	56	45	50	51	60	46	60	43	58	45	61	60	57	58	58	54	42	
34	41	51	39	38	35	46	39	34	39	42	49	46	41	45	44	37	34	49	37	39	40	36	35	32	40	45	39	48	40	
75	76	77	71	83	74	85	71	85	83	86	85	86	73	79	81	79	82	79	86	80	78	70	78	70	74	84	70	70	70	
55	47	51	54	46	50	56	52	52	51	59	49	49	50	47	52	46	57	44	46	48	60	52	54	54	52	53	53	45	57	
81	94	90	83	85	95	94	88	83	95	89	93	93	91	97	96	92	79	80	88	83	83	94	95	97	86	92	80	82	93	
65	75	68	72	75	73	66	71	76	61	64	71	73	75	65	66	63	74	63	59	67	63	61	60	60	61	71	67	63	64	
72	56	72	59	65	69	66	72	66	66	59	64	65	63	60	66	66	72	64	63	56	61	71	67	58	68	58	65	67	73	
70	88	76	81	72	70	88	73	76	75	87	85	84	76	71	84	78	85	72	84	79	74	83	86	70	84	85	79	76	69	
100	104	92	88	87	90	85	95	88	89	89	103	91	93	102	88	96	85	97	86	95	102	96	90	96	89	104	89	96	102	
47	43	54	43	53	57	56	56	45	58	47	54	47	57	55	50	57	45	61	46	44	53	50	53	46	43	61	58	45	52	
86	71	75	73	67	73	80	84	84	69	75	67	77	69	77	85	71	69	82	72	82	77	77	75	72	78	78	79	76	78	
82	80	91	80	93	87	76	85	85	82	81	92	77	94	92	76	92	79	94	80	87	93	85	82	87	92	93	80	84	86	
95	95	98	85	95	101	91	95	92	104	95	97	86	97	96	96	102	94	87	96	100	104	89	94	98	94	104	94	89	85	
58	68	54	68	52	68	64	60	55	58	56	55	51	62	51	63	54	60	59	55	65	62	65	52	54	55	66	54	54	57	
100	113	116	106	100	104	110	100	111	100	100	107	111	103	109	109	101	102	103	115	104	105	112	110	111	105	107	98	97	110	
19	17	24	15	27	19	17	32	23	23	19	30	29	19	16	25	30	34	29	27	27	27	16	21	23	17	24	20	22	23	
97	98	110	99	101	107	97	98	97	111	97	94	103	109	95	104	103	93	97	110	104	107	98	101	101	100	103	102	95	103	
16	22	27	20	14	17	27	14	13	14	26	19	28	24	12	27	25	24	16	26	17	21	18	26	25	21	25	12	15	11	
53	62	54	55	49	65	59	49	61	59	63	53	51	65	64	64	62	67	58	56	49	53	57	67	66	55	62	65	48	59	
40	40	45	40	46	51	41	49	57	44	50	51	48	56	45	40	40	50	47	47	53	51	53	52	41	48	49	44	46	51	
85	85	72	75	72	85	73	80	84	89	77	86	86	83	90	85	87	82	80	81	77	80	90	90	82	78	85	80	71	78	
43	54	52	55	46	46	58	56	45	59	44	42	47	44	58	43	55	51	54	56	57	42	55	53	58	45	59	49	60	59	
75	78	86	77	73	70	69	84	81	82	85	73	82	71	80	72	86	83	71	87	72	76	82	81	76	69	71	69	75	71	
102	108	103	114	120	119	111	106	114	120	119	108	110	112	120	103	113	112	103	105	116	111	111	111	109	118	101	119	116	111	
31	24	30	36	20	21	24	25	20	34	20	20	35	26	21	24	29	26	33	37	20	24	38	28	19	37	29	28	20	24	
83	75	84	74	91	83	73	82	74	73	86	80	81	76	74	77	84	86	72	82	80	73	74	76	78	76	87	80	84	74	
84	103	94	99	88	85	86	93	96	90	90	98	92	85	94	98	98	103	96	86	103	90	89	94	93	89	98	87	93	86	
16	15	24	32	31	31	18	17	22	18	26	27	20	24	22	20	21	15	16	24	28	23	23	22	21	19	19	23	31	22	
68	87	73	69	76	86	87	86	87	86	75	85	79	77	75	73	74	76	77	68	79	70	74	72	84	73	79	81	84	72	
64	67	71	69	57	56	61	71	65	63	52	60	52	60	64	60	58	68	61	67	57	64	71	52	70	55	60	60	69	65	
85	91	89	101	89	84	86	91	102	91	92	101	89	86	96	99	92	86	84	91	99	91	89	85	86	101	84	85	96	99	
34	38	28	42	30	37	36	31	37	36	38	38	41	27	38	27	30	39	34	37	25	33	36	26	40	33	44	33	39	42	
38	38	32	46	43	42	48	42	33	45	39	33	49	45	42	46	46	41	30	40	37	48	32	45	48	48	36	39	31	38	
81	67	70	69	79	70	82	74	72	68	79	83	71	78	75	76	82	81	66	82	80	71	73	72	64	68	75	77	81	71	
102	93	100	107	95	93	88	103	102	107	96	98	97	91	95	103	98	104	95	94	100	102	91	106	100	93	94	102	94	102	
76	72	80	66	77	78	83	72	82	82	82	73	80	72	80	71	73	68	79	67	81	73	71	79	66	66	66	77	69	82	
71	58	57	72	71	56	60	69	67	71	56	66	63	63	68	54	64	70	73	73	65	59	65	70	55	58	72	69	70	60	
56	50	46	52	47	58	42	56	56	42	54	58	52	47	50	51	51	56	55	60	45	50	50	59	44	58	54	52	44	55	
61	57	63	61	60	58	56	59	68	59	62	66	63	62	55	70	70	72	60	57	66	62	57	54	71	63	64	61	60	56	
102	103	98	97	94	103	110	94	110	104	111	102	100	107	110	102	92	100	103	100	99	100	94	98	98	107	102	103	105	106	
93	78	78	89	92	94	82	91	84	80	92	77	86	94	76	84	76	79	81	89	86	81	84	82	84	91	75	77	78	86	
61	54	57	58	48	54	44	60	50	55	50	45	54	47	43	53	45	57	46	61	51	57	48	43	49	49	50	59	48	59	
33	30	39	32	34	28	39	35	34	30	39	37	36	36	36	47	39	28	28	39	40	47	37	38	34	28	30	36	31	34	
78	72	69	70	82	85	82	84	82	77	72	75	72	75	77	74	83	75	83	75	86	79	79	76	82	68	83	77	73	84	
38	39	52	43	45	49	53	37	40	39	38	40	43	38	39	55	49	54	46	43	40	44	49	50	55	37	39	48	46	45	
30	17	16	23	18	25	26	21	31	15	29	15	24	29	33	28	27	26	27	14	21	20	25	33	27	16	32	30	29	18	
53	55	49	58	51	56	57	51	45	50	44	44	42	61	44	51	43	60	56	51	61	45	49	61	51	58	52	51	55	52	
70	68	81	69	73	79	71	81	74	66	83	78	79	81	68	69	83	76	71	70	67	66	72	66	81	73	76	83	73	70	
39	25	41	32	27	38	34	35	24	33	34	41	35	40	25	25	38	28	36	38	34	35	24	31	27	34	23	31	36	34	
54	58	58	52	69	55	68	58	59	62	63	58	59	59	51	59	66	58	54	69	64	68	64	61	62	53	65	67	59	60	
112	112	105	117	120	114	101	119	105	107	101	120	103	114	114	107	109	113	105	114	117	109	119	105	107	120	115	104	110	106	
79	91	73	80	72	84	84	82	83	75	76	86	82	73	83	72	87	87	82	74	90	78	81	79	82	86	85	83	79	88	
46	40	37	35	43	49	36	46	46	49	36	54	43	51	37	52	35	53	37	53	53	45	38	42	35	50	46	53	43	38	
33	50	47	51	39	46	46	40	43	39	43	43	35	33	52	37	46	48	48	45	52	45	41	40	33	43	48	33	46	45	
106	111	111	97	97	116	114	110	98	111	105	109	110	116	114	98	112	115	114	112	112	99	109	107	102	97	106	97	108	112	
68	52	64	53	56	53	54	67	50	61	59	57	60	53	61	56	54	61	50	61	62	50	52	51	52	50	58	53	68	56	
44	30	31	39	46	33	45	41	38	38	42	45	31	39	45	41	45	45	29	28	29	45	27	45	46	38	31	32	27	34	
13	15	24	22	17	22	15	19	16	5	11	7	15	18	8	23	18	15	15	11	7	12	11	7	16	15	22	10	8	6	
20	10	13	14	4	18	3	21	14	11	13	17	9	14	17	6	4	3	7	15	6	11	7	3	11	12	22	18	12	10	
68	71	84	70	72	80	86	80	71	71	73	75	87	75	72	69	68	72	72	79	76	69	72	81	80	78	85	78	80	79	
16	33	22	21	25	24	35	35	26	28	16	26	29	33	35	25	19	35	21	21	34	25	33	33	30	19	28	19	27	24	
36	20	32	23	20	31	21	18	30	31	31	25	27	36	17	21	24	20	33	30	28	24	34	24	24	19	30	35	32	19	
63	63	67	49	64	54	68	50	63	58	53	50	50	63	58	56	51	61	67	67	57	59	50	68	54	56	63	62	49	49	
111	113	113	100	110	111	116	98	111	109	103	109	109	106	116	113	103	98	101	106	112	115	111	115	117	104	109	108	98	103	
68	59	68	68	60	49	53	54	68	66	52	60	61	60	59	62	50	64	67	54	50	60	63	58	66	50	60	54	54	58	
73	78	91	86	86	81	88	88	80	82	79	92	91	80	88	78	86	84	79	74	73	89	91	83	83	76	82	87	86	81	
20	22	36	32	20	20	21	21	23	23	30	25	21	34	34	30	25	19	33	29	31	37	24	21	27	35	28	30	25	24	
63	58	60	55	71	60	68	64	53	58	56	52	59	53	60	69	64	56	71	65	63	67	66	66	68	66	59	57	63	68	
97	89	96	91	93	98	86	94	89	100	85	83	93	96	100	85	89	95	90	95	100	90	100	86	86	88	87	87	91	94	
75	67	80	70	75	67	74	62	77	69	74	64	72	68	69	69	68	78	61	73	65	79	65	65	78	72	65	71	75	69	
75	62	67	76	77	75	66	59	66	76	71	69	59	78	76	60	76	61	75	78	75	61	77	67	67	76	70	69	59	70	
37	44	43	43	31	29	34	40	40	29	39	31	44	43	40	29	31	43	30	43	36	33	35	27	44	36	35	32	44	27	
107	114	108	95	113	111	103	100	113	107	105	98	98	106	98	114	102	97	96	108	98	113	114	101	103	99	110	101	99	99	
14	13	28	21	19	21	21	20	19	25	11	26	30	17	21	21	15	26	26	27	24	22	13	17	11	15	22	20	18	11	
81	95	82	95	93	91	95	99	86	87	88	100	96	99	90	87	83	88	83	96	83	94	97	92	87	86	89	93	96	81	
80	79	75	82	73	73	89	83	85	87	73	83	83	82	84	78	77	91	90	77	85	77	85	80	77	85	92	81	78	75	
77	73	74	71	66	68	61	61	62	65	63	65	60	71	65	66	73	75	72	61	61	77	61	70	72	78	72	68	64	64	
58	60	72	57	68	59	66	70	69	72	60	74	66	62	58	67	66	73	72	74	64	73	69	64	63	65	63	73	63	55	
98	102	105	107	98	108	105	96	112	106	100	96	104	108	102	100	95	108	109	111	111	112	106	108	99	98	111	112	99	94	