100
20
89	63	113	27	106	105	86	21	103	68	26	84	89	107	71	27	27	96	91	71	
89	59	96	27	98	108	82	17	84	68	25	73	84	113	79	16	44	112	83	70	
101	56	98	14	104	111	68	29	86	76	35	69	82	109	76	30	31	102	86	66	
99	72	98	27	98	102	78	31	101	72	27	84	88	104	71	31	29	111	97	65	
91	67	101	19	100	104	70	28	85	64	33	80	81	99	62	21	39	98	89	58	
104	58	99	28	108	107	70	18	102	75	21	72	88	96	68	21	32	99	97	58	
103	71	111	14	98	108	79	20	99	77	28	79	80	99	67	29	38	103	95	60	
85	73	96	20	108	97	76	32	102	68	33	71	85	115	65	17	35	113	93	52	
88	70	111	12	113	108	73	35	91	67	34	85	78	102	68	25	40	109	98	70	
86	67	105	25	101	110	86	18	102	71	38	79	94	103	64	33	35	112	92	63	
104	72	102	13	113	99	77	19	98	67	23	82	87	98	64	30	42	111	94	54	
98	59	104	13	103	108	74	33	94	68	27	73	94	100	81	23	26	109	98	59	
88	57	96	27	100	112	84	34	93	67	25	67	85	103	73	31	26	98	80	54	
104	65	104	23	101	114	84	30	95	62	27	75	78	109	65	20	32	112	80	57	
90	63	110	27	105	111	81	21	93	63	30	77	92	114	68	34	31	100	82	68	
90	65	111	29	112	115	81	25	84	67	35	72	84	106	70	33	27	114	83	58	
101	61	96	23	115	101	78	17	88	68	31	77	80	104	64	15	32	109	84	53	
91	56	96	10	115	100	77	34	84	74	35	78	77	102	81	34	28	114	97	57	
93	63	105	20	107	110	79	35	91	70	33	69	82	103	74	23	26	107	86	65	
96	61	101	21	114	101	68	29	91	66	33	75	83	100	80	25	25	110	88	69	
86	69	98	20	111	106	70	18	92	75	22	70	79	98	67	27	41	104	94	67	
96	67	99	18	104	115	84	36	102	71	33	68	84	113	76	27	36	115	85	71	
98	58	101	23	111	99	85	24	88	72	22	71	84	107	76	23	44	112	79	66	
93	74	107	25	101	114	81	33	94	73	32	78	83	96	68	32	37	104	88	59	
86	73	111	27	113	101	84	21	95	63	28	74	83	102	64	28	38	114	86	69	
89	70	111	16	99	104	83	26	96	72	27	78	79	98	67	23	38	110	83	70	
85	74	94	28	100	114	82	33	102	76	35	75	87	104	74	22	39	115	90	71	
97	55	112	25	96	115	84	32	96	59	28	80	82	107	72	15	37	107	88	70	
98	59	113	20	105	111	71	24	103	71	20	78	87	111	79	32	38	97	92	55	
89	70	113	19	107	100	77	33	95	64	23	69	78	100	81	17	36	110	81	55	
87	67	103	21	115	104	86	27	92	62	31	85	83	115	78	19	27	107	84	54	
90	66	95	24	97	105	75	36	97	60	19	69	83	105	77	25	33	108	82	68	
97	69	101	23	105	107	84	24	103	76	27	83	91	97	63	29	31	101	89	69	
89	74	111	18	102	111	77	19	94	58	19	79	90	97	79	25	40	104	89	68	
85	67	102	19	113	111	67	22	92	68	36	82	91	102	69	27	31	96	89	63	
86	69	102	21	101	103	81	24	93	63	19	76	90	110	63	26	30	105	90	58	
101	56	107	20	115	103	70	28	92	77	26	67	78	106	68	25	26	103	92	65	
103	70	105	10	100	114	74	25	99	75	23	74	93	98	80	33	27	104	88	57	
104	64	113	11	100	111	86	23	101	65	28	85	93	109	81	15	39	96	79	57	
98	66	106	26	109	102	73	20	84	68	21	70	95	99	76	15	41	108	85	64	
92	68	102	14	101	98	85	33	103	73	37	67	96	103	79	29	35	107	83	57	
100	72	105	26	107	102	68	35	89	61	37	75	93	102	66	15	39	113	87	53	
86	69	106	23	114	109	83	34	96	64	33	71	92	96	76	28	39	106	84	69	
89	62	96	14	99	111	70	19	102	72	24	69	89	115	77	21	32	102	87	69	
103	66	111	20	102	114	73	35	100	66	29	74	88	104	66	20	32	102	87	56	
103	70	107	11	99	97	84	22	95	76	21	70	96	108	68	28	37	113	96	52	
103	74	107	24	109	110	82	26	88	62	27	76	85	102	81	16	41	105	79	65	
85	71	104	24	111	104	77	29	98	72	32	84	96	98	78	20	36	105	83	69	
92	71	112	16	106	114	76	36	89	64	35	73	77	113	74	24	44	99	87	62	
89	63	113	19	109	106	68	31	85	67	27	85	86	113	73	31	35	108	97	54	
85	69	100	15	115	104	78	29	88	73	33	76	81	109	70	34	31	108	86	55	
103	55	101	22	107	113	71	21	102	73	33	76	94	115	73	30	31	114	79	66	
87	66	110	20	110	104	84	27	96	72	25	80	87	101	65	16	32	108	86	69	
100	70	104	14	114	112	82	18	89	68	27	67	95	96	78	17	34	112	96	52	
86	59	103	21	110	96	84	28	103	65	23	82	88	107	65	34	32	103	96	69	
86	65	101	12	109	105	86	18	101	77	27	76	84	98	79	34	44	101	81	62	
85	57	104	13	98	114	84	17	88	71	22	76	81	105	66	27	32	102	93	52	
88	68	95	19	98	109	71	21	96	61	27	78	96	112	68	15	44	105	84	55	
95	68	98	22	113	115	69	36	87	67	34	73	79	110	77	17	25	113	93	59	
94	56	111	13	104	109	71	33	86	75	24	86	89	100	63	18	42	111	93	53	
104	60	111	18	108	98	75	20	95	59	22	67	77	101	69	20	29	107	83	59	
92	63	96	25	114	105	84	28	100	76	36	68	88	112	69	23	29	99	87	52	
99	69	104	22	97	104	85	32	88	60	35	84	88	105	74	29	34	115	94	60	
100	62	106	29	101	96	74	25	93	69	31	73	93	99	80	20	29	110	80	70	
99	68	98	26	97	108	74	28	94	70	20	74	88	108	81	16	44	101	87	53	
102	59	106	25	99	114	69	23	95	72	26	71	92	106	65	25	36	101	89	52	
102	56	105	19	114	111	84	35	97	63	19	84	88	99	78	18	42	110	79	52	
101	74	108	21	105	110	81	27	93	71	24	80	88	103	74	28	29	108	83	64	
102	56	107	16	108	112	83	22	98	66	35	85	94	109	64	24	39	112	96	71	
102	69	99	21	97	106	67	27	90	74	22	70	84	99	77	21	37	114	80	57	
88	62	104	27	106	112	71	21	90	60	24	70	79	104	78	32	28	97	89	70	
85	59	104	12	108	105	86	22	93	69	29	73	81	99	76	33	42	109	90	71	
92	67	105	25	99	110	74	19	98	65	36	86	81	99	69	31	43	107	85	53	
97	72	111	23	104	112	68	35	88	74	27	80	80	112	63	29	35	115	87	67	
102	73	95	27	96	106	76	26	89	62	28	78	84	106	64	32	27	115	90	66	
89	73	94	11	97	96	73	20	95	69	28	75	93	110	65	27	44	114	89	58	
101	70	113	24	115	111	69	35	87	73	34	76	94	109	65	28	36	115	96	59	
99	71	109	24	107	113	72	21	93	74	21	68	80	109	65	24	44	107	97	58	
98	63	94	24	111	112	80	35	102	60	34	84	83	114	74	26	29	101	83	56	
104	63	106	19	113	107	67	28	95	71	38	69	81	102	68	32	33	103	89	60	
99	55	96	10	112	113	76	25	99	76	25	79	89	111	64	25	38	101	81	62	
94	66	97	21	111	111	75	28	91	65	23	82	89	106	73	31	44	115	79	58	
104	63	109	10	102	106	77	30	90	61	23	81	86	101	72	25	42	107	85	61	
91	58	105	12	114	103	77	32	100	66	21	72	81	110	63	31	40	113	86	58	
100	74	99	19	109	106	86	32	86	70	33	71	83	97	80	22	42	103	84	57	
102	61	107	16	102	108	70	25	100	62	27	80	82	107	66	29	40	111	79	70	
86	63	100	19	100	98	76	28	99	58	31	82	96	103	80	15	35	102	92	70	
100	73	96	13	97	108	76	18	90	71	33	73	91	100	69	32	25	106	84	52	
101	72	102	13	114	102	68	27	87	68	19	73	95	110	81	33	34	107	91	55	
87	63	104	16	105	100	84	23	102	68	28	85	90	102	67	22	27	115	86	57	
102	64	113	19	97	109	81	30	94	72	26	69	87	115	75	31	29	98	97	71	
90	66	97	24	112	111	78	22	92	62	22	72	80	110	68	23	35	104	97	64	
103	55	103	12	115	107	67	33	98	66	30	85	77	110	67	27	43	101	87	54	
102	65	94	22	96	109	83	33	85	66	31	81	91	101	80	32	40	115	89	56	
95	71	104	11	103	108	86	34	94	63	26	86	78	108	77	26	43	105	85	68	
92	69	112	16	110	101	83	35	96	74	21	69	94	98	75	21	41	108	79	54	
99	59	106	16	114	102	86	34	96	76	28	85	77	104	65	19	40	110	90	62	
89	57	95	16	114	97	83	34	95	64	36	71	92	105	69	21	39	105	92	58	
104	60	112	26	99	101	74	28	89	73	37	86	86	111	78	18	33	104	81	64	
87	57	98	25	104	98	79	23	98	74	32	73	80	102	63	29	26	112	79	67	