100
30
85	95	73	39	78	25	26	53	19	88	46	68	65	23	43	75	107	4	87	43	40	67	51	28	63	101	76	37	110	81	
97	95	72	35	86	24	34	61	16	84	57	77	68	29	39	84	116	12	91	34	54	56	54	23	63	116	76	40	112	77	
97	100	62	30	84	23	40	53	14	84	51	77	70	17	32	74	115	18	78	42	50	55	51	32	75	99	78	41	98	81	
79	100	70	35	86	34	30	47	21	80	51	68	68	24	43	87	105	11	85	33	42	65	66	21	80	110	74	41	112	88	
83	103	65	35	88	36	42	56	25	88	57	64	61	19	38	69	103	18	89	38	42	63	58	17	74	116	73	37	106	72	
80	102	63	36	80	23	42	50	10	79	49	80	52	28	48	73	104	7	85	26	45	73	56	28	78	103	85	30	106	79	
79	111	71	34	86	24	35	48	15	89	60	75	56	27	35	73	102	7	95	36	56	69	59	25	76	111	71	24	110	88	
93	109	60	32	88	33	40	64	22	84	45	63	65	27	37	69	111	21	77	40	54	61	53	16	73	105	73	25	116	79	
96	98	71	40	77	24	37	59	15	75	54	69	54	14	48	85	108	21	78	34	54	59	69	32	78	97	75	34	104	87	
90	111	57	37	89	26	38	62	26	87	50	75	54	31	48	69	111	8	84	43	46	63	67	18	73	110	83	37	102	90	
96	108	62	33	93	35	37	51	26	75	47	74	63	18	44	70	102	15	90	30	44	55	65	33	65	107	85	24	98	84	
94	107	60	29	79	32	42	53	14	88	51	73	54	32	49	75	106	21	90	31	48	65	50	31	62	105	84	31	115	76	
92	109	72	31	88	36	40	62	17	83	45	67	57	23	45	83	106	6	80	26	46	56	53	33	74	110	85	25	102	89	
96	101	56	39	93	34	32	50	27	90	47	63	66	21	45	76	104	12	88	29	45	57	50	19	63	108	81	26	102	88	
98	103	70	31	81	23	41	49	17	75	54	77	52	14	48	74	99	4	94	28	53	56	54	33	71	98	85	24	105	73	
82	109	67	25	80	23	33	57	16	83	47	64	56	30	50	77	107	6	91	30	45	68	60	18	63	100	72	37	113	79	
93	109	56	35	87	25	34	53	24	84	59	65	68	20	40	87	104	13	88	37	55	62	55	17	73	115	69	34	115	89	
79	108	64	26	91	32	25	66	12	74	47	62	61	14	45	82	100	6	93	37	48	69	54	30	72	109	68	42	97	91	
85	111	57	28	91	34	27	47	15	90	49	65	70	31	46	75	118	7	82	33	42	57	61	16	73	115	78	39	101	91	
96	109	73	25	78	25	44	49	19	78	53	67	63	24	40	85	105	10	92	29	53	68	61	27	65	111	79	32	98	85	
98	109	74	36	87	26	38	58	28	75	58	70	63	18	47	83	101	16	94	31	47	55	69	19	77	114	82	24	107	88	
80	111	63	34	76	31	44	52	18	91	45	72	52	29	32	71	112	3	77	31	38	71	64	20	77	108	70	41	102	76	
94	106	65	31	91	31	37	60	24	76	50	71	60	27	32	79	100	16	87	26	51	58	67	32	74	97	78	41	114	82	
97	110	71	33	89	22	33	53	10	81	60	62	55	28	44	72	109	16	84	27	55	59	65	19	69	113	67	32	115	89	
86	101	75	27	85	29	40	65	11	91	60	70	63	26	48	76	118	2	94	45	52	62	66	23	73	102	70	27	103	76	
85	106	75	28	75	36	35	58	12	88	63	74	63	22	51	87	106	18	91	38	39	56	65	22	62	104	78	36	110	90	
81	106	70	40	88	26	30	61	10	84	47	75	63	24	38	82	115	19	86	35	49	73	57	31	71	98	77	34	103	83	
93	103	64	33	80	35	32	48	16	83	60	64	70	31	36	75	105	15	88	26	52	67	55	15	72	99	79	40	103	80	
98	103	69	24	89	31	31	60	27	79	60	70	59	27	39	80	114	21	88	27	49	59	59	23	79	115	73	34	107	88	
97	110	73	35	83	32	29	61	23	88	55	69	62	32	33	73	100	2	85	43	43	65	65	23	77	98	83	30	108	84	
87	103	67	41	83	36	38	51	20	74	63	73	67	19	50	83	103	15	92	30	54	71	65	28	64	100	67	28	110	90	
82	110	71	24	93	41	43	60	13	80	63	73	67	33	37	85	117	20	78	36	53	54	64	28	79	98	79	36	105	79	
97	105	61	43	77	27	40	52	19	76	55	75	55	21	43	81	103	13	93	29	54	65	59	26	68	110	77	33	115	73	
89	110	75	34	90	23	25	47	10	90	59	75	66	21	47	73	100	16	85	28	48	60	59	19	68	97	79	38	115	91	
97	103	62	43	81	39	31	62	16	76	52	78	67	30	37	83	99	8	77	35	40	69	60	18	79	100	68	32	103	82	
98	109	70	29	93	31	25	56	13	87	63	80	58	30	35	74	102	21	82	38	47	73	51	25	68	107	85	29	101	90	
97	112	67	28	91	23	38	64	12	89	46	79	62	14	40	69	102	7	80	37	41	58	57	22	75	107	73	32	108	86	
79	110	73	38	80	26	34	61	19	83	47	62	61	22	32	77	99	8	96	45	47	70	57	22	71	108	74	29	108	91	
96	104	65	43	88	39	38	47	17	73	56	69	61	21	37	79	115	20	87	33	45	69	61	30	74	107	68	40	107	83	
82	110	58	34	85	38	33	52	12	72	45	70	51	31	32	71	101	20	93	28	51	62	57	26	74	100	69	30	109	72	
84	96	74	34	81	38	37	53	27	85	53	71	56	27	35	77	107	11	95	45	51	66	50	28	68	101	72	38	112	75	
88	100	61	38	87	38	28	63	13	89	49	63	53	30	50	75	103	21	91	37	46	68	63	30	75	101	72	43	107	82	
98	93	58	39	78	37	39	58	24	72	57	79	60	28	48	72	115	18	92	33	56	63	56	25	66	114	86	32	111	75	
81	98	72	38	75	23	42	59	22	72	52	65	65	31	37	81	104	18	79	37	54	61	65	19	63	101	73	38	114	86	
79	106	71	24	82	26	37	55	20	86	45	66	56	20	42	72	112	6	91	44	51	71	63	19	77	107	86	36	116	77	
91	102	59	43	79	33	44	50	23	88	61	66	64	16	36	84	117	21	92	36	50	67	58	20	75	106	71	41	101	78	
91	106	63	24	85	22	34	50	12	82	51	76	61	14	41	84	109	13	95	45	51	63	65	32	68	101	74	27	100	73	
81	103	64	28	83	24	33	49	26	72	56	64	60	30	38	88	104	13	95	29	52	67	56	19	76	98	70	27	100	86	
88	95	72	24	90	38	36	64	21	84	55	61	53	17	42	80	100	3	79	34	41	60	68	20	72	102	74	28	107	86	
85	107	65	27	81	38	28	47	13	87	47	61	54	33	49	83	103	4	93	34	52	66	68	34	66	110	82	37	112	76	
89	93	68	35	75	28	42	61	12	81	57	72	69	17	38	78	103	4	86	35	52	66	60	20	76	116	70	33	101	78	
83	99	61	42	79	33	39	53	14	73	57	68	58	23	41	70	111	10	95	30	52	71	55	31	62	104	72	35	115	76	
87	110	62	24	78	36	44	55	20	72	45	68	59	25	33	88	108	16	90	37	40	70	54	18	72	114	76	39	108	91	
88	94	64	38	82	28	38	58	13	80	47	63	63	28	42	77	118	16	80	28	43	58	63	34	81	99	76	29	99	77	
82	103	71	41	82	40	36	56	27	85	63	70	56	19	49	74	100	19	92	29	55	73	63	22	62	106	74	27	116	90	
94	105	73	32	77	29	26	50	29	77	47	80	64	18	47	82	112	17	81	38	40	67	54	27	80	112	76	30	116	76	
97	109	60	33	90	38	32	65	24	79	50	72	53	33	38	75	104	10	81	44	54	56	52	34	62	101	68	32	107	76	
88	104	63	43	78	29	35	65	20	85	63	66	68	24	44	83	104	17	92	43	49	54	53	23	63	111	69	39	112	90	
87	112	62	30	81	31	25	48	23	79	62	73	55	14	37	69	113	17	89	27	50	65	53	33	73	100	68	39	107	91	
82	96	59	37	84	29	43	53	26	75	56	70	53	20	35	70	102	11	77	41	55	71	66	31	68	107	81	30	116	83	
96	96	67	26	76	30	39	52	23	79	62	71	69	33	41	80	113	15	79	31	47	64	52	25	73	106	85	32	105	75	
84	99	56	41	86	37	32	52	12	88	48	64	68	28	37	87	117	11	87	28	53	66	62	16	63	110	84	34	105	80	
79	101	60	38	93	36	37	48	16	76	63	64	64	21	50	69	102	19	78	32	40	68	55	15	75	107	75	27	115	80	
96	106	74	29	85	28	30	65	25	89	51	69	53	19	48	80	117	18	92	34	55	73	51	24	76	108	68	38	107	81	
83	100	58	34	93	28	30	56	22	86	48	62	64	32	37	72	108	21	87	29	46	60	59	17	77	115	75	35	112	85	
98	107	70	29	91	22	25	47	27	72	50	75	68	26	37	73	108	5	85	32	49	71	52	19	70	110	81	27	107	73	
82	112	69	27	74	23	44	63	13	83	51	80	60	31	50	82	118	18	83	44	56	68	65	17	79	98	85	37	108	81	
81	110	68	29	77	34	33	55	21	91	56	80	56	31	38	84	113	4	95	44	42	64	60	17	75	109	85	39	101	76	
90	100	59	36	80	28	35	50	26	78	47	65	62	21	40	88	103	16	88	31	55	54	50	26	73	112	78	39	101	86	
94	93	71	33	85	26	39	55	26	82	46	66	68	15	37	73	113	6	92	41	40	65	59	25	63	102	70	31	106	87	
80	106	68	31	82	28	27	53	18	76	60	78	51	20	46	72	112	5	89	34	53	64	68	34	81	98	76	29	103	83	
97	107	72	40	92	41	42	54	21	77	45	73	65	23	32	85	114	21	86	43	44	58	51	17	73	113	83	34	103	86	
80	95	73	37	87	26	26	47	22	77	60	62	61	27	37	75	115	7	93	41	44	72	59	27	81	97	75	41	112	84	
97	112	71	35	84	24	36	59	20	74	59	64	56	28	43	73	99	15	87	39	52	71	55	16	76	105	69	36	97	90	
98	101	71	39	80	30	32	54	21	86	64	66	56	22	36	76	107	11	94	38	55	73	55	24	72	99	81	31	111	81	
89	97	66	31	77	24	41	60	19	73	60	63	65	26	37	79	104	6	85	34	48	70	60	19	67	103	76	28	97	84	
93	98	61	32	91	31	29	55	23	77	50	80	70	17	37	76	100	19	80	27	43	59	53	26	75	98	70	37	108	87	
95	111	69	32	83	25	44	49	25	78	53	68	56	17	45	84	112	3	89	30	46	68	69	26	75	99	85	39	109	90	
98	111	74	24	79	24	40	55	10	76	46	76	55	18	46	70	117	9	79	28	37	55	67	28	67	112	79	27	115	82	
92	111	66	31	81	39	43	48	27	75	46	73	61	26	48	84	113	15	77	28	44	72	50	34	67	99	71	24	101	75	
95	99	68	38	76	25	44	53	27	72	49	67	61	27	48	85	106	5	81	26	48	67	67	29	65	109	82	39	102	85	
82	98	73	41	91	39	43	48	23	85	51	70	53	26	37	79	108	19	83	30	47	63	56	23	69	109	78	32	106	75	
92	107	61	30	90	38	29	54	14	73	51	61	66	33	44	85	110	19	89	29	54	73	68	32	78	116	68	35	111	85	
79	106	69	32	78	31	25	64	28	78	61	76	57	22	43	71	108	9	94	30	47	72	55	32	80	106	67	33	116	86	
92	98	59	43	81	26	38	60	10	78	61	63	59	33	40	82	106	3	80	29	45	56	65	34	67	104	74	28	115	73	
82	109	71	28	90	36	38	61	24	86	47	72	54	15	50	73	112	11	95	34	48	70	54	18	74	102	74	35	102	80	
90	107	60	27	84	30	32	52	15	86	47	74	52	19	48	71	99	10	84	34	56	61	53	34	69	109	67	40	99	79	
84	97	68	37	81	28	32	58	14	87	49	73	63	28	45	80	113	14	96	44	51	69	66	34	67	99	85	24	100	82	
89	112	66	33	78	22	44	63	15	72	51	77	63	30	37	73	102	3	83	35	38	60	52	30	71	106	73	42	105	78	
87	107	72	24	77	40	28	55	22	88	56	65	62	14	39	70	99	11	90	33	38	69	58	15	67	114	71	31	115	72	
98	96	73	27	81	33	37	50	14	76	58	73	51	31	39	79	109	2	77	27	51	73	53	31	69	106	85	41	109	75	
82	94	57	24	84	39	38	50	20	82	46	68	68	22	44	71	115	4	81	44	55	66	67	17	70	109	69	29	98	78	
83	111	71	40	79	27	43	65	10	82	50	73	61	14	39	75	115	21	91	26	39	57	68	30	67	113	69	25	110	82	
82	105	70	26	88	41	35	53	21	86	55	65	55	33	36	80	112	7	77	44	40	61	56	29	62	99	67	37	112	76	
79	111	68	27	79	32	42	50	18	91	46	62	70	20	41	78	103	17	85	36	39	67	64	25	70	108	74	26	98	89	
92	97	68	36	78	29	43	47	20	90	61	73	70	26	51	85	101	4	91	42	39	60	54	30	78	113	78	35	101	90	
83	111	66	36	82	30	38	58	16	88	64	65	69	16	37	87	108	14	90	34	41	70	65	26	64	115	70	31	101	76	
85	101	67	28	90	25	27	66	27	80	52	75	60	25	45	85	107	17	92	30	38	56	67	15	77	104	71	35	104	78	
88	96	72	30	87	33	30	64	21	89	61	66	54	23	42	74	101	8	81	40	37	72	54	19	71	101	72	29	115	86	
91	101	70	33	80	38	27	63	22	74	60	65	64	14	43	73	102	20	79	27	47	71	52	25	77	114	68	39	97	86	