200
40
40	55	25	95	24	99	70	94	117	37	56	10	7	25	102	44	103	92	51	90	86	94	11	27	59	116	56	38	96	105	83	64	20	66	35	117	37	97	47	90	
50	69	42	93	15	101	83	82	101	26	60	17	5	30	98	46	114	81	52	85	91	103	16	42	53	115	45	33	106	111	78	64	28	67	43	107	33	99	52	100	
49	65	35	106	21	87	76	78	119	33	67	14	18	12	101	35	104	97	54	87	82	107	17	40	70	117	53	39	93	103	90	81	28	77	42	109	32	92	57	83	
52	54	42	107	10	99	68	89	111	31	58	5	12	22	93	43	108	87	47	84	95	104	11	30	55	100	37	51	95	103	87	71	20	66	36	112	21	87	50	89	
38	55	41	100	17	89	81	93	114	27	69	13	10	12	102	48	103	97	56	76	91	102	15	32	54	114	40	36	95	107	79	72	31	77	30	105	24	94	43	87	
37	61	30	97	12	89	85	78	105	23	56	3	12	16	101	30	99	93	61	81	85	103	16	40	65	108	51	49	101	101	78	81	13	64	34	110	37	98	51	91	
50	56	41	101	16	83	67	94	111	32	70	12	11	15	102	32	99	95	64	85	90	102	12	40	69	107	55	33	101	111	80	64	17	74	46	110	26	88	52	86	
42	70	28	110	10	98	84	77	101	18	61	11	9	13	97	47	106	96	57	85	86	103	16	30	60	114	47	37	98	113	84	77	29	74	34	111	32	93	48	91	
36	65	32	96	24	97	73	75	115	22	58	14	20	13	97	43	104	81	58	85	95	111	15	41	58	108	54	44	95	107	85	76	22	59	46	113	26	86	48	97	
52	58	43	92	10	92	77	85	105	30	58	18	17	21	99	42	107	92	51	94	84	104	22	26	54	109	42	37	94	100	82	68	27	72	31	104	25	89	48	98	
51	58	26	110	25	87	68	86	115	37	68	16	14	11	96	37	102	96	57	92	92	96	12	34	57	99	46	49	100	104	87	70	25	74	38	101	26	103	50	93	
43	61	33	94	6	100	84	75	119	25	65	10	6	18	100	38	113	98	59	95	99	111	7	25	55	116	55	43	96	108	95	75	31	75	42	105	33	102	55	94	
36	58	43	105	6	87	67	91	118	26	58	20	9	20	104	35	101	87	47	83	97	104	12	39	59	108	44	50	94	113	96	65	24	69	34	119	29	99	52	93	
50	56	38	98	22	89	85	80	105	36	57	19	18	18	91	34	111	89	51	90	86	109	13	29	55	108	41	44	94	116	91	77	26	65	45	101	24	101	52	93	
38	66	41	100	12	96	72	76	118	30	66	16	13	12	106	37	107	84	63	88	101	96	9	37	62	112	50	37	106	107	88	74	22	66	49	111	29	94	51	81	
43	61	36	105	15	95	70	81	101	31	64	14	19	25	99	30	97	92	51	89	100	96	10	25	62	112	47	52	108	110	85	76	17	66	38	112	27	93	50	93	
37	60	26	99	8	92	74	83	108	30	69	17	16	23	98	41	102	90	51	94	97	106	22	30	62	100	47	43	90	103	83	77	26	64	34	102	19	104	54	85	
52	64	43	109	11	97	82	93	117	25	69	11	17	23	102	41	104	98	58	77	101	111	6	32	67	117	52	33	89	111	88	64	25	62	34	108	19	90	54	100	
49	66	32	103	16	100	79	93	110	25	59	10	5	21	87	30	102	90	54	92	93	107	21	35	55	100	49	49	96	98	78	77	24	62	44	101	29	90	54	88	
46	53	43	99	13	85	83	79	116	33	73	5	13	30	101	46	103	98	63	78	85	96	17	38	61	105	56	34	98	111	83	80	15	61	46	118	26	98	42	87	
37	70	36	99	18	100	79	81	101	23	64	5	15	22	91	30	96	98	66	83	84	94	6	38	57	118	54	40	102	107	85	66	22	74	39	108	21	103	53	83	
49	61	42	95	17	94	77	86	118	19	59	17	24	26	99	40	107	96	50	93	94	98	22	38	52	115	55	47	94	116	78	72	29	62	31	116	24	102	41	91	
49	56	36	103	25	101	78	77	106	29	59	3	22	27	100	38	96	85	55	78	100	99	11	29	58	102	38	45	90	105	79	65	29	60	36	101	34	102	42	86	
54	65	40	99	19	85	81	77	105	30	72	4	17	12	89	34	101	95	55	95	91	94	20	33	62	105	41	35	105	111	88	82	25	71	40	114	31	102	47	88	
45	72	28	91	19	94	77	84	100	25	69	8	8	28	94	38	101	93	47	84	97	106	9	26	60	117	38	50	89	102	84	65	29	74	40	106	31	87	56	95	
38	63	33	93	22	82	68	75	109	23	60	5	14	16	90	30	105	89	66	92	101	111	16	43	67	118	44	35	98	109	96	81	15	69	32	103	26	86	41	82	
52	60	27	99	10	98	86	76	106	18	59	14	8	26	91	46	115	92	59	77	82	97	11	35	56	106	46	36	100	98	85	80	15	58	31	100	34	94	41	88	
39	57	38	97	23	89	76	92	111	37	62	22	11	15	97	47	111	87	47	91	89	106	21	31	65	114	44	45	106	102	79	76	22	73	47	102	34	92	46	100	
45	66	38	102	13	97	86	91	108	37	58	4	23	29	90	30	101	85	54	94	96	107	19	34	58	106	53	43	94	103	86	65	14	70	42	110	37	90	56	89	
43	72	31	98	24	87	79	78	109	26	63	13	24	16	88	30	96	94	66	93	83	94	22	28	68	110	53	46	108	106	94	81	25	75	49	118	20	90	47	87	
46	58	30	94	9	93	86	80	107	30	56	3	23	16	87	33	104	96	64	85	101	109	14	32	57	111	37	48	92	115	83	75	20	59	42	100	28	86	40	91	
47	54	31	96	20	94	75	77	111	35	61	8	21	16	96	41	97	87	58	95	87	96	6	37	67	99	50	38	101	113	78	72	28	58	45	106	25	88	55	98	
36	68	32	99	18	90	74	94	105	22	64	18	23	24	90	44	104	82	64	84	90	97	6	29	57	113	54	52	94	111	78	72	28	71	42	104	20	103	51	83	
42	68	28	91	16	100	74	79	112	25	58	6	9	29	89	43	112	93	48	80	85	105	10	34	61	108	55	48	94	105	86	76	23	69	46	108	31	101	50	97	
48	64	43	102	15	85	73	92	103	36	64	3	19	26	92	32	104	91	59	82	87	101	20	36	70	110	51	42	98	116	90	71	25	64	40	112	24	104	46	99	
39	65	25	96	21	86	82	93	115	37	73	17	20	17	105	47	96	91	59	91	84	108	10	26	67	112	51	50	92	106	90	64	26	71	31	102	29	92	50	99	
49	56	34	91	25	101	70	77	110	34	69	6	15	16	99	29	114	84	59	87	99	107	8	29	53	102	54	48	92	99	80	68	18	76	44	109	38	87	57	90	
48	54	29	91	19	95	72	83	110	19	70	4	18	17	106	32	102	92	49	76	87	104	22	29	60	109	41	43	96	109	88	64	25	69	33	109	19	103	44	93	
36	71	41	100	7	92	82	92	107	30	58	20	5	15	96	48	101	92	59	89	99	112	14	39	66	114	55	41	102	109	89	67	13	74	33	108	36	95	42	90	
43	61	32	98	9	100	83	85	107	19	66	18	23	27	100	33	99	85	47	88	87	107	16	35	52	114	40	43	105	110	79	76	23	75	47	117	24	105	43	89	
48	72	34	93	18	92	77	91	107	32	71	14	9	16	103	35	103	95	49	85	84	97	20	25	56	117	37	38	107	103	92	82	27	74	32	112	26	101	42	82	
54	62	32	94	24	98	86	75	110	20	56	13	13	28	101	31	103	81	49	78	98	105	9	34	66	101	55	34	89	103	85	76	17	71	49	112	33	98	42	96	
53	63	43	99	15	89	77	86	107	30	70	17	13	19	91	36	113	94	47	87	101	102	23	44	54	110	46	39	107	102	88	80	26	71	38	119	35	100	43	93	
46	61	43	93	8	91	78	89	116	37	74	7	11	25	98	42	108	87	56	81	98	103	11	36	70	117	47	47	93	113	82	72	22	74	40	102	22	104	55	91	
42	62	36	110	9	94	67	83	118	24	56	9	5	11	87	33	112	88	54	83	97	112	9	27	56	106	52	48	95	103	96	81	21	68	44	114	31	88	58	93	
53	58	39	104	9	85	67	82	109	28	57	7	24	11	100	45	96	89	63	84	87	112	20	28	56	117	56	49	100	117	91	81	19	63	38	100	32	92	53	89	
38	56	36	104	6	91	83	79	111	33	58	9	24	27	92	37	97	84	49	92	86	106	15	26	57	115	41	48	105	111	86	70	14	71	40	118	22	87	42	82	
47	63	39	106	18	84	82	92	110	23	70	8	20	19	106	46	99	89	62	77	96	109	14	41	64	111	48	42	103	111	86	73	31	67	35	107	24	90	50	91	
51	54	43	107	22	98	75	81	110	18	70	22	21	14	104	29	99	82	50	91	86	109	24	31	52	113	48	44	106	111	85	74	27	67	48	102	28	89	45	94	
54	60	26	103	20	97	81	93	100	22	73	17	18	27	99	41	102	88	59	77	96	107	13	31	52	116	54	34	99	108	96	75	20	59	40	100	38	87	54	95	
53	71	43	92	19	95	70	89	114	25	56	18	8	23	96	40	99	87	55	85	87	99	23	39	61	115	45	48	90	108	90	69	15	76	44	100	28	100	46	93	
40	60	28	108	6	99	85	91	114	36	73	10	18	19	91	47	107	82	47	95	82	111	16	43	55	109	49	47	101	102	85	82	18	76	41	114	26	99	47	91	
50	55	41	95	15	89	75	76	116	21	56	21	10	13	99	33	114	86	53	95	98	98	11	43	64	106	37	39	90	108	79	81	30	59	49	118	26	87	52	88	
42	65	42	102	18	91	85	83	114	27	69	7	19	18	87	30	97	98	65	81	92	103	22	27	68	116	50	46	100	117	84	79	20	63	49	106	27	92	49	86	
38	66	32	106	18	89	75	78	109	29	71	10	11	28	104	31	110	99	50	83	101	112	12	42	55	104	43	36	107	106	88	69	21	70	33	101	24	89	53	97	
52	71	38	93	15	100	79	76	113	27	61	14	18	24	97	39	107	85	48	76	89	94	16	29	62	118	39	48	95	115	85	73	30	70	34	100	37	103	47	83	
36	70	32	101	19	90	79	92	104	25	64	20	15	22	91	37	111	91	53	86	101	106	8	27	59	100	48	40	99	114	79	83	24	66	38	109	27	88	50	90	
37	60	44	108	10	84	83	84	101	19	74	5	10	21	89	31	107	96	63	82	86	110	22	39	71	105	50	50	94	115	80	66	24	76	36	114	30	95	47	94	
51	57	27	108	13	84	74	85	111	31	62	13	5	24	89	36	99	87	54	93	101	107	21	43	64	108	39	37	94	115	78	70	26	69	38	108	22	89	47	90	
52	58	25	101	14	86	76	87	112	37	67	4	24	16	100	32	105	89	58	83	94	94	13	27	66	112	56	34	91	114	84	80	25	61	44	110	30	95	58	83	
55	56	34	106	6	89	75	85	104	36	65	22	9	18	89	48	104	97	58	81	99	100	21	44	55	102	51	51	95	109	90	83	16	66	38	110	38	105	40	97	
50	70	28	93	13	90	69	91	119	33	58	3	21	29	94	36	107	94	59	85	99	106	22	31	69	100	44	38	107	100	81	66	29	75	36	116	31	103	57	88	
42	54	33	97	10	89	79	83	116	26	68	13	6	19	100	43	110	90	47	84	86	97	21	27	56	111	54	49	108	111	89	67	16	69	43	100	27	90	40	98	
38	63	37	107	23	98	76	83	109	19	61	18	18	13	103	48	115	84	55	83	90	105	8	33	52	108	39	52	90	98	84	65	30	77	32	114	34	89	43	85	
50	55	35	91	22	94	82	88	108	34	64	21	18	24	102	33	106	85	62	82	82	112	7	42	64	107	42	44	98	101	93	80	18	61	32	113	21	105	46	88	
51	58	36	102	21	89	78	83	105	32	74	10	5	27	105	39	103	98	48	86	82	112	15	37	54	110	50	35	100	116	86	76	15	73	35	111	36	86	53	85	
41	64	31	100	19	85	80	75	101	33	74	7	11	25	89	31	111	93	58	78	100	96	5	44	59	103	37	38	107	108	91	81	15	72	39	115	34	86	48	97	
38	57	31	103	14	94	77	86	103	33	55	12	20	20	106	34	114	97	48	82	85	102	15	34	53	102	51	49	98	113	96	77	24	65	35	106	23	94	50	90	
50	69	40	104	20	84	75	92	112	35	62	22	12	24	89	39	109	86	60	81	101	106	18	32	58	115	51	48	108	114	88	83	28	59	33	106	38	87	54	84	
55	59	44	92	20	84	74	80	103	23	73	9	11	22	102	30	111	91	56	78	90	110	24	28	54	108	38	45	93	105	96	69	17	68	36	118	32	91	40	90	
47	60	30	100	24	96	78	91	117	25	68	19	22	18	87	33	107	95	49	84	93	97	24	44	55	100	55	37	101	105	78	73	14	62	45	110	35	87	46	94	
38	68	40	104	18	90	84	82	115	29	68	16	16	23	91	34	112	81	64	85	99	110	5	39	69	110	41	33	103	99	95	64	27	64	45	112	20	90	41	89	
51	54	36	97	17	90	71	80	119	26	68	7	6	29	95	38	106	87	59	90	87	100	15	33	61	99	55	51	90	112	82	74	20	65	31	119	34	94	48	85	
51	69	28	91	23	87	81	91	101	31	57	15	22	15	90	33	107	95	59	87	87	111	23	34	52	103	49	40	95	101	80	78	14	73	43	118	30	91	49	86	
37	61	29	101	20	95	72	77	110	19	59	16	5	17	97	46	111	88	60	93	91	109	22	30	53	101	42	44	96	115	78	68	24	66	43	109	36	98	51	95	
50	58	28	95	22	95	68	82	119	18	67	10	16	30	99	38	101	95	47	91	95	106	7	27	65	117	40	44	103	117	82	79	18	62	45	105	30	88	53	90	
41	67	26	102	17	86	85	80	110	33	60	13	23	12	91	33	97	85	51	83	95	102	9	29	67	112	52	39	104	104	91	65	29	69	42	111	28	102	49	82	
53	53	36	96	12	84	73	76	115	36	64	4	6	21	106	41	105	91	54	87	101	109	5	36	69	113	51	45	92	98	94	64	13	58	36	102	36	92	46	92	
46	62	36	99	15	93	68	87	104	22	56	21	8	30	105	38	107	86	59	80	93	112	22	35	53	109	53	49	99	117	89	79	20	73	33	109	31	103	44	100	
53	69	30	93	8	91	69	82	115	20	74	10	14	11	101	41	115	81	56	81	100	113	16	30	60	115	38	45	102	106	94	80	28	61	49	105	22	105	55	100	
46	72	44	91	21	94	86	91	114	36	66	16	7	21	92	41	110	93	56	90	86	101	14	33	57	113	48	48	90	116	85	82	28	63	35	110	34	101	39	85	
44	68	32	108	22	94	70	89	108	24	58	7	6	21	96	30	105	84	59	95	95	94	24	36	57	102	51	33	95	108	81	70	18	60	45	111	23	89	53	97	
48	66	25	109	9	86	73	92	107	20	60	20	23	18	90	41	105	82	53	77	95	110	9	40	53	111	42	43	95	114	84	79	22	62	39	115	26	96	58	97	
44	65	26	109	7	98	73	91	106	37	58	19	20	26	88	36	115	94	57	92	84	110	24	38	70	103	41	49	107	110	92	67	19	69	32	118	31	95	55	86	
36	58	43	97	17	88	86	77	100	26	59	13	14	24	103	42	110	91	64	77	83	101	21	44	56	108	52	45	94	114	78	81	14	75	34	115	23	88	41	82	
48	67	41	110	8	101	74	76	110	36	58	19	15	13	93	30	102	95	60	95	100	103	12	43	57	106	54	49	89	111	82	82	26	65	38	119	38	100	42	90	
41	60	31	104	16	89	75	92	100	35	60	18	10	22	97	34	101	83	63	89	89	99	11	44	55	106	38	42	92	105	92	73	17	77	37	108	30	87	43	87	
45	59	34	94	25	94	73	90	103	35	57	16	19	12	103	29	108	95	53	91	87	101	12	34	57	105	39	48	107	113	87	75	23	62	33	117	37	89	52	93	
45	53	37	109	13	82	85	89	105	27	58	15	8	24	88	33	108	93	52	76	84	100	20	35	67	104	55	52	94	113	87	70	19	76	30	110	33	101	42	94	
37	62	37	100	9	101	73	78	102	29	63	10	6	16	100	42	111	94	63	95	100	113	13	29	59	116	41	36	96	114	87	78	17	75	36	112	36	89	40	83	
37	65	43	99	13	100	69	90	117	32	73	4	20	17	96	47	110	93	51	81	83	113	14	36	58	117	55	51	95	101	78	68	29	77	36	102	35	94	50	86	
48	64	37	92	11	95	83	90	118	24	73	22	18	14	87	43	115	95	65	92	90	102	9	30	64	112	48	47	108	111	88	83	15	69	34	106	31	96	42	83	
39	70	26	94	21	82	83	78	102	20	67	13	23	27	100	38	99	83	51	79	82	109	20	35	53	108	54	42	104	99	94	70	31	69	41	113	33	94	47	99	
40	70	43	97	23	83	80	90	113	35	66	7	21	13	96	42	114	99	62	84	101	102	21	29	63	116	56	46	102	115	93	83	19	69	42	115	32	95	53	90	
55	68	32	108	24	86	77	76	106	20	69	9	7	11	102	37	106	88	57	78	99	107	9	38	58	100	39	42	92	115	91	69	14	76	37	109	23	102	41	92	
37	56	31	103	25	101	79	78	106	35	58	9	24	14	100	37	100	83	64	80	95	98	14	36	57	107	47	41	93	110	95	78	23	67	31	114	35	98	45	81	
55	61	37	109	16	95	85	82	114	34	64	16	20	23	95	33	100	84	61	88	90	94	15	42	56	115	48	38	95	111	90	75	19	59	38	109	36	88	54	91	
38	70	26	106	13	90	73	84	113	30	69	20	13	21	94	34	100	94	52	88	97	100	10	40	63	101	45	39	106	98	90	69	20	76	33	116	22	105	52	95	
40	72	43	97	21	89	71	75	109	32	62	8	14	11	96	29	106	89	55	94	100	104	6	36	64	115	46	45	105	109	83	76	15	77	43	104	38	104	54	84	
53	72	34	98	17	90	80	85	104	29	56	16	10	21	100	42	113	84	64	91	98	94	10	37	58	107	52	52	105	99	93	74	30	69	38	114	32	88	55	86	
49	56	25	109	18	83	68	84	103	18	72	8	21	17	100	41	100	83	62	82	91	99	7	44	65	107	38	40	102	103	79	65	24	76	34	104	29	102	56	99	
50	58	36	95	7	100	86	83	117	18	66	12	11	20	98	36	110	91	56	76	96	106	15	34	63	105	46	45	99	102	85	83	17	70	39	117	35	91	50	82	
53	69	27	97	11	85	72	94	107	19	56	8	11	19	105	39	101	98	58	78	95	107	9	27	62	99	50	46	101	101	88	81	26	73	46	111	29	93	48	82	
39	63	29	94	14	97	85	90	118	32	63	3	6	24	89	30	97	94	59	90	101	108	19	39	59	108	53	39	101	115	90	69	18	73	44	100	37	100	49	87	
53	59	42	109	11	97	85	88	103	25	59	9	8	13	93	33	110	92	47	85	100	98	21	33	56	116	56	42	107	102	89	67	23	63	34	110	30	96	55	91	
46	67	42	99	14	84	68	91	109	33	62	16	13	16	89	34	100	90	57	85	100	100	24	28	67	99	53	48	90	102	95	75	13	67	47	114	32	88	41	91	
39	65	44	102	24	98	86	86	100	26	69	8	16	23	98	39	110	82	48	80	90	103	21	41	65	108	51	36	95	99	90	69	13	75	31	112	26	100	40	96	
39	60	40	110	15	97	81	84	115	21	60	20	5	29	98	45	105	97	58	81	88	113	14	27	56	102	43	45	104	113	83	67	30	62	37	107	21	96	56	99	
46	63	28	96	8	91	84	77	111	36	70	17	22	26	106	31	99	86	52	83	99	99	24	34	53	115	52	39	108	117	91	64	20	60	34	107	30	100	58	83	
54	55	43	96	14	100	67	81	114	37	73	5	8	21	104	37	101	95	60	83	93	96	11	29	66	100	54	42	95	113	92	73	20	76	31	100	35	100	50	87	
40	61	27	96	8	98	80	84	112	31	73	13	24	24	93	38	99	97	57	92	96	112	18	42	60	107	39	47	107	116	78	68	26	63	36	113	23	90	52	83	
47	57	39	99	19	100	84	83	105	32	57	15	20	22	94	44	115	91	66	89	83	105	23	40	67	118	56	45	102	117	86	77	28	63	37	117	27	89	43	92	
49	66	27	108	25	101	79	76	111	23	68	9	23	28	91	37	108	89	57	93	96	113	7	44	69	117	41	36	97	111	89	71	13	59	40	107	24	88	45	92	
49	60	38	101	6	95	77	93	109	28	68	18	21	20	91	40	110	82	59	94	94	99	15	26	71	104	38	43	91	104	91	67	12	69	46	110	35	87	49	99	
54	53	34	99	19	99	82	79	112	27	61	4	6	24	87	39	97	92	51	88	100	101	21	27	52	101	48	42	103	108	92	67	28	66	44	104	21	97	41	93	
38	71	40	96	17	87	76	94	109	25	64	3	12	29	101	37	107	86	64	82	85	109	12	30	54	104	43	41	92	99	77	70	26	71	39	112	32	104	53	89	
42	56	32	107	12	95	67	88	113	32	61	17	17	20	106	34	106	93	59	83	96	100	19	40	71	107	45	36	107	116	95	74	15	69	41	111	25	94	52	81	
44	68	26	97	14	92	67	77	104	22	55	11	13	15	101	46	112	83	59	91	90	107	13	38	59	115	39	47	90	117	91	72	17	76	32	101	30	93	47	82	
41	64	44	98	22	100	67	92	105	35	60	6	5	16	98	32	106	82	49	77	82	107	7	25	69	108	48	39	92	107	89	67	29	65	40	102	21	98	53	94	
47	62	28	91	13	87	81	80	109	22	64	22	7	23	91	39	111	94	47	79	87	106	17	30	59	100	41	46	104	105	88	71	16	65	40	101	27	103	53	83	
46	58	41	98	12	82	69	77	109	31	59	13	20	15	100	47	97	87	66	81	95	96	5	28	62	111	51	36	102	115	89	75	16	68	33	104	28	86	53	86	
41	53	42	104	6	91	75	88	112	25	69	17	14	15	99	43	97	92	57	82	99	108	6	27	55	115	55	39	92	113	83	83	23	68	45	107	38	89	44	89	
44	61	31	103	14	98	81	92	105	34	73	5	9	30	100	47	114	96	49	84	84	99	12	25	52	112	54	34	100	108	77	69	12	71	33	113	37	90	44	81	
54	69	42	104	8	94	77	81	111	31	74	13	7	19	87	47	102	82	58	95	90	107	12	27	64	114	55	46	105	99	94	65	31	63	41	113	21	97	57	99	
52	57	29	99	14	87	74	89	102	32	61	6	16	23	104	36	98	88	48	95	88	95	17	39	67	113	43	40	99	100	95	78	20	69	30	101	31	86	54	96	
45	72	38	94	22	90	72	78	116	32	61	10	23	16	96	46	103	87	53	86	95	110	8	39	67	111	43	46	106	104	90	73	28	65	47	100	22	105	39	95	
48	56	40	100	16	83	76	93	102	18	72	14	7	16	102	35	105	99	53	90	83	100	21	34	53	111	42	38	92	110	92	69	16	70	30	115	24	104	50	97	
38	72	37	108	6	100	68	94	117	36	68	13	22	20	93	35	113	86	63	88	82	101	20	30	70	112	53	41	107	105	80	79	20	71	41	103	19	87	49	85	
41	53	26	102	22	85	68	94	107	29	69	18	18	16	89	39	102	87	65	83	84	110	11	38	65	115	48	49	105	101	86	68	21	75	30	108	34	92	57	87	
38	60	29	108	22	93	81	76	103	32	71	13	7	15	105	40	109	83	59	90	85	108	22	39	52	106	41	48	94	113	96	72	15	64	38	105	24	104	51	95	
51	70	33	101	24	95	80	82	104	36	64	12	8	17	89	40	104	91	59	92	84	110	18	39	53	115	55	37	99	117	92	79	16	70	35	104	23	89	58	93	
43	58	27	98	10	93	67	85	102	25	56	6	8	15	100	33	110	93	52	95	88	109	12	27	65	102	46	50	97	104	90	76	27	65	42	111	34	86	48	95	
55	71	26	96	12	93	82	87	104	23	70	4	18	15	100	48	104	83	59	83	98	108	7	42	65	107	41	48	105	107	78	81	27	77	43	119	20	96	58	92	
53	71	44	92	9	95	86	88	100	37	60	3	23	14	106	33	103	96	55	83	88	99	7	26	59	100	46	42	95	114	80	70	13	75	30	103	20	90	39	96	
36	69	38	108	17	100	67	93	103	37	62	8	19	19	90	34	98	87	54	92	90	107	18	36	53	117	50	39	106	117	79	81	23	76	48	112	33	93	51	94	
46	61	34	106	20	100	84	88	117	20	64	5	17	30	92	29	103	98	65	86	98	108	18	39	55	117	49	42	99	107	79	78	18	58	35	117	34	86	45	86	
39	64	28	109	12	83	80	86	108	24	72	4	23	25	93	42	112	83	57	77	82	101	10	34	69	112	45	40	106	105	95	66	30	60	37	109	26	97	51	94	
48	68	43	93	15	100	81	82	115	28	74	9	23	29	102	44	97	99	53	79	99	98	17	27	68	102	38	33	104	113	86	77	22	76	34	113	38	101	42	91	
44	58	37	103	11	88	85	78	118	28	71	20	11	15	102	47	102	80	49	81	98	111	24	35	62	116	49	51	104	107	82	83	12	65	31	114	28	90	52	83	
48	66	34	99	22	87	74	93	114	37	57	5	15	25	91	47	112	82	63	90	90	94	5	30	58	101	56	35	98	98	83	77	31	75	40	102	19	94	56	87	
51	69	36	93	12	88	80	83	108	23	69	11	13	22	104	34	115	83	55	84	85	111	7	33	53	116	52	40	107	101	91	71	27	69	34	116	28	99	48	93	
44	57	27	95	20	99	76	78	104	26	56	6	15	29	99	33	115	88	50	80	95	94	23	32	62	106	49	38	104	100	92	68	20	58	39	108	37	105	46	98	
53	72	35	103	20	93	78	82	113	26	61	9	20	22	93	47	103	83	64	77	82	111	14	33	52	111	41	38	89	101	77	72	22	73	49	100	26	87	39	99	
52	65	42	99	8	90	71	75	114	30	58	19	16	12	100	47	113	89	63	82	98	104	12	34	68	114	39	42	91	100	96	83	16	71	30	112	20	99	44	94	
39	61	36	97	13	95	86	91	105	23	72	14	8	27	105	46	99	96	57	94	85	95	20	29	64	100	38	52	108	105	82	71	14	72	38	108	19	95	58	95	
49	69	40	93	15	97	78	89	105	20	67	9	23	21	102	36	100	83	66	83	101	107	10	31	60	109	40	39	101	103	90	64	17	66	43	116	36	91	56	94	
52	62	33	110	17	89	71	81	101	29	60	18	23	20	93	30	106	88	66	82	92	110	5	35	57	100	56	37	94	106	78	66	17	77	43	113	19	87	39	96	
50	62	25	110	11	86	81	92	107	27	67	8	12	11	101	43	98	97	50	81	92	111	16	28	58	114	49	43	93	113	83	76	30	66	41	101	37	92	42	90	
49	54	26	108	12	97	74	88	104	37	73	6	9	19	97	29	103	91	66	87	99	110	13	33	57	109	38	38	99	110	96	83	17	67	41	114	25	86	42	94	
55	63	26	104	20	97	85	79	113	19	67	17	12	22	106	41	113	98	59	85	99	98	24	27	57	100	49	51	98	104	93	82	23	60	37	103	30	91	45	99	
40	53	33	91	12	95	83	86	106	25	57	6	14	15	103	29	109	89	48	85	82	105	13	38	66	118	47	49	91	111	90	70	28	59	30	108	19	100	46	95	
53	70	25	91	21	90	77	86	101	36	63	17	11	14	89	43	104	80	54	77	99	103	10	31	53	116	56	35	107	114	77	67	17	74	40	117	28	90	56	93	
36	64	44	97	25	90	83	86	107	26	71	5	10	12	104	45	112	80	65	86	97	110	19	44	58	112	49	40	98	103	85	67	18	68	38	116	20	99	47	98	
37	61	28	93	11	99	80	76	112	28	65	21	10	12	95	38	114	93	66	79	92	111	19	28	57	110	41	44	105	113	86	76	25	74	43	115	27	91	39	96	
47	53	26	110	24	86	73	90	102	37	61	6	19	21	93	41	101	96	60	76	96	113	9	31	53	114	43	50	93	109	88	82	20	58	46	119	32	99	54	93	
43	65	43	107	7	96	71	89	107	30	64	21	10	28	87	32	101	98	54	88	96	102	15	30	69	109	47	36	102	117	82	79	26	71	49	116	24	100	55	95	
38	55	38	96	25	85	80	91	105	22	66	16	15	15	92	38	115	94	62	89	87	101	15	43	54	117	47	34	99	113	87	73	14	76	31	118	26	105	44	84	
45	64	36	104	15	92	67	84	118	28	65	18	15	19	95	44	104	83	62	87	97	102	6	44	61	108	40	42	89	98	83	79	12	62	32	113	29	101	50	84	
42	66	31	92	17	101	78	93	100	19	71	5	17	11	103	33	111	81	47	84	94	108	23	40	55	110	45	45	93	101	77	75	31	77	39	112	22	98	48	93	
44	58	37	104	15	86	86	86	119	24	58	22	17	14	97	43	113	87	48	95	82	102	22	42	67	103	45	41	103	102	77	68	18	71	30	100	20	99	46	87	
49	60	30	97	18	84	72	87	119	28	58	4	20	30	96	39	104	87	47	87	101	94	14	28	63	106	55	42	97	106	89	72	26	77	42	118	31	89	41	81	
52	69	30	92	14	99	76	78	103	29	71	4	22	20	93	34	106	93	66	87	100	101	21	34	62	100	50	49	105	110	77	71	23	71	48	109	21	101	50	89	
52	71	38	108	14	101	73	77	104	34	55	20	12	20	104	39	105	84	50	79	84	112	8	29	63	115	52	40	91	111	85	67	31	71	31	104	19	90	55	83	
49	68	26	95	17	89	67	90	101	30	55	9	9	22	94	35	105	83	56	90	97	109	20	40	55	108	40	36	102	101	82	82	23	65	48	105	31	96	50	98	
52	63	38	104	12	98	84	77	114	30	62	6	23	16	90	31	96	93	57	78	98	104	16	38	55	99	46	37	91	101	96	80	24	60	43	103	25	102	45	90	
36	64	31	91	9	94	80	76	108	24	66	8	6	20	90	34	105	81	56	93	99	113	23	25	69	100	44	47	96	104	88	79	25	75	33	102	20	92	55	97	
44	56	26	96	13	88	76	79	114	32	58	14	18	26	93	46	100	80	65	81	84	100	18	34	61	113	42	48	104	111	94	68	22	69	47	107	32	98	55	85	
40	72	32	95	18	84	78	91	111	21	66	18	15	15	90	34	96	99	49	82	82	94	14	31	67	117	56	37	96	103	85	73	29	59	38	104	28	88	39	91	
39	56	31	92	10	90	76	91	100	23	69	3	6	27	91	31	110	95	54	76	89	111	22	38	56	118	49	40	100	113	85	77	28	65	44	107	20	95	44	92	
44	65	30	106	12	89	71	80	114	35	55	17	22	27	105	42	106	89	61	93	101	106	12	35	58	99	37	52	98	103	94	73	30	68	43	106	38	97	56	90	
47	61	39	95	16	95	82	84	119	24	55	9	10	16	89	35	113	89	61	80	90	101	7	35	60	101	54	49	90	113	91	71	21	73	33	100	29	104	42	97	
38	72	36	93	17	82	69	84	106	23	70	17	13	24	103	48	105	94	60	87	94	95	18	34	56	116	55	50	99	114	93	64	13	76	34	110	20	101	50	88	
52	64	36	107	7	101	70	78	118	20	66	17	10	19	91	43	108	99	58	92	93	100	13	43	56	109	40	47	101	105	79	74	18	76	40	116	22	90	43	84	
42	71	28	105	21	96	84	86	111	29	69	3	22	19	94	39	96	84	47	86	97	98	21	41	63	110	41	43	92	98	95	82	21	64	32	103	34	101	45	99	
45	63	26	109	7	83	70	77	109	26	57	12	13	19	105	31	108	87	66	90	92	96	19	38	69	107	49	43	93	99	85	81	13	72	39	114	29	95	57	96	
36	63	42	93	11	97	67	81	116	26	74	6	19	16	106	45	111	86	64	95	92	103	11	26	71	110	46	37	108	112	93	71	30	68	32	108	24	102	52	96	
42	72	41	104	17	83	70	82	104	29	62	14	15	14	98	42	108	90	61	78	101	101	17	34	66	99	55	47	106	108	95	77	27	72	37	102	26	103	53	88	
41	54	37	97	19	92	85	77	114	22	70	17	24	20	104	44	96	98	50	89	96	110	6	38	68	113	49	42	107	107	91	67	29	64	43	101	22	87	48	84	
53	53	42	106	11	100	79	79	118	28	56	14	20	19	90	41	96	92	61	82	93	95	15	44	52	106	54	44	103	113	87	80	22	75	46	115	28	91	52	90	
55	56	27	95	25	99	68	85	111	24	63	12	22	20	88	41	109	84	66	77	93	110	13	30	71	113	37	35	100	104	82	71	12	75	32	109	38	93	57	95	
44	58	38	108	6	95	75	86	105	19	64	11	8	12	103	46	115	91	64	83	97	99	15	33	59	100	40	50	107	113	96	77	19	59	31	108	29	88	46	97	
55	71	27	104	15	83	80	82	113	21	62	11	20	16	89	45	114	95	58	81	82	108	18	30	57	117	45	47	93	114	93	71	22	60	40	100	23	90	48	89	
44	71	25	103	11	86	82	94	100	25	70	3	9	27	101	45	98	95	56	84	96	113	16	43	58	101	48	50	97	106	93	77	12	69	35	109	26	86	55	94	
39	69	41	95	15	99	78	91	118	29	70	4	19	12	101	43	107	94	64	79	83	112	10	26	69	109	52	37	96	109	90	81	18	64	31	116	28	93	39	94	
36	59	36	97	15	93	77	83	119	19	55	20	23	13	88	41	107	84	60	94	95	110	14	42	61	108	56	50	95	111	86	67	12	70	37	109	22	96	52	82	
54	67	42	99	18	93	84	93	106	36	66	7	5	20	91	39	113	89	54	84	96	97	10	36	71	110	46	33	105	102	87	73	27	70	45	111	26	87	45	84	
39	56	41	98	18	97	77	81	116	20	58	17	23	24	87	44	102	95	50	95	90	100	8	28	62	107	51	47	94	98	77	82	12	64	34	118	19	87	40	89	
54	71	30	94	19	94	72	85	111	28	68	22	12	22	87	47	97	82	65	78	90	101	20	40	69	101	38	41	108	117	85	64	19	66	34	111	21	103	53	83	
42	65	38	109	6	94	82	79	107	28	68	15	22	26	88	43	97	82	57	81	94	99	13	36	66	100	56	42	104	104	85	77	22	63	42	106	27	101	49	98	
43	53	37	103	25	100	83	91	119	26	57	17	14	29	92	45	110	91	59	79	94	102	8	41	69	117	47	50	102	110	93	82	15	65	47	103	26	91	51	91	
37	63	42	105	23	84	78	87	108	27	63	13	5	28	98	31	108	84	54	93	88	98	11	42	62	99	50	48	98	112	77	67	31	71	37	107	30	101	50	100	
43	60	29	101	24	84	83	87	102	25	68	12	5	17	99	41	111	93	50	83	83	108	23	25	69	101	48	52	107	102	91	81	22	66	39	113	19	86	46	97	
51	69	42	99	8	88	74	89	110	26	59	14	17	23	99	33	110	95	54	80	91	96	14	34	62	114	44	41	103	104	82	72	16	77	37	106	34	87	39	83	
43	59	37	101	22	84	68	89	106	21	66	22	22	13	98	34	109	86	49	83	92	95	10	42	56	107	47	38	96	113	78	64	17	73	35	102	34	89	57	89	
54	70	32	110	17	94	80	94	100	33	63	16	8	23	105	47	105	84	63	78	88	96	18	35	53	102	40	40	103	111	93	83	23	69	32	106	28	89	49	87	
54	54	27	105	15	97	83	81	112	32	73	7	12	30	100	30	98	87	48	76	95	100	10	25	68	101	39	50	101	112	86	72	28	76	36	104	22	86	40	94	
39	68	26	97	11	91	86	80	107	31	66	6	20	22	105	44	109	83	65	85	88	96	16	31	58	115	38	49	91	113	77	66	28	67	36	113	30	104	47	95	
42	63	31	95	16	88	72	94	105	27	62	13	21	23	93	30	98	80	56	80	87	112	20	26	55	111	54	42	95	108	82	70	29	77	44	103	38	90	42	84	
55	58	39	94	15	82	82	94	107	31	72	15	24	27	87	35	101	87	59	93	83	112	9	31	66	107	54	46	96	108	90	81	26	74	31	119	32	89	57	85	
43	59	34	98	21	96	79	84	100	28	58	8	6	12	93	46	114	87	51	81	96	112	22	30	69	117	54	40	93	110	85	64	22	73	38	108	19	96	41	82	