500
50
37	82	110	38	17	92	55	22	107	107	36	51	51	53	62	91	49	108	11	113	59	22	98	70	40	95	73	56	16	42	18	26	22	91	96	91	28	24	85	95	96	87	112	40	4	35	76	40	74	26	
37	71	107	26	33	97	51	11	119	114	37	53	58	70	57	98	60	116	9	117	56	26	99	63	29	85	68	71	17	37	7	41	19	94	97	106	30	20	85	104	87	95	99	34	11	24	88	47	66	17	
29	72	102	35	23	103	48	5	104	97	40	57	52	62	58	105	60	116	23	100	64	17	109	56	30	79	65	63	18	34	8	29	34	90	102	88	37	26	88	97	87	104	108	48	8	30	85	37	77	21	
39	82	100	38	34	102	58	6	110	99	50	49	58	63	53	98	60	106	21	116	59	19	114	62	31	77	72	55	26	41	23	40	32	87	107	94	36	13	74	98	102	104	106	48	2	39	89	30	76	17	
35	73	100	31	28	97	56	22	108	97	48	42	59	60	52	96	57	102	21	104	65	34	107	55	28	83	67	62	28	30	11	39	34	103	105	103	30	7	79	105	85	97	106	29	8	42	89	37	63	18	
36	76	101	44	26	96	50	14	101	110	41	53	48	62	55	96	61	113	22	113	55	22	100	59	46	93	79	69	11	39	12	30	36	103	111	87	32	7	90	104	95	105	96	48	19	36	76	34	69	22	
31	83	94	34	19	106	43	17	108	108	49	50	63	57	58	92	55	103	14	103	69	31	115	74	40	95	77	59	11	35	17	29	25	98	100	87	31	16	75	94	101	97	106	30	19	42	72	47	66	24	
29	74	111	32	29	94	46	22	115	99	48	55	56	68	47	97	61	113	16	104	61	25	111	55	42	79	64	65	10	36	12	30	32	99	107	102	26	16	86	97	86	90	104	41	9	35	76	46	77	22	
36	80	105	28	31	94	61	14	112	102	32	53	56	72	53	99	64	101	8	105	65	36	100	67	45	92	64	59	19	31	19	22	30	93	108	93	21	10	85	110	86	105	106	34	13	37	87	41	79	33	
30	71	108	29	31	92	44	23	108	108	48	42	51	58	61	95	56	117	9	102	72	22	112	57	29	96	75	62	15	42	15	41	28	95	103	104	24	23	88	92	86	97	104	46	6	33	80	34	62	16	
32	72	106	42	25	101	43	20	105	97	45	44	66	69	48	105	56	111	24	108	61	36	107	57	29	91	65	62	19	38	9	30	29	93	104	92	27	16	89	107	87	101	106	48	18	35	81	31	78	18	
30	81	106	42	25	106	43	7	102	112	31	53	62	64	56	95	61	110	17	102	54	21	108	55	39	81	79	64	19	26	17	28	36	84	103	100	39	9	80	106	88	102	97	38	7	24	76	48	73	34	
36	80	96	29	29	101	57	23	101	114	36	52	53	69	61	94	56	107	20	99	56	23	108	67	33	96	77	60	17	28	5	40	18	90	113	105	27	20	74	104	93	93	101	38	11	31	82	30	77	34	
44	78	112	38	15	105	52	22	103	101	38	40	57	58	57	102	54	115	18	98	54	20	115	70	41	78	65	61	20	40	22	35	25	92	98	92	28	12	87	107	101	90	110	37	19	26	70	47	69	16	
34	83	99	32	26	101	59	10	117	99	44	51	50	69	51	106	62	105	12	106	57	27	104	60	35	81	73	61	13	44	13	39	20	96	99	97	35	18	89	109	88	102	99	35	2	26	75	39	78	31	
34	84	100	37	24	95	51	14	112	98	46	56	48	71	58	96	46	111	13	105	65	36	108	74	30	96	67	65	15	34	14	25	25	100	94	94	40	18	82	98	92	89	99	48	15	24	72	40	69	28	
41	84	97	31	20	88	49	16	106	106	46	51	59	63	47	102	61	109	21	103	68	32	113	62	27	92	60	65	22	31	10	33	30	96	94	95	37	16	86	99	91	104	109	33	4	32	77	36	76	22	
35	86	105	43	26	98	50	21	110	95	38	54	65	72	46	104	57	113	12	113	71	17	101	61	34	90	65	58	20	39	8	23	21	90	113	105	24	25	77	103	100	93	108	41	16	35	81	29	67	20	
33	83	102	27	30	104	47	8	109	104	40	56	65	68	58	100	63	108	11	105	68	24	98	66	32	96	60	60	23	41	22	28	32	89	113	89	39	18	75	103	99	93	102	40	13	43	81	34	64	26	
36	71	102	35	22	104	53	14	119	111	40	40	58	69	55	91	58	119	11	111	64	19	105	66	41	81	73	55	12	41	17	27	29	86	95	99	32	23	84	95	88	93	105	32	19	33	82	47	62	25	
42	69	100	35	34	89	51	11	118	106	31	48	48	72	63	96	56	114	22	111	66	21	115	55	43	95	77	61	26	28	9	36	22	98	96	96	40	19	88	110	93	87	96	31	2	36	79	44	80	22	
48	68	98	31	29	96	43	19	108	98	41	52	48	58	49	94	47	106	24	99	73	30	111	62	32	77	72	64	18	30	6	27	20	94	96	105	40	7	90	102	92	97	102	39	15	25	88	34	72	24	
38	78	109	44	20	91	47	11	114	95	34	51	57	68	49	97	59	103	22	103	54	29	99	58	29	79	76	57	16	35	22	41	30	85	110	95	29	20	77	107	94	101	99	47	4	38	81	31	61	16	
33	73	110	37	30	98	45	10	108	95	46	45	59	72	56	104	50	106	13	101	57	29	106	66	45	85	67	56	10	33	17	27	33	89	113	87	39	21	80	108	90	86	107	44	3	41	87	37	73	26	
38	74	94	29	22	100	44	6	103	106	48	54	54	55	61	92	65	111	22	110	65	19	101	61	36	80	68	54	26	43	20	23	22	95	106	105	26	8	81	109	88	100	113	29	9	43	81	32	71	20	
33	79	98	34	34	87	56	13	102	96	33	47	48	65	60	93	63	109	23	109	63	20	100	58	39	78	73	68	27	36	20	35	23	91	111	94	24	17	82	109	103	94	97	44	11	25	83	32	67	24	
41	87	108	32	24	103	54	6	120	110	43	53	51	53	48	100	53	103	12	110	70	29	103	61	42	79	73	62	28	34	18	35	23	85	99	92	36	22	87	100	87	102	98	30	12	41	76	48	61	21	
41	70	100	35	32	105	46	7	101	114	46	49	55	53	50	102	49	102	24	102	69	21	101	60	44	96	67	61	25	28	12	39	28	93	104	92	21	8	83	94	86	93	101	30	13	24	81	31	74	24	
34	81	109	29	22	101	60	8	103	95	47	47	66	71	61	104	61	119	15	98	56	25	101	63	27	91	64	63	25	30	5	35	36	99	99	99	31	18	82	102	101	93	101	44	14	40	75	40	72	23	
33	84	104	44	29	98	54	9	101	104	46	47	55	54	56	90	64	104	7	110	54	30	103	55	39	79	63	60	20	35	13	26	27	89	102	99	21	7	77	110	102	96	113	39	2	37	72	44	65	20	
43	86	101	25	25	87	58	12	103	100	35	49	55	63	58	104	48	112	6	99	54	29	105	59	29	93	69	65	10	39	5	33	21	98	98	88	27	19	83	107	99	93	109	41	8	33	74	44	61	34	
38	75	99	27	17	105	62	11	118	101	50	50	67	53	60	106	59	114	24	113	73	34	97	69	31	95	70	58	15	28	19	22	31	93	112	99	31	23	73	106	91	86	113	36	14	34	78	37	62	34	
29	79	107	41	27	90	43	9	103	101	40	51	67	54	46	97	63	114	8	106	54	26	107	74	46	93	74	60	21	45	23	24	35	99	108	94	40	8	81	100	102	101	107	32	19	43	73	30	72	17	
33	80	102	41	16	88	61	22	115	103	46	43	53	72	62	99	62	107	21	117	62	21	104	64	29	77	75	61	17	26	5	29	24	85	113	87	40	10	78	105	92	88	97	38	5	26	86	46	62	33	
29	84	106	37	30	94	43	5	114	97	36	53	61	72	63	92	60	107	19	114	59	21	102	73	37	84	78	66	13	38	23	32	27	84	100	106	34	9	76	109	89	99	106	42	5	30	79	37	69	19	
34	69	95	34	33	88	58	7	120	110	36	39	52	56	58	105	64	108	21	103	54	23	96	73	28	88	69	72	12	44	16	26	35	102	96	99	33	20	86	109	88	88	106	41	4	42	84	44	62	18	
37	83	95	26	27	87	48	20	108	103	42	50	57	68	49	97	55	117	16	106	66	27	108	64	44	81	61	64	13	31	9	33	28	100	97	102	38	15	81	101	86	91	95	34	4	32	85	41	71	22	
47	83	106	33	26	101	45	22	117	98	39	43	52	61	46	98	46	117	21	112	54	30	97	74	27	92	73	73	21	26	19	28	32	98	97	93	31	14	85	108	89	91	100	35	8	26	75	41	73	25	
40	87	106	40	31	91	51	13	117	111	45	49	56	66	62	106	56	101	19	98	64	21	111	67	32	93	67	73	28	26	17	36	23	94	99	87	23	11	72	97	103	95	95	39	9	38	85	30	70	23	
46	87	102	37	31	95	48	15	105	102	39	54	50	53	53	98	61	119	16	103	69	33	115	70	34	92	70	62	22	33	6	29	29	99	101	88	30	8	73	91	93	93	110	46	3	33	79	29	72	25	
48	83	110	26	20	90	55	13	103	96	38	39	66	57	63	89	53	117	17	117	65	22	97	63	33	90	78	70	28	42	21	24	20	92	113	103	37	16	86	103	92	88	97	34	15	26	78	39	80	27	
40	74	110	43	23	88	43	12	104	101	36	42	61	65	63	88	52	102	19	107	59	27	107	70	30	94	61	69	27	27	8	32	20	94	111	93	31	11	72	100	88	91	110	34	12	26	87	36	71	26	
42	71	99	37	33	89	52	8	107	102	34	56	55	69	58	98	56	106	24	100	60	34	97	62	35	82	68	68	23	31	12	39	34	92	104	105	31	17	81	95	97	94	114	39	3	42	87	45	80	18	
41	74	110	43	20	105	60	7	108	107	44	46	64	60	57	95	46	104	9	112	61	28	111	61	41	84	67	70	20	32	14	38	36	94	102	96	33	26	86	95	88	96	97	34	13	32	71	41	77	17	
43	74	97	43	25	90	49	12	104	95	46	44	63	54	59	105	57	111	12	113	64	35	99	63	31	90	62	54	16	39	19	37	30	97	97	92	29	16	77	100	87	100	102	43	12	36	89	34	69	21	
43	78	110	35	27	96	61	21	110	104	41	56	63	57	54	98	52	103	15	99	66	32	110	56	45	78	61	70	9	31	23	27	30	102	102	97	21	25	89	104	87	100	100	48	3	40	89	31	75	28	
47	85	99	29	22	94	58	5	106	114	47	52	60	54	49	102	56	116	11	108	72	29	101	56	46	81	72	64	26	44	9	27	35	93	95	97	30	10	73	104	96	86	96	46	15	27	87	45	68	28	
37	71	100	36	17	99	43	19	109	107	42	55	51	70	56	102	61	113	18	117	58	33	98	59	34	85	71	68	11	31	5	24	34	87	106	103	34	18	80	93	103	87	112	41	18	24	89	33	68	24	
40	82	112	31	30	87	59	13	114	101	47	43	54	70	51	95	51	100	10	101	55	34	97	56	39	96	71	62	18	31	5	34	21	86	110	104	31	18	90	92	96	93	100	32	3	39	72	43	79	33	
45	81	96	43	24	98	54	18	120	103	47	38	62	57	57	104	54	119	16	114	64	21	97	65	33	95	66	73	12	40	6	39	34	93	107	93	39	14	74	104	98	103	101	42	12	42	70	35	61	32	
29	74	100	37	20	88	61	12	106	108	47	53	49	57	51	104	52	119	21	112	59	27	103	69	27	87	73	68	9	39	15	33	28	89	98	102	37	21	80	93	85	95	110	32	14	39	79	48	67	19	
43	76	111	25	27	98	51	20	108	102	44	54	55	72	55	93	63	101	13	116	70	27	107	55	39	85	78	65	9	43	18	33	25	97	112	93	28	16	81	109	104	104	102	43	5	28	77	47	63	27	
31	86	108	27	33	98	56	5	119	96	33	54	65	60	51	97	46	113	23	116	56	30	109	57	45	82	76	61	18	34	11	39	25	88	107	99	29	17	81	109	94	92	110	40	2	41	71	47	62	29	
32	70	104	37	19	101	57	16	107	100	40	46	50	67	64	88	51	103	9	115	60	22	100	73	35	79	61	57	20	39	9	30	19	99	98	98	24	15	74	95	87	92	110	44	4	39	85	48	77	18	
30	84	106	26	29	100	58	22	108	95	50	54	58	53	54	104	64	106	14	102	56	23	98	71	35	87	67	64	22	39	21	32	28	95	105	96	34	24	71	107	94	99	110	34	16	27	77	44	66	23	
38	69	95	43	31	91	48	18	107	96	38	43	53	54	48	95	48	111	16	98	61	26	109	66	27	96	68	70	10	32	6	29	37	85	110	99	29	19	79	108	97	92	109	41	15	30	83	32	64	35	
45	68	102	26	19	99	47	21	115	112	40	55	67	65	56	92	58	100	11	106	66	21	113	62	42	83	69	61	23	43	16	27	30	102	109	104	24	8	82	97	102	92	103	38	4	38	87	29	67	16	
32	72	98	30	18	92	48	21	115	106	35	42	67	69	52	95	50	116	16	109	55	32	108	55	38	86	75	56	9	38	23	24	37	94	107	90	30	24	80	101	85	97	104	41	21	31	86	37	75	23	
43	84	112	42	16	87	46	17	113	114	48	44	58	66	55	88	55	117	15	113	58	24	105	70	40	89	62	57	20	29	7	29	34	92	103	102	25	21	72	105	90	92	104	42	14	39	85	48	78	26	
46	81	100	26	34	92	47	21	101	107	43	51	62	56	55	106	49	109	14	104	69	29	102	57	33	85	61	57	28	37	11	30	24	88	101	89	25	22	75	106	93	102	104	29	2	41	70	30	63	20	
40	86	100	26	15	93	49	10	120	112	36	50	63	55	50	90	50	110	25	109	66	20	114	62	44	93	78	66	23	44	7	39	25	94	110	88	39	19	88	98	86	93	108	40	4	34	75	32	78	34	
36	81	102	29	30	89	44	23	116	102	33	48	51	66	52	91	59	110	25	105	68	18	109	64	44	90	73	65	23	29	10	35	30	101	97	88	40	18	86	104	94	87	101	47	5	43	76	47	66	28	
39	79	98	28	27	106	56	21	117	112	43	39	54	54	53	90	47	116	24	116	68	34	106	67	43	89	62	60	13	35	8	37	37	96	98	96	37	26	76	107	94	91	100	45	8	26	78	34	62	33	
36	69	98	44	20	97	46	20	106	114	38	44	60	58	46	106	51	112	25	98	60	36	109	59	44	86	68	61	26	32	23	32	29	101	109	103	24	26	89	103	100	103	100	30	17	35	77	30	75	24	
43	70	101	38	29	91	48	22	117	102	43	57	57	55	52	103	50	116	14	102	67	23	96	69	41	95	60	55	26	37	12	38	35	97	97	102	21	10	73	106	86	86	110	30	8	39	82	30	74	28	
30	69	110	35	28	90	52	9	120	109	40	52	62	58	53	88	63	113	11	113	71	19	108	56	33	88	62	61	18	37	8	31	34	84	110	94	23	23	80	91	91	97	98	33	11	39	77	35	78	18	
34	72	109	44	16	93	52	7	120	99	41	48	60	65	58	90	51	107	17	99	56	32	100	74	29	85	77	69	15	28	23	28	22	90	109	102	35	25	79	110	101	104	105	42	15	32	89	31	73	20	
37	84	95	32	16	90	47	23	117	102	31	39	60	69	54	88	59	106	23	104	72	25	97	74	28	86	74	58	25	35	14	22	18	87	110	103	23	23	80	104	98	98	101	44	15	38	73	46	70	22	
38	72	113	37	28	94	46	7	103	95	44	43	61	69	65	99	46	109	8	102	66	18	100	55	42	90	70	56	9	39	15	23	37	97	97	93	23	20	72	98	87	92	99	48	9	29	71	47	64	24	
38	78	95	41	15	102	56	15	119	112	41	49	54	61	49	101	49	116	6	115	72	22	114	73	39	90	66	67	11	38	24	22	36	94	99	89	36	24	79	106	104	95	105	38	10	32	84	46	63	23	
44	75	94	39	15	88	46	17	104	101	38	48	58	59	57	90	50	103	22	99	66	32	112	62	38	84	68	73	16	44	6	37	19	96	98	106	32	9	75	100	88	93	109	45	21	33	86	43	66	22	
29	74	94	32	32	88	59	4	119	96	46	56	65	62	47	92	62	113	6	98	62	32	105	63	35	81	74	68	20	44	11	23	20	92	95	91	25	17	72	109	88	95	105	41	5	35	76	41	75	20	
40	72	103	26	26	102	45	14	101	97	40	44	59	55	60	91	51	102	24	109	61	22	113	59	27	82	75	69	15	43	20	27	30	101	102	104	27	22	90	107	102	87	104	32	20	31	80	41	71	26	
41	86	113	33	25	99	57	23	119	108	46	54	54	53	53	104	58	113	25	114	71	26	110	72	32	84	68	62	20	35	14	35	22	86	100	106	37	26	73	97	90	94	107	46	7	26	83	36	67	35	
30	68	94	27	18	102	52	19	109	97	40	40	61	64	55	102	57	116	23	100	62	20	104	64	46	96	68	65	11	37	21	34	37	85	112	89	35	12	76	102	91	98	104	45	2	43	80	47	74	30	
29	77	95	42	23	88	43	9	119	106	43	57	61	59	64	89	62	111	6	110	55	26	114	58	31	79	76	65	14	41	20	24	37	94	102	90	35	24	86	104	97	89	100	42	2	38	73	35	67	24	
45	70	110	30	23	93	43	14	112	95	32	41	60	62	57	107	47	111	25	98	61	31	107	74	40	96	77	71	24	34	14	27	29	85	108	88	37	19	90	97	89	102	104	33	20	24	82	44	66	27	
31	80	105	31	17	95	46	23	103	106	45	45	53	68	65	94	60	119	6	117	66	33	111	62	41	83	68	62	15	34	12	27	24	101	111	95	32	11	83	91	87	89	111	31	10	26	78	37	72	28	
34	78	107	28	20	88	44	9	102	111	44	54	61	61	55	104	60	101	21	113	58	22	111	72	35	87	76	64	12	32	24	32	28	94	104	93	29	10	80	97	99	95	111	39	19	25	75	29	79	34	
36	84	100	26	19	99	45	8	102	111	36	53	62	66	51	98	50	100	21	110	60	26	112	72	31	91	79	69	26	36	20	35	34	101	101	90	23	15	79	96	102	92	99	37	18	26	76	48	72	33	
35	79	103	38	18	90	56	18	111	105	49	55	52	58	55	97	47	110	21	112	67	31	111	69	42	78	62	73	21	31	18	22	31	97	98	105	32	21	72	101	90	94	108	46	11	32	74	37	73	21	
38	81	102	39	17	106	58	5	114	107	48	40	53	55	65	100	60	113	21	110	71	36	103	66	30	93	68	54	10	29	10	25	30	101	96	92	33	12	79	91	95	89	98	36	4	34	84	32	80	16	
36	84	95	26	32	103	54	5	116	104	34	47	51	62	46	89	63	118	23	117	59	35	110	74	41	86	63	59	15	27	7	40	23	86	96	90	21	15	82	102	96	88	96	29	2	40	86	43	71	25	
35	87	107	31	22	100	61	15	103	101	40	41	63	57	56	98	59	107	9	111	56	31	113	64	29	96	72	66	15	42	14	37	19	84	101	102	24	14	90	105	90	87	107	39	19	30	85	38	75	27	
44	73	101	33	19	103	51	21	118	102	32	43	49	63	55	93	59	101	19	104	55	36	112	71	35	95	75	67	23	34	7	31	33	101	107	106	22	26	88	97	96	101	98	39	6	34	85	44	63	28	
30	79	112	35	20	102	57	21	104	106	45	44	56	54	53	94	46	104	6	103	62	32	108	68	44	78	62	61	14	27	6	35	25	87	112	87	30	16	87	94	100	98	103	34	21	26	81	38	69	16	
34	82	101	26	33	90	50	23	102	113	33	48	62	72	53	94	62	113	21	105	59	20	104	73	41	79	75	67	18	40	19	33	31	90	113	91	24	9	84	103	104	86	108	44	12	38	79	37	61	32	
48	75	109	33	16	101	62	17	103	104	41	50	56	72	54	102	56	106	6	112	56	35	99	66	32	93	69	54	22	33	24	25	28	85	105	87	23	11	72	102	92	91	113	39	4	35	77	30	68	24	
33	78	104	38	20	88	46	5	109	103	38	57	49	72	51	106	46	107	19	99	65	32	103	66	40	81	78	54	28	35	18	31	31	91	109	91	34	21	80	98	93	90	96	32	12	27	86	44	62	35	
47	80	98	26	24	94	52	19	118	107	34	44	52	62	57	90	46	104	15	107	63	31	107	66	33	87	68	68	27	36	9	35	36	87	95	92	25	24	90	105	88	105	108	48	21	32	79	29	73	31	
34	86	94	40	27	102	47	13	103	97	45	45	65	56	48	107	52	109	19	99	55	25	114	58	41	77	69	55	9	26	9	30	26	99	101	100	37	13	86	99	91	98	102	31	11	29	80	37	62	28	
42	76	96	30	24	105	49	11	120	113	50	54	64	62	46	107	50	109	22	104	59	18	113	55	32	84	74	60	22	28	14	31	34	86	110	97	39	15	77	97	88	89	113	38	19	40	70	37	76	19	
43	82	96	35	31	105	62	8	108	97	41	54	57	60	61	96	47	115	16	117	65	34	105	66	38	93	60	55	9	30	20	22	32	101	99	95	39	7	86	105	94	101	110	35	19	37	80	37	63	20	
38	76	94	41	26	93	50	9	111	104	35	54	67	53	51	102	46	109	18	103	63	26	103	72	28	93	63	64	16	36	17	40	32	100	97	91	31	23	74	102	102	90	109	34	21	31	79	30	63	25	
43	73	110	31	25	99	43	5	117	106	50	38	58	65	47	94	65	103	19	102	59	31	110	60	32	94	65	65	27	43	24	27	20	93	101	103	31	11	75	106	94	100	100	37	17	42	87	44	73	20	
40	83	112	29	32	95	57	12	117	106	31	55	67	59	65	99	65	101	12	111	59	20	102	59	32	85	71	69	10	39	17	29	24	89	101	87	34	23	81	91	98	89	99	46	19	32	77	36	71	33	
35	87	98	44	32	102	58	16	106	98	38	49	48	72	55	90	56	114	8	101	55	28	99	67	29	90	68	71	22	34	5	28	33	85	101	91	34	10	83	98	94	97	105	42	19	26	82	36	72	23	
29	85	111	35	23	103	49	17	104	103	41	55	59	54	59	104	60	108	20	109	65	27	96	63	45	82	76	73	28	33	15	22	29	87	112	87	21	26	76	93	97	103	107	40	3	32	75	30	77	22	
44	76	97	25	34	104	51	4	119	101	42	49	63	63	48	107	58	106	24	112	55	26	97	59	46	85	79	60	11	43	12	36	30	84	97	104	31	25	72	109	99	102	104	29	2	32	74	32	63	19	
35	69	105	34	15	87	50	14	108	105	41	50	65	59	60	92	62	102	25	117	72	28	110	56	38	77	74	71	13	35	17	25	32	100	113	103	25	25	72	94	102	94	102	41	7	42	81	38	80	21	
46	78	97	35	33	105	60	10	102	104	41	40	55	64	59	102	49	101	25	112	57	32	107	69	33	91	64	67	9	36	6	27	21	91	94	87	33	10	81	99	99	105	103	34	17	43	76	29	77	29	
33	81	94	32	32	101	50	4	113	103	35	50	57	72	49	99	62	105	24	115	57	20	102	62	38	96	72	58	28	28	8	40	36	90	108	99	24	16	89	92	101	96	101	36	2	33	81	46	67	19	
33	85	97	29	32	88	47	17	118	107	44	45	57	65	60	107	46	114	7	113	59	20	109	63	36	94	64	65	12	40	14	34	28	85	94	106	30	22	88	92	95	95	108	32	10	37	74	32	69	26	
46	86	108	29	31	98	45	10	119	112	45	57	54	57	47	88	59	118	10	109	72	28	105	58	33	95	61	59	11	43	15	29	33	96	108	97	31	18	80	103	97	88	104	39	7	26	86	42	70	18	
34	81	99	33	22	96	58	6	104	99	43	49	50	70	51	93	47	104	15	109	56	28	110	71	31	87	74	54	18	39	16	28	23	98	98	94	34	19	75	106	88	97	104	38	12	29	85	42	71	26	
41	79	95	42	34	94	61	15	102	104	42	42	55	65	54	106	63	115	10	105	71	22	114	61	43	91	60	62	19	37	13	23	27	94	99	101	38	12	85	104	103	91	106	38	21	35	89	38	68	19	
44	87	104	44	27	93	44	21	101	114	32	47	53	70	65	99	63	114	20	101	55	25	100	63	38	95	63	62	23	27	20	31	22	94	105	95	24	13	78	92	91	103	95	38	10	32	85	45	76	28	
33	85	99	27	15	95	56	19	112	100	33	48	59	67	63	97	52	106	14	101	69	30	110	73	36	92	65	65	12	42	8	33	18	101	105	99	27	21	77	93	99	90	107	37	8	33	87	36	76	30	
35	75	99	41	15	102	52	9	117	114	43	44	65	65	46	95	55	114	25	109	73	23	114	72	35	91	71	64	13	30	18	36	24	99	96	104	35	23	78	107	88	94	102	30	18	35	71	32	73	16	
48	75	107	43	20	106	49	18	117	102	46	39	64	55	61	97	60	111	7	109	57	33	111	64	32	92	71	60	9	43	21	25	35	90	112	100	39	8	90	109	104	95	104	47	11	38	88	38	67	35	
41	83	104	32	15	102	58	10	118	100	31	38	52	68	54	105	49	111	7	105	59	32	111	55	46	84	71	59	22	43	17	33	35	95	106	87	34	10	83	91	89	101	96	39	21	35	76	47	79	22	
30	80	104	43	19	105	43	4	111	95	44	43	50	61	49	101	60	108	23	111	56	34	101	72	39	95	62	64	20	33	19	26	37	97	101	101	35	26	84	98	102	89	103	30	7	27	85	41	73	31	
45	69	103	36	21	93	48	19	113	114	41	56	65	67	51	104	53	113	14	112	67	30	113	59	28	87	72	54	24	39	16	36	33	91	103	88	23	16	85	105	97	93	97	37	17	30	80	33	73	35	
35	74	103	39	34	103	60	11	105	98	33	51	64	71	57	96	52	114	18	99	72	20	105	68	42	91	72	67	12	45	17	25	30	99	111	100	39	26	87	93	98	104	98	48	18	24	79	33	64	32	
47	83	107	32	25	88	52	10	102	110	47	45	49	58	61	99	59	117	9	110	62	35	99	56	33	83	77	72	27	37	10	26	25	90	104	106	35	15	83	108	95	96	109	43	8	40	74	31	73	26	
29	86	94	43	31	105	62	4	102	112	32	49	50	65	57	90	51	107	18	107	59	31	113	57	29	92	68	73	15	42	20	25	35	89	100	94	29	18	85	94	87	86	96	35	7	30	74	43	63	31	
43	87	110	41	17	103	62	23	118	103	41	54	54	55	52	89	65	109	10	100	55	31	113	64	33	81	78	65	19	35	17	33	30	89	104	92	26	18	71	103	103	96	99	33	6	27	82	33	62	35	
47	81	108	27	22	92	58	17	120	111	37	53	66	59	57	88	50	106	6	100	58	18	100	65	46	83	75	68	26	32	15	27	32	101	104	88	22	13	83	97	100	99	103	33	9	43	88	35	78	19	
34	73	102	40	15	89	58	19	117	104	39	48	62	57	49	95	47	102	17	116	66	36	101	63	33	91	60	68	19	32	16	23	25	86	96	96	37	7	87	92	94	99	105	45	20	27	71	29	78	23	
29	78	109	34	18	102	45	10	112	97	46	46	49	69	52	95	55	110	24	108	54	32	114	66	33	84	74	72	22	38	23	30	28	96	109	87	25	10	74	106	97	94	111	38	19	34	87	32	71	20	
47	74	112	35	20	94	45	10	106	96	35	41	63	59	56	101	65	105	19	103	69	17	115	69	39	87	75	59	22	31	12	22	37	84	110	99	23	7	74	91	99	102	108	31	4	31	85	41	75	17	
43	87	98	44	30	102	61	21	102	112	34	55	54	61	59	101	62	101	16	109	58	32	100	62	46	95	67	60	16	39	14	33	20	103	106	106	26	13	81	104	104	92	96	46	10	42	88	31	62	19	
33	70	110	39	20	106	46	17	107	113	45	51	59	54	51	95	46	109	23	115	69	28	106	62	37	88	73	69	9	39	6	36	25	100	113	95	40	20	73	98	92	92	99	42	8	32	84	48	68	20	
32	76	100	30	28	96	55	11	103	95	41	57	52	60	54	99	51	112	20	114	61	23	102	57	45	95	73	71	21	32	16	26	23	89	95	102	37	19	74	94	91	100	110	43	12	32	86	44	66	19	
40	69	103	34	32	96	47	17	111	114	36	49	56	57	49	102	55	101	18	113	63	29	102	67	36	80	63	58	15	30	13	31	24	87	110	101	39	24	76	103	97	98	106	29	3	37	74	33	61	27	
43	87	108	30	18	91	50	15	102	99	44	40	51	59	46	102	59	113	20	109	55	22	98	57	29	77	78	63	11	36	9	23	33	103	95	87	29	17	85	96	94	93	111	32	13	42	81	38	70	31	
48	77	113	28	30	87	60	9	107	95	46	53	61	62	47	89	49	105	24	117	68	20	106	66	46	80	62	68	26	45	20	28	33	95	95	88	36	7	71	104	100	88	99	48	9	33	88	43	79	31	
48	86	100	43	22	97	47	16	102	111	39	49	49	60	59	92	55	116	10	102	62	36	103	59	44	82	64	72	27	27	10	28	32	94	102	104	30	24	75	94	91	93	97	32	20	24	84	34	62	28	
29	70	110	43	24	95	53	8	118	108	39	47	57	64	48	93	63	116	18	116	57	18	101	66	34	91	77	71	10	37	18	40	25	95	111	106	24	25	89	108	101	96	106	41	11	24	88	42	71	30	
37	77	109	32	27	97	62	18	103	107	42	54	54	62	54	101	60	108	7	117	58	34	106	56	42	94	70	71	15	34	6	32	22	86	102	103	28	7	73	92	85	98	95	41	10	36	78	34	63	23	
32	84	107	44	16	89	45	10	109	101	36	40	59	70	65	95	48	119	13	100	68	22	115	60	30	92	71	64	26	29	22	22	28	103	109	91	40	7	87	98	88	97	108	38	21	34	70	44	61	28	
29	87	94	38	19	87	47	14	103	98	49	47	56	66	57	101	64	110	9	102	70	21	102	72	39	80	79	61	17	30	20	23	30	103	105	89	30	15	81	104	86	97	101	33	9	27	75	34	79	20	
32	69	105	33	27	106	56	12	105	98	35	42	67	70	51	103	48	102	18	107	71	17	113	68	42	83	72	69	14	44	5	27	23	93	103	104	36	20	71	100	91	96	110	29	19	39	83	45	62	21	
43	76	97	41	33	91	52	23	112	103	37	54	49	59	50	90	57	104	22	108	64	26	115	67	39	85	61	63	16	44	15	33	27	102	112	104	37	16	71	96	86	86	97	30	7	31	82	47	69	29	
36	82	101	40	24	95	51	5	110	109	43	47	65	58	55	106	47	110	14	105	61	17	102	63	31	81	71	55	27	42	14	31	32	100	109	97	23	18	84	104	97	93	108	39	5	41	70	36	76	23	
37	87	102	40	20	103	59	20	118	99	49	45	48	57	59	89	59	118	6	99	67	19	115	68	41	77	66	71	16	40	6	38	37	100	112	100	36	23	71	110	94	87	111	36	12	35	80	29	61	27	
31	84	95	41	31	94	57	20	103	108	46	41	60	57	57	98	51	107	16	101	70	19	114	69	29	87	63	72	9	37	20	35	19	85	105	87	39	24	78	91	87	88	96	43	2	32	88	35	72	19	
34	69	101	30	18	99	55	20	116	102	46	55	64	57	54	99	49	112	16	106	57	35	109	73	32	80	72	59	28	33	13	36	26	103	95	104	38	13	84	93	96	101	101	41	3	28	70	31	70	21	
44	74	108	42	22	94	50	5	109	109	33	41	67	62	55	88	60	118	24	98	70	22	105	68	27	78	69	57	27	30	21	30	29	89	98	103	30	8	87	104	91	86	95	35	8	43	74	30	66	18	
42	72	108	31	17	88	60	14	114	100	31	54	64	56	53	90	53	117	15	103	70	25	110	64	29	86	64	71	19	35	17	39	36	89	113	89	36	12	79	96	99	93	104	31	9	29	71	46	72	17	
44	82	104	33	22	105	55	5	106	95	35	44	56	55	51	105	48	112	6	115	61	19	114	65	29	78	77	57	23	32	24	38	19	86	99	93	26	13	88	91	100	97	105	48	8	41	80	34	70	17	
42	87	94	38	17	96	59	8	110	108	32	49	62	60	47	90	54	105	7	114	67	34	102	62	40	77	68	65	23	38	10	23	35	88	109	88	25	24	82	100	104	89	106	43	3	30	84	39	77	22	
30	87	106	36	31	92	43	13	115	101	48	56	62	57	53	88	50	107	15	104	72	25	108	66	27	80	71	70	24	36	5	38	26	99	101	105	28	22	77	94	88	96	110	44	14	43	77	40	72	24	
31	83	97	39	28	96	58	4	104	98	41	53	54	57	53	97	55	100	15	113	70	32	104	70	37	88	77	60	28	38	17	38	23	96	98	94	24	13	73	96	102	90	104	46	8	33	80	45	68	33	
48	74	103	29	22	93	50	19	113	112	49	56	59	58	47	88	53	118	6	110	56	19	111	71	33	83	73	58	17	42	24	22	32	101	112	99	33	16	73	97	89	105	104	40	8	42	82	29	78	20	
36	74	110	43	18	104	54	15	108	99	37	50	60	68	57	95	53	107	13	99	71	24	113	62	29	79	66	54	25	29	21	38	20	91	106	92	21	8	85	110	100	91	114	44	12	35	89	29	62	24	
44	85	101	32	16	104	58	22	104	112	38	55	56	70	53	94	56	117	10	110	73	24	114	73	43	89	68	55	23	40	16	40	35	92	105	105	23	10	76	102	90	91	101	32	14	32	71	36	64	24	
36	68	112	27	30	95	43	7	107	103	44	44	64	55	58	101	63	116	19	105	58	18	114	70	33	82	70	67	11	42	21	30	32	102	105	106	28	19	84	106	91	96	105	32	19	24	87	31	63	28	
29	79	97	42	17	89	48	12	116	104	47	48	66	63	53	95	51	113	19	100	60	35	98	63	42	92	72	68	21	31	10	32	26	98	109	99	37	24	77	100	100	88	114	46	15	31	72	45	67	27	
33	82	102	42	16	95	57	8	111	112	43	43	50	65	52	94	49	100	25	109	61	18	115	62	33	77	69	63	28	40	12	36	25	88	105	102	25	12	72	94	88	103	113	38	4	30	74	45	74	18	
33	73	106	43	19	93	47	22	112	97	37	44	60	56	55	92	57	101	24	103	61	23	104	70	36	94	78	65	21	33	5	35	34	99	113	95	40	14	78	100	101	90	109	33	14	39	76	32	72	34	
39	71	98	27	24	97	43	10	119	95	45	38	52	57	48	104	55	104	25	98	54	21	112	58	33	91	60	66	13	33	23	40	20	95	99	87	40	26	75	108	99	86	100	34	8	40	75	37	63	29	
45	86	100	33	16	97	48	7	104	95	45	38	66	71	65	101	59	114	10	109	67	30	104	70	41	81	65	63	15	28	24	41	36	87	104	102	28	23	83	93	103	92	105	35	21	41	70	48	64	26	
48	81	101	39	21	95	49	23	119	100	50	57	59	71	46	89	51	119	15	101	63	18	103	72	44	84	61	64	18	41	10	41	32	90	97	94	39	20	72	91	94	103	109	29	14	31	82	40	77	28	
36	81	101	39	21	101	49	11	120	101	49	39	58	65	52	89	48	111	19	110	72	32	109	72	29	88	75	66	22	37	12	29	37	97	96	98	38	15	77	105	103	94	112	38	9	32	71	34	80	25	
45	75	95	31	24	98	54	14	118	95	37	47	63	62	56	95	65	108	24	106	65	24	114	69	43	85	64	61	15	30	17	23	19	92	95	100	34	25	72	99	102	101	96	39	2	30	76	38	77	25	
43	84	95	36	17	103	61	5	116	100	49	47	52	64	59	101	51	113	23	113	64	35	102	57	38	81	75	54	23	45	9	26	21	92	98	106	24	20	74	93	98	91	109	40	12	30	73	30	77	19	
39	69	96	28	29	103	48	21	101	98	49	44	64	59	64	102	52	119	18	115	61	17	114	57	32	88	67	62	17	37	7	30	33	101	112	92	38	17	79	106	98	105	101	36	13	36	84	48	61	27	
38	87	100	33	31	88	46	8	114	110	41	39	57	55	50	105	52	108	13	117	58	17	102	66	31	90	73	68	12	44	12	35	18	103	104	105	36	25	81	93	92	90	98	40	14	35	83	31	79	33	
46	85	111	37	34	98	56	22	101	105	42	40	57	61	61	89	52	106	25	104	60	22	114	61	33	96	66	71	20	33	8	37	33	87	107	103	23	23	76	92	103	95	99	36	11	41	87	32	76	22	
42	87	111	40	24	99	60	6	105	102	40	55	63	59	59	102	61	114	16	117	58	32	97	60	28	84	76	54	22	33	19	32	35	90	104	101	22	19	84	95	91	98	95	41	20	38	75	38	65	16	
34	73	103	44	22	106	45	7	115	103	34	48	60	65	52	99	51	115	17	117	60	22	108	56	31	81	68	66	18	37	9	37	20	92	105	104	22	11	75	96	103	89	104	33	21	43	76	35	77	34	
29	80	98	43	30	106	60	9	117	98	50	38	48	64	49	98	54	114	23	115	54	25	112	61	27	78	78	68	20	34	9	28	23	89	100	99	32	16	76	105	99	93	108	37	18	33	77	30	71	31	
47	82	105	43	30	100	45	13	107	104	38	50	67	61	48	94	55	113	13	109	59	31	97	66	35	95	68	67	27	32	7	28	31	102	102	92	24	13	87	101	90	93	101	31	11	28	83	35	80	29	
36	76	95	39	30	95	50	15	111	98	48	53	49	53	53	93	53	107	12	108	64	29	115	66	28	95	78	70	14	40	5	38	24	95	103	98	24	8	86	98	99	89	106	44	11	41	80	38	65	22	
38	76	103	36	19	100	45	11	108	97	44	38	51	62	48	104	65	114	11	105	73	25	114	59	36	89	68	65	24	45	17	31	23	91	103	92	39	14	88	92	88	98	102	39	2	24	81	30	72	30	
37	73	101	38	17	101	46	7	106	98	40	50	59	64	65	106	60	106	7	104	58	20	104	57	43	89	69	64	9	39	20	22	29	103	113	88	37	14	87	101	86	90	113	32	12	41	77	36	71	24	
46	78	112	40	21	100	56	22	101	113	49	47	49	65	60	107	64	118	21	101	62	23	111	64	30	81	65	55	23	29	20	23	26	90	112	101	35	20	77	101	90	88	114	44	21	32	87	36	72	21	
36	79	101	32	34	88	49	5	109	106	37	40	48	60	54	91	60	111	14	117	72	31	114	59	29	80	62	59	9	26	5	23	22	96	100	94	29	20	74	95	97	102	108	36	2	26	71	40	70	21	
42	75	102	28	29	92	51	11	106	110	40	39	53	53	62	90	55	116	8	108	71	29	113	65	31	78	73	63	27	44	11	24	32	101	98	101	25	10	84	95	88	97	101	45	17	30	87	39	80	30	
35	82	103	32	25	104	55	17	108	103	48	39	63	53	60	105	50	114	6	111	61	19	107	73	30	89	63	54	26	34	12	23	19	92	104	90	29	12	87	92	102	96	105	43	17	40	83	44	65	19	
48	69	107	29	28	100	50	18	110	112	31	56	67	71	51	102	49	105	11	110	54	18	114	69	29	84	72	73	9	31	15	36	19	99	112	90	34	11	86	103	93	103	100	44	16	35	84	41	75	20	
37	70	100	38	26	102	60	18	108	102	36	54	54	72	54	93	59	114	13	103	58	27	106	61	37	90	64	57	18	38	15	39	21	99	110	106	36	24	84	95	99	89	105	48	5	34	83	39	64	18	
37	84	105	37	31	94	55	8	112	109	44	56	59	53	51	91	59	119	16	117	61	25	111	72	39	82	65	64	14	41	22	35	24	103	98	92	27	9	82	93	101	96	104	48	21	42	82	42	67	24	
38	68	98	29	29	98	59	17	102	104	35	56	57	71	48	98	56	113	6	106	64	32	99	60	30	90	62	73	23	33	15	32	19	87	109	97	40	23	79	91	102	91	99	39	8	41	75	31	65	19	
47	84	99	30	32	92	54	14	110	101	47	46	59	64	50	92	51	116	22	116	66	34	107	57	29	91	63	63	27	27	24	34	36	97	103	98	39	22	83	104	85	105	95	34	2	29	72	35	67	32	
31	71	111	33	18	102	55	11	101	106	40	45	63	71	50	88	59	114	12	100	54	23	115	64	37	82	78	55	28	44	10	38	34	84	105	88	33	24	88	109	94	93	108	35	9	27	80	30	78	26	
32	79	112	44	15	90	62	14	108	99	44	55	53	54	61	101	56	100	23	108	67	17	114	56	46	83	73	69	21	32	24	41	27	97	98	88	22	26	75	109	91	97	105	30	11	35	79	37	73	23	
29	69	105	40	25	91	47	6	103	109	40	38	67	70	46	89	50	100	10	114	71	18	111	71	36	93	64	61	24	45	9	32	36	100	111	95	36	8	90	91	86	94	99	34	2	35	77	42	61	22	
45	73	105	34	23	106	55	4	114	114	32	52	66	64	60	106	59	117	21	104	56	36	109	58	45	79	70	59	12	34	12	31	19	97	98	97	34	9	83	103	94	103	114	36	13	25	76	38	74	23	
29	70	108	37	32	99	62	18	111	100	40	44	55	66	46	89	63	114	15	107	55	32	101	69	30	89	74	67	21	33	21	36	36	94	96	100	35	21	90	103	103	102	95	33	19	36	74	48	63	24	
33	82	109	39	15	99	54	10	109	107	39	42	67	65	61	92	60	110	15	108	61	17	114	61	28	88	66	62	23	36	6	32	28	87	108	100	34	19	86	102	98	90	110	45	19	26	74	35	74	17	
48	85	99	29	34	90	56	10	105	104	49	47	54	57	50	101	65	103	16	98	69	21	102	57	37	77	77	59	12	42	21	32	36	100	108	96	30	11	85	102	85	90	96	39	16	32	78	35	69	19	
37	77	97	36	31	89	54	4	119	109	39	51	49	67	55	104	54	115	17	110	61	26	106	55	27	95	74	54	24	40	11	32	33	98	110	94	36	16	73	93	90	86	104	39	6	38	86	37	62	31	
36	68	106	30	15	98	51	5	120	112	42	56	61	62	47	88	61	105	13	105	70	23	112	58	44	83	67	58	23	29	7	28	36	90	108	102	37	16	72	104	101	104	97	48	6	38	75	40	76	34	
40	73	99	31	25	105	50	20	102	113	39	45	54	64	63	97	47	106	15	113	56	18	101	55	32	95	74	60	19	37	6	31	20	92	112	102	32	8	87	101	97	90	111	38	16	42	82	31	79	30	
47	68	111	27	32	91	53	21	118	113	48	56	64	61	55	101	51	105	20	103	71	34	112	73	35	91	70	55	28	31	5	26	22	89	94	89	23	17	90	98	91	92	100	35	17	33	84	37	62	35	
33	82	95	39	31	87	60	16	105	96	34	57	58	67	51	99	47	119	18	109	70	26	96	61	27	93	62	62	15	37	22	30	26	87	104	101	30	21	79	94	96	98	103	47	15	33	80	44	76	33	
47	86	96	32	25	103	46	16	107	114	42	46	50	56	57	95	62	102	17	99	70	26	112	64	45	88	60	67	26	44	24	36	37	93	105	101	24	24	85	105	89	89	111	46	17	31	70	39	62	24	
38	75	102	28	19	104	54	12	116	109	44	46	57	67	54	104	46	114	16	104	64	17	110	66	36	89	64	54	18	34	10	39	23	99	106	87	35	11	71	103	86	93	102	31	5	25	85	42	69	24	
41	79	105	32	18	104	62	15	104	108	41	50	50	59	48	93	46	118	11	98	73	35	105	63	44	77	78	63	13	40	9	40	29	96	104	88	28	9	88	98	102	103	110	31	20	32	85	30	71	19	
34	73	100	25	20	98	48	8	114	105	40	57	52	70	51	103	57	115	8	109	54	17	109	65	37	93	61	73	14	34	12	24	23	97	113	93	38	10	84	110	104	90	104	33	12	26	74	38	78	31	
40	77	111	37	21	97	44	21	112	102	48	54	51	53	52	102	60	116	19	106	57	34	113	61	31	86	79	54	21	42	11	37	31	84	99	98	29	18	75	109	96	98	107	40	19	39	84	32	75	23	
29	73	98	34	34	93	53	17	119	108	31	49	61	60	56	103	46	115	10	113	73	34	113	58	32	80	70	61	23	45	9	38	19	102	104	100	33	9	74	99	100	86	111	29	2	25	72	38	75	19	
35	69	95	44	23	103	61	19	111	112	37	43	50	63	60	103	58	103	23	114	70	22	114	62	37	91	75	65	13	28	5	39	35	96	95	100	24	7	86	102	104	103	109	39	19	42	83	32	67	21	
41	86	109	34	30	95	44	5	112	101	42	55	55	57	53	97	52	106	15	100	69	35	96	62	45	94	68	58	17	32	23	32	28	91	108	96	22	9	71	107	96	99	96	32	7	38	86	37	75	21	
35	71	112	36	27	90	52	23	101	99	37	56	65	54	54	99	57	117	8	99	68	20	96	74	36	94	73	73	19	44	20	24	31	94	109	95	37	8	74	107	93	90	105	32	12	25	88	40	80	18	
45	84	100	26	34	96	54	4	105	100	34	42	67	60	58	103	56	110	20	102	56	17	103	57	43	92	61	69	19	44	21	29	19	92	101	90	29	19	73	94	103	86	95	36	2	29	80	31	62	32	
47	68	112	36	26	87	55	4	116	99	49	49	54	70	51	95	56	107	18	116	73	35	99	70	35	88	66	56	23	37	16	26	20	100	108	92	35	21	84	98	98	102	99	46	5	37	72	46	62	18	
42	71	108	31	20	89	50	8	103	101	50	56	62	63	50	90	58	102	24	99	58	18	105	67	40	88	67	56	15	44	24	35	22	86	108	103	28	25	76	104	97	88	107	38	14	38	83	34	80	25	
31	80	95	37	15	89	43	13	116	95	49	42	63	60	46	104	46	100	10	110	54	21	114	58	35	92	63	67	26	29	11	41	28	89	94	99	28	19	89	98	95	89	109	39	5	42	76	29	68	16	
45	87	112	30	15	92	53	23	107	104	41	55	66	58	64	96	54	114	9	114	67	29	101	69	42	84	71	68	12	44	17	30	32	100	106	98	23	26	87	98	88	104	101	41	7	24	86	45	66	34	
44	84	96	31	21	100	60	19	115	106	41	44	61	71	54	93	56	112	7	105	66	31	103	66	46	88	69	68	9	35	8	29	19	97	107	91	36	13	82	110	104	96	101	39	6	41	81	42	68	31	
39	75	97	37	32	102	55	7	116	99	50	44	60	55	64	91	47	116	11	98	61	26	115	73	30	88	60	57	12	26	7	29	22	88	104	101	33	14	81	99	85	89	103	48	10	27	71	39	72	22	
45	76	96	31	32	97	44	4	114	112	41	53	51	59	61	95	51	107	18	106	59	31	107	61	40	94	71	62	22	33	8	41	30	97	100	96	40	26	86	109	100	97	110	33	5	37	82	37	75	17	
37	71	112	31	23	104	55	22	112	111	40	55	58	56	61	99	52	112	12	105	63	25	111	66	46	92	61	70	17	42	6	39	26	96	107	99	36	17	79	101	85	90	100	29	9	28	81	32	67	33	
36	76	94	28	16	96	60	7	118	99	32	42	51	70	65	94	47	108	8	111	56	29	99	58	46	95	62	72	14	34	23	38	27	95	106	101	21	7	84	105	88	102	98	32	9	31	73	48	72	21	
42	76	105	27	20	105	47	9	103	107	31	56	61	57	62	105	56	102	11	107	67	35	112	74	36	83	77	67	13	36	22	38	21	97	104	97	39	7	78	97	85	89	104	46	21	39	83	35	72	23	
30	84	112	25	21	99	48	15	110	114	39	46	51	69	49	88	51	115	9	112	64	29	99	63	40	84	65	71	24	37	18	32	37	94	94	89	35	16	82	96	104	103	105	47	19	29	77	31	76	22	
43	78	101	44	16	87	46	12	112	110	40	41	55	58	46	104	48	113	7	112	54	33	104	71	41	84	70	55	23	26	13	37	25	92	102	96	32	25	81	107	95	93	109	48	7	33	70	40	65	34	
38	71	102	27	28	97	49	15	102	98	32	53	65	69	49	102	50	116	18	112	58	36	102	60	27	77	60	65	22	32	13	31	20	103	104	101	31	12	71	92	97	87	104	33	5	38	79	48	78	32	
32	69	97	33	18	87	58	15	117	101	48	52	50	63	46	99	46	116	17	112	59	23	101	63	46	93	76	65	19	43	17	38	23	96	102	100	21	14	89	98	91	94	99	37	3	33	86	32	61	30	
45	87	111	30	27	103	54	23	116	103	50	56	56	58	59	102	53	115	6	98	54	22	109	71	46	87	68	55	15	28	18	25	34	85	107	102	40	10	87	108	99	104	97	39	7	36	84	38	62	20	
39	75	105	27	17	99	53	18	114	98	37	51	54	67	65	90	63	101	12	105	69	30	97	73	45	84	72	72	19	35	17	33	29	91	111	87	30	15	74	106	102	93	112	45	13	33	85	36	78	28	
39	78	102	37	27	101	46	10	118	96	36	52	51	65	55	92	58	112	8	112	56	31	107	60	38	96	65	70	25	39	9	30	25	97	105	106	21	9	89	99	102	104	98	45	17	40	70	45	75	34	
35	69	101	33	19	96	59	8	103	108	35	49	63	61	65	104	55	108	9	103	55	31	113	60	37	91	72	58	14	33	21	36	21	88	107	105	33	17	85	104	90	87	113	48	18	42	80	40	75	23	
45	78	109	39	34	100	45	8	102	103	34	51	64	59	57	92	53	104	10	115	67	27	113	68	34	85	65	73	9	35	21	30	25	98	101	93	37	23	73	107	93	102	111	35	16	28	73	45	71	25	
46	68	98	36	17	96	55	13	118	101	48	50	58	70	48	93	58	109	13	108	63	18	100	60	44	92	74	64	21	40	16	33	33	101	110	88	23	13	86	95	90	96	109	38	3	39	75	29	79	21	
43	85	95	39	26	105	51	21	110	113	35	38	66	65	60	107	53	113	14	111	59	18	105	57	41	92	79	55	25	31	10	31	18	96	98	89	26	7	76	99	85	86	96	46	21	38	75	38	63	18	
47	73	107	44	29	94	56	5	115	102	48	57	50	64	47	107	59	111	17	110	64	33	101	61	36	89	66	70	17	38	6	22	19	94	101	103	26	13	78	104	90	97	95	41	5	34	73	34	68	20	
48	80	96	40	34	98	57	23	117	100	41	48	56	68	50	106	60	105	14	117	66	35	100	69	33	86	70	71	24	41	11	23	37	93	97	95	25	8	80	109	87	99	112	36	12	34	80	36	69	31	
32	76	107	30	33	91	54	18	111	96	35	39	51	57	56	99	50	118	22	101	56	28	115	58	39	80	71	63	17	41	12	36	25	100	95	88	31	15	74	97	102	102	110	40	19	36	83	41	74	18	
33	80	102	42	17	90	44	12	111	109	33	52	58	66	48	98	55	119	18	116	69	20	111	70	33	93	73	55	19	29	11	32	36	95	99	106	27	15	81	95	89	87	101	31	13	36	81	47	61	20	
46	81	111	33	27	93	55	13	113	106	46	51	62	60	57	105	52	110	12	104	63	20	98	70	42	82	78	72	20	40	22	22	35	92	98	101	27	7	71	99	104	86	105	44	13	27	85	37	63	30	
36	74	101	32	18	102	53	18	105	114	48	38	65	60	50	101	46	105	22	110	63	25	103	67	36	85	60	67	27	37	7	30	25	92	112	92	21	20	76	103	96	98	114	41	4	28	71	46	73	26	
30	80	101	34	24	90	54	23	116	101	34	48	65	57	54	96	64	106	9	117	66	18	109	55	42	93	71	66	24	30	24	35	24	92	109	89	38	21	86	96	91	91	104	43	14	38	83	31	71	34	
30	77	105	27	28	98	52	15	107	96	48	42	60	55	47	96	54	102	12	104	64	27	103	71	38	84	71	70	13	29	18	39	32	103	98	91	23	10	71	97	91	89	103	31	21	24	72	41	75	16	
42	87	102	25	22	91	48	15	101	100	31	51	61	69	49	100	58	115	16	114	58	36	107	60	30	81	72	72	26	39	11	38	25	84	95	90	21	14	80	104	102	88	96	30	20	24	72	39	67	21	
41	83	107	37	16	101	56	22	106	110	33	48	67	65	61	91	58	114	23	103	64	26	101	72	37	92	67	63	23	32	24	37	25	97	98	96	27	25	76	101	88	90	112	33	16	31	82	36	63	17	
47	72	100	35	25	102	47	10	103	100	49	45	59	59	53	97	60	108	18	104	58	22	97	55	42	78	61	54	22	41	23	39	18	85	103	91	39	19	81	104	99	96	100	48	19	30	75	43	61	30	
40	84	100	38	32	99	58	10	117	108	47	42	66	68	64	102	48	113	12	114	55	36	106	69	45	96	63	55	11	38	13	36	33	103	103	95	29	18	84	107	88	103	109	40	19	29	70	41	76	20	
44	73	109	27	33	98	44	19	107	99	39	48	54	54	50	98	47	117	17	109	55	22	97	63	27	84	71	54	25	35	12	38	20	99	94	88	37	25	87	108	87	95	95	44	6	34	72	48	63	30	
34	84	109	36	33	97	51	16	119	113	41	47	65	72	65	96	61	117	19	114	63	20	105	73	27	93	63	57	11	42	6	37	30	85	111	87	34	26	73	103	102	87	114	34	3	25	76	45	64	28	
46	71	104	31	31	100	61	9	115	95	44	43	51	55	50	93	65	107	25	110	63	18	101	64	43	77	69	72	27	28	21	24	34	91	107	97	28	26	79	92	87	104	107	37	21	38	81	37	73	25	
48	79	96	41	22	106	59	21	108	100	43	44	60	63	55	102	50	110	22	111	62	19	103	69	27	96	78	59	24	32	23	30	25	99	102	106	32	17	76	91	102	98	106	30	14	43	86	43	75	30	
30	68	96	40	25	95	54	13	111	113	36	52	55	61	57	90	56	115	19	101	59	24	96	63	33	77	74	71	14	37	20	22	22	86	106	95	30	18	73	92	94	101	97	36	9	28	87	38	80	21	
37	78	104	37	20	105	54	4	105	96	43	47	64	54	63	95	57	112	17	100	63	34	96	63	29	82	64	65	19	33	5	39	31	97	107	87	22	18	83	92	89	94	100	44	8	32	88	42	68	29	
45	71	107	37	32	102	44	9	119	96	38	43	51	55	64	93	55	105	18	103	68	32	106	72	42	90	67	58	28	34	6	25	28	90	101	94	29	21	81	94	102	90	101	31	4	26	86	46	78	33	
30	75	104	27	20	91	43	22	114	102	35	46	59	66	65	104	55	109	9	103	70	36	97	58	36	83	61	63	25	29	11	41	22	95	100	106	23	8	73	109	94	99	103	31	20	38	80	32	79	27	
44	82	111	31	19	103	52	18	105	101	36	41	60	63	59	93	59	103	18	116	70	18	104	55	28	93	70	69	18	37	21	34	36	87	106	91	22	10	81	91	89	96	113	45	16	32	79	37	69	31	
44	81	108	28	26	88	50	14	117	98	31	55	63	60	48	94	58	102	19	109	71	17	96	60	38	77	68	57	18	39	12	25	31	88	112	93	37	13	78	100	103	97	107	46	12	25	86	34	68	20	
37	83	108	32	32	89	45	4	120	111	35	56	54	55	46	89	53	114	23	110	59	22	115	67	42	78	76	71	17	39	20	27	18	102	108	92	30	15	89	95	103	104	107	31	8	27	85	35	79	33	
41	71	100	42	29	101	55	11	101	101	47	44	53	64	56	100	51	112	14	116	72	19	107	66	32	87	73	64	16	44	8	29	24	87	97	90	24	23	88	93	93	104	95	36	19	41	71	44	65	22	
48	72	107	43	24	94	49	15	114	113	44	49	62	69	65	90	57	104	9	101	63	20	115	63	32	78	68	73	27	45	9	37	21	97	109	94	27	7	74	91	87	105	112	35	4	39	80	44	63	22	
41	82	96	36	16	98	46	18	115	110	34	41	48	61	65	106	54	117	20	101	58	33	115	66	34	95	70	56	27	38	18	35	32	94	95	106	40	21	83	99	93	98	102	40	12	37	82	47	75	30	
39	75	111	37	26	97	57	10	118	112	49	50	53	63	64	88	58	108	12	109	54	27	112	73	34	82	66	69	17	31	17	37	32	98	96	95	32	12	84	96	98	103	101	35	6	29	78	42	62	28	
38	84	111	30	30	96	44	19	120	110	43	45	60	54	54	95	46	104	15	111	56	32	113	68	33	82	74	54	15	28	13	26	23	88	100	91	35	20	85	110	99	96	111	29	9	34	88	42	75	25	
46	78	110	29	28	93	50	6	101	103	42	56	59	54	54	102	61	114	24	114	67	20	99	73	34	93	71	59	16	31	16	39	26	101	97	88	30	23	71	101	99	89	98	38	20	26	74	46	71	29	
46	81	102	25	20	103	48	15	102	95	39	39	65	55	61	93	60	110	11	99	66	30	112	62	33	83	63	70	10	45	14	40	19	95	100	105	32	15	77	99	91	94	112	30	14	42	84	29	65	18	
39	86	108	26	15	101	56	13	104	105	42	46	52	63	47	107	63	105	24	106	61	21	110	58	35	95	76	72	10	40	22	28	26	84	112	102	27	12	85	93	92	90	96	47	8	27	77	45	61	33	
43	82	109	36	30	87	57	5	115	97	49	57	59	58	64	103	49	114	16	117	60	27	113	59	27	83	77	62	15	42	8	40	35	90	109	93	36	9	83	102	104	93	103	42	9	36	71	33	70	26	
40	73	106	25	26	91	44	20	105	105	31	38	61	68	61	90	46	114	23	117	64	20	104	71	28	83	66	73	10	28	21	40	34	101	105	101	28	22	77	101	100	100	96	36	19	24	83	48	65	24	
35	81	101	37	15	101	43	4	118	111	39	45	51	54	55	93	55	108	19	103	64	22	102	59	37	78	60	64	9	41	20	41	28	93	106	87	21	13	72	100	88	105	107	37	16	37	71	45	69	20	
32	80	106	25	22	97	48	12	118	108	49	47	49	62	50	95	50	112	24	109	54	18	108	71	28	78	71	60	26	36	18	31	22	84	98	94	31	13	71	99	98	102	97	39	4	43	88	34	73	26	
37	79	101	44	20	90	51	14	111	109	44	42	55	56	62	91	59	117	22	102	67	26	97	74	37	82	62	57	20	35	17	39	35	92	101	104	29	12	71	99	87	105	96	46	19	32	71	31	70	17	
39	82	113	42	16	91	57	10	102	102	44	40	54	57	55	91	63	119	20	102	64	29	115	72	43	78	72	70	24	41	6	26	24	103	106	98	34	20	72	104	97	93	100	45	16	43	80	48	67	16	
42	84	94	31	16	89	55	5	117	112	46	57	48	53	58	90	61	115	25	113	64	24	100	64	41	88	78	55	25	41	11	36	37	93	95	91	21	17	89	100	91	96	97	44	2	32	72	30	68	16	
48	68	109	35	24	94	52	10	104	96	34	43	56	70	54	95	46	102	15	109	67	26	104	63	44	88	68	63	15	28	8	31	31	86	98	104	37	24	72	101	93	105	102	33	13	39	71	41	79	22	
35	82	98	35	17	93	57	17	102	96	48	51	52	54	56	107	53	111	19	98	68	21	101	67	40	83	69	55	23	38	8	40	23	98	108	100	31	10	90	101	101	93	113	34	15	32	76	48	70	30	
38	73	111	34	26	106	46	10	118	112	50	41	60	62	59	104	51	111	24	116	57	31	112	63	34	84	73	59	26	28	7	31	34	91	98	100	23	10	74	93	92	102	106	47	2	27	76	43	65	27	
33	79	102	30	19	105	53	9	111	102	42	41	52	69	62	97	52	109	24	117	70	26	96	68	40	90	70	64	20	44	8	25	21	89	94	100	30	8	83	106	90	90	95	35	10	27	70	44	79	22	
46	81	103	30	24	87	56	13	106	109	36	44	62	61	60	105	59	101	14	107	55	27	101	72	27	92	74	65	24	36	9	41	22	95	100	90	30	21	86	100	96	100	101	36	14	42	87	40	71	33	
30	80	112	44	34	91	60	12	101	96	31	55	60	70	49	106	56	103	15	102	66	26	114	71	31	89	66	61	23	45	20	22	19	85	111	106	32	7	90	97	98	103	98	40	15	33	80	30	79	35	
39	84	100	33	29	100	53	18	120	100	40	46	58	70	53	104	64	104	12	99	68	29	106	66	35	89	74	73	28	37	18	32	20	86	112	90	28	10	86	104	88	92	104	40	2	30	82	48	75	30	
47	71	113	25	32	97	60	17	109	98	33	47	61	68	50	96	54	116	25	103	60	36	100	69	45	92	73	71	24	42	17	30	26	100	108	88	24	20	83	103	92	101	111	39	3	25	79	36	73	32	
33	72	101	43	27	87	52	5	115	109	38	43	60	61	54	92	49	107	25	107	56	36	105	59	30	82	68	57	16	41	14	31	27	95	94	104	35	25	74	94	89	89	104	41	7	32	79	44	64	18	
45	75	102	37	23	89	61	21	117	104	34	48	57	54	53	106	49	107	12	114	73	31	104	69	33	83	74	55	23	33	16	40	34	103	101	104	29	14	73	108	95	102	113	40	4	25	87	29	79	33	
45	75	97	25	27	106	47	19	109	114	49	43	64	57	61	91	64	106	15	117	65	17	102	69	45	86	72	66	25	28	11	26	23	95	94	87	23	22	72	94	101	93	98	43	14	27	77	44	66	28	
48	83	112	40	15	92	58	16	116	95	46	42	67	71	65	90	65	108	17	109	68	18	105	57	33	79	77	61	21	38	24	38	28	101	109	94	22	7	82	95	90	98	110	29	10	25	89	33	67	35	
47	76	110	34	22	88	61	23	107	104	49	43	66	66	61	107	49	112	9	98	72	24	107	70	37	92	66	69	24	33	9	40	20	93	94	101	32	25	83	97	89	88	104	41	21	25	89	30	72	20	
38	75	110	27	21	89	55	22	105	99	45	48	66	55	58	101	55	108	22	113	56	25	101	55	40	85	73	73	25	35	13	36	32	98	107	105	26	9	86	102	96	88	98	31	10	43	79	34	78	32	
42	70	97	38	26	94	59	15	111	106	31	46	59	68	47	95	54	109	24	105	70	29	112	63	43	96	66	60	25	34	7	31	27	100	108	95	29	9	90	103	94	102	96	33	12	30	82	30	80	20	
47	82	101	34	30	98	48	17	120	111	41	45	58	69	58	92	62	114	12	107	54	20	114	66	43	85	71	57	14	27	23	29	26	98	106	96	40	18	89	94	91	93	111	38	12	38	87	48	78	32	
43	86	110	44	29	104	52	6	117	96	38	48	50	61	47	107	56	114	20	113	57	23	104	63	27	96	76	59	17	39	14	30	34	89	105	88	31	23	76	98	95	90	102	36	6	39	80	29	62	32	
36	85	97	28	15	92	61	7	116	96	41	40	60	67	60	94	49	100	17	105	58	23	114	62	31	93	62	69	23	39	10	30	30	86	113	103	23	16	90	110	102	88	108	47	11	43	80	44	70	28	
30	74	109	32	32	94	47	13	113	104	48	49	53	66	48	91	59	101	22	115	62	29	98	70	39	93	61	72	16	31	19	33	29	90	106	91	39	26	87	105	97	104	101	40	4	40	78	35	70	32	
46	80	113	40	32	104	50	11	103	105	32	42	61	68	50	101	65	103	24	115	55	25	102	56	37	84	71	65	13	33	16	34	27	89	104	88	27	7	78	101	96	98	112	43	16	33	89	40	71	19	
45	85	101	31	21	95	58	21	109	110	31	50	59	65	65	90	61	111	16	107	59	22	110	55	28	77	72	58	28	30	5	38	29	103	105	103	36	21	84	94	89	97	103	34	11	31	78	44	66	28	
44	82	103	34	31	89	51	11	111	101	44	52	55	54	46	90	59	102	15	113	65	24	99	60	31	88	73	63	18	38	12	31	36	95	101	93	24	8	74	95	85	98	107	45	21	26	71	47	80	34	
36	78	113	26	25	96	55	7	109	95	39	47	48	66	50	96	51	114	22	103	70	21	109	63	43	89	74	68	22	41	23	26	30	90	104	103	36	24	80	92	89	99	96	33	15	32	73	40	76	28	
37	85	100	35	30	92	50	15	113	110	43	53	49	69	53	92	59	114	7	117	69	21	96	57	28	92	74	67	14	27	13	34	26	89	107	105	27	12	78	108	98	92	99	35	21	33	84	30	74	23	
41	87	102	37	26	91	53	13	103	100	41	44	48	54	63	88	62	102	17	110	66	36	113	70	30	91	64	68	27	36	23	39	19	86	97	98	28	8	81	97	100	105	108	42	20	33	88	45	74	17	
47	74	102	41	22	105	57	14	117	114	35	55	57	60	53	89	55	104	23	101	61	18	108	69	43	88	73	57	12	28	10	41	29	95	102	102	37	22	75	105	88	104	110	48	9	26	70	41	75	28	
44	68	113	27	31	99	56	22	102	113	43	41	65	56	64	105	55	103	18	102	68	28	101	73	28	77	76	68	16	44	24	36	29	88	106	96	38	7	85	104	101	101	106	32	5	25	83	46	74	22	
36	86	101	42	20	88	46	9	105	114	36	43	56	60	57	88	52	110	8	103	60	27	103	73	37	96	71	62	17	32	9	41	35	96	106	95	34	9	79	98	95	92	106	30	9	26	79	39	76	34	
48	71	94	30	23	87	54	6	104	96	38	41	55	69	59	88	47	103	11	100	62	21	102	63	27	90	65	62	14	32	23	34	25	91	111	90	26	20	87	93	101	95	95	42	14	28	73	39	64	18	
38	80	107	28	17	104	52	10	110	111	36	49	56	62	51	96	65	114	12	102	58	24	111	71	30	87	61	70	15	39	11	23	24	90	102	104	31	22	86	106	102	90	104	45	5	30	80	36	77	26	
34	87	101	44	18	100	50	18	102	106	48	42	53	58	65	93	49	119	17	111	57	27	97	55	45	89	79	64	23	27	8	25	22	94	107	99	30	7	73	96	101	92	112	40	2	32	87	47	70	16	
39	85	100	36	27	94	62	17	113	105	32	42	64	54	52	90	52	104	25	115	63	20	108	68	35	93	78	56	27	35	11	31	35	88	100	91	21	24	79	94	85	101	103	37	14	35	70	32	70	22	
35	75	94	35	26	88	43	21	107	99	36	57	54	58	56	88	51	103	20	102	64	27	115	73	43	95	76	54	14	28	24	26	19	91	95	98	38	13	82	98	85	91	102	37	15	39	81	37	67	16	
45	79	94	32	26	96	61	16	107	110	32	46	56	54	60	94	52	119	12	107	57	35	111	56	38	90	70	65	13	42	19	38	19	93	105	90	26	14	71	100	101	98	111	47	15	26	75	31	64	34	
39	84	102	32	34	92	58	5	101	103	43	49	60	71	56	105	52	106	23	108	73	19	109	65	41	95	65	59	9	44	12	39	26	87	107	89	26	25	82	102	103	99	106	35	17	38	86	35	76	21	
44	87	111	34	18	102	48	9	115	96	50	54	58	60	50	91	54	115	22	101	67	30	103	74	29	88	75	67	20	39	9	33	24	97	97	92	22	15	72	100	99	100	102	33	18	25	76	34	71	29	
32	85	102	28	19	95	56	16	105	100	31	46	53	59	52	102	59	119	14	114	66	25	102	71	35	77	62	69	21	29	17	39	21	84	107	100	33	15	77	96	85	96	102	36	2	31	84	47	62	35	
30	86	108	26	20	106	57	15	120	96	43	41	67	60	53	96	60	106	20	100	64	25	102	67	46	77	64	62	27	26	9	32	20	94	94	105	39	11	87	99	102	91	99	40	16	26	82	37	69	31	
37	82	95	32	28	93	43	9	115	104	42	52	50	63	50	95	50	106	11	104	54	18	114	63	32	94	75	69	21	29	20	29	27	102	98	98	34	15	72	108	93	96	113	47	21	32	81	33	79	33	
35	85	101	44	30	92	48	5	120	99	46	39	59	65	54	88	63	111	12	108	72	22	96	62	41	77	74	55	26	36	18	29	29	94	107	104	21	22	79	94	98	103	108	32	18	37	88	36	79	26	
31	73	108	42	33	97	61	18	110	100	46	44	57	59	58	93	49	118	24	105	70	28	97	73	38	91	67	57	15	45	20	34	34	85	99	97	22	23	75	103	87	93	107	29	17	27	89	30	75	22	
29	80	96	40	18	106	59	12	110	110	39	55	56	67	59	102	56	104	21	105	54	34	98	70	29	95	63	65	10	28	20	24	29	103	101	97	27	13	81	99	91	105	113	42	3	37	89	34	78	22	
30	80	111	40	31	100	59	6	111	110	48	38	67	58	56	101	46	109	7	109	73	29	112	69	28	93	79	58	24	34	11	38	28	101	108	97	30	23	74	92	98	103	98	30	6	39	87	42	75	35	
43	73	96	27	15	88	56	6	112	108	46	54	65	72	65	107	58	112	16	104	60	17	106	66	27	88	76	68	25	36	8	28	24	100	95	90	40	11	79	96	104	101	102	39	3	33	86	46	63	17	
33	70	105	27	34	101	43	15	105	113	41	56	53	71	47	92	54	111	12	115	59	34	99	56	44	95	71	70	21	35	16	23	24	101	108	99	40	9	86	91	90	92	95	48	13	25	73	34	73	27	
41	85	102	36	16	92	54	12	104	112	36	43	55	62	56	104	64	112	9	111	69	28	102	70	34	82	76	60	20	33	13	39	24	96	95	92	39	22	74	108	89	86	103	30	21	25	83	39	71	26	
38	77	104	28	29	101	59	14	113	99	47	38	63	71	52	95	59	108	24	107	72	35	110	55	31	77	62	62	22	43	21	36	29	95	98	102	40	18	84	95	102	92	105	36	8	31	86	33	69	20	
46	71	103	31	20	104	49	7	104	105	44	54	65	63	61	106	60	113	24	98	58	21	113	58	32	84	72	71	14	31	24	40	32	84	100	87	39	16	71	97	96	89	108	37	4	41	76	44	73	34	
33	74	103	41	25	94	57	12	114	107	36	52	67	56	47	91	64	110	6	103	66	17	113	72	29	84	70	54	12	39	9	27	22	101	100	96	33	22	71	99	92	102	104	38	9	41	75	31	67	23	
46	82	94	38	19	105	62	7	104	113	45	52	66	61	57	89	57	112	24	115	60	31	115	60	41	77	79	65	23	42	16	30	36	87	109	87	32	9	75	100	90	103	101	47	2	38	86	46	71	22	
30	71	97	28	21	96	57	5	120	99	35	42	67	57	63	92	57	119	24	99	69	18	114	66	30	89	65	69	22	29	16	38	19	90	103	103	33	11	87	101	94	99	105	38	16	43	89	45	76	34	
39	76	111	30	24	101	48	10	109	110	48	45	58	72	53	100	59	117	16	101	58	25	98	63	44	79	73	63	25	30	16	23	23	91	97	91	22	16	85	100	101	91	96	37	20	41	84	36	77	33	
29	74	109	33	22	97	50	11	118	111	48	51	65	56	57	105	56	102	15	104	73	28	108	70	43	85	70	55	21	37	22	30	28	98	100	99	23	15	81	91	91	94	108	30	12	35	77	38	78	21	
43	73	104	35	15	95	50	14	118	111	48	50	66	56	55	96	62	107	18	108	65	35	115	73	40	90	68	72	18	31	11	34	20	99	100	90	26	21	84	99	88	97	110	31	16	32	80	48	64	17	
31	85	101	38	15	104	58	13	101	111	50	48	59	69	57	93	54	100	20	98	56	22	99	73	42	92	74	60	16	41	15	35	31	91	113	101	35	26	74	110	85	97	101	45	12	30	72	29	63	17	
32	78	111	37	27	98	51	4	113	95	49	44	55	58	54	97	56	118	15	106	55	31	99	64	42	78	77	58	15	34	23	35	30	88	112	102	26	15	74	102	92	95	100	33	13	40	72	41	74	22	
44	71	111	29	25	94	54	8	119	112	49	39	63	55	56	99	60	116	24	114	70	21	103	72	36	81	60	64	9	40	23	32	37	95	110	99	29	9	76	110	93	86	96	32	5	25	80	45	61	26	
32	70	106	34	32	106	45	20	120	110	32	49	62	70	56	105	48	100	10	100	56	27	111	62	35	79	63	59	13	36	15	29	26	100	98	103	24	15	84	93	89	103	113	35	17	37	79	40	70	22	
42	75	113	25	26	106	48	19	111	109	43	56	49	63	52	100	48	118	8	110	58	36	113	65	43	94	69	62	9	29	11	25	34	99	94	106	39	25	73	103	90	94	96	34	4	33	80	47	68	19	
38	78	102	33	33	87	53	17	110	98	32	51	57	64	49	96	50	112	17	111	58	26	102	69	39	81	71	63	16	33	10	31	29	103	95	96	34	13	79	99	101	99	99	31	19	39	73	45	74	25	
42	78	101	44	23	100	54	21	115	112	50	41	66	68	56	105	56	119	18	116	63	23	101	73	31	80	67	56	20	36	21	36	20	97	111	91	25	13	78	95	101	88	109	30	20	31	74	34	79	28	
48	82	97	31	26	100	54	19	102	100	48	51	54	66	47	90	54	118	22	98	58	18	104	70	34	96	74	64	25	44	14	26	37	98	98	91	35	19	76	96	86	86	103	48	11	32	76	42	80	30	
46	85	112	43	30	92	45	13	116	96	45	38	51	63	62	104	61	101	22	103	70	26	96	67	46	96	72	58	28	28	15	41	21	94	96	97	28	14	89	95	95	86	102	36	6	41	74	31	72	34	
37	87	105	39	29	94	53	15	103	98	38	57	62	66	64	96	59	101	13	108	56	28	110	61	30	83	67	60	12	38	11	26	31	90	104	93	22	17	73	105	86	94	104	48	19	38	74	37	80	17	
35	73	112	33	22	96	56	9	116	95	36	46	51	66	60	90	55	111	7	106	73	28	104	57	30	92	64	58	10	37	20	25	20	100	113	101	21	12	78	96	99	91	99	29	11	39	70	30	74	20	
44	68	110	31	27	104	62	6	111	97	41	40	48	71	60	99	65	109	14	111	64	19	112	72	32	80	62	67	25	38	8	33	28	88	106	93	21	7	82	92	87	88	110	43	11	25	85	32	66	16	
31	76	101	32	27	106	51	19	116	112	46	40	49	69	63	90	60	108	17	108	65	25	114	72	38	79	69	62	27	27	22	38	18	103	100	106	36	16	88	95	99	89	108	32	14	34	70	40	78	29	
45	76	99	38	34	96	56	13	111	95	38	52	50	61	60	90	57	107	12	114	55	28	97	74	27	92	70	65	25	39	14	39	25	97	106	96	31	19	89	106	100	96	108	31	12	40	81	32	64	35	
38	75	96	28	15	106	51	13	118	100	46	56	62	57	49	94	53	112	24	102	55	20	105	62	38	94	79	71	10	31	15	41	20	102	110	96	28	19	73	98	88	98	111	43	15	43	78	45	67	23	
40	87	100	44	22	88	56	10	105	112	36	53	67	71	49	103	47	118	15	108	68	33	98	65	29	94	65	69	17	33	22	29	26	98	106	99	38	23	90	102	101	102	97	45	2	35	74	36	66	31	
46	76	102	26	34	102	60	4	101	102	32	52	66	64	48	92	56	116	24	101	60	32	107	59	39	84	70	61	24	29	12	34	27	88	95	88	38	8	90	96	100	86	95	32	21	34	89	31	67	28	
43	70	108	34	32	90	49	7	103	108	50	50	52	54	49	91	57	100	16	101	71	25	98	59	27	96	61	68	9	32	19	30	23	103	102	102	26	15	76	103	85	101	110	44	19	34	72	47	66	16	
35	84	113	32	19	90	59	17	108	97	42	44	49	60	61	101	49	100	15	99	57	17	110	59	39	95	72	70	23	42	23	25	24	102	106	94	23	12	74	104	104	94	109	37	6	29	77	34	75	21	
32	74	94	33	29	92	55	10	117	102	38	54	48	71	61	98	59	107	20	112	67	29	106	63	38	87	70	69	16	39	5	30	30	100	94	103	38	17	88	97	91	89	99	47	12	32	78	39	71	35	
47	71	112	38	19	96	58	14	104	97	47	40	49	56	47	102	55	112	11	98	69	19	107	68	31	81	75	55	16	27	9	30	22	94	99	89	22	9	73	104	104	101	112	36	4	33	84	39	71	34	
38	72	111	35	17	106	49	21	112	111	43	53	55	67	61	98	60	106	12	106	61	25	96	62	28	78	77	70	17	27	18	35	19	91	96	87	40	12	87	103	103	90	105	39	3	29	74	41	61	23	
44	78	97	28	15	106	46	5	113	109	35	57	65	72	47	96	58	113	16	106	58	18	114	70	35	82	67	62	25	27	6	24	34	91	110	88	38	20	81	94	97	99	108	40	11	38	71	32	61	29	
43	80	106	38	16	95	44	8	110	101	41	41	66	61	62	97	54	118	23	115	54	18	96	57	33	77	72	55	16	38	24	39	31	103	100	99	21	11	89	108	94	96	102	35	7	32	88	30	68	18	
46	83	96	40	31	102	43	22	111	107	40	39	59	72	47	97	61	119	11	109	68	28	111	73	46	80	73	57	19	44	8	29	22	97	109	88	34	16	78	98	91	90	95	43	2	33	84	30	66	26	
41	83	100	27	16	98	60	22	114	112	45	40	64	54	47	106	48	102	17	114	54	29	108	56	31	93	69	55	9	30	19	33	23	85	94	96	36	22	83	95	94	94	99	41	15	33	89	44	75	22	
30	76	98	33	30	93	57	7	107	109	46	54	53	69	48	88	46	114	24	99	60	22	112	73	34	92	78	59	19	42	15	34	18	88	102	100	30	10	77	91	93	98	110	40	17	27	86	37	61	33	
44	77	101	34	29	97	44	19	104	114	32	53	63	67	48	106	50	116	14	107	54	36	110	60	41	94	73	67	20	31	20	41	30	93	104	98	30	20	89	104	91	89	99	43	9	43	77	40	62	29	
31	71	97	44	25	99	58	19	105	110	39	39	52	66	59	91	55	109	15	108	65	22	96	65	30	88	78	56	26	36	23	36	26	84	98	102	33	14	71	96	102	102	114	48	6	37	84	30	69	30	
41	82	94	37	18	93	62	19	112	95	33	55	67	71	55	97	52	104	10	115	61	35	115	74	46	83	70	58	28	41	10	28	27	91	112	88	35	12	78	98	103	98	106	38	21	37	84	30	69	32	
42	84	97	44	30	101	51	12	111	95	50	38	54	53	60	99	58	118	21	112	71	17	109	58	43	79	76	71	27	28	24	39	21	88	112	96	28	18	76	110	95	86	107	45	11	24	78	36	65	17	
45	81	99	26	21	106	46	14	114	98	32	55	57	56	54	97	51	114	22	102	58	17	113	58	31	95	60	67	16	29	21	38	21	99	101	104	39	23	90	106	104	101	100	32	6	40	78	40	65	28	
41	84	107	26	21	103	47	7	114	100	40	41	48	58	51	98	59	107	18	115	68	36	113	55	45	93	74	66	21	34	5	25	36	87	103	87	22	11	85	102	94	88	109	33	2	34	78	46	73	35	
45	71	107	31	32	98	57	13	111	97	50	47	60	61	60	100	52	112	13	101	58	32	111	61	45	79	72	73	16	29	24	40	28	100	102	94	36	11	74	92	100	93	95	44	13	32	81	45	77	33	
46	69	112	30	17	98	51	23	101	103	49	41	51	67	46	97	56	115	9	101	61	18	107	67	42	77	74	72	14	37	10	27	32	103	99	100	32	15	76	98	99	104	101	35	8	32	73	38	75	20	
33	72	96	32	17	95	58	15	105	107	49	45	51	65	53	106	46	100	22	117	55	21	112	61	38	96	62	57	17	35	5	38	28	103	109	92	35	24	82	110	100	86	95	35	12	25	74	41	64	34	
39	71	108	35	33	91	53	7	104	99	41	41	65	58	58	91	46	102	19	112	73	25	103	68	35	82	73	72	19	40	16	29	30	90	106	101	31	7	73	100	98	93	104	36	10	37	71	36	67	21	
34	69	96	43	21	106	60	12	102	110	50	40	59	72	50	91	46	108	21	99	70	23	111	67	36	89	64	69	27	42	17	27	32	96	98	97	39	8	87	95	93	99	102	31	3	25	76	34	64	29	
43	72	99	43	30	91	48	11	113	105	33	52	61	61	48	92	59	112	12	106	65	33	101	60	37	81	66	66	20	34	9	41	21	103	96	94	39	24	75	101	92	86	114	46	7	34	86	37	64	24	
47	86	97	36	30	95	45	6	117	103	44	49	64	70	53	100	62	103	9	116	64	32	105	63	46	79	69	60	12	38	14	24	23	96	109	97	23	17	83	98	97	104	103	43	10	33	86	35	65	30	
31	80	101	42	32	99	52	23	111	96	40	52	59	53	48	107	49	107	19	102	70	21	108	73	35	91	79	67	9	43	21	36	37	103	110	96	31	7	87	105	91	92	97	31	5	30	80	35	69	32	
30	75	112	42	29	92	61	6	105	109	46	42	54	62	58	97	53	102	21	108	64	24	96	69	27	81	65	73	17	30	10	38	33	93	102	103	32	21	81	91	94	97	105	34	2	32	80	33	63	19	
42	68	94	29	24	98	57	10	103	108	50	38	59	69	47	93	63	116	13	102	62	18	97	72	38	88	76	71	16	27	16	36	22	101	100	99	34	9	87	99	88	99	99	40	7	30	77	33	72	30	
45	74	97	27	31	105	53	13	116	113	50	53	54	70	46	103	46	105	13	99	61	34	102	61	39	93	71	66	11	38	13	33	22	100	107	102	32	17	83	103	88	91	101	36	12	26	82	36	67	16	
39	77	102	29	24	95	61	21	116	111	35	57	51	59	57	96	57	108	14	115	58	17	114	64	33	90	65	70	25	40	7	27	37	97	95	101	27	11	90	91	88	90	104	48	7	43	73	37	64	21	
37	73	98	37	32	95	45	17	111	107	38	47	52	63	56	91	56	102	11	113	59	22	115	69	30	88	66	69	22	43	11	37	33	90	98	87	33	12	88	105	85	105	110	47	8	30	72	36	77	27	
32	80	100	42	24	87	55	19	111	97	33	38	53	70	59	92	61	112	7	102	59	32	110	64	28	89	71	55	18	27	9	32	19	88	101	103	36	26	76	104	103	89	101	37	18	27	72	44	71	21	
35	86	108	41	16	97	46	5	114	103	43	53	52	53	60	100	46	114	12	101	71	22	100	66	46	80	65	64	11	34	22	33	18	100	105	90	26	25	76	101	98	89	96	35	5	32	79	29	76	32	
48	80	107	41	30	100	62	12	111	102	34	43	65	71	55	97	58	117	11	106	63	25	110	73	42	94	76	58	9	40	23	30	30	88	103	96	25	9	85	97	95	103	101	44	15	30	78	39	72	18	
42	77	95	42	32	104	52	20	118	113	31	55	60	68	63	102	49	117	14	107	63	22	109	69	39	77	62	66	28	35	13	28	28	99	113	93	26	19	80	103	103	87	104	31	3	35	71	46	62	27	
37	87	107	41	15	87	52	13	118	103	48	56	54	59	59	92	50	116	10	107	61	23	103	68	38	88	64	58	10	43	23	25	20	89	102	94	24	16	75	96	96	105	114	44	8	33	84	37	79	27	
32	77	97	41	21	97	47	15	120	104	46	52	59	62	54	91	62	118	17	108	66	28	98	66	40	83	65	70	10	42	12	38	25	87	107	88	29	23	86	94	89	104	98	36	7	30	80	40	71	27	
45	72	103	25	29	92	46	6	110	114	32	45	48	68	49	104	51	104	22	106	64	31	106	74	41	85	76	69	11	45	8	38	32	92	109	96	31	11	88	100	104	90	106	45	16	24	73	38	65	33	
40	80	110	43	34	95	56	21	113	105	40	48	63	53	61	107	48	101	18	110	54	32	105	61	44	92	74	68	18	34	9	41	18	96	94	93	38	11	89	94	94	89	114	33	2	31	89	38	72	20	
29	75	97	32	30	91	46	21	111	99	33	55	56	66	61	91	64	107	22	102	65	27	111	60	38	77	75	57	10	31	16	38	20	102	104	90	25	16	78	108	86	88	109	44	19	32	82	34	80	27	
44	82	104	33	33	90	50	20	113	112	40	52	63	66	65	93	49	118	13	111	61	30	112	68	43	91	68	57	25	30	17	27	25	101	102	96	28	8	88	102	103	87	95	45	4	28	73	48	63	35	
33	79	107	44	34	92	49	4	118	103	39	51	64	54	60	94	52	103	8	113	58	31	103	67	43	96	68	62	10	33	22	31	35	89	109	93	36	22	74	97	103	103	98	33	16	41	80	46	68	16	
40	76	110	34	28	97	62	15	104	108	47	50	53	67	57	106	50	117	13	104	63	31	96	71	37	82	69	73	9	37	20	29	25	99	97	101	35	8	79	108	89	88	106	33	18	34	85	29	71	35	
38	84	104	38	34	88	57	5	105	110	32	49	67	63	46	99	57	106	14	104	56	33	99	71	41	89	63	60	12	41	22	41	28	97	111	104	31	18	82	109	94	96	112	44	17	39	85	30	69	27	
32	77	110	27	21	96	46	19	120	98	49	38	50	60	51	103	64	101	16	100	67	30	111	70	35	84	68	71	14	30	19	35	26	95	108	89	34	21	78	93	93	94	113	44	5	25	78	31	70	32	
31	82	103	43	28	87	62	18	108	106	42	53	61	63	47	102	52	105	10	111	57	22	103	57	42	85	62	73	18	36	17	22	23	98	112	93	40	21	74	103	104	89	98	31	12	37	80	46	78	18	
40	75	110	34	16	96	51	11	120	100	48	47	67	70	54	94	47	103	15	108	69	29	97	61	44	92	71	57	20	38	7	39	28	101	99	91	23	19	79	105	87	89	105	33	13	37	83	32	69	18	
42	73	99	35	20	105	46	16	110	114	47	51	55	68	53	97	57	102	22	102	57	17	106	58	32	90	63	59	18	34	22	39	31	88	98	94	28	14	84	101	91	105	108	36	6	35	74	42	77	26	
47	73	109	39	33	95	47	17	120	114	46	43	50	58	51	98	54	116	14	112	71	22	102	67	45	88	69	71	15	43	14	40	37	96	100	104	30	7	80	110	96	104	101	32	8	39	82	47	64	20	
32	86	110	25	16	88	62	18	117	105	49	43	50	55	55	106	63	119	7	109	71	29	102	73	34	85	79	67	14	36	7	40	25	87	94	97	38	13	71	109	103	92	102	34	3	30	71	42	73	19	
38	74	96	37	21	95	50	19	120	101	40	56	59	70	58	88	56	105	19	110	54	17	101	69	44	81	76	72	19	37	8	41	30	101	94	94	37	21	82	94	86	100	96	32	21	39	87	39	71	18	
30	74	109	32	23	96	49	18	116	110	37	49	53	61	65	101	50	110	15	99	71	30	114	59	35	83	78	68	23	45	17	25	30	93	108	95	27	11	76	110	91	102	111	45	21	29	80	32	63	19	
34	77	101	30	25	100	57	23	103	112	41	38	52	65	57	106	59	102	14	108	59	21	108	60	33	80	70	58	15	32	6	23	34	102	101	94	28	8	85	104	96	105	100	37	7	25	83	39	68	23	
35	78	111	29	31	91	59	9	104	98	44	55	57	64	50	105	56	117	20	100	57	22	96	57	33	89	76	72	20	33	6	22	28	93	98	97	22	11	78	108	102	92	113	29	17	29	86	33	74	21	
43	84	113	35	18	96	56	22	117	114	44	44	51	69	61	95	55	118	13	109	57	30	111	61	43	94	73	72	24	42	12	41	32	102	99	96	31	20	88	110	104	87	113	43	3	36	77	32	70	27	
47	81	98	41	21	103	61	21	107	106	48	54	64	69	60	96	55	107	11	101	56	31	113	58	42	83	71	58	19	40	10	32	25	100	112	87	32	12	75	103	88	99	113	39	18	27	70	34	78	16	
30	83	101	29	26	92	58	17	108	101	44	43	50	57	61	95	61	111	10	98	71	30	97	56	41	90	67	66	18	41	10	32	22	91	104	105	23	22	79	104	101	89	106	42	5	29	79	46	73	34	
37	75	97	26	19	101	53	13	101	109	43	48	66	58	46	90	53	118	21	115	58	26	97	72	41	85	78	73	23	39	20	25	34	96	95	87	25	12	73	110	85	101	106	35	7	31	75	31	70	31	
44	69	110	38	21	101	50	12	117	107	34	41	67	65	61	105	56	111	18	112	66	25	108	68	32	89	72	54	9	44	9	31	33	102	95	99	26	7	89	106	102	95	96	38	2	26	72	36	65	33	
45	70	96	27	19	91	44	11	109	98	37	53	65	63	59	90	54	115	6	102	70	28	109	73	46	83	72	60	14	31	16	30	26	86	104	91	40	17	73	106	95	96	96	33	14	36	70	33	62	33	
35	83	108	40	23	99	43	10	120	110	40	39	52	71	64	95	59	103	18	115	68	27	104	69	34	90	68	57	13	45	19	41	34	88	99	100	22	19	86	95	91	100	102	37	18	29	78	48	71	30	
46	87	107	31	16	100	44	11	108	108	42	48	67	58	48	99	64	100	18	114	61	18	105	67	40	77	73	62	17	27	21	32	33	100	102	89	22	17	75	104	97	92	110	30	2	24	71	36	65	31	
39	87	95	41	27	99	55	9	118	101	45	54	49	64	58	89	48	107	22	110	69	18	103	70	43	96	68	60	10	26	16	38	31	95	113	94	32	9	84	99	101	87	100	35	6	33	89	37	79	21	
30	74	108	32	32	100	50	22	118	95	40	46	52	67	57	88	47	113	19	111	65	24	100	61	37	84	69	72	17	41	9	38	22	103	94	97	21	20	75	96	104	105	99	31	14	34	87	38	80	29	
36	84	96	43	27	93	50	5	117	114	50	38	67	60	59	90	49	115	20	113	60	25	105	65	31	77	73	65	24	37	11	37	23	101	109	101	37	23	84	104	91	100	112	30	2	37	75	44	77	34	
36	74	97	38	25	105	51	12	115	114	45	41	67	67	50	92	52	118	11	103	63	32	112	69	27	80	61	72	23	26	17	34	22	84	107	97	23	7	87	106	89	86	96	44	10	43	75	35	64	32	
39	72	108	43	26	94	49	12	105	113	45	48	62	66	59	93	49	107	21	116	57	36	111	72	34	92	61	69	16	45	7	36	20	85	110	96	39	7	89	105	102	97	106	29	9	29	73	40	79	20	
30	87	111	37	30	95	52	23	120	104	32	48	62	53	57	101	59	119	13	100	58	26	107	69	38	92	66	56	14	45	21	22	26	88	108	100	35	8	79	92	88	102	101	44	5	28	71	46	76	32	
39	78	100	35	17	87	57	11	110	101	47	38	63	71	48	98	46	103	17	100	68	34	103	73	40	95	60	56	28	31	9	28	23	95	97	92	25	15	83	98	91	92	107	40	19	34	85	41	80	22	
31	83	107	39	28	100	61	4	113	95	33	45	58	70	47	88	49	111	10	111	54	22	113	63	28	83	74	61	26	37	20	34	35	85	113	97	37	14	84	92	85	101	102	45	14	25	81	46	75	32	
37	70	109	29	24	89	61	6	103	101	46	38	63	70	51	106	54	106	21	105	67	31	100	64	46	82	61	70	12	39	9	40	29	87	107	103	38	25	73	103	101	99	112	32	4	36	80	42	65	20	
38	70	101	43	18	91	54	18	110	112	37	41	65	57	56	105	46	116	23	111	54	35	107	66	40	88	62	58	12	41	22	33	27	90	102	102	30	15	90	107	101	103	96	32	10	38	87	42	77	20	
39	72	110	28	16	97	55	6	119	107	34	54	59	60	49	100	65	107	25	101	69	20	109	70	46	92	63	67	13	41	5	36	30	86	102	98	40	22	83	92	100	87	102	37	18	37	82	32	62	22	
31	70	108	26	31	96	59	7	120	106	35	39	62	59	59	100	53	108	12	105	65	30	98	60	43	81	66	57	27	30	11	25	18	100	104	88	33	18	86	106	88	99	99	40	2	40	74	35	80	18	
31	85	108	33	29	89	43	9	108	105	42	56	51	54	47	102	51	109	23	107	56	32	113	60	35	85	65	62	26	31	6	23	36	100	112	88	37	19	77	106	97	95	95	33	17	29	77	46	65	23	
45	70	97	26	34	99	44	18	112	113	38	45	55	62	47	107	61	101	6	108	54	22	108	61	39	87	74	60	12	34	8	27	30	103	98	88	32	14	90	94	88	101	105	48	15	32	77	30	78	17	
36	80	96	38	18	101	52	6	113	97	32	55	60	62	64	101	51	105	21	98	73	24	107	65	28	80	79	66	16	31	17	23	30	98	101	95	40	17	72	98	86	91	104	45	5	34	79	43	75	23	
35	80	104	25	16	94	54	19	115	105	41	39	64	69	48	103	65	106	15	98	73	29	104	64	35	79	75	61	20	32	24	37	25	95	110	91	37	11	76	105	89	92	107	42	9	36	76	32	63	20	
47	83	99	36	16	106	52	21	119	104	41	38	56	60	53	90	56	103	10	101	71	24	113	73	45	82	71	73	14	45	22	35	29	98	94	91	38	21	76	107	96	100	111	47	2	29	71	38	70	26	
39	85	98	27	24	95	50	11	109	109	46	49	51	57	65	100	55	114	6	102	60	35	111	60	30	90	78	54	11	29	9	32	32	94	96	88	34	19	83	107	101	99	95	46	13	40	89	44	69	19	
37	82	108	35	32	88	52	7	102	112	44	42	55	66	53	106	50	105	18	106	57	31	102	57	39	81	68	59	11	45	16	30	21	102	101	98	40	20	80	94	90	88	105	31	8	36	75	42	73	16	
47	76	110	41	28	91	59	8	101	111	39	41	58	59	47	105	56	101	7	117	69	22	100	64	39	92	72	55	22	38	10	36	27	86	111	103	30	14	83	105	98	104	95	36	16	37	82	33	63	24	
41	70	103	31	21	106	43	14	102	104	33	38	50	62	46	94	62	101	25	109	56	33	105	72	34	82	68	57	16	45	15	37	33	91	95	103	34	24	73	102	99	97	104	42	18	40	78	47	72	18	
41	74	113	43	29	103	47	12	117	109	31	47	60	57	65	89	51	114	23	112	60	26	106	61	39	94	66	65	15	34	22	41	25	87	108	99	31	12	72	105	104	103	101	48	16	36	88	38	73	30	
43	78	108	33	15	92	53	12	118	109	41	53	48	61	46	103	59	105	19	102	64	35	100	69	31	82	76	63	10	36	8	23	32	88	113	104	24	8	89	91	85	100	105	48	2	30	70	36	70	21	
45	70	98	28	28	105	45	15	104	102	47	55	54	70	59	107	55	114	23	99	70	36	107	63	40	82	66	64	23	27	6	29	21	84	106	88	28	9	76	106	102	101	102	34	7	32	72	34	66	28	
30	86	99	26	19	95	48	16	114	95	48	44	59	55	57	103	55	113	25	115	65	30	113	60	41	94	79	66	28	32	22	25	18	102	98	90	28	20	77	101	86	103	107	47	20	40	74	46	71	19	
34	77	107	35	15	97	53	20	118	95	46	54	48	67	56	93	48	115	19	115	69	17	106	66	44	92	69	69	28	31	10	27	32	97	97	97	21	19	90	109	91	93	100	48	18	35	73	44	69	30	
34	79	104	37	32	90	57	19	106	114	48	56	64	71	48	102	50	106	15	105	67	29	113	67	33	77	74	57	19	37	11	26	22	100	97	101	29	26	73	109	87	88	114	41	20	29	82	44	64	21	
32	78	99	31	24	90	61	14	114	96	42	57	67	55	51	93	55	108	19	99	65	36	103	65	39	87	72	54	10	42	14	25	25	94	95	96	23	16	77	91	94	95	99	37	15	36	73	47	61	34	
29	77	94	32	29	104	56	22	113	103	49	55	62	71	50	92	51	104	10	115	56	34	111	56	38	89	60	71	9	31	8	40	23	85	106	88	28	24	86	94	96	88	107	31	16	27	74	37	68	31	
30	69	108	35	17	102	44	8	113	108	33	51	63	72	54	105	57	104	17	111	71	29	96	61	46	96	63	71	25	40	5	24	24	87	100	88	29	26	80	97	101	90	106	38	15	29	73	31	63	27	
30	77	95	35	23	97	62	5	103	104	42	57	55	54	64	101	54	107	25	105	69	28	97	65	45	93	67	56	9	44	10	31	35	84	111	91	40	18	83	109	104	89	106	43	4	41	89	30	75	27	
45	78	109	26	33	89	45	8	113	99	47	50	55	57	51	91	52	115	25	112	71	24	112	59	33	92	76	55	9	33	24	35	23	91	106	106	21	19	88	92	87	93	110	46	14	25	75	39	63	17	
40	77	100	27	30	100	46	13	120	112	44	38	55	70	47	96	64	118	7	100	67	17	112	69	46	87	64	70	23	45	6	26	32	101	107	93	33	12	82	93	104	98	114	40	2	27	89	40	62	22	
40	84	100	31	18	99	45	22	117	99	36	47	50	56	60	93	47	117	16	112	57	22	112	61	41	95	78	54	24	29	12	28	25	94	102	88	33	8	81	93	89	99	101	33	12	30	71	29	67	24	
40	85	112	25	22	89	53	22	106	108	31	55	55	63	53	97	52	105	25	99	63	36	96	66	37	95	79	70	9	43	5	24	31	101	105	103	29	12	79	96	94	98	113	46	12	34	83	35	63	17	
35	73	101	25	15	87	52	21	119	103	41	41	54	56	51	100	62	102	20	107	56	20	107	63	37	80	63	63	10	26	18	32	29	103	106	88	39	12	73	99	102	100	106	41	4	32	82	42	64	34	
36	74	113	35	33	102	51	18	112	114	46	53	51	56	50	107	55	118	14	102	68	31	102	55	30	89	66	57	12	32	19	30	28	99	103	92	29	26	88	110	97	99	108	39	14	27	74	30	62	21	
41	76	101	28	29	94	45	10	109	114	40	41	50	64	49	96	61	117	11	98	59	19	100	57	44	80	68	67	17	34	24	39	23	88	111	106	37	11	77	91	100	93	103	45	11	28	81	38	73	31	
36	72	104	31	23	90	47	21	112	112	35	51	57	72	62	94	62	104	24	113	68	20	114	73	33	95	66	68	9	32	24	36	35	84	99	102	38	20	76	97	85	103	101	39	5	25	83	34	68	32	
42	68	98	44	20	101	51	6	111	100	48	57	62	69	52	93	50	106	13	116	59	32	113	70	45	86	65	54	26	26	14	41	35	92	110	96	37	25	71	102	96	88	106	48	2	43	77	40	62	27	
30	81	100	43	17	105	56	5	112	96	45	49	49	70	65	107	57	104	7	107	55	30	106	61	30	93	67	64	12	28	10	31	35	87	112	105	32	24	83	96	97	95	98	37	18	36	81	32	67	31	
40	69	97	38	32	96	51	6	104	111	33	52	57	65	61	106	54	104	9	102	68	24	110	57	43	84	64	69	26	38	19	36	27	92	104	90	32	17	84	93	85	105	108	30	19	37	78	46	78	32	
29	86	98	41	16	93	44	14	109	114	45	57	61	63	57	88	53	106	21	106	63	24	113	59	38	84	63	62	18	31	20	29	18	96	94	89	34	12	81	108	92	95	107	36	11	31	76	46	65	19	
41	87	112	31	33	104	58	19	103	109	41	51	61	70	64	94	50	104	13	98	65	24	99	73	40	92	75	65	28	43	21	35	25	102	113	90	38	7	83	92	93	87	113	38	5	36	74	35	76	21	
38	69	107	38	17	104	54	22	116	99	42	38	56	53	56	103	53	112	12	102	66	23	103	62	35	80	68	69	17	32	10	41	27	102	100	91	29	26	82	99	98	95	101	34	11	33	89	48	73	24	
40	78	96	38	22	95	58	17	103	103	43	54	67	58	64	102	47	101	6	106	62	30	99	68	27	85	66	67	11	43	24	34	36	91	100	96	29	15	81	109	91	100	110	42	9	34	73	42	80	23	
40	74	104	38	30	89	58	6	102	112	42	53	57	63	61	96	52	110	22	98	54	19	100	67	38	92	71	55	28	45	15	23	25	87	104	93	36	20	73	99	88	90	103	34	3	34	73	41	70	22	
46	69	100	30	34	93	49	10	119	97	33	45	55	62	64	98	58	104	17	115	73	32	102	74	33	84	66	71	11	37	15	25	37	99	94	105	35	14	82	100	101	95	95	41	13	37	73	37	68	19	
30	69	96	28	28	98	51	4	106	111	32	48	61	55	64	93	65	115	13	113	73	20	106	72	38	79	60	54	10	26	23	24	27	94	111	101	28	10	71	92	91	98	102	43	2	33	79	30	71	17	
47	70	103	36	23	101	60	13	118	95	40	45	58	55	60	94	50	119	25	101	55	20	111	67	45	91	68	69	17	31	20	24	26	87	107	91	34	8	82	95	90	89	97	33	11	27	83	34	64	25	
38	68	110	43	16	102	49	11	112	112	40	52	67	69	61	93	56	105	6	100	59	31	100	67	38	81	63	68	17	39	24	31	29	96	100	102	23	17	71	91	96	97	96	45	20	26	82	48	71	22	
38	74	96	36	28	96	49	4	102	106	48	53	52	58	61	103	64	109	14	103	69	23	110	55	43	81	77	65	22	26	10	26	24	92	110	105	40	16	84	104	87	100	109	31	8	30	81	47	71	27	
44	82	103	30	16	98	60	17	102	112	48	46	61	64	54	90	52	108	17	102	72	25	106	73	33	91	64	61	24	33	20	41	25	89	105	96	27	24	84	102	93	104	114	36	12	36	86	44	80	17	
37	84	97	39	28	104	45	21	103	100	33	39	66	59	51	105	58	119	8	112	55	25	113	73	43	92	60	73	12	44	7	32	37	99	108	91	40	14	80	91	94	100	100	46	12	37	77	36	66	27	
45	74	102	32	17	92	61	18	107	110	49	45	61	70	49	107	60	113	20	111	57	30	114	73	44	94	60	62	15	43	14	39	27	101	99	87	23	24	75	106	87	88	110	45	21	28	75	38	63	16	
34	81	113	31	32	98	47	23	116	99	39	44	66	67	61	105	55	117	16	100	68	18	97	57	41	79	67	72	25	26	22	26	29	92	102	100	33	22	81	108	90	87	100	45	6	30	79	30	66	16	
46	83	99	40	32	97	60	16	102	97	50	40	65	66	50	95	50	105	21	113	59	33	109	69	37	81	62	72	28	34	16	40	37	98	95	87	40	19	86	99	85	104	111	38	10	37	85	32	79	16	
32	69	111	32	21	97	44	6	116	108	50	53	49	57	59	91	65	116	14	104	72	19	99	56	28	96	68	70	20	38	14	37	26	84	113	104	37	19	75	99	86	88	110	42	17	26	89	42	76	17	
43	75	101	35	30	103	45	9	110	114	39	50	50	64	58	98	62	105	14	117	72	35	112	60	44	86	67	71	25	30	20	27	34	87	97	88	35	19	76	105	95	91	97	48	16	31	72	35	62	28	
40	70	107	33	19	94	48	10	104	112	40	57	52	61	60	105	49	105	6	102	64	31	101	62	29	88	70	63	21	39	9	31	32	84	96	105	32	23	76	103	101	102	99	36	6	41	83	48	64	34	
31	79	104	34	26	89	46	7	103	99	44	51	58	61	57	93	46	101	15	104	63	32	104	67	38	90	66	69	28	36	19	34	27	86	107	98	40	18	80	105	89	99	98	35	11	43	81	29	66	17	
36	75	96	41	24	95	49	14	111	103	32	40	67	69	63	105	59	107	11	103	55	32	98	64	39	93	70	63	12	42	13	25	22	95	109	96	32	15	72	110	85	104	110	29	19	33	74	34	68	18	
42	74	109	28	15	100	52	14	119	99	41	52	67	54	60	90	53	117	25	107	71	18	111	65	32	95	68	64	24	42	11	37	33	84	98	88	38	26	83	97	87	92	111	37	19	39	83	43	77	34	
44	82	100	31	30	97	44	14	103	100	33	45	53	65	63	92	50	117	6	105	62	25	102	57	36	91	60	71	20	37	23	37	18	92	99	104	21	24	79	92	102	103	112	45	11	27	73	39	75	21	
35	84	111	34	27	105	43	13	102	104	44	47	59	58	46	88	49	112	20	112	59	32	103	74	42	81	62	55	28	33	16	25	32	91	108	95	38	24	77	100	100	100	111	37	16	34	87	43	77	25	
42	82	94	30	23	93	43	12	101	100	36	47	60	65	59	101	57	111	7	110	68	20	110	72	44	92	76	62	15	27	21	22	20	97	98	87	27	11	84	95	87	102	99	42	7	29	83	39	79	33	
32	76	112	42	22	91	58	14	119	95	44	54	56	70	59	90	59	107	12	106	68	33	115	70	40	78	60	73	21	43	9	26	32	103	104	90	30	8	88	108	92	104	99	43	7	31	86	37	80	28	
32	70	97	33	23	100	57	5	110	96	49	44	56	58	52	106	61	102	7	104	73	19	96	56	40	88	60	62	24	38	22	38	22	87	113	101	30	21	71	109	98	89	98	46	18	43	73	29	69	35	
35	78	102	42	18	102	43	23	119	111	40	40	62	63	52	89	53	106	24	116	62	28	96	63	32	87	78	63	9	39	7	41	30	95	107	98	33	17	76	94	99	105	111	40	21	34	73	48	73	23	
39	81	100	26	34	104	44	22	117	102	34	57	63	63	57	95	51	106	25	101	66	21	109	65	31	87	63	57	21	33	11	37	30	93	108	95	30	26	88	103	86	101	112	29	8	28	74	48	79	29	
35	83	97	38	33	91	44	15	108	112	31	51	64	62	52	102	58	104	9	102	60	30	109	55	35	80	60	73	23	37	21	30	29	102	113	94	32	11	71	102	89	101	101	34	6	27	80	35	62	33	
34	71	94	42	17	99	55	13	114	111	42	44	53	62	52	101	46	118	9	98	67	32	101	68	31	78	77	69	26	29	17	24	36	100	110	93	37	16	89	108	101	98	108	31	5	43	80	44	65	26	
47	82	98	37	19	103	58	4	107	113	33	38	59	61	54	103	62	116	6	112	60	29	101	74	29	80	72	57	20	39	8	22	21	88	101	89	36	17	76	107	86	102	105	36	6	35	78	47	79	34	
35	70	101	41	18	92	60	12	104	112	31	44	63	61	48	94	62	103	14	107	60	22	111	71	42	96	65	71	16	33	5	41	28	103	95	90	31	20	90	97	88	101	109	31	15	29	87	41	69	35	
30	75	98	42	17	100	53	23	103	98	35	46	53	63	53	104	62	115	19	114	60	34	101	64	33	78	63	60	19	28	9	34	20	92	99	100	37	18	71	102	97	88	106	40	6	31	87	31	70	25	
41	71	109	38	34	101	46	4	110	100	44	39	64	67	55	93	61	114	22	100	64	33	100	69	28	89	76	55	19	45	7	33	26	102	97	99	39	20	81	91	94	103	97	40	13	39	84	34	66	21	
41	77	113	35	32	96	49	15	106	102	31	44	48	66	50	93	57	108	10	99	68	24	114	71	46	81	74	54	10	37	5	40	21	95	95	89	28	14	78	107	97	88	105	38	17	27	89	31	79	16	
43	83	106	31	18	95	51	11	102	101	39	44	48	72	58	96	46	108	19	114	68	32	102	63	29	88	68	61	20	32	19	38	29	88	109	96	22	19	80	99	97	103	98	29	21	26	89	30	80	28	
46	69	113	40	15	100	60	17	115	101	35	52	53	71	64	96	54	115	14	99	54	27	111	62	43	82	71	59	16	37	15	25	24	99	108	90	29	14	75	103	94	97	108	48	13	35	72	30	66	17	
38	77	103	43	19	91	44	7	107	108	40	47	61	54	58	89	47	107	19	109	65	30	97	69	32	95	72	56	27	26	23	26	35	85	113	101	40	22	83	102	103	90	111	44	8	25	78	45	76	26	
34	73	102	34	19	102	46	10	111	114	32	45	54	54	52	99	47	100	6	106	69	21	97	72	42	84	60	63	28	33	7	31	33	99	105	97	26	13	86	106	87	95	95	47	11	41	84	33	65	33	
48	70	108	33	21	87	56	18	114	96	43	42	57	71	53	88	64	112	12	107	67	32	107	59	29	90	79	55	9	45	12	22	22	89	112	98	37	10	76	91	99	90	108	29	12	40	87	32	67	22	
35	74	97	42	27	106	51	5	116	106	44	45	55	70	54	100	60	119	13	102	57	34	104	66	33	85	72	63	28	45	5	36	25	99	109	96	33	24	83	95	99	101	106	30	8	39	74	37	80	35	
30	83	107	35	17	103	58	10	116	97	32	41	48	68	47	101	54	118	9	107	60	21	107	66	31	80	79	71	26	35	7	29	30	91	98	106	37	9	72	109	88	89	110	47	21	35	78	40	65	35	
29	72	97	37	31	87	57	21	101	102	34	42	65	53	47	99	64	102	21	109	73	36	110	60	32	88	65	65	23	38	16	29	31	89	96	89	23	22	76	102	85	94	107	36	14	42	74	31	75	35	
42	74	101	40	28	105	59	18	114	102	32	41	62	64	50	98	64	104	23	103	62	19	101	58	46	83	76	57	21	38	11	22	29	93	107	97	30	18	80	101	102	101	103	33	15	29	83	35	65	16	
43	85	110	28	21	87	55	8	113	96	35	47	53	63	47	104	48	106	18	110	60	23	99	72	44	96	61	70	18	45	19	28	30	101	107	98	24	23	89	103	91	88	110	35	8	27	70	35	74	21	
45	77	96	38	23	105	61	9	119	105	48	46	55	56	57	107	56	106	15	99	60	25	113	64	40	95	75	62	24	43	6	28	23	91	98	92	22	21	80	92	97	90	96	33	5	24	79	30	68	35	
40	84	109	28	33	92	56	16	120	98	44	55	67	69	48	99	61	107	25	101	63	21	115	55	28	78	74	57	10	34	9	37	30	86	105	94	33	11	87	104	100	102	114	37	9	27	89	47	79	22	
41	72	109	25	34	90	49	13	106	106	46	46	66	57	50	98	59	102	21	113	60	32	105	63	42	85	72	62	26	27	5	30	27	95	99	101	25	17	75	101	97	102	104	48	18	36	87	46	65	33	
33	78	94	41	20	91	47	18	115	104	35	56	57	68	54	97	49	112	13	110	59	34	111	62	31	87	70	59	14	41	6	34	31	99	101	105	40	10	81	93	89	95	101	34	7	33	80	47	70	23	
30	75	110	31	23	105	62	5	116	102	37	42	63	66	53	89	61	112	17	116	55	31	109	61	31	85	62	67	9	29	18	39	33	103	109	91	22	24	74	107	89	103	103	42	12	34	78	41	74	30	
44	71	100	34	24	89	58	5	113	114	37	52	51	71	50	96	53	114	25	109	69	26	101	65	42	93	70	54	23	34	5	37	29	101	106	93	31	16	75	105	85	86	99	37	20	43	86	48	61	27	
36	68	101	25	30	95	59	13	108	95	40	52	54	57	62	103	48	115	16	103	60	22	96	69	28	88	60	72	9	41	10	30	30	99	102	102	24	9	86	102	87	92	100	40	11	37	82	43	63	31	
32	84	110	41	26	104	55	13	110	96	41	38	64	72	58	101	55	110	7	117	67	20	97	69	32	85	65	69	18	33	8	37	25	100	96	106	32	10	88	91	89	88	109	32	16	31	84	38	79	22	
30	83	112	37	27	88	60	23	106	95	50	43	56	70	58	97	54	106	7	109	64	26	96	73	39	95	76	56	14	32	10	33	24	98	97	104	36	25	79	107	93	88	107	46	9	26	85	44	69	21	
29	79	105	40	28	88	45	18	103	98	42	52	66	57	55	97	47	116	15	109	66	25	105	69	39	79	62	66	20	32	18	24	22	97	111	89	28	16	85	99	98	90	105	31	20	31	79	32	65	31	
32	76	99	42	25	93	53	6	114	103	40	38	64	54	59	107	53	104	22	113	69	34	98	58	34	93	73	68	21	34	9	36	27	88	109	92	40	9	77	93	95	98	113	46	20	24	76	46	70	28	
31	74	104	27	18	101	50	15	102	112	39	46	59	65	49	100	49	110	14	103	72	27	114	57	27	92	77	59	20	37	7	40	27	100	112	104	26	7	76	101	85	90	102	33	11	41	88	35	68	31	
47	81	113	32	18	94	46	22	108	98	45	46	58	57	59	105	63	102	11	100	66	32	115	74	29	88	64	67	23	33	9	36	34	88	111	104	36	18	89	103	86	87	110	34	20	27	86	38	78	27	
46	82	97	38	28	94	61	23	118	103	42	54	56	59	61	102	53	107	11	105	59	19	97	72	37	92	72	57	18	27	8	22	19	103	95	103	30	19	83	93	102	86	106	47	11	36	76	37	69	34	
47	79	113	36	30	98	46	5	109	96	38	54	51	70	56	99	49	106	6	105	61	20	99	72	43	91	78	61	15	34	8	31	32	87	99	95	26	19	90	92	97	103	111	29	13	24	82	41	73	22	
41	83	98	43	24	98	47	20	116	103	50	55	58	72	46	90	63	107	25	104	70	31	102	57	34	88	66	63	28	32	5	34	34	85	113	97	22	16	89	103	93	88	114	33	16	35	78	48	79	34	
42	80	96	27	28	101	49	9	107	105	40	50	61	72	56	102	60	109	16	104	63	26	102	73	40	95	78	64	18	41	6	31	33	99	107	101	39	17	89	108	96	103	109	45	13	40	74	30	78	29	
47	72	112	40	20	91	58	17	118	100	49	49	63	66	51	88	52	104	23	99	73	20	112	66	43	88	68	54	25	26	20	30	34	95	98	97	35	8	75	103	95	95	113	32	5	41	87	45	76	25	
46	80	109	27	23	100	62	16	109	95	46	48	55	58	64	93	52	118	9	117	60	23	99	61	40	84	77	72	23	32	21	31	22	95	109	89	36	18	85	98	104	91	108	45	9	37	89	42	80	25	
38	68	104	25	23	96	45	9	105	99	42	53	52	61	62	97	60	117	24	101	69	26	103	68	45	79	71	58	13	29	16	40	25	97	94	97	33	20	84	101	101	86	99	30	20	28	74	34	71	17	
33	69	95	29	22	95	59	15	113	98	44	38	63	62	63	99	61	112	20	111	68	17	99	68	37	83	68	55	12	30	13	40	23	92	94	99	40	7	88	95	104	90	114	30	10	40	88	30	77	25	
32	78	108	27	26	93	50	20	117	105	42	38	56	57	59	88	48	102	11	117	55	36	101	73	41	89	75	73	12	33	24	27	36	88	103	103	30	14	76	104	88	89	98	43	18	34	85	30	67	17	
41	70	102	39	26	91	47	15	113	100	48	43	55	59	52	94	63	102	20	112	60	32	98	59	30	88	72	54	25	35	7	40	33	88	104	88	35	13	77	96	89	96	114	44	13	43	73	33	77	33	
48	86	112	34	22	90	54	9	116	114	38	42	64	71	55	105	61	112	6	110	67	19	101	60	35	80	68	65	28	35	18	30	18	85	110	99	24	26	85	100	92	95	99	47	17	31	84	33	67	24	
43	68	105	43	26	89	62	14	105	96	35	50	54	72	64	98	47	119	23	113	62	36	114	67	39	84	67	66	12	40	14	39	27	99	95	93	23	12	83	105	88	97	111	43	6	31	71	32	72	35	