500
50
100	97	109	72	115	92	2	21	14	55	27	26	21	36	97	93	24	32	42	69	46	29	73	61	78	82	43	87	95	69	33	105	77	45	83	85	54	103	88	110	27	62	67	79	34	85	28	27	72	96	
110	108	107	66	106	106	5	39	24	43	26	26	11	32	98	99	34	25	35	75	44	23	64	59	78	73	40	83	86	70	20	102	81	47	93	86	43	108	85	118	21	45	76	86	35	77	18	16	90	89	
113	99	116	65	102	103	8	27	22	48	19	27	6	33	101	103	31	20	42	75	46	24	72	46	80	81	44	82	89	69	31	96	77	48	81	74	44	96	102	109	18	59	72	74	39	92	16	24	76	99	
116	102	113	71	110	107	11	31	15	57	30	41	18	24	105	103	37	31	27	74	43	36	67	54	83	73	33	84	76	73	32	113	70	43	91	78	37	110	94	104	31	61	75	88	34	83	26	30	88	85	
110	100	119	78	115	92	12	32	22	44	27	41	9	24	103	110	33	22	28	59	43	38	59	58	95	77	37	84	84	69	30	102	73	42	87	74	45	114	93	100	21	44	74	76	23	80	20	31	77	80	
101	105	101	81	102	93	4	27	25	55	18	41	12	23	115	105	22	22	39	70	43	31	74	59	87	90	43	98	93	76	21	107	77	47	79	72	36	107	87	118	16	51	78	76	36	76	25	31	73	86	
110	105	113	72	102	97	2	32	7	44	19	32	14	25	96	94	22	22	42	75	39	35	75	44	90	89	40	86	90	69	20	96	72	40	90	73	53	106	86	106	29	60	70	84	25	81	16	26	85	95	
106	99	107	72	118	88	20	38	8	40	21	28	12	37	108	110	30	23	33	70	29	38	68	55	82	91	29	97	76	77	34	98	73	59	83	78	42	112	99	118	31	51	78	86	29	92	21	22	74	82	
116	99	115	82	113	106	9	33	15	49	14	27	10	39	112	101	36	24	44	60	40	27	75	54	92	75	39	82	94	70	23	112	81	59	94	79	52	112	99	109	21	61	73	77	35	83	30	23	73	99	
100	95	113	77	104	90	21	28	12	54	25	39	16	35	97	99	21	23	30	59	41	36	77	53	77	76	44	94	77	82	37	102	77	56	80	72	48	111	104	117	31	47	69	71	38	78	13	19	83	85	
107	94	108	76	111	101	3	35	8	45	23	43	13	33	107	103	35	23	43	67	35	24	67	43	88	82	31	100	82	80	21	105	77	52	86	83	50	98	100	103	19	61	70	83	28	81	21	25	81	93	
119	106	119	78	102	99	16	27	19	53	32	38	7	37	113	99	22	15	30	64	38	26	73	59	88	82	31	92	88	83	30	113	82	48	76	89	44	102	100	104	30	43	74	75	35	93	22	13	77	83	
112	110	102	83	112	104	12	38	11	49	27	35	8	37	111	100	35	30	35	75	34	30	72	46	79	78	39	87	80	82	20	95	66	45	84	80	42	107	96	112	21	57	80	80	29	93	18	25	84	92	
118	98	117	75	115	91	5	22	20	54	22	32	17	28	109	98	40	24	40	71	30	30	60	58	86	83	34	86	78	80	35	100	82	52	83	76	36	112	100	104	27	47	67	85	20	79	32	16	82	96	
110	109	114	74	104	100	7	36	7	46	30	38	8	25	106	108	37	17	44	73	47	27	60	47	77	84	28	100	76	67	36	102	76	58	85	83	46	108	103	105	20	45	63	77	24	77	19	26	72	97	
119	101	105	69	112	89	17	30	24	52	26	37	8	29	114	109	39	24	42	63	33	25	69	47	91	81	27	90	84	75	39	102	75	57	83	90	41	110	90	103	25	55	68	88	35	77	22	13	82	92	
113	99	115	70	102	107	8	38	20	42	13	29	10	30	114	92	21	20	44	59	38	35	77	44	93	91	34	100	93	85	30	111	74	50	85	90	48	111	97	106	15	43	68	84	22	94	28	15	86	88	
104	99	110	79	119	95	16	37	26	44	31	30	21	37	102	96	23	27	37	67	35	34	63	61	94	74	34	87	89	67	37	107	71	54	82	85	37	114	93	100	14	51	81	85	33	88	18	26	76	84	
105	93	101	65	120	91	3	26	23	43	14	31	4	32	105	110	30	28	30	69	30	23	65	61	78	75	42	90	82	71	34	102	72	55	84	72	45	97	90	119	18	45	77	78	27	81	21	24	90	93	
106	111	110	76	107	106	6	39	11	52	24	32	7	34	104	103	39	17	32	60	44	32	63	54	81	81	26	83	94	78	35	103	66	54	76	75	44	104	85	101	14	59	66	84	20	82	15	20	83	82	
117	103	119	74	112	100	3	29	16	45	14	31	3	27	102	110	32	17	33	62	37	40	67	54	85	74	44	95	89	82	32	94	65	44	78	83	46	114	91	114	21	59	68	86	28	82	30	19	79	84	
101	100	110	75	114	97	20	35	21	47	29	33	4	24	101	98	37	19	29	76	46	35	76	47	96	82	32	101	88	83	39	95	73	51	92	90	45	112	94	116	22	43	64	72	36	94	25	19	73	84	
105	109	107	82	111	107	19	25	25	46	24	37	4	24	107	104	34	26	38	59	36	24	66	56	83	73	26	84	76	81	38	107	73	51	84	86	52	106	92	106	17	52	67	74	34	89	24	25	79	99	
106	94	110	78	119	88	18	38	24	53	30	26	19	29	109	109	36	31	27	67	29	23	63	51	81	73	32	89	91	85	31	95	71	41	85	76	48	101	97	114	28	55	68	88	20	78	25	26	82	91	
105	97	112	79	117	104	7	36	18	42	31	36	17	39	96	107	36	23	41	70	35	34	68	55	86	83	26	97	93	70	35	97	65	53	93	84	48	103	103	100	15	55	80	84	35	90	16	22	82	99	
106	100	115	70	111	96	6	38	7	50	29	35	13	23	101	98	29	18	40	59	43	22	69	46	88	90	30	89	92	80	25	96	80	55	92	90	41	110	102	110	24	43	79	69	23	82	21	29	72	89	
116	93	103	74	106	102	18	33	26	46	14	28	18	32	114	106	36	15	40	69	29	40	59	59	85	86	44	100	84	72	26	102	82	52	86	83	54	100	97	100	27	54	69	72	27	87	20	19	72	87	
107	107	108	67	109	103	11	35	13	40	22	26	3	38	106	106	23	24	34	72	45	39	71	61	81	85	39	98	94	81	38	107	82	41	76	77	54	108	103	103	23	51	78	70	29	85	22	24	87	81	
109	92	108	79	117	97	19	26	22	47	22	41	20	30	103	110	33	22	39	62	30	36	61	49	82	86	43	86	88	76	28	105	71	54	86	86	37	96	104	117	20	53	65	83	33	82	15	26	74	85	
111	105	104	68	102	88	19	26	18	50	26	32	16	24	97	102	34	21	41	59	43	24	77	52	96	75	36	96	85	75	31	98	80	57	83	79	41	108	85	104	31	53	75	80	39	94	18	29	82	93	
102	92	107	75	119	106	9	23	22	48	30	27	9	38	96	106	24	24	30	62	32	41	60	58	96	79	44	92	85	70	29	111	77	44	77	83	37	101	94	119	31	49	69	83	23	88	30	30	80	85	
103	108	119	68	114	99	3	28	10	42	18	26	4	23	109	110	40	32	25	66	38	31	63	49	84	88	39	98	92	84	24	98	80	41	81	79	43	108	86	107	24	47	66	73	31	79	31	13	82	94	
116	94	105	68	105	102	7	32	21	56	27	45	13	26	97	96	23	22	44	74	32	37	59	56	92	83	32	86	89	79	23	106	79	41	86	80	46	98	103	119	17	60	71	87	22	82	28	32	71	95	
118	109	103	82	108	90	7	26	23	52	18	36	6	22	115	95	32	13	30	75	34	26	77	61	85	73	27	98	78	75	23	109	73	50	94	83	48	99	90	115	30	49	75	79	26	91	19	23	79	97	
116	107	100	76	108	97	11	24	9	41	27	44	20	28	113	98	27	18	31	77	46	41	78	59	96	75	29	84	80	72	26	99	67	58	86	77	53	112	95	104	12	43	66	76	20	89	31	19	84	86	
107	93	104	83	113	93	19	23	16	47	20	43	9	41	103	101	22	14	38	76	31	36	61	57	81	88	37	97	86	69	22	94	76	51	81	72	50	101	87	115	25	58	68	77	32	86	17	28	79	82	
101	93	110	73	102	90	16	23	22	47	29	33	19	35	104	111	31	20	43	62	36	38	59	55	83	75	44	98	80	69	20	100	72	51	84	85	40	98	95	109	18	43	62	81	34	87	16	16	73	84	
112	103	115	82	107	107	11	22	10	56	16	44	8	35	106	106	39	31	43	69	31	31	62	55	80	73	26	86	95	74	20	104	77	51	86	77	36	102	101	106	23	57	66	88	33	94	17	18	77	86	
112	106	108	75	118	107	7	35	7	51	15	27	6	34	112	104	40	28	43	66	35	40	71	53	91	79	38	99	87	85	28	94	82	48	94	81	50	109	86	113	27	51	71	73	20	76	21	17	89	90	
103	104	115	82	108	101	10	39	18	48	19	35	15	22	101	99	23	17	34	61	34	35	73	50	90	76	39	86	88	85	20	109	70	59	94	76	51	113	98	100	27	55	76	71	24	77	21	17	73	93	
116	97	113	72	106	94	14	27	13	59	20	29	16	37	98	108	29	28	25	68	40	22	64	49	96	88	37	96	92	69	29	110	72	54	76	73	40	114	85	107	15	47	73	88	26	76	13	26	75	94	
102	107	114	68	107	94	13	37	24	46	32	39	13	30	108	93	22	27	33	77	43	29	65	47	82	91	30	90	76	68	21	96	69	47	91	82	35	111	96	117	30	56	72	87	37	90	17	20	75	83	
109	98	102	80	119	104	20	27	14	41	16	31	21	25	104	100	40	18	27	67	34	34	77	44	81	88	35	83	95	66	39	102	73	43	90	72	49	108	96	118	21	46	74	69	25	84	14	19	90	93	
106	106	110	71	120	94	13	24	8	57	20	26	5	38	113	103	23	22	27	62	33	34	60	53	90	88	31	94	86	68	31	103	66	46	82	85	41	99	102	116	13	53	71	87	22	93	13	13	77	89	
106	105	116	77	120	102	12	27	7	59	16	26	10	34	114	108	36	23	43	76	39	39	75	61	77	76	40	96	91	81	34	112	73	48	79	71	40	99	91	104	27	56	69	73	26	91	32	21	71	91	
101	107	115	80	120	106	10	34	22	42	29	45	8	34	114	103	25	25	29	64	35	41	67	48	81	79	30	99	95	72	21	111	80	55	83	74	46	110	93	118	28	46	66	80	24	93	31	15	79	81	
102	95	109	72	105	90	13	39	12	54	17	42	19	30	111	96	36	20	27	64	34	41	68	51	77	76	39	83	94	71	25	110	74	44	77	79	36	104	99	112	31	58	72	81	22	86	26	31	82	90	
119	100	104	69	110	104	13	27	9	41	23	43	19	23	112	111	31	31	35	71	34	31	64	56	90	77	28	89	81	68	38	100	79	40	90	79	54	114	101	114	21	61	70	69	31	81	15	26	77	93	
115	92	115	81	104	102	18	20	12	53	30	41	4	41	114	98	27	32	41	61	29	30	69	55	77	78	30	97	82	82	21	108	72	57	81	87	46	105	88	119	23	52	79	74	26	82	15	21	82	87	
110	109	105	67	120	99	8	22	24	57	32	31	3	22	114	93	32	16	29	76	28	27	67	46	77	91	31	85	89	77	31	100	83	57	84	81	43	107	99	105	15	53	78	71	36	95	16	23	73	81	
101	109	106	83	118	91	4	23	20	52	22	36	19	29	106	106	40	15	32	72	46	35	70	48	82	89	40	94	84	82	34	103	75	55	80	84	43	96	91	100	29	43	69	79	20	94	23	15	81	82	
116	92	116	78	115	107	9	28	12	55	32	31	7	25	104	94	32	26	27	66	30	29	72	48	87	90	34	98	95	68	28	110	67	42	89	89	37	96	86	115	29	62	71	76	34	93	31	20	75	92	
110	96	119	74	112	106	11	35	17	56	15	37	7	35	98	107	34	24	39	63	47	22	61	43	84	89	27	96	77	80	26	113	81	51	81	85	48	100	99	104	17	60	73	87	24	79	15	29	85	99	
114	99	101	65	116	98	2	33	23	58	28	26	19	41	112	92	24	29	31	77	32	27	73	57	92	92	29	93	93	79	35	99	65	44	86	82	44	96	90	116	20	61	79	84	33	91	27	24	89	86	
102	111	105	72	104	91	2	20	22	50	16	44	17	28	100	106	39	26	29	62	31	22	66	58	94	89	45	90	90	70	24	107	84	54	95	87	36	106	89	107	14	46	62	77	39	86	13	30	85	93	
104	109	119	80	103	104	10	27	7	57	23	40	21	28	100	100	26	16	34	63	46	27	78	62	80	80	36	82	84	85	20	105	78	54	91	84	41	104	104	117	18	50	66	74	28	79	20	17	72	91	
116	102	105	68	114	103	11	20	22	51	23	29	18	32	98	99	22	19	26	65	37	25	64	57	85	77	31	87	87	77	39	101	73	45	83	79	35	114	101	108	29	52	63	88	39	85	26	24	77	91	
113	109	119	70	111	97	6	29	8	47	16	35	16	26	109	108	27	22	38	74	32	29	78	60	79	86	28	101	78	82	36	112	71	50	84	75	47	112	100	110	30	43	74	78	25	88	28	13	72	84	
111	107	118	80	102	106	2	23	11	45	15	27	17	33	109	103	35	13	27	65	45	23	69	57	90	92	41	87	80	79	39	111	74	47	85	85	52	100	102	113	18	51	67	88	32	93	32	14	85	88	
116	98	100	79	111	97	5	30	25	40	24	39	6	37	100	103	23	18	32	73	42	35	71	58	86	85	29	98	86	78	21	111	77	48	89	73	37	111	88	111	23	60	70	77	34	93	24	15	75	97	
107	104	118	65	101	105	4	21	7	43	27	45	21	30	101	96	38	26	25	73	40	32	66	52	83	84	44	93	91	67	38	106	80	53	81	82	41	97	98	109	30	57	63	74	35	84	26	31	72	89	
118	93	106	66	103	94	10	32	9	40	21	32	19	40	112	92	32	19	42	66	36	32	70	45	93	83	29	98	88	82	32	100	83	41	81	80	48	95	95	106	16	52	75	84	38	91	13	27	90	89	
110	109	100	83	106	101	15	20	8	47	13	42	9	38	96	93	27	19	36	76	34	38	61	61	93	84	41	95	77	85	32	95	76	47	84	79	52	108	103	110	29	59	80	71	23	84	25	16	76	92	
110	105	103	68	120	102	20	33	7	52	19	36	16	40	99	95	40	26	31	72	37	26	71	51	92	87	28	98	76	77	25	109	82	53	94	71	36	102	98	100	29	52	66	79	26	79	31	23	79	85	
118	105	112	69	112	106	20	28	23	57	30	43	7	31	106	105	25	32	41	66	34	22	67	59	83	74	31	98	78	75	36	112	71	43	84	80	51	100	88	114	14	45	70	69	27	89	14	32	73	82	
119	109	111	80	113	104	10	34	25	46	21	44	7	27	102	93	21	22	36	63	32	25	62	53	89	84	42	85	87	74	21	108	67	49	82	87	36	107	93	105	13	62	63	82	23	76	19	28	78	91	
113	106	104	79	111	92	20	26	22	46	31	34	10	36	100	101	31	27	32	62	31	40	63	49	84	80	28	91	94	75	26	106	66	44	91	81	42	111	102	117	12	60	73	72	26	87	25	25	83	95	
110	93	100	68	116	95	17	23	14	48	32	32	13	27	98	109	36	23	33	66	29	30	66	62	80	83	34	90	91	83	36	107	75	47	95	79	51	100	101	109	28	44	63	88	31	78	18	23	79	87	
110	111	107	83	110	101	9	29	14	58	26	45	7	41	111	93	33	29	39	66	32	37	67	58	77	85	36	91	81	74	39	101	77	52	95	79	49	98	95	106	27	59	70	82	24	79	31	21	82	95	
111	106	107	82	119	103	13	23	11	46	22	37	18	30	110	106	22	21	31	61	37	28	60	57	88	79	34	91	92	66	26	94	77	47	88	81	36	100	96	111	14	57	66	86	39	76	13	19	83	91	
111	93	104	73	114	100	21	23	10	41	32	43	8	39	100	100	33	14	30	62	45	39	75	48	96	87	43	88	92	75	30	108	82	54	93	73	51	99	97	112	19	53	76	75	24	88	17	17	80	89	
106	98	106	81	116	90	8	33	19	54	30	45	9	36	104	101	27	22	36	60	31	29	71	43	84	74	31	89	93	73	21	112	81	49	79	88	54	102	85	118	17	53	74	70	30	95	26	17	87	84	
115	95	118	81	116	97	17	20	12	45	31	27	9	23	114	110	39	14	39	72	35	26	61	45	82	92	37	88	86	82	27	102	66	52	84	82	45	96	104	107	26	62	64	79	31	86	23	27	90	93	
115	99	102	74	113	97	6	23	24	57	26	43	10	34	110	96	23	26	26	59	47	23	64	44	80	81	29	95	86	80	39	100	75	54	76	86	42	106	86	111	12	51	80	82	31	95	32	24	76	96	
117	103	108	70	108	90	8	37	19	52	30	34	16	24	114	93	25	20	26	59	32	40	76	43	92	79	34	87	87	75	36	101	72	47	91	71	42	111	86	113	18	53	79	79	24	86	27	21	84	96	
114	93	112	66	119	89	12	33	19	55	32	26	9	40	101	101	39	21	39	72	36	27	75	54	87	84	28	93	88	74	33	104	83	59	83	87	48	96	95	101	14	43	70	78	34	90	31	20	80	92	
109	93	113	68	106	101	11	36	11	59	30	43	11	38	104	109	38	18	37	69	47	35	78	44	82	75	36	98	79	80	33	109	81	48	87	82	35	101	101	105	21	58	75	84	34	83	26	15	77	81	
101	104	113	76	118	89	8	27	7	59	17	38	13	29	113	110	34	29	28	78	30	31	73	54	93	84	29	90	88	82	38	100	70	58	92	71	40	103	96	109	24	46	65	75	35	79	23	25	80	81	
106	100	117	71	110	92	15	27	25	46	26	33	7	24	114	111	36	13	37	65	37	41	71	47	94	86	26	86	95	78	27	98	75	57	90	88	36	108	98	112	26	59	62	78	38	95	26	27	90	97	
113	93	112	71	103	101	6	29	14	53	25	41	10	36	104	99	35	14	35	59	41	24	74	52	80	76	44	98	84	80	25	99	67	58	78	87	35	100	92	118	20	50	76	78	31	87	18	25	85	94	
102	102	106	84	105	105	7	25	10	49	20	42	18	37	110	104	23	29	36	68	29	30	70	51	96	84	44	96	88	70	33	108	71	51	93	71	38	108	103	100	21	58	79	69	37	91	13	16	84	84	
116	101	103	83	101	88	7	26	11	57	17	32	21	25	98	109	38	22	34	71	31	41	76	51	95	81	37	83	92	66	32	106	68	53	76	85	53	108	95	105	13	46	63	77	25	95	30	17	76	85	
104	98	117	77	118	102	6	35	10	51	32	29	6	33	112	111	30	30	26	76	33	38	61	60	91	81	37	85	83	78	30	99	74	49	78	85	44	101	104	106	27	52	80	84	36	82	17	30	90	95	
104	100	116	79	102	90	7	28	24	58	17	38	15	38	96	111	33	17	27	65	37	41	59	45	82	84	28	91	77	83	24	101	84	56	93	74	36	111	90	114	28	48	73	72	39	90	31	18	75	99	
112	92	104	76	110	107	3	39	24	49	18	29	4	23	106	100	34	32	38	64	46	36	60	45	94	81	37	97	79	84	34	106	77	40	93	73	49	96	103	116	15	48	77	86	25	88	24	27	85	98	
108	95	116	68	120	107	14	38	20	52	14	45	9	24	97	102	32	22	43	60	39	30	69	61	93	83	39	101	92	76	27	96	70	59	81	71	38	112	100	112	14	47	65	74	33	94	19	30	86	85	
109	105	108	84	120	93	6	38	20	56	20	38	13	35	99	100	38	32	29	73	29	27	68	55	83	90	29	94	77	78	34	99	78	57	80	90	47	107	99	106	27	54	63	83	23	89	15	31	72	94	
105	92	114	77	116	99	15	30	20	54	13	43	9	38	103	98	34	15	28	74	33	36	73	58	89	73	37	86	80	85	30	97	82	42	86	80	43	108	92	111	26	44	78	76	33	91	27	27	73	85	
101	109	107	69	106	91	10	28	8	50	17	28	3	24	102	92	38	18	27	59	31	39	62	45	95	91	40	93	95	69	22	97	74	53	83	86	53	103	91	109	13	62	64	74	22	90	25	27	80	98	
117	93	115	71	116	96	6	24	26	44	27	28	12	39	106	106	28	22	25	69	32	28	77	58	93	88	36	93	92	72	38	99	74	48	91	76	42	113	91	106	21	50	66	85	21	92	24	18	86	87	
117	96	104	71	109	106	15	31	26	57	23	40	15	31	98	101	39	20	42	62	46	37	70	45	79	84	40	94	77	73	20	105	77	57	91	83	40	107	100	119	22	49	73	73	29	88	15	24	76	83	
112	109	104	71	116	102	18	31	21	54	22	34	17	36	110	111	35	27	32	61	39	39	74	51	81	89	34	97	91	81	31	112	76	59	86	74	40	104	97	114	14	62	70	78	20	81	19	21	73	87	
111	108	115	69	110	104	13	35	15	40	27	36	7	35	96	98	30	15	43	72	40	22	77	44	88	92	27	98	81	72	36	109	79	59	94	90	38	98	96	104	30	61	81	85	37	83	15	27	78	94	
112	109	102	81	111	106	11	38	20	46	27	43	11	35	115	99	36	14	44	73	43	28	77	44	84	73	27	88	93	81	26	112	77	45	93	83	43	99	87	111	12	47	70	79	25	80	24	26	80	90	
111	96	113	65	112	91	15	20	8	41	17	29	4	24	98	104	36	14	43	62	38	22	66	62	87	81	28	88	90	82	39	102	80	43	87	81	41	106	86	117	26	56	67	83	23	84	27	23	83	99	
109	95	112	77	113	101	11	33	21	59	27	28	19	37	105	99	27	15	41	72	36	29	71	43	96	77	44	93	80	79	35	97	81	54	89	72	38	108	93	116	20	59	68	75	32	80	26	24	75	85	
103	106	109	83	119	89	10	35	20	41	16	35	14	39	109	93	28	22	39	73	33	39	62	46	84	85	31	101	90	68	29	95	73	59	84	90	44	109	89	102	18	49	64	73	29	84	26	23	71	93	
114	93	116	83	103	100	2	22	21	45	25	28	19	40	111	108	21	21	33	59	33	40	73	60	77	90	37	98	81	66	32	94	67	52	80	80	37	99	101	107	30	56	73	88	20	76	16	18	77	86	
100	110	111	68	105	100	19	30	22	45	17	27	2	34	106	97	22	17	36	67	29	41	61	54	96	83	41	99	79	81	27	103	78	47	79	82	54	96	98	108	15	58	80	75	33	87	29	22	86	82	
113	98	101	71	108	92	8	35	8	59	18	38	6	29	101	97	32	20	35	59	29	33	71	53	95	74	31	88	79	80	22	98	69	53	82	83	53	98	96	111	15	60	71	82	36	78	14	14	80	86	
105	109	104	70	107	101	12	28	25	55	32	39	9	32	105	97	28	24	32	63	39	31	63	43	84	86	39	94	85	74	34	94	65	53	81	73	43	104	95	107	19	53	70	80	24	85	15	24	87	80	
102	93	119	68	120	91	11	37	17	56	32	30	21	30	114	103	27	19	25	69	29	25	75	55	90	80	37	95	77	72	26	100	65	51	80	80	45	109	94	102	18	53	66	88	23	78	18	18	83	83	
101	96	104	68	114	107	11	27	24	51	23	32	11	24	115	110	26	22	39	61	29	27	60	58	95	88	39	83	91	67	33	113	76	43	76	80	48	108	103	100	15	55	71	86	21	79	14	15	76	93	
119	106	105	70	119	107	14	26	7	50	22	26	7	38	107	108	28	15	31	74	41	22	71	43	78	80	37	99	85	67	21	110	71	48	84	81	40	99	92	109	19	45	65	76	31	87	15	22	78	86	
117	95	114	75	104	92	2	20	19	46	26	35	17	41	114	100	22	16	27	76	30	27	65	46	93	78	44	85	93	78	35	99	67	52	92	81	53	109	101	101	12	61	68	69	34	92	16	25	89	89	
110	92	103	82	102	107	14	35	18	57	31	43	20	22	103	103	33	17	36	75	36	31	75	49	80	91	29	98	77	69	30	100	76	51	91	82	51	96	86	106	25	44	80	70	22	84	14	15	77	99	
103	105	103	82	114	105	7	23	8	57	14	33	20	33	111	94	26	25	31	76	37	41	76	50	96	90	37	93	91	74	27	102	69	40	95	73	47	108	104	115	23	50	78	69	21	82	28	23	86	95	
115	102	107	76	104	105	18	20	16	53	30	45	16	24	112	101	26	20	28	66	34	24	67	58	81	85	34	89	90	79	25	102	80	53	85	75	52	114	90	103	17	51	72	81	33	81	32	20	89	95	
102	110	110	72	114	106	3	31	11	41	26	38	7	41	113	105	26	25	28	60	31	39	70	50	77	77	26	83	84	81	22	103	80	42	94	86	37	101	104	103	16	58	74	80	33	89	19	27	84	95	
114	107	116	71	113	95	14	35	18	55	30	27	5	41	98	109	29	20	33	70	41	26	77	56	93	80	27	97	94	71	23	101	65	47	84	88	48	100	91	106	22	45	77	75	24	94	14	15	80	88	
108	93	111	66	101	101	9	25	17	47	21	37	7	24	104	95	36	19	42	69	46	36	62	54	89	87	26	97	81	81	32	111	67	57	80	73	45	108	89	106	17	57	75	73	36	82	27	17	82	81	
119	97	117	80	108	95	20	32	23	56	13	39	2	30	106	97	33	21	37	68	45	31	70	56	84	83	27	84	93	69	24	103	66	58	90	77	40	114	100	103	15	51	72	86	35	87	19	30	74	88	
101	111	114	78	111	89	15	37	24	49	15	34	20	35	98	111	21	13	38	64	38	37	72	49	86	82	34	89	88	77	20	99	65	46	89	87	42	107	88	105	12	45	65	72	24	77	32	27	71	90	
105	107	108	80	110	97	2	31	9	51	29	27	20	25	113	92	22	28	44	77	32	30	63	60	95	76	41	99	78	74	30	94	67	56	88	81	43	114	87	119	23	54	67	88	34	89	32	13	72	89	
106	110	118	74	104	100	3	24	12	50	21	39	15	30	111	101	30	21	40	62	40	27	66	47	83	82	32	82	86	80	29	109	73	45	90	76	45	102	101	100	22	60	77	77	39	83	13	22	76	81	
102	103	115	76	107	106	16	21	22	41	29	33	7	22	109	107	37	29	43	77	47	32	78	58	77	73	29	90	88	74	22	113	68	50	92	71	49	110	94	112	29	47	74	88	35	78	23	16	71	83	
118	109	117	80	111	102	6	22	21	43	23	45	4	35	110	99	21	20	29	72	46	27	64	43	87	83	40	99	91	70	21	95	73	59	82	74	37	96	93	103	31	48	62	80	37	77	25	15	84	90	
104	102	109	67	115	98	16	37	25	57	13	45	2	40	109	96	23	16	31	70	34	23	69	45	94	88	44	89	76	84	32	95	73	45	77	80	39	110	87	102	14	56	77	70	21	91	30	16	90	87	
101	100	109	70	102	96	6	30	15	55	22	27	12	24	100	94	30	25	44	64	28	27	77	54	79	73	30	82	78	67	39	94	84	41	95	75	52	101	97	108	26	51	80	76	30	90	18	19	72	98	
111	106	101	71	110	103	3	23	9	43	18	34	6	34	100	96	40	23	37	78	30	25	63	46	81	81	30	97	79	83	20	106	66	53	78	76	54	114	99	115	14	48	65	83	36	79	24	16	71	92	
106	108	118	66	107	93	5	28	24	59	13	28	5	38	106	111	29	24	31	66	36	37	74	47	89	82	26	90	78	78	27	101	84	43	84	81	50	114	104	110	31	54	71	73	31	90	25	24	90	92	
101	108	106	81	102	107	6	26	14	57	18	36	15	39	104	102	31	27	38	70	30	38	74	62	83	91	44	89	82	79	39	105	77	40	83	83	42	102	98	101	26	61	70	86	27	95	21	23	79	96	
104	108	113	78	115	101	13	24	25	52	32	38	14	33	109	109	22	17	26	63	44	31	66	44	88	74	44	87	88	69	34	102	73	47	76	73	51	102	87	109	20	59	74	88	30	87	24	23	74	99	
114	96	112	67	105	102	20	32	24	53	21	42	4	22	115	104	36	29	26	75	30	40	76	62	81	75	38	99	79	69	33	103	73	46	83	83	50	111	103	116	21	50	67	76	29	84	24	32	75	91	
108	104	117	69	118	88	18	32	25	49	26	27	7	25	112	93	31	29	41	72	42	33	74	45	90	90	26	96	86	81	20	98	75	49	76	87	50	114	98	107	20	54	65	80	21	95	13	24	75	97	
101	92	116	78	110	96	11	36	15	48	13	36	20	36	102	102	24	23	30	63	28	31	59	46	85	74	27	83	77	73	34	96	82	44	80	75	49	106	90	113	20	51	81	81	25	91	15	27	78	92	
116	96	108	79	109	102	19	32	21	54	20	27	16	30	102	99	37	13	31	65	46	32	70	45	88	82	45	98	90	79	31	94	77	45	81	75	42	110	94	119	16	44	62	71	36	91	31	22	81	89	
114	98	113	83	119	91	5	28	26	52	19	33	13	34	112	108	33	22	28	63	38	22	69	56	85	87	44	100	80	71	23	104	65	58	95	73	38	96	99	115	13	59	67	73	24	93	25	26	71	81	
113	92	100	78	107	99	4	23	17	56	14	41	3	35	99	108	38	28	29	67	44	25	76	52	93	85	32	93	86	71	30	110	68	41	82	76	42	96	95	104	29	48	74	75	29	87	15	20	81	88	
110	106	109	65	116	95	16	35	19	56	27	39	7	28	115	105	33	14	33	67	47	39	76	45	86	87	27	91	88	75	35	112	79	58	94	87	49	112	97	110	14	51	77	86	39	88	20	26	76	92	
107	95	106	74	103	96	20	32	15	53	14	31	6	38	100	97	24	22	28	71	30	41	66	55	77	90	42	94	94	79	21	112	79	41	83	73	42	105	93	106	23	53	72	72	24	92	29	26	80	83	
115	103	115	83	103	105	12	27	8	55	29	39	4	39	105	105	25	24	27	75	35	34	59	57	84	81	40	94	90	79	37	112	67	47	90	77	47	112	89	117	15	46	62	82	29	87	28	23	88	80	
111	99	107	68	110	93	12	31	24	54	13	41	21	25	101	109	36	18	38	67	46	33	77	43	77	86	43	96	77	82	29	113	75	51	94	79	38	103	85	116	31	48	62	71	29	78	26	24	73	91	
101	97	109	65	118	97	21	24	8	45	30	27	2	33	111	107	22	26	28	73	36	28	65	44	88	73	34	87	82	76	25	94	69	51	84	81	42	108	87	105	19	56	71	74	28	91	24	15	73	82	
112	104	111	70	119	107	15	28	9	53	30	26	12	30	98	104	35	29	42	77	36	37	74	50	94	75	38	93	86	85	26	105	71	51	88	76	54	109	103	104	13	60	79	78	39	87	21	26	75	97	
106	96	119	72	101	92	8	20	19	41	29	45	8	34	108	109	33	28	32	69	47	32	65	57	94	90	26	87	93	81	24	107	82	49	89	88	44	107	87	119	31	44	64	85	37	83	25	29	74	92	
111	103	117	72	118	90	8	23	13	44	29	35	14	36	108	105	34	14	40	64	29	22	69	51	83	85	33	87	93	68	36	101	75	56	84	74	41	106	88	111	26	59	72	70	24	82	32	26	82	98	
116	105	110	70	114	93	20	28	12	44	22	43	13	30	115	92	30	18	37	59	37	32	67	50	93	77	45	100	90	66	23	108	75	52	92	76	47	102	92	114	18	59	70	74	24	89	20	20	74	82	
104	96	110	73	104	101	21	24	24	45	20	31	18	38	113	107	24	25	31	69	45	30	61	62	82	76	32	88	86	69	20	104	65	59	89	86	53	98	85	104	26	46	79	82	31	77	18	13	77	97	
112	92	113	76	114	101	21	39	23	54	31	35	20	37	106	111	23	27	40	69	42	26	71	44	85	78	29	87	88	83	22	99	74	45	78	74	37	112	87	105	17	46	74	87	22	78	21	30	77	89	
119	101	118	72	112	89	2	23	25	50	29	26	14	30	101	95	40	28	42	70	36	39	62	43	95	73	39	96	94	70	32	104	70	41	81	71	37	107	98	110	19	44	77	82	23	95	31	21	88	84	
100	103	106	75	106	102	9	21	18	54	25	34	11	30	112	111	24	23	36	67	44	23	75	54	96	78	33	97	92	79	23	104	65	49	81	77	37	105	98	113	21	62	79	75	31	86	26	19	86	94	
117	110	105	75	114	107	6	31	17	45	22	43	12	32	111	111	38	19	26	72	35	40	60	45	86	78	37	85	92	71	36	101	81	42	79	76	51	109	95	110	23	47	70	70	32	82	20	14	90	90	
100	99	102	80	112	98	11	29	17	43	13	41	11	27	109	102	28	13	25	66	47	22	78	47	78	81	34	101	86	66	39	98	68	40	82	87	36	106	101	109	31	55	70	70	25	93	29	21	88	94	
119	108	105	80	105	105	6	33	15	43	20	35	21	30	109	102	33	18	42	69	31	22	75	61	79	78	44	96	85	68	20	96	79	56	94	73	47	106	96	105	24	44	63	71	30	92	17	16	89	94	
105	102	119	76	115	102	15	24	13	52	13	31	13	25	97	103	23	29	42	72	35	33	59	62	85	75	26	99	83	69	39	99	70	40	86	72	41	112	94	104	22	49	79	73	36	87	14	14	78	84	
104	95	116	67	111	96	5	28	7	52	28	41	15	26	100	92	35	24	37	73	31	32	73	47	86	84	27	82	90	67	39	102	74	47	87	79	37	105	99	105	14	51	76	79	28	82	22	18	87	98	
106	101	113	84	102	100	8	24	19	41	25	33	17	25	111	105	33	29	29	66	38	39	76	62	81	75	35	95	80	78	35	98	77	42	86	71	49	111	93	103	21	58	71	84	23	85	16	24	79	89	
113	109	115	77	119	105	4	34	15	55	26	42	21	38	111	102	30	20	38	63	31	31	66	57	84	75	42	90	81	78	26	98	82	49	92	81	44	107	95	108	20	55	65	81	21	78	31	31	78	90	
119	111	107	71	112	97	15	28	24	57	23	35	3	39	108	106	22	22	38	78	34	27	77	59	93	89	45	92	85	68	34	97	67	45	90	90	49	112	96	107	21	56	63	83	28	86	23	17	78	90	
108	104	112	66	102	104	10	36	7	52	23	27	19	39	101	111	24	25	36	71	32	34	64	44	82	81	29	99	88	83	24	101	74	49	88	73	43	97	88	107	17	61	68	87	21	93	15	30	79	96	
113	92	111	80	109	98	4	30	19	44	22	35	13	30	100	93	37	13	38	64	47	22	66	47	93	83	40	83	94	73	32	108	66	52	84	83	45	103	103	102	16	55	66	83	36	85	21	17	80	89	
100	93	111	75	106	92	8	22	14	50	28	45	4	39	115	96	39	29	42	60	37	34	76	52	88	80	39	82	83	82	32	100	75	57	87	81	51	113	97	113	14	60	77	85	35	80	17	30	71	85	
105	105	105	75	117	104	15	36	12	58	14	37	8	29	107	105	33	29	32	67	32	31	69	44	84	89	38	88	91	78	20	109	65	55	94	74	47	101	96	116	31	60	71	81	39	83	16	13	86	97	
115	104	108	81	111	88	17	25	23	52	19	41	8	40	107	104	31	26	43	69	30	40	65	46	95	91	34	85	81	68	39	99	77	48	95	72	53	113	99	109	23	45	67	72	35	83	14	20	86	91	
119	99	104	71	101	104	7	35	15	57	26	31	3	31	96	100	30	14	30	60	34	34	76	45	88	85	41	97	77	66	23	100	69	49	84	88	39	101	101	116	15	50	65	83	30	95	18	27	89	94	
102	103	105	79	107	103	16	20	10	55	24	30	3	36	97	107	38	32	35	69	46	22	77	59	85	87	26	88	86	76	20	97	77	43	93	76	46	98	85	116	21	51	81	74	26	80	25	13	88	81	
109	94	116	69	117	92	18	22	22	55	25	32	20	41	101	103	22	21	39	76	45	31	63	53	80	84	31	83	95	70	28	106	78	46	76	73	51	98	103	111	16	55	71	77	33	77	25	28	78	96	
106	98	114	75	113	92	14	27	17	54	32	30	20	34	97	103	24	19	32	69	36	25	77	56	90	85	36	95	88	78	32	109	70	45	94	83	39	100	87	105	12	62	62	74	29	81	26	13	82	91	
104	105	119	66	103	104	6	27	21	47	18	28	21	23	110	94	22	32	30	65	28	31	59	46	81	84	38	83	93	66	21	105	78	40	79	83	48	112	96	118	16	60	64	72	23	94	13	32	89	95	
113	101	106	82	107	98	12	24	16	41	27	34	10	22	106	93	21	29	36	73	44	39	73	50	79	82	26	101	93	67	30	111	70	53	78	88	49	101	94	103	27	49	66	84	39	84	31	28	79	99	
104	94	111	77	106	95	6	36	20	56	26	44	17	27	100	103	21	17	43	63	40	39	62	61	87	86	33	82	88	78	39	102	65	40	77	81	50	104	91	117	13	47	66	70	25	79	14	20	90	83	
108	99	116	70	112	89	15	32	19	42	20	29	19	23	108	92	25	25	27	59	44	40	72	56	82	81	32	99	80	77	24	110	66	48	83	85	50	103	102	112	14	61	68	76	24	79	20	21	81	98	
109	94	118	68	115	101	10	26	24	58	15	38	15	26	104	95	29	18	38	71	39	40	75	43	92	88	32	92	81	81	28	101	77	51	87	72	41	113	104	111	20	43	75	84	24	84	29	24	73	93	
112	94	117	65	105	99	9	30	10	50	14	36	15	32	100	111	32	30	36	68	35	40	75	48	91	89	44	96	94	70	32	96	83	54	81	84	42	106	96	113	22	56	69	79	25	92	24	29	75	81	
112	104	103	65	104	90	7	23	17	50	16	39	12	39	108	100	35	28	44	62	33	31	60	59	93	77	33	90	93	66	34	104	65	44	76	85	43	99	92	118	25	51	76	88	34	85	22	31	73	86	
100	96	115	80	104	105	5	33	17	50	14	36	17	39	108	104	27	30	27	59	33	23	60	44	77	80	32	90	93	85	20	109	84	57	91	79	35	112	101	100	30	57	68	87	35	83	17	19	90	86	
116	95	104	65	105	105	6	30	13	42	22	39	18	31	101	107	30	16	42	63	35	25	77	57	82	89	34	84	92	85	29	111	76	59	93	73	51	108	102	114	23	62	68	81	38	89	13	29	77	89	
115	93	100	74	109	103	12	36	8	53	20	34	19	27	105	110	27	22	30	73	47	26	69	45	95	91	44	90	85	76	29	98	82	58	86	73	35	114	97	119	24	46	72	86	29	93	18	31	88	88	
104	104	102	73	109	94	16	23	22	56	16	39	14	23	114	95	21	25	30	65	40	23	74	46	87	79	42	87	93	80	24	105	69	42	86	90	50	111	89	108	26	59	63	70	26	86	16	15	72	91	
111	97	102	78	108	100	7	35	11	46	27	29	2	40	99	111	37	21	33	67	43	31	71	51	92	75	38	96	90	69	39	105	82	43	79	88	39	114	101	107	17	52	65	74	31	95	19	19	83	94	
102	97	104	78	104	106	20	27	7	46	19	32	11	28	112	102	30	22	40	68	38	24	76	61	82	89	44	90	83	67	37	112	68	52	84	87	43	107	103	113	19	61	78	88	33	88	25	30	79	80	
112	97	119	80	116	89	4	32	22	42	26	44	9	31	97	107	34	22	37	75	29	27	66	48	91	88	39	100	90	76	23	98	80	54	80	89	35	95	94	115	19	45	69	74	24	92	31	29	74	84	
102	93	105	81	104	88	16	32	17	46	20	28	7	31	108	99	29	29	42	78	38	30	77	56	92	79	37	85	83	85	24	107	73	56	90	76	52	101	91	111	27	61	78	72	25	83	31	18	75	84	
117	102	108	72	115	94	15	20	13	55	13	43	12	22	103	100	36	21	29	78	39	31	63	55	92	81	41	92	86	68	26	94	71	58	79	79	50	109	101	107	22	46	63	85	27	95	18	13	72	90	
116	100	119	66	117	101	7	31	14	46	24	35	8	26	115	101	24	22	35	61	34	35	76	53	78	91	40	83	81	75	21	110	74	54	83	87	48	114	87	117	19	59	65	74	30	78	22	15	76	97	
110	94	118	68	105	101	11	37	7	54	14	28	2	34	108	98	27	21	40	68	33	34	62	62	83	81	32	86	76	74	26	96	78	58	91	83	39	98	86	101	29	53	79	78	24	85	23	28	77	80	
117	100	109	68	112	103	20	31	8	52	13	40	10	40	106	102	25	30	25	74	28	30	75	49	82	91	37	85	78	80	26	106	80	41	87	84	51	114	100	119	13	50	79	70	20	88	25	21	81	84	
109	111	115	74	108	99	3	33	13	53	14	36	6	37	105	100	22	24	30	70	34	33	66	54	86	75	26	92	83	72	33	107	67	51	94	74	43	110	88	110	17	45	74	73	20	90	16	20	83	88	
119	109	117	71	111	104	16	25	23	56	21	29	18	37	112	103	40	23	27	65	29	30	75	55	82	83	39	95	90	79	22	100	76	42	91	82	50	114	91	113	19	49	76	77	38	78	17	27	74	83	
100	100	114	76	119	98	9	33	22	47	22	43	10	22	96	108	26	13	39	75	41	36	77	43	93	88	29	101	93	83	21	94	75	53	90	82	54	96	93	103	18	58	70	88	21	94	17	18	82	90	
107	98	106	75	120	100	8	38	22	45	19	31	3	35	110	108	26	28	28	65	46	38	64	61	77	76	27	90	92	76	28	100	82	43	92	77	47	99	103	116	31	56	71	85	39	79	15	27	83	90	
100	108	109	84	108	94	4	37	23	51	27	33	21	25	105	103	40	23	35	77	39	41	70	47	96	76	44	97	80	76	37	94	67	46	86	90	36	114	95	114	12	54	79	82	30	79	30	17	83	81	
103	97	109	81	116	103	20	20	23	47	16	32	21	29	104	97	35	21	38	59	42	31	64	59	84	92	30	87	77	81	21	104	78	50	87	87	49	109	86	110	23	48	77	71	31	86	32	13	83	88	
108	102	117	68	106	97	18	20	14	59	21	35	15	41	97	94	40	21	36	60	45	26	71	56	94	86	41	89	95	76	23	106	79	41	95	72	35	107	98	119	16	56	77	79	25	76	31	22	75	97	
114	102	104	79	109	98	19	29	10	42	27	45	10	29	115	105	25	19	36	67	44	36	66	60	77	80	31	92	77	81	39	112	74	57	88	79	37	101	99	115	19	43	73	75	36	83	31	15	71	91	
119	98	117	73	102	91	13	32	9	44	22	34	18	24	106	92	23	29	32	63	41	22	63	47	82	89	37	89	80	70	36	96	73	55	93	88	45	96	88	113	31	52	72	73	24	83	27	19	89	89	
102	103	115	68	116	92	18	24	25	57	19	38	19	29	99	111	37	28	39	74	39	24	66	61	91	74	34	82	81	70	39	106	71	56	93	78	47	110	103	115	18	60	77	76	24	89	13	21	77	82	
110	97	103	67	108	98	6	23	18	49	32	32	20	39	108	106	29	14	40	62	40	26	71	59	92	78	35	86	89	82	32	102	76	48	87	71	43	95	100	117	13	53	63	69	36	82	17	18	88	99	
119	111	107	77	112	94	7	24	17	50	29	31	2	28	99	101	36	16	29	65	44	30	63	55	89	86	37	95	95	71	20	112	65	43	83	88	52	100	91	113	28	51	63	71	38	89	23	26	82	96	
117	110	108	83	101	95	14	33	10	40	28	32	4	30	106	99	26	21	26	77	31	26	64	58	86	76	29	97	80	66	21	99	84	47	86	87	50	104	102	102	17	55	69	74	26	94	24	25	77	85	
111	101	116	65	104	107	18	33	10	55	17	37	8	40	112	111	38	24	26	74	38	38	71	45	86	82	45	94	95	74	33	113	77	46	78	82	39	114	92	108	26	43	66	74	33	82	32	15	90	99	
103	92	106	72	108	97	20	36	10	42	15	40	14	29	102	105	23	19	35	69	36	30	60	52	86	80	26	101	76	84	31	103	82	50	81	85	48	113	102	108	24	62	78	75	34	82	16	19	74	82	
103	101	114	70	110	90	2	38	19	49	24	29	18	25	96	95	35	29	27	75	33	39	63	47	81	84	42	90	88	81	34	103	77	43	89	88	49	110	94	109	21	55	65	69	34	77	30	19	83	96	
118	111	110	75	118	107	20	22	13	56	23	33	12	38	103	98	30	22	27	65	45	38	69	56	91	86	34	95	81	82	24	102	82	50	94	75	50	105	97	113	27	62	81	85	21	80	18	31	74	99	
118	106	114	78	119	93	21	33	16	59	30	36	12	34	114	105	29	32	33	70	34	28	62	59	94	87	32	90	78	85	36	108	74	51	85	72	35	114	95	105	21	61	73	76	20	86	24	13	71	86	
115	97	102	79	109	97	12	33	12	55	23	43	12	29	96	106	25	21	43	70	47	39	76	48	79	80	28	92	78	82	32	110	83	53	84	85	43	95	89	119	21	46	77	71	35	92	19	27	78	97	
114	104	116	71	102	97	16	28	25	49	27	27	15	34	114	108	37	23	33	64	45	35	64	46	84	88	26	97	77	73	22	106	68	52	94	87	53	112	93	119	28	52	72	80	38	86	25	20	86	85	
119	94	115	66	109	98	2	30	11	59	27	28	13	41	109	110	40	23	34	71	44	35	74	45	86	74	29	98	78	80	32	108	79	50	94	74	53	103	99	109	29	58	70	72	20	91	23	17	76	84	
107	95	109	79	116	103	8	29	15	42	18	28	2	25	115	110	39	24	42	65	35	35	78	59	92	89	44	101	80	77	22	107	84	47	92	84	45	109	97	102	26	46	80	79	30	79	25	18	72	86	
103	106	102	67	117	88	14	24	11	59	20	40	18	27	105	111	26	15	29	65	44	40	65	44	77	82	34	98	89	75	31	100	80	43	76	82	39	109	103	117	19	44	72	81	28	92	23	27	83	98	
102	111	108	75	119	90	10	32	19	57	17	27	19	40	104	93	24	28	42	60	35	23	62	58	87	88	43	93	94	81	27	102	73	56	78	86	40	111	87	100	29	53	78	73	28	76	20	13	90	90	
112	106	118	66	108	96	7	22	13	50	19	34	15	26	112	96	35	16	34	64	45	39	74	45	96	75	43	82	89	73	28	108	74	56	89	81	39	96	92	102	16	48	72	69	25	83	16	28	90	90	
108	92	105	74	112	107	8	32	20	48	18	45	20	29	105	104	25	17	37	67	45	35	65	53	78	92	45	90	89	79	33	97	84	48	92	90	54	98	85	109	14	54	77	77	34	87	13	24	76	87	
109	106	119	73	102	88	11	23	24	55	23	32	6	27	104	98	27	23	42	78	41	22	74	55	82	80	26	100	86	76	31	100	81	44	79	79	35	97	89	116	15	44	70	80	24	76	21	28	90	96	
102	95	100	76	108	102	17	26	21	53	29	35	14	41	97	107	37	18	41	67	35	35	77	54	83	89	33	90	82	83	28	100	67	53	84	80	52	98	92	106	18	59	66	70	34	77	31	13	72	81	
116	102	105	78	110	104	7	21	9	58	23	33	2	41	103	92	27	24	44	66	34	40	75	60	89	73	36	90	85	72	39	109	75	50	84	76	51	102	95	101	12	50	65	74	32	89	13	27	82	99	
103	96	105	72	120	98	8	22	8	52	20	32	2	34	102	98	26	27	28	69	31	36	70	43	96	88	37	91	91	84	20	110	74	53	85	89	47	96	94	118	27	54	69	70	33	84	20	23	84	80	
117	95	110	75	115	94	19	33	25	41	17	29	10	24	115	95	35	22	44	60	35	28	71	53	83	83	28	93	76	76	26	95	84	44	89	88	46	99	100	100	31	46	80	81	37	84	17	14	86	81	
108	95	114	72	104	93	20	32	12	51	28	37	4	35	102	108	21	31	28	70	35	22	65	56	77	92	26	87	81	66	35	106	70	57	78	88	53	109	101	112	16	46	62	88	24	93	31	17	90	83	
101	93	108	78	119	92	17	29	16	57	15	27	11	33	107	97	30	27	30	64	28	36	65	46	89	80	42	88	93	79	25	102	68	49	82	75	38	98	101	116	17	59	79	84	23	93	19	27	73	94	
101	105	105	77	119	89	8	35	17	47	17	29	3	37	115	107	23	30	38	65	32	24	71	51	83	90	40	93	89	84	23	98	77	40	83	84	38	102	97	107	16	48	65	82	20	81	15	24	73	86	
112	93	110	80	101	90	18	25	7	55	25	30	10	25	109	93	40	31	42	66	44	34	69	62	81	78	27	90	95	71	38	95	69	59	77	76	51	100	93	100	18	56	65	86	34	83	31	13	72	99	
109	108	110	80	114	89	10	31	7	52	17	40	11	41	110	107	29	14	33	75	46	24	75	49	77	89	32	84	89	72	23	94	71	40	92	84	50	107	95	111	24	43	77	73	37	93	18	29	87	93	
107	97	113	67	105	104	13	24	16	51	27	43	14	24	110	95	26	32	35	76	39	23	62	59	96	74	36	100	80	85	25	101	77	44	91	73	52	95	91	106	21	44	73	72	27	87	30	23	77	97	
117	94	117	73	104	94	21	36	20	41	16	30	3	35	114	96	32	25	30	61	43	24	66	52	82	75	45	98	92	70	35	97	71	40	79	78	46	105	94	117	19	49	79	88	23	91	18	28	88	92	
108	96	104	66	120	107	13	22	21	54	32	34	15	39	112	98	28	32	38	78	42	26	72	51	85	87	35	83	81	81	25	109	72	41	84	88	51	113	95	103	16	46	71	69	35	91	29	32	74	91	
103	97	110	72	106	90	16	33	23	58	25	35	18	32	97	94	35	31	26	73	47	36	70	52	88	88	26	92	90	72	34	97	66	45	82	72	44	114	94	117	16	54	71	78	31	92	16	14	83	98	
111	92	109	82	104	101	2	35	20	40	21	44	20	41	103	106	40	13	33	62	33	41	60	47	80	86	42	97	93	66	38	109	66	54	77	80	40	110	86	111	16	54	80	88	36	80	22	28	77	81	
113	110	119	69	114	95	21	33	19	43	13	34	10	41	111	111	24	21	39	67	37	31	66	58	85	89	27	98	87	70	23	102	76	59	85	84	42	101	102	109	24	54	81	81	34	87	14	23	89	88	
112	99	119	66	105	105	20	37	24	48	20	30	2	28	96	105	28	20	34	72	44	35	71	51	95	88	36	97	83	83	38	106	77	56	83	77	47	95	95	100	15	50	71	86	39	92	19	27	84	90	
105	104	115	70	102	89	11	22	12	42	15	40	19	22	105	103	39	28	40	62	41	33	72	46	84	77	44	87	82	81	25	96	83	48	92	85	48	100	98	111	24	59	63	76	31	93	13	26	75	87	
112	111	104	81	116	89	19	39	13	53	27	43	17	25	106	100	31	27	42	75	32	40	75	48	83	84	32	94	79	80	30	95	79	42	77	81	45	98	95	102	29	58	64	69	24	91	24	13	79	94	
107	93	116	66	111	98	21	34	25	44	19	40	18	37	102	105	34	15	42	62	40	22	71	54	91	82	38	96	86	85	31	103	76	48	91	82	48	96	99	101	17	48	66	81	33	87	27	25	79	83	
116	108	108	78	101	105	9	32	20	41	18	41	3	35	101	111	38	13	34	77	34	28	66	61	94	91	43	85	79	71	23	101	72	54	90	74	51	99	90	103	16	61	78	87	34	90	15	28	88	96	
107	109	118	70	120	100	19	24	25	47	18	29	10	35	114	101	26	15	31	59	38	31	75	56	91	85	44	86	90	66	30	103	70	40	77	82	51	110	87	109	17	56	77	76	38	83	28	15	80	98	
114	92	107	65	107	93	4	29	14	51	14	44	15	31	101	110	34	30	36	68	38	30	63	53	85	78	33	84	92	67	26	106	84	53	88	74	50	108	102	108	19	45	62	82	35	95	23	27	89	99	
119	111	114	70	115	92	14	24	17	49	19	28	14	38	102	108	32	17	34	76	30	22	60	48	87	86	45	93	87	80	32	95	75	45	87	82	41	102	104	110	15	61	69	79	36	80	29	16	87	93	
100	109	114	68	111	96	8	24	17	46	24	27	10	28	115	110	22	22	43	63	38	37	68	54	88	91	33	90	87	82	32	107	84	52	85	78	49	112	103	116	31	53	72	72	31	90	17	26	77	95	
109	105	117	79	117	104	5	26	7	57	25	30	16	24	105	101	22	18	44	66	39	39	78	60	82	91	33	95	79	74	29	112	72	58	95	76	40	103	94	110	28	46	69	73	39	94	25	31	86	86	
115	95	115	65	110	103	18	20	24	43	26	28	9	23	107	97	36	28	27	62	29	39	73	52	79	74	33	93	79	80	21	111	72	54	82	73	44	97	102	111	12	50	81	75	30	84	30	16	75	86	
109	93	109	83	106	104	21	31	8	57	23	32	15	23	110	111	24	19	27	75	35	28	70	60	83	73	44	91	86	72	37	94	82	48	91	88	49	106	99	105	12	45	65	72	22	90	14	21	72	86	
109	110	103	66	111	88	18	38	21	48	19	29	19	27	99	95	33	13	34	78	45	39	65	55	89	75	30	87	78	84	21	107	73	59	82	89	36	100	95	107	17	55	65	80	21	92	15	31	79	94	
107	107	112	80	112	97	3	22	7	53	32	36	8	25	114	97	27	13	35	64	39	36	62	53	84	81	33	84	81	76	30	96	71	44	80	86	48	98	88	117	16	49	80	85	22	86	23	18	73	89	
115	97	119	84	116	93	3	31	7	47	13	31	6	26	98	108	22	30	38	59	45	35	74	56	81	90	40	97	84	74	39	104	81	54	80	89	47	99	98	119	29	50	66	88	29	78	13	30	90	85	
119	97	100	65	110	93	15	25	24	58	20	41	19	39	109	106	30	24	33	63	44	38	78	48	82	77	42	99	80	82	22	94	71	43	86	71	46	110	98	110	20	59	63	81	25	80	24	19	84	94	
112	93	119	71	107	93	21	34	19	44	30	33	18	25	110	102	33	32	28	72	42	30	75	58	91	81	43	92	79	68	37	98	74	47	85	73	41	112	90	115	16	46	67	87	35	90	31	25	79	83	
103	111	119	69	109	88	21	30	11	50	19	27	11	32	112	106	24	18	27	68	44	41	72	48	82	79	36	87	90	79	23	102	78	50	81	79	50	98	93	111	31	51	71	88	37	83	27	26	87	81	
117	102	106	81	114	106	15	24	12	58	14	41	14	37	108	98	34	21	33	66	41	39	77	53	95	89	44	89	89	71	22	95	66	45	78	81	45	102	88	104	13	46	66	85	23	85	31	27	73	86	
106	106	111	80	108	96	2	26	14	58	29	29	16	33	112	109	36	17	28	73	38	36	70	56	81	81	34	89	83	81	34	99	74	59	78	79	39	106	86	117	23	49	63	82	28	88	13	30	82	88	
104	108	119	74	108	92	14	24	23	49	26	38	18	24	98	108	29	13	35	72	41	37	64	46	85	88	31	83	86	73	35	96	75	58	90	72	51	108	88	115	14	61	71	88	26	84	30	28	90	87	
115	100	113	77	113	91	7	28	20	41	16	36	15	24	111	106	31	15	37	63	35	32	69	51	79	74	37	96	78	75	38	100	83	46	76	72	38	96	85	108	16	53	81	80	25	76	26	24	76	86	
101	98	103	80	119	96	18	25	23	41	14	35	4	27	110	102	23	31	33	63	35	35	62	44	78	81	31	91	84	75	36	96	67	42	92	73	43	113	91	113	29	47	66	75	37	80	27	22	84	88	
110	104	116	75	120	95	6	24	10	58	20	45	11	23	109	102	38	29	26	78	39	34	72	55	89	83	28	98	81	85	39	98	71	58	81	74	52	100	95	100	16	54	78	79	21	80	25	25	80	83	
108	92	110	71	114	94	14	32	13	54	25	32	11	41	99	93	29	24	31	60	41	36	66	48	88	86	36	86	83	84	29	101	84	56	89	84	39	96	101	119	16	45	73	78	22	87	26	22	85	92	
105	108	111	73	102	90	18	35	22	46	21	38	10	41	104	93	40	29	30	74	39	24	73	54	78	75	34	90	82	67	30	109	70	51	92	87	48	112	97	110	12	61	66	75	27	81	32	31	71	93	
113	98	102	65	112	88	16	38	10	53	25	39	18	30	100	94	33	15	39	71	43	31	77	62	91	89	41	96	94	67	24	97	66	46	82	89	50	110	92	113	14	52	62	72	36	84	32	17	81	99	
115	102	111	78	120	106	16	22	26	41	26	44	11	31	115	99	23	24	33	64	32	34	76	58	83	81	40	84	82	75	33	99	75	42	93	89	51	112	100	106	12	62	79	79	36	82	23	19	75	82	
102	95	116	67	103	99	3	30	21	51	14	26	11	39	103	104	32	13	39	75	44	37	75	56	79	73	30	89	78	79	29	107	67	42	94	72	47	113	88	119	22	53	75	69	29	84	28	15	87	97	
109	99	112	66	103	106	21	34	8	46	19	42	13	36	99	99	32	15	26	67	34	23	67	59	96	91	32	92	88	80	35	109	75	57	76	75	43	109	94	106	26	60	62	83	37	92	18	21	78	85	
107	105	108	70	101	103	13	28	25	49	15	28	14	34	110	98	40	30	40	60	42	35	61	54	93	73	28	85	83	69	39	98	67	45	84	84	42	95	101	101	23	53	75	84	24	82	31	27	84	97	
106	93	107	78	103	93	9	36	13	58	19	27	2	29	105	110	36	24	32	74	32	22	61	56	96	92	42	90	91	77	39	97	76	46	90	74	53	95	98	110	25	46	81	84	20	84	21	20	81	84	
103	104	108	76	117	88	15	27	16	54	26	28	14	25	105	96	34	16	27	75	30	22	78	57	95	76	34	98	84	79	20	107	75	40	93	74	40	103	98	115	24	53	63	72	27	76	22	28	87	98	
102	92	118	77	103	98	6	29	22	41	21	31	21	39	106	107	31	29	30	62	39	24	66	48	88	83	44	92	91	84	36	108	83	56	83	87	52	105	95	101	23	48	63	88	37	87	18	22	77	98	
112	98	107	74	114	93	10	20	14	48	19	45	2	24	105	101	38	20	34	74	42	41	69	60	96	76	33	92	92	82	32	97	79	42	92	74	52	102	89	114	30	45	76	77	37	94	31	22	88	92	
117	106	102	71	120	96	10	38	23	47	32	41	10	26	112	111	40	25	42	76	45	39	60	56	80	86	28	98	77	73	39	107	69	47	78	82	54	112	97	101	19	50	78	78	37	84	22	28	79	84	
102	107	116	74	119	96	15	35	12	56	13	43	14	32	97	92	29	14	25	76	42	32	71	58	95	75	37	90	93	80	35	107	80	51	89	74	35	99	95	107	15	60	72	74	29	78	19	32	78	95	
117	96	106	80	104	95	9	31	13	57	15	28	17	24	102	104	27	15	33	71	35	24	66	47	77	89	36	84	84	85	33	103	68	54	78	85	54	100	96	106	26	62	64	81	37	76	16	30	72	91	
103	93	100	69	108	92	5	35	9	52	26	37	18	29	103	110	33	15	35	73	30	41	68	58	94	82	40	82	95	84	32	95	82	52	86	86	41	100	85	117	24	57	64	72	26	91	15	27	80	81	
116	93	108	67	115	103	16	27	23	50	19	26	16	31	112	104	24	24	42	61	45	29	70	56	87	81	41	92	83	81	33	100	75	51	87	89	52	98	103	115	26	48	72	84	27	87	29	31	77	96	
109	93	104	72	105	101	17	36	18	58	16	36	2	41	113	95	24	17	44	77	36	38	72	50	83	81	36	82	87	74	24	108	69	59	80	90	52	110	102	110	17	46	79	81	33	94	29	23	73	92	
115	105	104	82	108	89	17	25	18	55	32	45	18	38	109	101	32	18	27	77	35	36	74	60	80	77	31	94	77	73	26	94	83	47	92	75	38	114	90	109	21	61	74	77	30	91	13	24	87	93	
105	94	119	83	104	94	8	31	16	44	13	30	10	25	103	105	27	15	38	66	37	41	61	57	93	84	44	91	83	75	32	105	83	40	81	84	54	98	101	105	25	62	65	86	21	88	32	25	81	90	
109	97	105	69	102	101	7	26	16	42	28	39	7	35	102	109	22	25	33	64	40	22	64	47	95	73	39	94	94	77	32	104	74	55	81	87	48	103	102	105	30	58	77	72	34	83	28	16	80	90	
118	109	104	76	115	92	16	27	24	49	16	38	7	32	100	95	25	19	32	71	34	28	64	51	84	75	28	94	92	72	37	97	81	46	86	79	43	99	85	114	16	61	70	78	30	84	18	27	76	95	
102	100	114	72	119	104	17	33	11	50	14	40	8	30	103	92	34	29	42	60	32	34	59	55	87	90	44	82	90	85	23	107	80	48	79	88	48	105	91	108	26	59	65	69	23	77	17	29	72	91	
109	97	100	68	110	92	9	27	16	43	29	35	19	41	108	97	40	27	44	77	35	35	60	56	88	90	45	86	86	72	20	110	77	49	84	71	48	112	103	115	30	54	72	83	26	76	27	23	81	91	
119	104	101	65	104	107	21	23	9	59	25	40	4	38	101	99	33	27	37	75	45	39	60	53	89	83	41	98	91	72	37	102	68	47	94	87	52	99	89	103	27	62	63	84	31	83	19	28	87	85	
100	105	103	82	101	103	21	27	23	42	25	44	13	23	99	97	36	32	25	60	46	41	72	48	83	89	43	83	93	68	36	112	83	44	95	81	49	98	97	111	26	58	70	79	29	88	17	19	78	94	
104	92	115	83	107	97	11	32	23	41	18	31	11	32	109	108	34	18	31	64	28	29	69	62	89	81	34	93	82	82	38	96	81	50	83	89	36	106	103	111	30	49	73	74	26	78	18	15	89	89	
114	97	101	73	112	105	2	37	23	58	15	30	4	27	113	99	35	15	41	65	43	29	72	49	83	79	27	96	92	82	28	98	79	44	93	75	45	111	100	118	15	60	73	78	36	89	19	13	89	90	
111	99	102	79	119	95	17	36	12	47	27	34	7	30	115	107	40	31	30	62	31	39	61	52	91	77	31	97	82	78	25	99	73	56	92	87	50	106	99	116	31	52	70	69	20	87	31	14	77	96	
119	96	104	84	112	97	4	23	11	43	20	43	21	40	105	98	29	18	28	78	32	40	62	44	94	87	37	83	85	85	39	100	69	52	88	79	35	113	99	102	18	52	67	84	22	81	15	15	88	87	
105	110	115	65	117	105	13	35	17	53	18	36	11	34	103	107	34	32	30	71	46	32	73	56	83	85	33	91	79	76	27	95	76	49	77	84	40	111	89	119	13	51	68	76	27	76	21	26	83	81	
108	96	115	79	106	91	12	29	23	51	19	34	3	38	103	101	25	27	25	76	37	39	73	52	86	80	44	92	87	77	26	97	70	44	95	85	46	99	96	102	25	47	64	86	34	82	28	19	80	94	
100	98	105	72	108	104	13	38	26	57	32	42	17	23	108	100	21	22	35	61	46	31	63	59	79	89	38	96	86	67	37	102	79	54	91	79	44	111	87	115	23	49	70	77	33	92	32	32	86	88	
101	98	100	83	111	96	5	21	22	56	27	40	20	28	105	96	37	30	40	75	38	28	77	51	88	91	26	84	85	75	35	97	67	40	82	90	50	110	93	100	19	54	68	86	31	83	21	30	81	90	
114	98	106	75	117	100	12	30	21	55	28	26	12	30	106	103	30	20	37	61	32	24	75	43	81	78	28	99	82	79	31	95	67	56	94	71	53	102	100	104	15	62	65	82	24	87	28	13	83	97	
100	109	105	80	118	105	11	38	25	57	22	26	2	37	104	100	27	17	42	77	43	23	74	51	77	91	39	89	93	68	36	98	71	57	83	84	38	110	85	111	29	49	66	75	39	88	15	14	83	80	
113	98	109	74	105	101	9	31	21	56	31	32	21	27	103	109	28	24	44	77	43	23	74	47	91	85	43	97	84	74	33	94	76	55	81	75	41	108	88	114	31	44	78	70	23	77	15	13	80	81	
116	107	106	77	101	88	5	22	19	49	14	39	8	33	99	111	30	26	35	69	28	24	72	52	82	83	41	89	81	66	21	96	66	52	86	72	42	99	88	100	14	55	70	85	32	92	31	32	80	90	
103	104	102	73	106	100	2	34	7	50	30	32	21	35	99	101	31	20	31	68	35	41	67	43	79	83	37	89	89	84	36	111	81	59	94	90	48	104	101	107	13	46	73	79	24	94	25	17	83	94	
103	109	109	75	108	104	4	29	15	41	25	33	15	27	111	107	34	28	30	76	40	22	76	52	86	82	40	88	95	78	33	95	76	54	81	76	51	113	97	116	27	43	74	78	20	81	26	24	81	82	
117	109	102	79	115	89	21	31	26	46	23	45	10	25	108	98	24	28	28	68	29	25	63	54	81	86	44	85	86	77	26	104	66	53	90	72	42	95	85	102	18	50	67	69	26	77	16	30	71	99	
112	96	107	80	102	107	21	32	11	50	27	29	14	28	100	107	36	13	32	78	30	27	59	44	88	87	26	101	93	74	29	103	75	47	88	85	44	111	102	113	27	44	77	81	24	92	23	21	90	92	
113	104	119	78	119	89	19	27	17	53	14	37	19	39	103	100	28	16	44	62	38	34	68	56	95	86	41	82	95	76	36	99	71	47	80	79	39	104	100	115	27	44	81	70	22	76	19	16	80	91	
102	110	106	74	116	88	15	21	16	42	31	35	19	25	98	111	40	29	35	77	37	31	63	62	80	73	36	88	91	73	23	110	75	45	85	86	45	113	97	113	21	58	71	72	27	77	28	31	80	88	
107	108	110	81	110	93	3	30	10	56	21	27	21	31	109	102	30	32	34	61	34	32	71	43	85	86	44	100	93	68	25	109	71	59	84	79	35	100	94	105	27	50	77	80	22	85	24	24	78	88	
106	95	111	75	117	105	13	27	15	57	27	36	7	25	115	92	31	15	37	66	37	39	59	55	93	84	28	98	79	77	31	113	74	55	95	74	36	102	85	113	17	49	74	88	20	86	14	23	77	89	
104	107	115	68	102	97	13	34	11	53	17	42	3	24	108	104	32	13	25	75	36	25	68	53	84	79	29	87	80	69	33	99	68	52	88	82	43	109	87	108	18	49	63	86	39	92	15	13	83	81	
117	110	112	83	109	96	16	23	14	53	30	33	18	41	115	96	31	23	31	70	28	38	70	54	80	89	37	95	84	68	35	101	78	44	76	84	40	108	86	115	24	50	70	78	25	80	30	21	83	92	
112	92	114	73	111	101	3	33	25	57	28	26	20	36	109	109	34	19	41	70	46	37	71	61	85	88	37	83	90	77	30	100	68	43	83	81	42	114	95	100	29	52	72	75	26	95	31	19	89	89	
103	102	102	84	109	102	15	35	26	43	20	41	16	32	96	93	38	27	41	60	46	25	67	52	87	86	37	89	80	74	32	107	67	55	91	90	52	97	86	104	27	56	73	87	32	79	16	32	90	99	
105	98	118	68	112	101	17	37	22	57	31	35	6	40	113	111	21	17	28	72	38	23	67	56	80	74	42	86	82	73	22	112	83	45	84	77	41	111	86	114	23	54	64	80	34	83	18	32	79	83	
109	104	110	68	114	89	8	29	23	44	25	32	17	28	107	107	35	30	27	71	47	36	73	49	92	79	34	96	82	76	32	98	71	53	77	75	41	110	93	119	21	46	78	86	22	85	13	27	87	93	
115	110	116	69	113	103	20	33	23	41	26	28	15	36	99	104	28	20	25	62	38	23	71	60	93	90	28	93	91	70	37	106	80	59	94	83	50	108	97	105	18	54	79	75	26	92	19	29	84	86	
107	111	116	79	104	91	11	27	11	50	32	45	18	32	97	94	31	23	39	72	42	41	59	48	92	76	28	101	82	82	37	108	72	40	82	78	35	112	89	109	30	51	72	75	24	84	28	30	90	88	
104	110	109	67	102	90	10	23	18	41	23	28	5	40	111	94	30	16	38	78	38	41	59	57	79	83	44	101	80	81	25	106	80	41	84	78	38	99	96	116	28	50	69	69	21	83	22	27	76	87	
101	106	118	83	116	89	18	34	8	49	18	34	18	31	109	93	27	15	40	60	33	30	62	48	84	77	33	88	77	82	39	107	68	41	84	83	38	99	95	110	23	56	64	73	21	84	24	20	89	89	
115	92	112	77	107	94	13	22	24	55	25	34	20	31	97	106	24	31	44	59	30	30	78	50	85	77	44	82	86	66	21	111	81	58	84	81	43	96	94	110	27	49	63	74	27	95	17	31	84	87	
107	99	114	65	113	100	16	24	26	47	32	45	8	39	104	101	37	27	39	59	35	41	73	44	82	83	34	86	84	70	20	103	71	58	93	77	39	105	90	116	20	52	69	78	30	80	21	16	78	84	
119	107	106	76	115	106	21	23	25	55	26	44	9	28	111	105	35	21	29	61	32	35	65	48	88	76	43	91	82	72	37	112	70	58	92	75	45	97	98	100	19	50	81	77	33	78	22	18	78	84	
113	108	100	66	103	100	17	39	14	43	14	26	21	41	99	98	24	20	32	66	44	24	69	49	88	92	43	83	80	75	24	94	84	59	90	86	45	112	104	104	12	57	74	73	32	87	31	26	78	96	
108	102	109	84	114	107	12	35	22	52	27	27	15	24	104	99	25	14	34	60	33	28	59	51	96	86	34	82	84	79	35	112	67	48	79	83	48	110	92	113	24	58	78	84	21	79	19	21	81	85	
118	109	109	65	106	91	4	38	19	53	23	33	12	38	115	97	31	25	39	70	32	25	60	56	86	86	39	101	90	85	32	110	72	46	82	73	37	114	97	108	19	44	72	72	38	95	24	26	72	84	
110	111	107	65	102	100	2	36	26	52	13	37	19	26	96	104	26	32	35	68	42	39	75	48	93	92	39	82	90	72	27	100	68	54	84	76	45	103	100	104	17	56	70	78	33	85	16	16	76	87	
118	100	105	68	114	104	18	21	23	53	27	27	21	36	96	104	24	27	43	74	43	31	59	50	83	84	42	95	91	77	35	101	76	45	80	77	38	111	90	115	14	46	72	82	37	84	18	28	82	81	
116	99	114	81	102	97	10	30	20	49	16	43	8	26	103	105	31	28	33	69	42	28	60	51	86	82	37	85	88	82	30	106	80	54	95	75	38	100	104	115	24	60	71	75	24	79	18	14	76	87	
115	98	106	84	102	101	20	37	11	42	26	36	8	27	111	110	35	21	35	73	44	33	77	46	86	77	31	94	81	72	23	105	74	57	80	90	52	107	95	100	16	62	68	72	31	84	32	26	71	84	
118	98	109	82	114	95	7	20	23	52	20	36	6	29	110	105	25	20	36	62	37	30	73	54	80	78	27	91	90	70	32	98	65	55	81	72	35	100	89	100	12	51	74	71	28	95	30	15	82	89	
118	96	107	82	101	107	10	28	9	42	23	41	21	35	98	98	26	30	42	63	40	34	62	51	94	92	42	99	94	78	38	97	76	41	82	84	53	111	94	111	16	52	73	82	26	87	31	26	86	96	
104	106	102	82	111	98	8	30	9	49	27	32	16	34	97	98	27	17	42	76	45	32	76	57	83	88	43	88	89	78	33	103	73	55	81	78	51	107	90	100	18	55	67	85	28	86	22	18	72	89	
108	108	101	71	110	102	15	22	7	54	32	30	13	25	104	100	35	21	42	74	29	22	66	43	81	76	36	89	87	81	35	106	78	55	91	88	36	113	96	117	20	51	63	79	39	90	24	19	84	81	
109	95	100	69	102	107	15	29	24	49	13	32	19	33	108	107	29	18	42	76	35	31	69	60	81	90	44	97	82	68	37	112	83	48	79	87	42	106	93	115	26	56	62	88	37	86	18	18	78	87	
115	104	117	81	102	94	16	23	19	54	14	36	8	33	106	103	23	31	30	59	34	30	74	48	94	89	33	98	85	78	27	96	78	42	81	81	51	102	94	116	29	54	76	69	35	80	23	31	89	81	
116	96	117	69	119	103	10	20	16	47	16	37	5	40	97	92	22	19	29	60	42	26	63	57	83	90	45	87	86	82	32	98	75	40	86	87	39	110	85	116	23	56	78	70	24	86	13	27	89	99	
118	92	104	68	115	90	20	32	9	53	30	26	15	27	96	106	21	32	28	70	45	38	65	48	77	88	41	89	84	80	29	97	84	53	90	79	53	99	102	110	21	55	78	85	22	86	17	23	73	83	
103	102	114	76	119	90	11	25	7	58	26	38	18	25	108	110	22	20	43	77	39	41	75	49	92	73	31	100	77	81	23	108	81	58	83	84	37	109	94	105	14	62	74	71	29	84	23	14	80	89	
115	109	107	73	105	92	9	29	21	55	14	37	16	38	109	109	21	22	30	62	41	37	72	57	88	83	33	90	84	70	26	101	77	45	81	81	50	105	94	112	30	45	67	83	26	95	32	32	90	85	
115	94	117	83	103	93	7	37	24	46	25	35	3	29	103	104	31	27	27	73	46	27	78	44	82	81	41	82	81	85	25	106	78	43	92	89	36	114	93	104	25	55	68	77	35	82	27	31	76	95	
113	97	116	65	112	89	13	25	22	41	32	31	5	26	115	107	30	25	28	71	46	31	74	47	81	89	37	99	84	84	26	105	70	56	87	79	49	100	104	101	14	61	72	71	25	88	14	32	71	83	
101	110	112	70	118	93	13	22	16	41	13	39	19	23	97	106	37	20	33	75	45	26	70	57	87	92	41	86	92	82	37	106	77	53	78	86	45	100	86	106	29	60	77	73	36	79	16	18	78	97	
108	107	104	69	109	104	10	28	13	52	31	31	7	35	106	110	21	28	25	67	31	27	76	47	87	79	36	90	92	68	35	99	67	55	93	87	51	106	93	108	27	60	81	81	25	88	32	27	84	86	
108	100	102	80	103	91	16	23	17	58	19	33	21	30	96	107	21	17	27	74	29	39	76	52	86	87	37	95	93	79	31	98	83	52	77	78	37	109	92	113	29	43	66	85	30	95	16	24	82	90	
104	99	106	72	109	104	19	35	18	42	16	27	21	24	102	101	29	19	43	74	46	36	77	53	89	79	28	83	92	66	25	106	77	52	89	86	38	97	100	118	12	55	72	78	38	91	25	15	87	93	
100	95	112	80	116	99	5	22	14	53	14	37	15	22	98	107	31	14	26	71	43	30	63	55	79	78	36	88	83	80	33	106	78	43	95	89	41	107	89	119	21	47	81	87	36	79	20	17	88	99	
107	109	106	74	104	107	16	32	20	47	31	31	17	38	115	94	31	29	31	67	35	40	74	60	88	92	40	92	81	71	26	99	77	56	92	86	41	97	101	113	24	45	76	84	32	77	14	27	77	82	
115	93	114	70	111	92	18	33	26	43	16	28	18	38	113	100	37	17	42	59	33	22	61	55	95	88	35	82	78	70	38	111	68	49	83	81	47	113	95	110	14	44	80	81	25	87	31	20	76	88	
115	104	119	80	119	90	8	34	14	51	25	32	19	26	115	98	21	19	44	77	34	25	70	46	78	83	27	94	77	83	30	101	71	57	93	80	37	101	91	110	20	45	77	87	21	93	24	13	85	99	
116	104	101	69	107	96	21	37	25	58	30	44	2	30	106	110	27	17	41	73	33	38	59	47	92	92	40	87	89	79	25	94	77	51	94	71	48	108	87	114	29	48	75	73	39	78	14	27	84	90	
119	97	109	68	111	96	7	24	8	58	24	33	7	31	103	105	26	27	27	68	37	33	73	62	81	77	33	87	91	69	36	105	69	55	88	74	36	107	103	108	22	53	78	86	22	83	22	30	81	85	
113	111	109	70	104	105	19	34	20	58	15	28	9	26	112	98	37	30	28	63	37	28	76	57	79	77	32	83	77	76	38	111	67	46	76	82	51	101	98	101	17	47	70	88	36	81	18	24	76	94	
109	98	109	65	108	98	4	35	7	59	25	31	17	30	112	104	36	14	27	73	40	36	71	53	95	76	36	85	76	73	21	101	75	50	87	78	47	99	89	110	14	49	73	70	34	95	25	24	87	85	
114	107	106	84	104	91	20	29	25	51	15	42	21	30	100	93	31	19	37	63	35	27	72	59	95	78	32	91	79	68	28	101	83	40	78	73	51	101	98	108	26	49	73	72	35	91	20	17	77	94	
114	106	105	80	107	99	8	38	21	41	24	39	8	29	101	108	34	26	39	71	40	29	75	48	80	76	42	89	88	72	35	102	67	57	95	86	35	98	88	100	14	56	73	77	38	86	15	25	79	80	
108	96	116	77	104	100	9	35	20	53	29	43	4	29	100	109	35	13	29	63	45	37	72	58	83	76	38	101	92	72	25	102	80	41	90	76	42	112	95	103	20	55	64	71	30	81	22	23	82	98	
104	102	107	81	107	106	11	24	8	48	15	34	10	26	106	100	36	26	41	66	32	29	72	50	85	76	44	97	84	73	35	108	74	40	85	83	50	108	102	106	25	49	62	72	34	91	24	18	82	92	
103	97	111	66	110	99	19	24	12	50	23	43	9	34	113	108	39	20	37	76	32	35	73	61	86	92	34	100	76	83	24	102	83	45	94	88	38	106	85	104	18	47	80	81	29	80	32	29	90	98	
119	111	116	69	108	89	16	21	7	58	26	39	9	22	114	104	21	16	34	78	44	28	70	54	83	73	40	97	84	70	31	99	81	44	82	77	52	106	103	112	31	52	67	74	31	86	21	15	72	91	
117	103	101	80	106	96	3	23	25	44	23	44	5	28	103	108	32	23	40	74	30	28	73	58	82	84	43	96	83	69	21	108	75	57	83	71	54	106	99	105	19	43	75	81	27	93	22	15	90	82	
105	105	101	83	109	101	14	34	22	47	23	37	9	30	114	104	31	32	41	66	39	22	74	49	84	81	36	84	79	80	22	103	71	41	86	83	41	111	97	105	22	50	69	80	27	92	19	25	84	86	
104	93	114	68	110	91	16	25	19	56	15	31	19	35	104	111	28	32	26	69	31	39	63	50	96	75	33	84	84	68	25	112	66	41	81	85	53	111	88	100	13	59	76	77	32	85	24	24	90	90	
108	99	118	65	111	102	10	37	25	41	14	38	11	23	97	111	26	14	38	62	37	25	73	52	78	90	43	82	88	75	32	101	68	45	83	71	54	114	104	109	31	49	79	79	33	87	30	30	88	82	
119	108	119	66	118	89	17	31	19	58	13	29	8	40	103	102	33	20	43	72	45	33	78	43	89	90	39	82	82	70	22	113	74	47	83	80	46	111	98	116	31	62	66	86	35	83	28	18	74	83	
112	98	101	77	111	102	8	32	18	48	28	30	3	40	102	110	28	31	33	72	40	32	62	60	91	86	39	84	79	68	32	95	75	59	93	76	42	98	92	119	16	52	70	82	35	83	29	16	87	91	
100	97	101	70	118	96	21	24	17	41	17	38	3	28	98	110	29	24	26	75	30	28	69	51	94	86	38	85	87	77	36	107	73	43	80	85	48	104	96	104	12	62	78	76	20	84	27	19	79	89	
104	110	119	71	111	95	14	34	12	47	15	39	9	36	104	93	38	28	25	76	34	28	67	56	89	83	40	91	93	81	28	112	79	54	95	87	45	114	92	113	27	57	70	78	27	95	30	23	82	85	
101	107	116	83	117	101	3	27	16	41	26	42	10	27	115	95	39	28	40	62	29	30	61	61	95	86	42	100	89	77	30	101	71	55	87	74	39	103	98	109	16	54	70	85	34	78	24	20	83	93	
117	111	119	69	112	89	16	23	25	41	13	35	2	39	97	106	22	32	37	67	37	35	59	53	91	87	30	95	90	68	21	101	67	51	85	76	45	103	86	103	21	46	66	86	37	76	28	13	87	92	
113	108	115	76	111	104	2	36	26	58	14	41	5	34	112	97	21	14	38	72	29	35	70	49	78	89	35	99	86	78	34	113	66	40	80	83	35	96	100	107	14	43	71	86	31	78	19	14	77	96	
110	108	116	79	117	102	17	29	15	55	30	35	2	41	99	103	25	14	37	59	34	31	77	53	88	73	32	82	80	80	25	106	71	58	80	75	50	108	101	102	20	51	66	82	25	92	18	14	72	97	
100	96	110	79	108	92	9	24	8	49	25	29	11	26	101	95	23	32	37	63	42	23	62	46	92	80	27	92	83	71	30	97	74	44	95	76	52	100	100	106	21	46	70	79	34	83	18	15	90	84	
105	102	103	76	103	99	17	37	23	40	25	28	16	37	112	104	29	18	41	68	34	40	75	43	85	88	31	84	84	81	37	105	76	59	81	78	46	95	87	102	18	60	72	76	28	95	32	28	85	93	
107	97	106	74	112	88	15	34	12	58	26	34	11	22	99	102	24	14	35	72	34	31	63	56	94	81	29	91	93	84	21	101	80	50	85	72	54	97	87	112	21	57	68	72	24	78	14	25	77	90	
108	92	100	65	106	101	17	35	15	52	17	43	12	22	113	106	38	16	25	75	44	33	73	43	85	80	42	96	91	72	36	111	82	55	93	84	38	107	94	106	15	59	69	71	26	81	13	23	89	91	
100	97	102	77	108	101	6	37	24	52	32	37	4	28	97	109	30	14	36	65	38	22	68	61	94	78	29	99	82	72	37	100	75	53	95	81	52	96	95	109	21	43	74	72	28	95	27	14	77	93	
100	96	104	84	115	91	8	27	13	50	32	45	19	23	102	110	36	25	38	73	41	33	66	47	89	87	32	96	89	81	26	95	77	41	77	89	36	114	103	116	20	44	78	69	38	93	28	23	84	93	
110	96	117	67	104	93	20	24	20	50	13	38	5	36	103	100	35	13	25	72	47	29	59	45	77	78	28	83	83	84	30	112	77	53	93	88	41	102	97	102	21	51	75	70	35	91	26	21	87	81	
119	97	118	76	119	92	21	32	8	58	13	43	7	41	99	110	34	14	28	61	34	38	75	52	84	87	40	86	79	72	33	99	77	55	88	73	40	96	90	108	14	52	79	86	20	86	26	28	87	91	
117	93	100	74	119	101	15	25	15	48	19	31	9	25	103	98	23	23	25	64	44	38	64	53	83	86	33	95	86	68	21	103	83	56	92	88	42	110	89	102	29	45	71	73	36	83	23	19	76	83	
117	92	117	68	107	100	3	23	20	48	26	42	18	35	101	97	28	20	30	78	33	29	73	60	78	80	32	88	76	66	36	103	76	57	91	88	48	106	94	102	27	47	79	82	37	82	27	16	89	94	
115	95	100	74	116	92	18	37	23	53	28	45	2	32	112	108	31	18	32	61	29	24	64	52	91	84	41	91	79	83	25	94	65	57	94	86	52	97	100	109	18	43	67	69	28	89	30	29	84	80	
116	100	115	84	119	88	6	25	15	56	32	39	13	25	105	109	34	21	25	68	32	28	69	44	95	89	28	96	93	73	23	109	73	50	81	75	47	109	89	109	13	47	81	71	25	76	27	31	81	85	
106	100	119	66	106	97	20	23	10	40	17	37	9	38	102	96	36	21	32	76	36	33	75	50	86	86	41	94	88	77	37	103	82	45	90	84	48	96	92	105	25	51	71	69	32	88	19	14	78	93	
115	95	105	78	112	94	15	31	16	48	26	27	2	24	107	97	40	20	33	74	32	24	69	48	94	86	40	83	78	85	28	108	66	55	76	71	49	98	103	102	13	45	74	76	33	85	21	25	75	82	
114	96	105	84	115	88	7	37	11	45	17	27	4	28	109	95	22	16	28	63	45	33	77	53	90	85	39	93	76	67	38	102	69	59	88	82	54	108	98	117	27	58	79	76	24	80	32	18	80	87	
107	97	118	67	120	98	13	35	16	51	19	27	10	26	112	96	29	13	40	66	44	29	63	46	85	82	42	96	76	68	25	94	69	55	81	79	54	95	99	105	23	59	70	72	38	78	28	18	73	81	
111	108	100	76	106	94	18	20	18	56	24	36	13	28	101	98	22	25	26	74	46	25	60	52	84	92	40	90	87	69	31	107	84	58	81	89	36	103	98	114	13	44	76	78	28	78	14	26	85	96	
103	107	109	73	114	97	17	26	19	44	13	36	4	23	104	104	34	28	29	71	37	27	72	45	92	92	28	92	80	79	27	107	65	49	92	87	45	103	93	100	16	44	74	80	21	85	13	23	78	94	
103	109	109	70	102	98	19	38	22	59	17	26	4	36	114	96	38	15	44	70	37	34	65	55	82	81	43	101	85	73	28	98	70	45	83	84	36	110	94	103	12	53	65	72	30	79	27	14	85	80	
112	108	113	65	103	107	2	25	7	46	31	40	13	40	98	97	23	24	43	71	42	26	67	52	86	87	39	90	89	77	35	97	70	57	90	88	41	96	101	113	16	46	76	83	32	83	17	30	80	90	
104	106	107	79	112	101	20	23	17	55	31	33	21	24	99	106	22	31	28	64	33	31	77	57	87	89	42	86	84	73	26	102	68	46	81	86	48	98	90	105	30	46	64	79	24	89	29	22	75	91	
111	106	109	72	106	100	11	25	7	43	31	30	10	41	100	101	38	19	34	63	36	32	61	52	78	78	29	92	79	69	31	102	75	40	93	89	49	98	94	117	30	57	73	83	32	92	15	19	83	89	
115	110	116	72	112	95	19	29	7	56	28	39	20	37	113	106	26	23	39	63	30	22	72	55	89	78	35	91	87	67	31	111	81	52	82	86	36	107	101	110	16	58	74	77	31	92	32	22	82	90	
118	96	111	74	120	106	18	28	22	54	13	38	17	25	109	108	37	28	33	72	34	22	74	50	84	75	40	101	87	77	30	98	73	54	83	75	53	109	99	114	20	43	76	87	30	81	29	29	75	95	
118	111	114	78	109	98	3	35	13	59	21	43	15	29	100	110	24	13	40	74	28	22	68	46	91	78	35	83	79	68	28	112	83	43	79	90	46	102	92	106	29	45	68	79	27	82	16	26	73	91	
114	101	107	76	111	103	6	34	26	45	23	35	17	38	101	95	35	21	27	77	41	29	77	44	86	75	27	98	86	79	32	95	73	43	76	81	48	111	88	110	30	56	72	87	36	77	19	30	86	97	
115	98	101	68	111	94	10	34	17	56	26	26	5	30	105	109	36	27	44	68	35	40	67	51	91	91	27	101	76	66	30	101	76	46	88	83	43	112	96	103	20	47	68	81	25	77	26	20	83	99	
113	100	119	65	111	107	4	34	14	44	24	37	18	40	99	92	39	25	30	60	38	32	60	46	79	86	45	101	90	79	30	109	69	57	76	73	39	103	104	115	27	57	80	83	30	76	23	22	78	82	
108	103	104	74	107	100	8	30	17	44	28	36	14	30	106	110	34	15	41	70	45	40	70	54	85	73	37	97	82	73	27	99	77	46	91	85	38	111	91	101	12	46	66	81	25	81	16	13	86	86	
107	102	111	82	101	104	15	29	11	58	30	39	5	28	103	101	26	13	41	72	39	33	66	47	89	89	44	91	83	72	32	111	79	40	90	75	46	103	94	102	16	51	69	70	33	87	20	19	76	86	
117	93	106	77	110	96	11	38	24	51	16	30	13	30	105	109	24	20	25	70	37	25	66	59	94	92	44	98	84	68	28	105	82	53	76	71	37	105	100	105	29	49	67	84	35	92	19	18	74	89	
102	106	104	68	116	103	10	36	7	57	22	45	20	28	104	93	28	30	41	66	37	30	77	47	96	88	45	96	86	75	38	98	82	42	82	80	37	101	89	107	13	52	70	77	31	88	19	16	76	88	
106	99	117	83	112	106	2	33	18	58	16	36	10	27	106	110	26	24	30	65	42	28	74	61	86	74	31	93	85	76	30	94	76	45	84	80	49	105	97	104	19	62	76	83	36	84	28	31	90	80	
108	104	100	77	115	96	6	26	16	58	29	32	13	28	112	104	28	31	41	75	33	25	59	47	90	79	38	101	93	67	37	94	84	40	93	81	52	113	92	117	21	50	76	84	36	84	24	18	76	84	
114	111	105	67	112	100	13	39	13	43	25	37	10	28	96	99	28	29	35	72	39	33	75	54	90	91	28	97	95	67	30	99	68	51	80	83	53	101	101	111	13	58	73	78	30	92	15	29	90	90	
106	97	119	75	110	91	10	33	19	53	26	42	7	39	106	105	22	14	30	66	31	31	75	51	96	84	26	87	92	67	39	96	74	46	89	90	37	106	93	102	18	51	77	87	32	79	25	18	90	89	
103	95	111	79	105	90	14	39	25	41	15	29	7	27	101	108	25	30	27	75	34	23	59	51	84	73	29	95	95	71	35	112	66	48	78	73	51	114	91	109	31	62	64	86	39	84	20	16	78	96	
102	98	102	67	117	98	10	39	20	44	20	33	7	39	113	95	28	30	34	69	44	38	67	56	90	78	39	95	82	85	39	108	71	54	84	88	35	108	103	118	28	46	80	77	32	84	17	32	90	96	
104	110	117	76	113	101	19	35	18	45	21	27	21	25	105	92	37	27	33	65	37	26	62	45	94	81	42	92	79	66	38	98	68	56	94	81	41	104	95	114	13	51	64	84	39	83	13	18	80	98	
116	99	110	73	106	97	5	36	15	57	17	36	2	32	97	96	25	19	39	77	46	24	65	43	89	87	31	88	80	84	30	111	75	56	84	83	48	113	99	100	22	51	71	69	24	83	22	22	84	81	
106	103	109	79	118	99	4	33	12	43	22	33	4	33	111	93	26	19	37	64	40	33	69	53	96	85	29	93	92	82	31	94	80	57	92	78	35	103	100	119	19	52	81	72	30	79	21	24	88	97	
111	111	119	70	101	105	20	34	23	41	23	27	16	37	110	111	33	31	25	68	32	35	75	58	88	86	31	99	79	75	35	103	68	52	85	82	45	113	87	109	17	53	69	76	20	84	13	26	74	82	
100	107	108	82	111	104	9	23	16	49	13	45	11	31	113	105	24	17	42	74	46	28	69	53	83	80	34	88	92	74	38	94	72	49	84	77	44	105	103	102	30	60	79	69	30	81	24	15	89	80	
118	109	119	74	112	94	13	21	25	44	14	36	13	35	99	105	26	31	29	64	30	26	75	52	78	77	27	95	79	77	28	111	82	41	95	78	47	97	98	101	27	52	78	83	26	85	29	32	86	84	
109	95	104	68	113	90	3	28	14	45	21	34	7	35	115	92	23	24	27	61	30	40	71	43	92	88	31	90	92	70	38	102	73	50	77	89	54	98	93	114	27	43	76	77	35	85	27	23	83	80	
105	101	103	71	119	100	20	37	9	45	16	37	21	25	110	96	33	26	25	61	41	39	63	50	96	85	32	93	76	85	28	111	76	49	90	73	53	103	91	106	21	50	67	79	27	94	27	32	75	98	
115	98	113	83	115	89	11	39	7	57	25	38	2	34	105	93	27	25	44	69	31	32	73	59	77	81	34	98	77	73	32	113	76	59	94	87	38	107	95	117	26	61	62	77	39	78	17	23	74	92	
102	99	101	83	102	93	11	25	10	58	32	32	21	24	107	106	28	31	25	76	39	35	73	60	84	79	26	82	85	79	25	98	74	41	80	81	35	100	85	100	23	58	77	88	29	87	18	30	80	88	
105	106	116	66	108	105	20	31	9	40	28	32	11	33	99	109	26	29	33	63	41	36	75	45	87	86	42	85	89	71	33	113	67	49	81	85	38	114	103	119	30	61	72	76	23	76	32	32	80	95	
110	111	119	75	120	104	10	24	14	49	16	26	13	25	97	97	38	21	39	74	34	23	69	62	85	92	27	92	94	69	30	94	72	43	83	87	47	102	91	109	21	50	75	76	39	88	13	13	88	81	
107	111	117	82	110	97	13	35	16	47	22	30	3	31	111	107	27	23	43	78	35	28	74	57	79	75	30	96	81	83	22	103	68	47	87	72	37	111	94	103	14	54	66	81	23	93	18	27	82	82	
116	99	107	65	109	93	4	29	19	45	19	42	11	41	102	111	31	17	29	74	39	40	78	56	86	90	30	88	80	70	21	94	78	44	84	90	38	100	86	113	22	58	68	80	24	92	22	22	82	85	
101	104	116	77	112	95	3	36	23	51	14	35	13	31	104	111	27	24	37	68	33	27	61	48	88	88	32	98	93	81	38	106	71	47	94	88	37	107	104	111	15	61	76	70	29	76	30	13	88	80	
102	109	101	75	115	89	19	31	9	47	32	37	3	28	99	96	32	18	26	72	29	36	77	43	87	73	34	92	81	75	30	102	76	41	93	90	45	107	94	119	15	51	78	81	36	80	27	32	77	96	
105	109	107	76	109	96	12	24	13	50	19	33	20	26	105	100	33	28	31	60	36	33	72	53	87	86	30	98	80	77	26	105	65	47	84	76	50	111	87	112	27	49	65	70	29	93	23	32	77	88	
108	96	111	69	110	91	7	26	8	44	14	45	2	26	107	92	33	29	29	78	39	27	65	52	93	91	42	82	87	83	31	109	77	40	76	73	46	98	102	113	29	51	81	82	35	78	23	28	79	87	
117	93	111	69	112	89	12	20	17	49	24	42	19	41	115	109	30	27	32	78	29	32	78	56	88	76	28	83	92	83	31	101	68	50	80	84	35	106	103	103	24	49	72	85	25	77	28	21	83	84	
100	104	102	82	119	89	19	32	17	51	24	33	8	29	108	105	22	29	28	68	39	41	60	62	93	80	26	91	80	79	34	108	77	45	77	90	49	102	88	113	22	57	72	80	25	91	13	13	79	85	
119	110	114	75	105	93	20	24	25	42	23	39	5	30	106	105	36	23	32	77	40	28	64	62	88	83	42	89	93	67	24	98	67	55	88	87	44	105	88	114	29	52	78	77	32	76	17	26	82	91	
107	101	107	72	106	103	4	22	21	53	20	27	19	40	104	110	34	32	30	66	34	26	63	55	81	80	39	89	89	75	23	113	68	51	79	75	47	111	104	110	20	52	81	79	21	93	30	22	85	92	
118	98	115	76	108	94	18	39	21	48	31	31	2	32	115	96	33	19	32	61	46	33	65	47	77	83	31	89	77	67	28	102	70	45	87	81	53	105	100	116	12	51	76	78	24	80	13	18	82	80	
113	96	110	69	110	94	19	22	25	43	14	43	14	26	99	97	26	28	37	78	47	30	68	43	84	85	34	88	80	67	22	104	81	41	85	81	50	114	91	101	29	47	70	69	22	87	22	21	77	97	
104	106	104	80	120	106	3	32	18	40	22	38	17	29	112	102	37	24	40	72	30	27	63	50	80	77	29	82	86	67	23	112	78	57	86	85	45	111	102	107	12	47	66	76	30	84	15	32	77	90	
110	93	102	79	111	94	21	30	21	54	26	27	2	38	107	93	29	26	27	73	41	40	73	50	87	76	40	100	78	83	22	109	69	51	83	79	48	100	91	108	31	48	77	88	35	95	18	31	87	88	
113	103	119	72	113	103	3	26	26	49	14	38	4	33	107	106	25	30	28	77	38	22	64	61	87	84	32	82	79	82	39	109	78	42	83	88	44	96	101	109	31	60	77	81	20	81	27	24	78	86	
104	108	100	82	116	91	3	29	19	43	24	33	12	39	97	94	22	24	26	70	34	34	74	62	77	88	27	98	88	78	27	95	71	51	88	86	43	98	89	110	19	47	75	82	38	93	25	24	74	94	
119	97	104	83	101	91	9	37	25	46	26	27	3	38	107	101	26	14	39	64	39	23	74	46	79	85	27	96	82	76	34	108	81	55	88	89	42	95	88	107	26	47	68	78	28	93	27	27	71	83	
117	111	105	78	114	97	18	20	25	55	21	43	10	37	99	107	26	26	40	69	35	27	61	52	91	83	41	83	81	82	34	105	79	58	89	90	35	113	98	113	15	61	70	82	27	84	20	16	77	93	
114	98	117	75	114	106	11	21	26	40	23	42	16	23	103	104	34	29	26	61	43	22	74	44	93	89	41	99	78	73	37	99	65	40	79	86	50	99	93	101	29	50	79	87	30	86	32	28	88	93	
107	104	114	66	109	103	18	39	18	47	15	37	2	26	101	106	36	22	35	71	29	37	59	47	96	81	27	85	86	68	29	96	84	55	77	79	47	95	104	109	28	46	65	86	36	81	21	14	88	97	
102	100	104	68	102	104	18	31	18	41	28	27	2	30	100	94	33	15	34	74	46	31	62	45	82	75	42	87	94	78	29	112	67	42	87	73	54	113	86	110	19	53	66	73	29	86	20	18	83	85	
107	99	106	71	105	92	8	36	25	48	29	26	2	23	104	107	28	24	44	66	41	40	75	53	95	77	38	100	84	85	21	102	78	59	95	82	48	110	90	100	29	57	69	85	34	84	18	22	89	99	
117	110	106	77	119	88	5	21	8	45	29	38	18	30	99	97	28	20	38	61	40	30	76	51	90	88	36	83	88	79	20	109	79	55	95	73	52	100	90	101	16	54	76	70	21	81	15	30	73	86	
111	104	100	82	108	98	11	21	22	50	21	39	17	40	109	106	34	30	29	69	46	27	61	49	88	75	37	92	76	79	38	104	67	49	94	74	40	97	94	106	16	58	72	81	36	90	13	21	84	91	
103	96	110	69	109	91	6	34	17	52	20	41	11	22	114	93	22	31	28	64	36	24	70	57	92	92	33	84	82	82	37	104	68	53	88	71	42	100	89	116	13	46	65	73	27	80	18	14	90	92	
103	106	119	66	117	94	2	36	18	55	25	41	15	39	97	93	26	24	31	69	31	40	65	44	79	74	29	82	77	82	20	111	70	51	85	88	36	98	98	100	12	43	69	86	32	91	22	17	87	94	
100	108	102	72	109	107	20	38	11	53	13	33	3	23	104	110	32	32	35	74	28	25	78	58	82	87	42	99	92	74	36	113	69	44	79	72	53	101	88	116	18	58	67	77	27	91	22	17	75	83	
114	100	114	81	103	100	12	27	23	59	15	36	12	37	104	110	37	31	38	63	42	22	62	44	81	80	42	91	91	83	37	102	71	45	87	84	47	114	86	104	13	59	70	80	28	90	13	14	74	86	
105	94	101	70	120	97	12	31	24	40	30	29	21	30	102	110	28	21	27	72	28	25	76	57	84	81	44	98	91	78	21	101	80	40	93	75	52	98	100	115	27	55	74	78	32	77	32	31	78	84	
101	100	104	67	102	100	4	37	12	58	28	43	3	31	99	99	29	26	32	65	37	27	72	50	89	74	45	92	78	81	39	107	69	46	80	75	37	98	92	100	20	59	74	74	30	94	24	32	84	85	
118	100	109	79	101	105	4	39	16	43	17	44	5	28	96	94	28	26	43	72	30	22	65	50	77	81	39	94	93	68	35	99	74	42	77	87	51	103	92	101	27	53	79	70	26	77	24	24	85	94	
105	104	113	81	104	88	2	21	7	47	24	44	2	41	99	106	25	31	43	74	40	34	75	45	82	74	30	83	93	83	34	107	74	44	78	86	52	97	92	102	26	58	69	76	29	92	21	23	80	99	
114	106	116	67	110	97	11	26	19	53	27	35	20	40	97	102	32	22	36	64	47	27	72	52	79	86	35	87	76	76	34	98	81	55	77	81	38	107	102	111	12	58	67	75	30	91	14	27	85	91	
119	96	111	84	116	101	17	36	12	43	25	28	12	34	112	98	36	30	26	78	36	35	60	61	89	75	34	94	91	68	22	109	69	50	86	88	38	111	92	118	15	62	74	69	30	81	16	23	76	88	
111	98	113	83	103	107	15	31	20	58	21	37	3	40	109	111	28	26	30	65	42	26	59	51	90	77	31	88	84	82	28	109	83	43	86	73	48	98	90	114	22	44	64	73	25	85	26	30	80	99	
110	111	118	71	111	90	3	23	9	47	30	31	20	23	103	95	32	31	44	73	36	40	78	59	80	85	38	84	78	68	35	103	82	52	82	72	47	112	98	119	26	45	65	78	21	87	15	32	73	96	
112	103	111	72	112	94	6	26	22	52	28	45	19	33	96	110	31	28	43	71	44	34	65	52	93	76	33	97	82	79	38	101	68	51	76	71	39	101	91	109	24	47	70	73	39	76	20	26	73	81	
105	110	100	70	107	106	9	38	19	40	27	43	6	24	111	104	32	24	37	60	33	34	59	50	93	87	30	83	80	85	24	97	73	47	91	85	54	108	98	103	31	57	68	80	39	89	13	22	86	93	
112	94	113	76	105	102	11	36	18	55	25	37	13	24	110	100	26	31	40	64	30	41	71	47	96	89	38	86	76	75	39	107	74	45	82	85	48	109	93	114	16	62	75	84	36	87	14	23	84	83	
104	101	118	80	119	97	12	27	13	59	19	40	20	40	108	96	23	24	25	73	31	29	62	47	88	78	35	100	84	72	24	112	65	44	79	83	54	107	91	101	28	56	74	87	22	79	17	15	75	96	
115	101	102	67	105	101	2	30	15	45	18	39	11	41	112	93	40	16	33	73	32	26	66	61	95	88	40	101	94	80	25	101	79	47	88	80	45	111	92	101	16	61	77	82	21	81	14	25	83	83	
109	96	112	75	111	103	9	24	13	58	31	40	11	33	104	97	28	24	40	78	40	25	73	48	90	84	34	101	90	70	33	106	78	56	93	78	41	98	97	106	23	47	62	83	28	95	15	13	77	95	
115	94	105	71	120	95	12	31	8	45	20	28	7	29	113	98	29	30	25	69	45	36	78	45	94	84	43	100	94	79	20	110	66	40	79	89	38	102	86	105	27	60	74	85	35	91	32	27	87	81	
102	98	102	67	115	101	15	23	20	48	29	42	11	37	100	109	29	29	29	77	30	29	68	47	79	76	29	87	91	76	31	106	69	49	81	89	35	106	92	114	17	44	66	85	32	80	29	27	82	98	
110	98	112	80	118	98	9	31	20	57	19	33	13	38	108	92	23	21	39	65	36	24	65	52	85	84	32	94	85	75	32	101	80	41	82	88	38	107	88	105	16	57	76	79	38	87	30	23	85	90	
115	106	108	82	113	103	9	36	20	45	26	41	5	27	108	104	38	25	41	77	31	39	68	62	94	76	30	90	93	81	39	113	70	45	76	90	38	97	99	101	15	50	81	82	22	78	28	26	88	87	
110	107	119	69	103	103	18	38	20	49	16	33	20	26	101	102	38	18	39	64	37	25	59	47	81	77	31	91	78	83	38	99	66	49	81	77	36	107	100	101	30	43	69	81	31	94	13	17	85	99	
115	105	102	69	105	88	14	37	22	55	14	41	16	25	104	103	25	25	39	76	38	28	64	49	96	73	45	91	83	75	38	105	75	48	81	76	54	113	87	116	21	55	65	70	26	94	13	32	77	87	
118	111	100	69	117	101	2	31	24	41	16	32	7	30	100	98	36	24	37	72	36	33	72	61	79	81	30	100	94	66	23	106	84	48	77	88	48	107	97	111	26	62	76	74	32	90	28	26	72	94	
110	101	119	66	113	100	3	33	22	43	24	27	6	22	114	108	21	25	33	75	42	22	75	44	87	78	27	91	92	73	22	108	77	42	88	78	49	108	93	101	19	56	71	79	30	78	22	13	76	84	
113	94	100	79	107	94	21	22	20	49	14	38	18	23	100	96	40	27	32	66	47	26	76	58	89	88	36	100	89	66	20	105	83	53	92	85	41	112	92	101	19	57	77	77	39	88	14	28	76	82	
106	98	101	76	105	101	11	20	12	56	18	33	2	38	112	94	37	32	36	71	41	31	78	60	96	75	45	85	83	75	31	96	75	50	94	85	44	106	95	104	31	55	71	79	26	85	14	29	71	92	
111	102	110	74	120	98	8	24	18	58	32	39	21	27	112	106	31	17	28	60	41	41	72	60	92	77	37	99	80	79	26	99	70	49	78	71	39	96	104	100	17	52	76	78	28	82	32	23	76	94	
112	107	110	76	120	103	21	33	14	46	23	45	11	38	110	108	38	31	28	78	35	29	74	49	86	81	31	92	88	81	37	97	80	49	95	72	48	114	99	100	23	47	71	81	37	86	25	27	86	82	
101	111	118	70	104	102	18	30	15	49	21	29	12	28	105	94	30	28	41	77	41	33	73	56	77	88	37	83	85	67	28	103	84	43	77	86	43	97	92	102	20	58	71	79	31	79	27	29	82	91	
115	93	116	76	105	94	3	26	13	50	15	35	20	35	103	107	21	14	39	59	36	32	59	45	83	86	45	93	76	73	23	100	74	50	82	85	44	99	103	110	19	48	71	82	36	80	25	22	79	85	
117	98	101	83	102	94	18	31	13	44	18	30	7	37	110	95	36	24	30	63	42	34	75	45	87	76	39	90	82	73	25	109	76	50	89	71	35	106	97	108	12	55	78	85	24	88	27	13	75	90	
103	93	108	81	108	95	11	38	19	56	18	29	7	30	106	105	38	16	32	78	30	25	61	53	78	74	31	91	86	76	33	97	73	49	92	85	54	97	93	110	25	60	80	73	28	77	24	29	80	88	
115	95	115	83	114	100	16	25	18	52	19	36	13	39	105	109	39	27	26	64	32	37	67	53	79	75	30	85	83	82	23	113	65	53	82	90	46	109	85	110	19	51	78	76	21	83	21	32	89	86	
102	109	113	72	102	94	14	31	9	48	19	45	9	40	105	97	37	20	41	67	35	29	72	44	84	87	39	88	92	81	32	109	72	54	88	75	43	111	95	107	30	57	65	83	24	89	18	22	89	93	
116	103	113	73	115	93	13	29	24	45	20	28	19	34	113	98	35	21	28	65	41	28	73	47	86	81	45	88	82	82	30	106	73	43	79	79	36	109	95	106	29	51	75	80	27	85	32	25	86	91	
101	105	113	69	103	104	12	25	18	54	29	41	4	27	107	106	38	26	26	73	35	41	61	50	88	88	29	98	83	79	28	105	83	59	82	83	36	112	89	101	12	56	81	82	21	93	26	21	88	84	
119	104	102	79	106	94	16	29	7	41	28	35	8	37	107	106	22	19	31	78	36	35	69	49	84	73	32	84	84	81	33	106	84	46	82	84	40	113	90	108	28	60	70	69	38	76	17	22	75	81	
104	108	108	82	115	88	16	30	25	49	30	34	15	38	100	108	21	19	42	67	39	36	65	53	81	83	36	96	89	80	28	111	73	50	82	76	39	113	96	115	20	43	72	81	35	90	29	13	74	98	
108	92	114	71	114	101	21	31	18	50	20	41	5	26	114	93	24	29	32	63	41	37	63	56	82	73	45	93	94	72	28	99	82	49	77	89	43	112	96	101	23	60	72	69	25	87	26	14	72	93	
114	111	108	67	105	104	19	20	17	49	18	26	20	31	110	98	26	31	26	75	37	22	59	45	90	88	30	89	83	80	38	100	75	57	87	81	44	100	94	111	13	57	75	87	23	89	19	17	88	91	
107	110	100	72	112	100	17	36	20	50	24	44	13	27	102	101	24	21	29	63	38	32	71	61	96	75	32	88	88	79	29	106	65	42	93	78	41	107	91	107	17	48	72	84	32	85	15	18	84	87	
110	95	100	77	105	106	6	25	18	53	31	39	9	29	106	106	35	27	26	77	31	29	76	50	84	91	30	94	80	67	30	105	76	46	87	79	44	104	89	105	19	46	78	85	29	95	19	24	80	88	
114	107	117	65	113	97	5	39	26	41	19	26	2	37	109	93	38	13	25	65	43	34	61	52	77	82	40	83	94	77	26	110	76	54	81	74	46	103	100	109	12	60	70	73	21	92	28	16	72	99	
111	100	112	73	106	90	7	24	14	49	30	39	13	33	112	107	40	22	33	62	31	37	72	53	92	79	42	89	83	84	32	99	68	46	80	83	36	111	98	118	14	48	74	84	34	86	26	28	82	86	
111	92	100	67	114	101	3	31	24	46	16	29	20	22	115	93	40	28	35	60	41	34	65	54	91	81	43	95	92	72	24	110	67	55	86	87	42	102	104	111	30	51	72	79	34	79	20	17	78	91	
109	106	119	67	110	99	16	23	23	45	16	41	8	28	101	105	36	30	33	61	28	28	69	47	94	83	43	83	86	69	24	95	66	55	90	72	50	101	102	110	24	45	66	70	33	85	13	14	78	86	
115	94	101	84	117	91	12	27	15	59	28	41	10	38	114	94	25	14	37	76	38	32	71	50	91	79	37	98	86	70	36	106	70	46	88	90	51	110	97	119	16	54	73	78	36	77	32	16	78	96	
107	103	117	78	119	95	2	39	23	51	26	45	11	39	105	110	24	29	26	77	30	38	59	47	86	78	31	100	85	83	35	94	73	52	78	85	39	102	87	115	19	47	74	85	26	77	18	29	88	87	
119	101	116	82	108	106	3	26	20	59	13	34	12	38	105	108	33	31	40	65	44	35	70	45	93	80	43	91	86	84	23	109	84	51	83	77	43	110	96	114	18	55	65	73	22	77	24	15	76	87	
104	95	119	83	120	107	4	38	11	46	26	29	14	41	110	97	40	14	44	60	30	37	75	57	83	80	41	84	85	72	24	103	70	44	87	72	40	97	90	107	19	57	81	72	36	90	25	13	82	88	
111	93	117	78	115	88	3	37	14	47	19	30	14	27	115	111	29	32	27	66	40	41	71	48	95	74	29	87	87	83	34	98	73	44	92	89	41	105	104	119	19	56	73	88	34	89	29	30	85	82	
109	105	108	79	106	90	7	21	13	59	14	30	4	24	109	108	29	20	41	74	42	22	59	44	77	85	45	97	89	75	25	101	67	54	87	80	43	97	96	100	28	51	68	69	34	95	24	21	85	86	
111	95	118	68	116	90	12	22	9	51	13	38	7	23	98	110	31	17	34	66	31	37	71	46	91	74	35	92	78	70	20	103	71	55	77	83	51	101	87	100	31	52	69	82	29	87	19	26	74	86	
107	97	103	73	106	92	17	36	19	53	28	27	14	34	113	107	32	30	44	61	36	30	64	52	93	79	44	97	86	69	24	108	81	59	88	83	50	114	97	116	21	49	79	72	26	78	18	30	87	81	
109	101	101	65	106	104	21	21	17	41	16	33	7	38	115	99	38	17	29	69	44	36	73	62	81	81	45	101	79	70	32	98	68	40	95	74	48	106	94	100	17	49	78	77	35	82	27	31	76	87	
119	99	109	76	101	107	19	36	16	51	19	45	2	32	109	96	39	29	34	60	34	23	68	56	79	88	39	95	90	75	24	99	65	42	91	81	47	101	102	111	24	51	64	79	34	85	28	25	78	85	
103	96	100	81	108	94	21	35	26	52	18	28	16	27	111	110	23	20	36	75	37	28	62	50	95	79	32	89	95	81	24	110	77	59	90	77	53	105	104	113	18	57	73	70	34	90	27	25	89	90	
108	101	119	71	103	107	13	32	10	54	21	35	8	40	101	96	26	28	30	73	41	36	73	55	86	85	36	96	84	66	33	102	73	40	81	75	43	95	87	114	14	57	72	77	30	82	26	26	75	86	
101	105	104	67	110	99	6	30	23	44	24	43	13	35	96	96	30	17	28	74	38	24	63	46	90	81	29	84	86	71	22	97	69	49	85	76	41	114	90	103	28	44	66	71	36	81	21	31	87	81	
102	105	118	66	104	101	9	30	25	56	13	29	17	33	107	106	32	30	41	59	38	26	65	59	90	86	35	86	87	83	22	98	79	42	91	71	37	109	87	105	20	57	78	83	30	95	16	18	79	82	
112	101	105	76	110	107	3	39	13	52	21	35	2	39	99	101	25	27	37	65	43	30	60	51	89	80	28	91	89	70	23	96	71	41	95	73	48	106	102	116	31	61	75	86	32	83	15	22	83	96	
118	92	112	76	107	93	9	34	24	43	17	45	18	38	104	105	24	22	42	73	46	30	77	46	87	82	39	96	94	82	24	109	67	41	77	73	37	97	97	104	17	58	70	70	22	83	31	28	83	96	
105	100	106	76	110	100	16	25	25	57	19	30	15	24	108	108	30	15	43	71	34	41	60	48	96	79	35	93	80	75	30	100	73	48	80	87	47	108	95	110	14	61	69	69	29	93	15	26	81	91	
108	105	117	78	119	90	3	30	23	59	16	29	16	23	108	92	27	19	40	67	32	23	73	51	89	79	40	86	76	82	32	96	65	44	87	72	40	106	104	118	13	47	70	75	26	77	17	30	90	80	
108	96	101	71	120	98	15	29	11	54	24	26	5	33	105	102	25	26	38	73	36	40	75	46	88	75	30	93	91	77	35	112	82	48	87	90	43	101	93	101	13	56	71	78	30	85	20	18	86	97	
102	107	107	67	114	98	6	39	24	44	16	31	10	22	97	111	31	15	42	62	28	40	59	44	81	79	30	89	81	72	28	96	70	53	80	79	41	110	94	103	19	62	69	87	39	91	30	16	83	95	
104	101	110	75	103	105	12	29	26	44	19	28	12	36	105	105	30	27	39	71	45	29	73	46	93	77	33	96	85	76	39	96	79	43	86	78	44	99	102	100	14	53	65	74	25	90	14	31	76	98	
109	102	107	71	110	100	4	32	16	43	29	36	18	28	96	100	28	16	36	60	44	38	59	46	88	81	41	100	88	83	32	111	77	56	92	71	40	114	86	116	24	54	62	84	38	86	21	16	78	96	
102	110	103	81	111	92	17	31	10	55	17	43	20	35	100	107	30	29	34	64	32	23	61	52	78	83	36	84	78	74	38	100	81	45	95	72	44	100	85	101	29	52	71	74	38	76	25	23	82	85	
115	104	103	78	116	104	21	34	19	49	17	37	19	24	109	103	27	26	27	61	46	40	69	47	91	87	29	95	91	68	20	113	80	51	86	73	36	101	87	115	31	53	81	78	28	89	28	29	82	87	
114	99	119	84	110	105	21	32	18	58	28	40	11	37	104	94	28	20	34	77	45	37	68	59	95	85	40	90	91	72	33	109	79	48	77	89	48	101	86	117	22	46	72	85	33	88	22	21	73	94	
104	93	107	69	116	105	21	35	7	53	13	41	6	27	110	95	25	32	42	74	33	35	76	58	89	91	35	95	76	69	22	105	73	55	89	89	39	100	91	119	20	59	71	73	31	77	20	24	89	95	
109	93	113	76	118	107	11	34	22	41	31	30	14	30	104	103	32	25	32	70	38	26	67	55	87	88	35	99	93	77	24	108	76	40	95	82	48	104	100	110	30	43	65	84	34	80	32	24	84	87	