1000
10
52	109	73	88	56	58	113	46	10	93	
54	100	61	86	51	55	103	57	21	89	
53	102	72	79	46	50	110	54	12	90	
64	115	79	83	53	54	107	47	16	95	
50	116	67	74	43	60	104	65	11	96	
69	98	63	85	53	55	116	52	16	106	
50	108	76	80	39	50	99	62	8	90	
62	116	79	81	52	47	101	61	12	107	
56	110	63	81	47	62	104	58	8	90	
56	114	63	79	50	51	112	61	10	100	
59	100	66	85	56	54	103	61	19	89	
63	107	73	82	53	55	114	63	21	108	
68	114	76	78	52	61	112	63	21	101	
66	101	71	92	41	50	98	60	10	94	
66	116	61	85	41	65	108	60	10	97	
67	105	64	89	44	63	98	64	14	104	
65	112	69	90	56	52	99	65	4	107	
68	102	65	80	41	51	117	55	13	94	
53	101	75	86	52	62	106	65	15	100	
58	104	60	85	41	66	111	59	22	93	
53	113	61	77	45	54	102	53	15	108	
69	98	60	76	47	53	106	46	4	105	
69	101	77	91	40	55	100	58	5	90	
66	114	75	76	52	62	115	46	3	90	
57	101	76	73	45	52	98	50	13	96	
58	111	72	84	50	54	113	49	11	98	
56	114	74	87	54	49	105	56	14	99	
63	114	60	92	45	48	98	50	15	104	
65	99	63	83	43	62	110	61	16	90	
63	115	70	75	52	47	113	51	13	91	
66	111	70	92	47	65	107	61	6	95	
63	102	63	92	50	58	99	48	20	104	
60	106	76	76	51	50	108	61	12	89	
58	108	71	74	39	66	109	46	13	99	
52	110	70	84	51	66	98	50	20	98	
55	107	69	76	55	58	106	55	15	106	
57	99	69	76	42	58	107	49	9	104	
60	113	62	88	56	51	106	52	22	89	
64	114	75	84	38	50	115	57	16	91	
63	99	72	89	53	55	112	49	12	100	
64	102	79	80	43	64	106	51	3	107	
54	116	65	92	47	65	99	53	20	94	
69	113	75	79	44	60	113	47	3	104	
58	113	68	87	51	63	114	64	10	93	
50	101	68	74	54	55	112	50	3	96	
53	99	77	77	49	56	105	60	11	105	
54	106	69	78	39	64	98	65	20	101	
51	104	61	89	57	64	111	46	3	101	
51	103	62	79	52	60	115	60	21	92	
50	98	71	86	43	56	99	64	10	91	
61	112	69	82	53	65	116	53	8	95	
52	113	73	87	46	57	106	58	15	97	
50	107	63	85	49	59	113	58	12	105	
66	98	64	81	49	50	117	59	21	101	
66	100	77	86	45	48	98	52	16	95	
52	108	61	80	41	54	113	50	19	105	
68	102	73	87	54	56	109	58	7	97	
57	116	68	87	40	47	101	46	16	99	
51	98	75	87	43	48	101	48	12	107	
68	113	76	80	48	60	117	58	20	102	
59	99	67	91	47	55	115	56	14	97	
54	113	68	75	57	47	111	56	4	105	
58	113	70	74	56	60	104	60	3	89	
62	107	64	89	54	47	110	58	22	107	
54	106	79	79	56	48	111	53	18	96	
63	99	73	80	42	59	100	65	3	92	
61	98	61	81	57	61	111	52	19	96	
58	103	66	81	44	57	113	57	3	97	
54	107	60	75	48	63	99	64	22	94	
63	114	65	85	54	66	110	64	20	103	
59	114	71	74	39	61	105	55	19	108	
66	103	60	78	47	55	101	50	8	94	
67	113	63	78	55	52	104	58	13	97	
67	101	77	74	56	54	107	48	13	107	
53	113	61	81	39	58	117	46	3	90	
62	115	66	86	40	60	108	63	20	102	
65	111	69	83	45	66	98	54	13	91	
69	104	64	89	41	51	107	64	14	105	
54	100	67	77	52	66	111	60	17	105	
53	104	75	84	48	62	112	54	3	92	
62	103	67	77	40	52	110	62	7	94	
64	97	72	80	56	50	111	46	15	105	
60	106	78	91	50	49	105	49	5	96	
56	100	78	88	43	66	115	64	15	96	
68	103	79	84	51	57	113	57	6	93	
56	103	71	75	52	52	116	46	22	99	
69	107	79	84	55	53	100	52	20	90	
61	107	73	76	53	64	115	50	3	91	
57	101	77	87	53	49	112	54	19	105	
61	110	61	91	45	54	101	56	10	94	
65	114	75	80	53	62	102	64	10	104	
56	111	65	87	53	56	107	62	17	100	
67	103	78	75	49	61	103	53	18	97	
60	98	65	80	47	57	115	59	20	96	
51	113	71	87	39	63	101	47	10	97	
61	116	76	90	42	55	106	54	10	99	
55	103	65	88	40	58	105	50	14	90	
58	108	66	88	49	63	115	50	16	93	
60	99	76	88	49	47	113	54	7	95	
57	98	76	75	50	61	109	56	19	108	
65	108	62	75	45	47	114	51	14	106	
54	99	65	92	46	52	109	54	12	93	
65	110	72	89	47	53	100	61	4	98	
59	111	65	77	41	61	105	61	7	97	
69	108	67	80	46	54	100	63	12	91	
54	113	68	80	38	60	104	50	21	89	
67	98	65	91	53	52	107	49	6	107	
55	106	79	87	52	51	103	57	4	98	
66	110	79	79	52	62	117	54	20	105	
50	105	61	88	43	54	101	51	7	94	
60	103	75	75	49	63	107	59	6	95	
67	102	66	88	49	62	110	58	8	93	
61	104	78	87	40	58	98	59	22	93	
57	101	65	90	51	54	114	51	5	105	
54	107	72	81	50	54	109	56	14	98	
50	113	63	80	56	57	115	53	22	97	
66	110	73	83	49	65	101	46	6	94	
56	116	68	92	54	51	112	56	9	94	
69	108	68	89	53	53	102	58	16	99	
67	108	76	75	39	57	102	58	17	104	
58	116	71	77	50	49	117	65	17	99	
69	97	63	87	50	55	117	47	18	100	
56	109	68	88	44	65	114	61	10	90	
50	100	67	78	38	54	108	54	13	106	
56	111	64	79	49	50	114	61	17	105	
57	100	62	74	43	65	116	64	19	91	
64	107	63	73	50	66	107	52	18	97	
54	99	71	75	49	52	117	50	16	94	
69	100	62	88	54	57	112	60	21	99	
50	99	68	76	48	66	110	49	3	105	
67	116	68	78	42	49	101	55	6	100	
51	101	77	77	55	52	110	48	16	104	
55	98	72	89	54	63	106	50	7	96	
53	102	64	77	48	66	115	46	16	91	
56	104	79	81	48	59	109	60	21	92	
66	110	75	77	45	50	101	47	9	97	
63	102	68	78	45	65	112	51	10	106	
68	112	78	84	41	61	110	48	17	91	
56	101	67	73	38	50	111	53	8	95	
60	113	75	73	44	66	116	57	17	98	
59	100	69	77	50	49	114	63	12	97	
64	101	79	78	57	57	110	62	10	96	
53	101	65	82	53	62	108	64	11	94	
56	100	75	87	44	52	115	52	13	96	
59	105	79	82	54	55	116	47	6	106	
65	108	61	75	43	57	98	53	10	94	
64	102	78	76	50	65	116	62	8	95	
66	99	76	91	38	58	101	57	3	101	
69	108	76	80	48	61	106	52	8	98	
59	114	63	90	54	56	113	59	4	92	
68	98	64	77	56	61	99	49	14	102	
61	115	61	73	48	52	107	65	20	104	
64	114	71	80	40	57	117	49	17	107	
69	106	78	91	57	58	107	48	7	96	
59	100	71	85	48	51	115	47	3	92	
59	99	66	89	48	47	113	55	9	107	
54	99	64	88	47	50	101	60	14	95	
69	116	78	82	49	52	115	57	18	92	
58	107	64	76	40	66	102	48	8	96	
64	113	62	89	56	55	114	63	5	102	
53	114	78	83	43	62	98	51	3	100	
52	105	76	91	47	52	113	59	17	104	
68	98	72	79	50	65	109	60	7	90	
69	107	63	73	38	52	106	61	14	101	
60	113	69	87	41	66	114	65	14	104	
68	104	60	88	41	51	103	53	14	105	
56	110	74	91	52	62	100	54	8	101	
52	114	77	86	41	56	111	50	18	106	
67	115	73	88	51	51	117	56	21	100	
68	107	78	90	50	66	117	52	9	102	
55	97	74	79	38	48	101	56	5	89	
58	105	70	85	46	50	98	60	9	105	
56	107	73	73	53	66	115	64	20	92	
66	98	69	92	51	52	112	48	19	106	
57	108	65	73	52	56	117	61	19	106	
56	103	65	81	52	63	104	53	22	101	
50	102	72	77	51	47	108	50	7	100	
57	109	70	76	54	54	117	59	13	92	
69	100	74	76	42	60	99	48	13	96	
55	106	65	84	51	61	105	57	10	103	
64	112	77	89	56	64	114	56	22	94	
55	101	72	80	41	50	114	47	13	103	
68	105	76	73	38	65	112	55	16	108	
67	112	65	74	52	50	100	48	12	103	
56	100	73	89	43	49	116	54	11	89	
50	100	69	77	39	54	116	49	13	98	
67	103	75	89	40	59	108	56	10	107	
62	100	74	79	40	51	101	56	8	100	
54	114	75	80	55	56	115	62	10	101	
51	114	61	78	39	61	115	49	10	105	
69	114	73	75	38	63	101	56	4	98	
59	111	77	91	38	62	100	57	19	89	
67	99	62	80	39	47	116	51	12	96	
63	109	61	91	50	56	105	50	21	106	
50	105	61	83	55	61	98	51	15	90	
50	105	63	73	39	60	100	64	13	106	
55	109	75	75	43	49	98	63	17	89	
58	113	68	77	48	51	102	54	4	102	
59	103	66	86	50	52	100	64	10	107	
67	102	75	77	45	47	108	50	22	96	
55	104	62	81	41	58	114	56	11	96	
66	97	69	83	50	59	102	59	11	101	
60	99	66	77	56	59	114	58	10	105	
64	113	60	87	56	59	101	48	5	93	
57	112	65	79	40	62	111	46	13	99	
50	102	69	84	52	48	108	65	9	97	
52	115	79	77	42	61	100	59	4	99	
55	116	73	80	57	59	101	61	11	92	
65	116	75	74	53	58	101	52	18	92	
60	97	77	84	50	63	114	52	8	107	
57	97	76	89	46	57	116	53	11	108	
57	115	61	92	41	59	112	64	5	92	
56	104	60	73	42	56	108	57	3	91	
57	113	68	74	45	49	104	47	21	104	
67	101	62	85	45	52	100	46	11	103	
69	108	71	79	46	63	110	47	6	94	
52	104	78	75	44	53	117	50	7	90	
55	103	65	90	48	53	117	47	13	98	
59	113	61	74	57	57	112	63	18	94	
69	112	71	86	49	47	113	65	19	100	
52	114	61	77	38	64	112	58	12	100	
61	106	75	79	48	48	101	58	9	96	
56	98	78	74	45	53	109	62	22	103	
59	103	67	85	56	49	116	52	12	93	
52	107	69	76	53	61	98	61	4	96	
55	115	68	84	57	60	112	47	3	92	
58	101	78	90	38	63	116	63	8	104	
67	102	69	90	46	47	113	64	16	99	
64	109	76	84	41	59	107	61	20	101	
53	105	72	89	38	50	116	54	7	92	
59	104	60	83	43	62	101	58	11	94	
53	106	78	81	54	54	116	61	22	96	
53	100	67	86	42	51	109	54	10	100	
59	98	67	79	48	48	112	49	18	104	
59	103	64	86	45	57	104	54	22	101	
51	106	69	83	49	54	98	51	20	94	
68	107	77	92	50	47	107	61	10	104	
59	102	71	88	40	55	113	47	10	105	
65	110	72	80	48	60	117	50	8	90	
66	97	74	86	45	65	98	51	20	101	
52	106	79	78	44	56	104	54	21	97	
51	106	61	92	52	54	105	46	15	100	
69	116	65	91	45	59	104	49	22	97	
66	98	62	91	51	58	101	46	6	100	
52	99	68	92	48	65	116	64	13	103	
65	105	77	79	45	58	110	60	4	90	
57	98	71	79	48	56	108	60	14	93	
59	105	79	75	47	58	101	58	4	99	
62	106	61	91	42	64	102	51	5	106	
57	111	77	89	55	49	117	46	7	101	
55	111	60	77	43	65	101	49	11	99	
54	99	64	76	39	61	104	63	14	103	
55	102	62	78	54	66	116	56	5	96	
54	107	72	78	45	66	113	48	20	89	
64	97	70	82	38	59	117	55	13	100	
61	110	76	84	38	51	99	63	11	97	
50	97	79	83	53	47	104	63	4	107	
53	111	77	75	43	62	108	58	16	89	
55	101	68	79	39	57	112	49	20	104	
68	107	73	88	56	55	115	53	16	106	
61	111	69	90	45	64	112	54	14	102	
67	103	76	74	38	65	104	49	19	105	
61	107	66	89	42	63	112	56	18	92	
69	106	73	90	44	58	111	53	4	108	
58	108	65	74	43	51	116	62	21	104	
58	99	79	85	47	60	98	55	11	95	
57	109	68	80	53	64	112	48	9	107	
67	115	68	85	49	57	112	65	12	89	
52	112	75	86	53	60	104	61	16	108	
56	114	61	86	48	52	109	47	20	94	
50	114	70	86	41	50	101	50	3	101	
59	100	60	90	54	49	98	60	14	100	
67	105	77	88	56	49	109	59	9	91	
69	115	60	83	56	65	114	64	18	106	
56	106	73	90	44	54	103	49	4	104	
68	98	70	89	53	51	105	59	17	94	
65	116	63	74	40	63	110	65	4	99	
62	107	65	77	46	48	117	53	14	91	
68	109	64	86	40	62	99	63	3	93	
53	104	74	74	55	63	109	57	16	103	
64	116	79	77	43	64	105	63	21	100	
59	97	66	76	46	55	115	51	18	94	
55	109	66	90	38	52	98	60	9	92	
57	112	75	78	42	66	98	61	9	95	
52	105	77	79	44	59	108	58	21	89	
53	98	76	85	52	58	107	60	6	106	
58	106	63	86	40	58	102	63	7	107	
63	113	60	74	47	57	103	47	16	104	
66	101	69	76	40	59	109	47	6	90	
60	98	63	88	54	59	104	47	3	105	
65	110	74	92	57	66	104	48	14	97	
68	107	79	78	55	55	109	52	4	100	
59	101	78	74	44	53	117	63	20	106	
57	101	60	73	44	51	107	62	4	102	
65	109	70	92	43	57	117	49	20	106	
55	97	69	76	50	62	113	51	18	93	
59	99	75	74	39	48	116	64	15	108	
68	99	70	73	47	56	98	47	20	91	
61	108	77	89	52	55	110	57	15	99	
63	109	63	84	56	57	108	56	6	101	
55	103	65	91	52	66	107	53	6	103	
51	105	64	91	47	60	105	59	21	107	
53	109	78	74	53	59	100	47	3	90	
56	115	76	73	41	62	115	57	8	97	
62	112	64	78	55	65	100	55	15	107	
54	112	75	90	38	60	114	53	18	93	
62	114	71	73	55	62	102	57	15	100	
68	104	79	85	39	58	103	48	20	94	
51	113	63	75	44	55	115	63	17	102	
58	105	63	75	55	47	105	51	3	89	
58	116	71	79	48	57	106	48	12	95	
60	110	71	85	53	47	105	63	5	106	
52	109	70	92	52	48	111	60	11	108	
69	100	60	83	56	50	110	64	10	93	
59	115	75	73	46	60	102	47	8	89	
52	108	63	80	42	47	100	51	3	101	
62	112	71	88	44	47	111	46	19	91	
55	107	76	77	45	52	98	58	5	89	
63	97	68	91	48	57	111	49	22	94	
63	106	64	89	41	54	101	56	3	96	
61	116	66	84	42	64	110	52	7	96	
65	115	64	90	52	58	107	62	13	104	
64	115	73	84	54	66	117	65	3	104	
56	107	67	78	45	66	108	52	22	92	
56	101	74	78	51	61	114	56	5	103	
56	101	64	87	53	52	101	49	10	102	
55	111	74	89	42	49	99	63	21	97	
67	109	69	92	46	59	105	63	11	100	
55	97	65	86	47	55	101	57	10	105	
64	106	72	77	51	64	111	50	17	90	
51	116	64	91	41	62	99	60	17	91	
65	108	64	81	39	63	113	58	9	103	
61	100	60	78	51	64	103	54	5	89	
62	100	61	84	46	61	116	59	15	101	
58	105	61	80	45	54	117	57	11	92	
68	112	77	77	57	48	100	55	17	89	
68	107	68	81	44	51	101	50	21	104	
67	106	65	85	38	57	99	59	15	90	
51	102	60	78	46	55	115	64	14	99	
65	103	63	80	41	48	107	52	21	89	
57	116	61	76	53	61	98	56	16	94	
52	112	63	89	49	47	106	61	19	101	
52	97	78	88	52	63	116	48	18	99	
59	97	67	75	50	66	103	50	15	89	
64	102	72	81	39	55	107	61	16	103	
60	104	79	87	44	55	103	46	7	103	
68	104	76	86	54	63	115	59	17	103	
65	102	63	85	48	50	105	62	12	100	
53	103	60	74	39	61	109	56	11	106	
53	102	62	87	38	64	106	57	16	91	
54	114	61	92	53	53	117	55	14	104	
60	99	76	85	57	55	101	46	5	108	
53	105	62	83	38	66	111	46	16	101	
51	106	69	86	39	61	104	52	5	107	
56	97	76	82	40	62	116	63	22	104	
68	107	77	86	57	62	103	53	7	99	
52	105	63	92	56	61	100	52	6	106	
58	111	73	90	49	65	113	51	9	95	
59	108	60	91	56	54	102	65	13	108	
53	101	61	73	53	61	113	56	19	99	
69	107	76	73	50	52	102	59	9	103	
67	116	68	74	41	48	102	53	12	99	
52	99	64	76	49	61	101	53	10	93	
58	114	77	84	40	57	99	54	14	107	
59	110	60	87	53	59	117	55	4	106	
62	104	63	91	44	50	115	63	7	108	
55	100	69	81	52	48	100	51	6	103	
63	101	68	88	51	60	112	65	11	94	
51	111	77	84	41	57	103	60	8	91	
55	112	79	90	56	66	111	49	15	100	
52	116	71	83	41	57	112	62	22	98	
68	108	67	90	39	59	114	59	20	103	
67	102	72	92	48	52	108	65	12	102	
55	100	61	91	47	57	99	60	22	99	
54	99	63	73	48	65	114	65	5	98	
54	106	61	80	46	55	102	48	6	102	
66	101	69	88	52	51	107	62	22	96	
67	98	74	91	48	55	103	58	10	91	
65	116	60	92	43	56	100	51	11	102	
56	102	76	83	50	53	106	52	6	101	
59	107	76	87	55	61	111	53	18	90	
53	114	64	85	50	55	117	61	6	96	
50	105	78	77	47	62	107	56	5	89	
50	103	71	80	54	56	103	61	16	91	
56	112	61	88	56	60	100	53	3	94	
58	103	77	87	53	58	116	55	4	97	
62	104	64	91	40	64	103	58	11	98	
67	106	69	79	43	62	107	59	22	100	
58	106	75	74	45	52	110	65	18	99	
52	113	66	79	38	57	112	64	20	107	
56	100	62	87	52	61	103	46	16	91	
58	109	62	87	46	58	112	56	14	107	
63	104	63	88	57	59	117	48	4	104	
60	106	71	78	39	52	117	50	16	107	
58	107	78	85	44	57	109	49	10	89	
57	114	72	81	53	61	115	57	9	96	
61	103	77	74	52	58	104	65	12	101	
63	110	62	74	45	63	102	61	13	92	
62	112	68	76	42	53	114	55	9	107	
53	116	64	73	55	66	117	46	22	89	
62	115	79	80	38	57	103	53	13	91	
55	106	77	80	40	56	113	63	20	91	
52	104	73	85	43	65	115	59	10	92	
69	106	67	87	54	60	104	46	7	103	
62	115	66	78	55	60	115	57	17	93	
69	112	65	89	45	56	105	59	19	103	
52	98	64	76	52	50	107	47	20	106	
69	110	66	76	44	55	109	57	14	91	
60	106	75	81	46	62	117	55	18	103	
63	113	73	80	54	48	103	46	3	89	
55	109	64	73	53	59	113	56	15	93	
54	110	66	76	50	66	110	59	11	99	
53	110	67	73	50	48	104	53	16	95	
64	97	77	81	42	48	101	59	21	100	
62	115	79	79	50	51	102	55	9	101	
65	113	69	88	46	60	107	64	10	107	
64	98	64	80	50	55	113	50	6	94	
59	107	66	82	55	54	112	52	20	90	
65	107	61	84	42	66	112	63	22	90	
54	100	74	92	43	62	115	63	13	100	
55	112	63	90	40	66	108	56	22	94	
50	97	71	79	46	56	102	47	17	95	
59	103	62	80	42	54	102	59	17	90	
69	105	67	91	55	61	117	53	13	105	
67	113	74	87	47	51	116	47	18	102	
55	103	68	77	47	55	110	59	6	100	
55	97	73	82	46	48	112	55	6	89	
68	98	78	80	41	65	108	57	18	98	
62	109	78	91	47	65	108	52	4	100	
53	105	74	87	50	61	100	64	21	101	
61	108	76	81	47	48	99	47	8	104	
66	99	65	89	44	65	117	57	20	102	
69	112	67	85	44	65	109	62	18	108	
54	100	78	85	41	47	113	53	14	103	
51	111	73	89	49	54	98	56	10	102	
55	98	67	75	57	48	107	48	20	105	
50	108	69	80	40	49	101	58	13	89	
56	101	64	82	52	64	115	55	16	92	
69	98	64	88	53	59	108	60	9	97	
56	107	77	76	57	53	110	47	4	106	
52	116	64	75	42	57	102	49	21	97	
59	97	66	78	55	58	109	64	20	93	
69	109	76	88	52	52	106	57	16	94	
55	111	74	81	47	59	113	55	8	96	
50	116	68	91	54	49	116	52	20	104	
62	105	77	86	52	51	99	63	11	106	
59	111	72	85	46	50	98	54	8	101	
62	103	75	76	49	63	113	56	6	91	
55	98	66	90	49	48	113	52	3	102	
62	113	68	78	49	57	109	52	20	91	
50	111	74	75	45	63	117	65	4	91	
69	106	70	75	49	66	107	52	9	90	
62	111	74	91	43	48	111	48	5	91	
67	112	72	80	53	54	102	56	15	107	
56	101	78	74	47	52	98	49	18	93	
69	113	69	76	49	52	105	56	22	103	
55	97	77	81	41	58	116	60	17	93	
57	103	61	82	39	54	100	62	16	101	
55	112	66	87	39	56	104	52	9	91	
59	115	79	92	40	55	115	52	8	91	
62	98	69	75	54	49	113	56	5	106	
56	108	71	76	54	59	110	62	15	102	
69	104	71	89	56	50	114	49	22	90	
55	116	72	83	47	58	101	59	6	106	
60	105	60	82	50	55	101	62	13	95	
68	99	71	81	53	51	103	46	12	89	
66	109	64	77	51	52	99	61	14	104	
51	111	71	77	52	65	117	49	11	102	
62	115	70	78	50	52	110	65	9	100	
54	107	77	84	39	62	110	51	7	103	
67	108	62	82	46	60	101	47	10	94	
63	99	70	91	41	66	99	64	10	104	
69	107	71	82	51	56	114	58	17	105	
51	98	63	92	43	55	111	58	16	108	
51	100	75	84	47	63	115	58	6	94	
51	116	70	85	57	66	100	62	16	108	
56	107	68	89	44	64	107	65	19	91	
51	102	61	79	44	64	98	60	14	100	
69	108	69	92	40	48	106	55	4	107	
51	107	76	73	49	66	112	53	4	95	
59	101	67	88	48	49	101	46	12	101	
57	110	73	92	43	58	98	65	13	99	
67	108	63	77	50	47	112	61	12	103	
67	112	75	90	38	66	112	62	9	104	
60	111	78	78	40	53	98	55	8	102	
57	98	69	88	50	64	109	57	9	102	
58	115	72	82	53	60	100	62	9	105	
60	113	67	74	43	47	109	49	19	91	
50	112	73	91	51	62	108	59	20	92	
61	99	75	74	40	49	102	57	10	94	
64	101	72	88	42	56	114	47	19	107	
60	112	75	74	38	61	111	53	3	96	
62	116	68	85	49	65	111	48	10	94	
56	98	69	92	54	57	104	59	14	104	
53	101	79	80	44	51	100	55	12	106	
58	106	72	83	44	48	109	60	21	99	
51	98	75	89	49	48	102	52	20	99	
66	106	64	77	51	64	99	48	10	104	
60	106	77	86	57	51	108	49	19	89	
65	110	71	90	47	53	102	65	13	98	
50	108	61	82	48	61	116	65	15	104	
53	114	63	82	47	53	106	64	6	108	
64	114	76	92	56	60	109	60	12	101	
63	112	70	89	55	65	105	53	6	102	
50	103	76	88	54	63	104	60	15	100	
52	109	69	90	39	65	104	54	12	105	
53	108	61	74	43	53	100	56	21	100	
69	99	78	90	44	53	114	54	8	108	
51	102	63	91	41	62	114	61	8	106	
67	114	63	74	48	56	107	47	20	100	
51	104	66	75	47	60	106	63	17	89	
50	99	72	85	48	56	102	47	20	107	
62	110	72	88	52	51	109	46	3	107	
54	112	71	87	57	51	99	49	14	94	
62	101	61	78	50	54	115	62	14	99	
69	101	74	82	49	66	117	46	10	94	
57	108	73	85	57	54	113	65	19	91	
67	111	66	77	41	49	103	47	12	98	
51	100	79	79	50	66	103	55	11	92	
61	109	73	85	42	51	103	51	19	95	
67	111	65	81	56	57	114	56	7	107	
55	114	69	88	50	60	107	54	22	96	
68	116	60	89	52	60	107	52	12	91	
61	97	62	82	43	49	104	53	17	95	
62	108	67	76	44	62	115	60	4	93	
61	112	73	86	49	51	102	64	16	107	
60	113	78	84	55	50	116	54	19	103	
57	112	78	85	50	56	113	47	16	91	
55	104	70	87	57	52	106	50	21	93	
64	101	72	89	38	61	110	50	21	108	
53	105	73	76	38	55	103	60	15	102	
60	102	63	82	38	66	105	65	18	92	
60	105	70	85	44	51	101	51	11	95	
50	110	68	77	55	53	98	54	11	103	
57	106	77	86	46	64	112	54	22	102	
51	100	76	87	44	51	108	46	11	91	
69	114	72	87	54	66	110	58	16	93	
57	113	71	77	44	49	100	62	22	96	
63	111	75	83	44	56	101	58	21	94	
50	116	72	78	53	59	112	54	20	99	
68	105	77	86	39	59	112	60	20	98	
69	108	69	73	39	62	106	47	22	94	
59	114	67	90	40	56	115	58	9	94	
66	102	68	90	47	47	105	53	22	103	
54	102	64	74	56	50	101	59	14	97	
61	113	70	76	55	58	112	46	16	100	
51	99	64	78	38	64	116	64	19	94	
63	114	76	83	49	50	99	59	16	93	
56	102	64	86	57	50	112	64	21	98	
60	115	76	81	39	53	103	65	4	105	
65	103	66	78	42	57	100	64	7	104	
65	97	64	90	54	64	116	55	6	101	
60	97	65	83	45	65	100	52	18	95	
64	112	65	89	41	54	108	47	3	98	
51	104	69	74	49	64	105	56	17	92	
67	103	76	79	48	66	103	63	4	100	
69	106	64	74	43	55	108	54	7	92	
54	110	61	88	56	62	99	49	8	99	
53	98	74	87	42	60	103	54	16	93	
59	104	65	86	38	65	105	58	3	96	
66	114	75	87	45	51	107	51	18	96	
56	109	68	88	43	51	114	60	12	90	
69	111	79	86	47	52	110	46	5	91	
61	104	71	81	45	54	98	48	10	101	
61	109	64	80	44	58	112	63	20	102	
69	110	71	79	55	54	103	48	15	91	
53	99	76	83	48	56	115	59	10	97	
66	106	64	92	43	51	100	59	17	90	
57	113	74	87	52	49	102	48	14	89	
51	98	78	85	57	51	112	52	6	105	
58	105	73	89	38	66	114	61	15	101	
53	112	71	74	46	63	117	63	3	102	
58	111	61	76	52	65	101	53	22	104	
55	107	78	82	54	51	110	49	4	104	
59	111	64	74	38	56	101	49	6	90	
51	112	71	92	53	52	103	61	15	91	
61	108	71	79	38	50	116	65	3	90	
65	104	76	86	57	60	109	54	5	94	
68	114	67	84	57	50	106	60	5	90	
68	110	79	76	48	50	101	53	18	93	
57	109	63	87	47	57	112	62	10	102	
50	109	66	74	47	57	106	56	22	108	
61	98	79	86	47	54	106	49	18	108	
50	101	79	92	42	49	108	61	12	103	
56	115	62	88	45	56	103	61	9	107	
68	113	64	73	53	60	102	50	10	104	
59	110	68	90	45	53	106	51	17	105	
69	102	69	91	39	47	115	51	13	90	
68	106	73	74	50	56	107	60	22	97	
57	107	71	73	41	49	115	53	17	99	
57	107	65	77	48	52	104	55	6	104	
64	105	69	77	44	56	113	59	22	99	
53	101	62	91	38	57	110	56	17	100	
68	109	64	87	38	58	109	58	16	105	
69	115	68	74	56	59	116	52	22	96	
56	115	78	86	53	59	98	46	8	92	
59	99	64	82	54	47	109	56	3	105	
62	111	69	89	44	57	109	54	14	94	
53	113	75	79	50	51	106	65	18	99	
54	105	75	80	41	58	117	51	4	97	
54	110	62	82	47	60	101	54	3	90	
61	109	62	85	45	63	98	55	19	93	
65	100	74	81	41	62	111	64	6	96	
64	110	63	82	45	63	105	47	22	97	
66	110	61	75	39	58	106	65	7	102	
63	100	61	88	39	65	116	64	10	100	
68	109	73	74	52	58	111	61	9	93	
53	108	62	77	43	53	110	57	9	103	
58	104	77	79	42	63	116	65	8	91	
66	106	63	74	54	61	98	63	12	107	
63	98	67	86	45	62	116	46	7	107	
61	101	64	75	49	66	111	64	6	105	
65	112	65	82	41	60	108	52	3	105	
55	110	67	82	57	60	115	47	16	94	
59	104	65	92	55	49	98	50	9	108	
58	114	79	87	47	58	99	49	21	99	
51	112	67	92	40	56	115	61	8	92	
69	114	74	90	45	50	106	65	17	106	
62	114	60	75	47	65	112	51	12	108	
68	97	72	88	50	54	105	49	7	106	
50	112	64	85	45	58	115	47	5	93	
56	105	74	84	39	52	104	60	9	104	
64	104	77	89	57	52	116	57	16	96	
52	99	79	78	39	48	105	47	21	89	
68	104	61	75	51	62	98	59	13	102	
60	105	63	89	39	61	114	60	4	89	
64	103	64	79	57	55	104	62	12	92	
64	100	70	87	44	63	104	56	13	90	
50	97	70	79	49	57	105	51	19	100	
68	109	64	75	53	53	107	62	4	106	
62	100	73	83	48	50	100	53	7	106	
59	115	69	79	54	47	115	60	5	106	
59	116	77	90	48	58	102	65	9	103	
63	105	70	74	52	48	100	62	9	99	
65	98	79	87	56	52	100	55	7	92	
68	111	67	82	41	66	117	60	17	91	
60	100	79	86	51	54	110	48	6	101	
55	98	69	79	54	58	116	65	8	95	
57	114	78	91	49	56	105	61	18	91	
52	100	60	91	57	50	107	53	14	95	
68	115	79	86	41	49	111	49	4	107	
61	114	67	75	56	64	104	59	14	91	
59	106	67	75	44	50	108	56	18	103	
58	109	71	78	41	62	106	65	9	93	
67	109	64	82	46	50	112	65	12	97	
56	98	69	92	38	50	112	52	18	89	
54	98	60	78	38	49	115	51	10	96	
67	102	67	92	41	53	112	63	9	107	
69	105	60	84	51	50	116	63	3	105	
69	98	70	83	47	60	102	47	16	105	
67	107	70	83	48	66	113	59	15	90	
64	105	75	79	48	58	100	50	7	107	
60	112	63	89	49	64	115	54	17	108	
53	102	62	75	55	60	116	47	6	90	
53	97	72	87	49	61	103	64	9	101	
64	101	74	73	44	58	100	57	20	108	
59	111	62	73	48	58	113	62	17	97	
63	97	62	75	54	50	109	62	12	106	
50	109	74	84	42	60	116	59	18	95	
62	99	61	82	56	64	117	49	21	94	
65	101	66	79	57	48	111	60	9	91	
61	100	62	85	55	66	98	53	13	108	
58	100	66	74	43	61	105	64	21	100	
63	99	60	86	38	47	102	64	14	95	
50	108	65	87	51	61	107	55	6	93	
58	98	71	87	45	55	104	55	20	108	
52	107	71	87	44	61	113	47	13	97	
56	115	61	73	38	47	104	54	7	100	
59	114	76	77	50	48	113	57	4	97	
61	99	63	90	42	57	113	63	5	97	
64	100	63	92	42	47	100	48	17	105	
65	99	65	81	46	54	98	63	17	91	
61	100	72	91	38	63	105	47	6	107	
61	108	74	86	53	54	117	52	10	107	
61	106	64	82	44	65	117	56	16	104	
62	99	79	86	54	66	105	47	6	98	
64	102	66	91	50	56	109	54	16	107	
66	112	76	83	50	47	106	59	6	99	
52	98	71	91	54	55	110	51	13	93	
55	110	67	74	55	51	113	54	17	105	
57	108	65	88	46	58	105	55	10	103	
52	105	73	78	46	62	108	55	22	104	
62	102	62	92	52	55	108	56	21	91	
52	101	76	84	57	55	100	57	21	94	
61	98	74	76	40	47	102	54	18	102	
50	111	72	85	55	52	103	62	5	101	
66	98	61	84	57	66	107	48	6	108	
58	101	79	83	51	62	116	59	8	90	
59	111	60	91	43	60	117	60	19	98	
53	110	65	76	43	51	99	56	5	93	
59	97	74	87	54	58	107	59	4	99	
66	103	68	79	52	52	115	53	15	89	
61	109	72	82	41	57	103	46	9	89	
52	103	69	79	53	49	110	65	17	107	
53	114	65	88	38	55	111	52	7	108	
67	100	67	88	48	66	109	55	9	99	
50	97	64	87	43	55	98	50	8	103	
57	108	77	77	46	52	104	49	14	94	
64	113	67	77	45	59	114	59	16	94	
50	105	79	76	44	56	103	47	9	105	
59	108	79	84	47	60	111	53	8	105	
58	101	64	91	47	47	104	47	3	94	
51	97	77	77	53	50	104	50	13	97	
62	97	66	84	43	66	103	61	14	91	
68	116	76	83	50	47	104	46	16	97	
66	116	74	87	55	51	107	64	13	90	
51	107	65	81	53	63	103	54	19	94	
50	98	74	79	38	66	113	58	3	96	
68	116	64	82	52	57	106	59	16	95	
51	106	70	81	43	52	100	53	19	93	
63	101	60	76	53	59	107	56	16	97	
53	110	64	73	42	50	117	52	20	104	
65	104	75	84	40	52	103	50	13	108	
61	115	70	75	57	63	103	47	19	91	
56	98	63	84	43	56	104	56	14	98	
53	110	68	86	53	64	114	50	20	99	
58	97	79	84	55	66	105	59	7	98	
60	99	66	90	47	48	111	60	22	105	
57	104	76	79	44	49	111	65	19	100	
56	106	61	87	47	51	115	47	11	106	
50	100	64	73	53	58	115	61	6	104	
63	111	67	84	50	53	98	63	11	105	
60	116	61	86	46	57	117	47	18	98	
55	108	63	76	48	62	109	48	16	99	
53	115	67	80	51	55	98	54	9	108	
56	100	67	73	40	61	107	50	16	89	
69	108	68	82	38	53	111	54	3	90	
68	116	67	85	45	51	110	63	5	105	
67	99	74	79	48	62	112	53	21	102	
69	100	63	87	57	47	115	55	8	99	
61	102	78	80	43	48	115	64	4	108	
51	109	66	75	39	56	105	49	19	106	
65	107	74	83	53	55	113	63	11	103	
54	105	61	77	54	51	109	53	5	98	
67	104	70	87	45	50	108	50	3	97	
69	98	74	82	51	61	114	48	22	91	
61	110	67	73	49	51	114	54	17	104	
53	103	75	89	56	63	105	57	18	104	
63	113	67	86	57	64	105	57	6	91	
66	115	79	84	51	51	105	47	8	94	
62	99	62	89	50	54	99	63	11	98	
52	114	76	81	48	52	116	65	5	107	
64	112	66	79	42	56	117	56	13	94	
62	103	66	77	54	62	107	46	22	92	
64	114	73	79	42	64	98	62	4	95	
64	97	66	83	45	60	99	62	16	99	
56	113	65	80	57	61	103	46	10	96	
66	103	72	75	49	55	110	61	21	100	
62	103	68	87	42	54	102	52	13	94	
59	104	62	82	54	64	113	62	13	93	
55	101	72	89	50	47	105	46	3	104	
53	104	69	73	45	53	115	62	15	95	
69	104	60	77	49	58	107	53	21	107	
52	100	61	77	39	51	104	57	20	90	
60	102	63	75	54	49	109	50	17	92	
66	115	74	75	45	53	105	55	7	106	
66	108	68	82	50	47	106	64	16	91	
55	105	63	80	54	66	116	63	5	96	
64	104	66	87	57	63	103	46	15	99	
65	98	66	73	52	66	99	50	10	99	
69	111	77	86	47	52	109	56	8	92	
57	109	74	82	56	64	110	63	12	94	
61	102	61	78	49	66	100	57	21	103	
58	100	67	86	44	51	106	63	20	90	
57	97	63	87	54	52	110	56	5	106	
69	115	60	88	54	57	115	52	10	92	
52	102	71	82	43	55	109	50	7	108	
61	110	70	89	44	52	103	56	19	91	
64	114	62	86	46	57	108	51	12	101	
65	107	78	76	45	50	99	49	13	93	
68	100	61	74	46	61	117	49	14	97	
65	113	77	86	55	59	102	65	7	93	
55	111	71	86	55	66	108	51	5	102	
60	97	79	83	38	63	111	52	11	100	
54	114	61	80	49	55	116	61	21	99	
68	111	75	91	42	50	101	47	7	96	
50	113	67	82	51	65	102	57	7	89	
58	102	61	90	55	49	101	60	12	91	
66	101	74	88	57	58	104	47	6	92	
69	105	62	85	55	47	98	63	7	92	
58	102	78	80	57	57	100	62	3	89	
63	100	71	89	56	49	116	59	14	98	
64	115	67	77	55	59	101	65	16	94	
57	103	66	78	45	53	114	48	15	91	
57	97	62	81	56	65	100	48	10	100	
60	97	70	77	53	59	99	55	22	101	
68	98	63	76	46	50	101	56	16	107	
54	104	65	78	45	63	103	49	21	101	
56	108	79	83	46	48	117	59	20	93	
67	103	78	78	38	52	109	61	14	101	
51	101	75	92	49	48	115	63	20	93	
50	98	63	89	54	52	110	58	8	108	
56	101	75	74	48	62	101	51	16	108	
62	99	78	77	53	62	103	64	9	92	
50	102	75	82	57	59	101	59	4	98	
64	102	68	80	41	53	107	50	17	90	
62	98	67	78	49	64	98	48	16	93	
59	115	75	80	43	61	103	60	15	89	
58	97	77	84	41	52	102	60	17	90	
66	109	77	88	40	58	106	57	15	99	
68	97	72	90	53	63	98	61	3	102	
55	115	75	86	38	59	110	63	7	98	
59	99	68	89	45	60	106	55	21	92	
68	98	62	77	49	51	114	64	22	92	
54	116	72	87	47	61	102	54	8	91	
57	114	78	86	43	53	117	62	3	102	
59	103	65	90	51	60	113	53	20	100	
52	115	61	82	55	59	113	46	11	98	
59	102	74	77	52	61	102	61	19	96	
58	115	70	79	53	54	103	61	19	103	
54	110	63	84	40	52	106	50	17	95	
52	116	79	73	41	60	100	63	20	93	
50	100	73	76	57	62	100	61	18	90	
64	108	61	75	46	50	110	52	21	92	
67	105	76	79	48	59	104	52	8	98	
68	115	60	89	46	55	117	49	15	104	
52	99	61	77	53	48	111	50	12	94	
64	111	60	92	54	47	109	61	5	97	
62	106	65	82	53	49	112	62	16	101	
61	110	64	87	46	47	107	46	18	90	
62	115	68	79	39	47	115	64	17	103	
65	97	78	92	53	64	99	59	17	108	
62	99	67	84	50	61	106	47	14	106	
51	104	75	76	55	49	117	64	3	92	
60	115	67	92	38	60	115	54	11	99	
67	102	78	85	41	62	108	58	16	92	
63	114	73	83	57	62	111	65	16	94	
69	98	66	86	48	50	100	60	22	97	
61	112	77	90	38	50	117	63	19	94	
68	100	61	77	50	56	105	62	9	89	
52	102	62	83	45	58	104	58	12	107	
69	107	68	84	55	52	110	55	20	99	
67	98	74	89	39	54	100	49	9	99	
58	116	62	76	55	55	112	59	11	94	
55	111	71	83	54	47	112	54	18	102	
50	102	76	81	50	59	112	48	17	91	
52	110	65	90	38	56	108	62	13	99	
50	103	61	76	51	47	105	46	3	99	
57	115	74	85	43	66	104	49	5	93	
63	104	60	74	45	49	116	46	7	89	
67	111	65	75	57	50	112	56	22	108	
69	106	63	79	52	58	111	57	6	99	
61	109	66	88	46	49	103	56	19	97	
63	110	79	86	42	50	108	49	22	95	
60	115	69	73	52	54	108	64	5	95	
50	100	68	92	55	47	112	52	18	95	
57	115	63	80	40	52	106	48	20	98	
50	100	68	90	49	62	112	64	16	96	
55	101	78	75	42	57	113	60	7	98	
67	101	61	87	48	56	117	55	12	106	
56	107	79	89	45	49	110	63	4	106	
52	110	63	86	39	57	102	46	14	93	
68	113	70	86	57	58	98	62	4	90	
66	113	76	91	49	61	98	54	7	108	
65	106	62	80	50	54	113	65	4	96	
64	108	61	87	43	60	105	63	12	99	
57	111	70	80	45	58	116	54	8	108	
68	99	63	85	52	64	107	57	8	90	
60	114	79	86	42	55	116	55	18	107	
65	101	69	76	44	65	99	59	10	108	
65	102	71	86	40	58	108	60	20	91	
56	104	70	75	38	48	104	54	6	91	
63	102	79	87	42	52	106	58	6	96	
60	112	66	76	50	65	113	61	20	100	
56	102	62	82	56	62	110	50	22	95	
51	108	70	76	44	54	99	48	9	97	
68	108	75	84	49	49	107	46	13	89	
57	98	60	86	40	64	109	58	22	92	
52	113	78	82	52	62	110	61	11	97	
59	98	64	76	44	52	115	64	12	104	
57	111	68	90	53	58	100	61	10	90	
52	100	79	79	55	62	110	56	5	93	
58	115	64	89	52	62	102	53	21	100	
50	97	65	81	48	55	112	47	16	92	
54	106	79	76	47	59	98	64	4	94	
68	110	74	74	42	57	113	50	9	103	
51	112	73	88	55	47	110	48	21	98	
65	112	72	88	39	64	98	64	4	94	
58	102	60	83	48	57	98	53	19	107	
68	114	65	74	50	54	115	46	20	106	
55	111	72	81	47	53	111	53	11	91	
58	112	73	73	41	54	99	54	7	92	
53	112	62	73	40	62	111	60	19	99	
62	107	66	73	48	65	108	62	12	95	
59	110	78	76	44	52	104	59	17	96	
52	101	73	81	50	63	102	57	13	90	
55	99	60	83	43	66	100	48	19	97	
61	109	78	84	53	57	110	46	13	92	
63	97	70	77	54	56	112	61	19	96	
62	113	73	78	38	51	114	49	5	90	
58	109	72	80	51	47	105	61	8	108	
55	106	68	82	45	60	110	54	18	98	
63	107	63	78	49	53	106	60	8	94	
51	105	71	74	52	56	117	55	3	89	
59	112	77	75	49	48	105	57	5	91	
53	112	71	76	45	58	109	64	14	104	
51	100	66	73	43	63	107	59	18	98	
69	110	76	86	45	48	114	52	14	107	
50	105	68	80	57	58	111	48	15	105	
55	101	66	83	44	48	115	49	3	105	
66	105	71	92	49	63	101	51	7	89	
55	116	75	74	49	53	113	49	11	104	
55	101	79	84	45	48	117	61	17	92	
55	108	62	82	42	65	111	52	15	106	
60	115	67	83	44	63	112	52	4	108	
65	115	71	82	41	47	110	49	6	93	
57	105	61	88	51	61	99	58	5	89	
68	106	71	79	45	65	107	57	19	101	
65	107	70	74	39	61	113	57	13	108	
56	103	65	87	47	54	107	63	9	91	
58	100	75	81	50	48	113	55	15	102	
69	113	63	79	52	52	98	51	21	106	
54	98	71	75	41	48	116	56	8	106	
60	106	65	87	51	61	108	52	22	92	
62	115	60	73	50	64	115	60	8	100	
65	110	68	82	49	58	99	49	21	104	
51	105	64	73	44	62	104	61	7	94	
64	110	68	75	43	62	114	61	21	90	
61	104	65	73	44	58	110	50	19	104	
63	101	77	73	38	65	112	60	16	105	
62	108	69	84	41	50	115	49	11	102	
68	101	71	92	47	57	116	58	8	93	
52	100	60	79	54	56	115	61	4	94	
51	98	73	88	55	50	105	58	14	100	
66	109	62	78	44	50	104	54	10	105	
60	111	74	86	55	57	99	57	4	93	
68	112	70	79	41	56	109	63	6	106	
62	115	76	92	56	66	104	48	10	92	
56	100	61	76	49	53	104	46	13	105	
52	110	76	89	38	53	105	62	18	97	
54	103	77	87	48	62	100	55	15	95	
64	116	74	73	51	52	102	57	16	90	
56	113	63	78	45	48	108	50	4	102	
60	101	66	78	39	56	117	61	18	89	
62	99	75	88	52	63	117	65	7	89	
64	105	62	78	46	56	99	58	16	104	
50	106	67	80	43	54	116	58	8	93	
63	113	71	85	47	63	105	46	3	102	
67	113	65	91	53	59	114	51	17	99	
50	110	64	90	47	62	103	50	18	108	
62	100	64	86	42	63	106	62	6	93	
65	110	76	89	47	60	104	50	19	96	
65	98	68	81	44	66	98	62	14	94	
64	101	67	87	56	56	117	47	6	92	
58	113	63	90	55	58	111	55	18	106	
50	97	73	73	51	48	110	58	7	105	
58	109	77	87	49	55	106	52	20	105	
54	114	79	82	50	54	110	48	20	95	
63	116	76	74	41	63	107	48	19	104	
57	107	69	74	44	51	99	65	20	92	
51	103	73	79	45	61	107	65	4	97	
65	111	66	85	41	56	107	62	4	89	
54	116	63	88	57	48	108	49	10	102	
58	97	70	90	51	56	117	60	9	105	
66	102	72	76	41	64	116	64	13	105	
59	104	75	81	51	47	103	50	17	89	
55	102	72	91	41	50	112	47	6	89	
69	112	77	87	48	49	104	62	17	104	
58	106	60	88	54	64	105	48	16	96	
61	97	68	89	38	54	112	64	5	100	
51	107	68	73	41	48	105	46	3	91	
61	97	65	78	50	48	100	46	8	106	
51	102	78	85	44	62	110	48	21	99	
65	107	64	84	56	57	117	50	15	92	
56	115	79	90	48	52	99	55	4	98	
64	113	62	92	52	47	116	47	10	89	
64	100	64	80	45	56	101	65	16	107	
51	109	74	92	38	47	110	57	8	91	
58	109	67	81	45	56	112	53	11	102	
63	110	78	82	57	62	109	50	12	108	
67	99	62	79	38	57	99	50	13	95	
52	99	60	87	53	64	104	62	18	101	
60	107	79	76	50	57	116	52	3	101	
62	109	68	74	53	55	117	53	15	90	
58	109	79	91	53	62	117	58	17	107	
51	114	69	86	45	65	107	53	15	95	
57	100	69	90	42	54	115	46	21	99	
55	104	73	78	41	56	103	49	7	95	
69	101	64	78	51	60	104	63	9	105	
57	108	61	73	39	64	110	61	22	89	
63	101	78	81	47	52	112	49	20	106	
57	114	72	88	42	61	101	58	22	104	
53	111	68	76	51	48	108	58	14	93	
55	115	74	85	43	49	115	64	17	104	
52	106	66	91	51	65	117	65	7	105	
69	115	61	88	41	61	106	55	10	93	
53	109	64	87	41	50	117	52	12	96	
57	97	65	82	55	48	108	54	12	106	
65	104	69	75	56	52	104	55	9	90	
64	114	67	85	38	55	102	47	14	90	
64	114	69	81	44	50	101	60	21	97	
57	102	79	86	56	50	110	50	21	97	
52	108	78	81	52	52	105	48	8	92	
67	97	76	76	47	50	111	48	12	91	
53	109	60	89	49	52	101	46	21	93	
62	113	72	84	55	49	116	57	18	98	
50	109	79	82	54	64	110	65	15	107	
60	103	74	84	56	65	105	64	6	89	
59	100	66	83	48	66	107	56	7	89	
61	114	74	82	51	55	104	54	19	99	