1000
10
98	23	83	90	94	48	43	40	116	91	
108	26	91	92	89	53	33	47	103	103	
91	24	90	89	84	44	44	48	118	108	
98	25	81	101	91	48	37	49	102	93	
100	22	93	96	81	50	30	47	101	90	
107	28	81	91	79	53	46	54	106	104	
96	26	94	94	89	48	41	40	118	92	
96	22	81	87	86	53	27	39	110	105	
102	24	93	95	89	40	42	40	114	104	
94	24	85	93	84	57	42	43	112	98	
101	18	96	87	78	56	37	35	113	91	
93	21	95	92	91	45	40	41	111	90	
98	20	82	88	90	55	34	45	107	99	
100	15	89	98	75	52	32	46	100	104	
96	18	91	95	91	47	34	38	108	107	
105	27	78	103	82	57	40	50	112	106	
95	22	83	104	82	42	41	35	114	93	
106	12	79	98	91	41	39	53	119	100	
95	11	85	100	78	40	28	47	109	106	
108	10	78	87	79	56	41	49	104	95	
103	11	87	87	79	52	40	47	101	98	
107	16	94	94	93	43	40	44	102	99	
103	19	87	101	82	49	38	52	111	92	
92	24	77	94	94	40	29	48	117	108	
103	23	82	99	87	50	36	40	119	106	
104	29	86	94	80	48	31	39	101	100	
102	16	88	89	80	59	35	50	116	105	
109	24	86	94	83	58	44	44	105	98	
95	17	81	89	77	48	36	35	114	104	
105	25	80	97	86	53	35	37	103	105	
104	13	92	102	77	47	45	47	112	109	
105	16	81	98	80	56	29	46	118	98	
102	28	90	94	93	44	42	51	102	99	
108	14	89	100	77	44	27	40	103	101	
106	24	92	102	85	48	28	52	106	96	
97	29	87	86	85	56	40	41	109	96	
91	29	83	102	84	56	37	51	111	90	
98	23	80	98	90	53	40	38	108	99	
106	12	81	102	80	56	41	35	106	101	
101	17	78	99	91	45	46	47	102	102	
106	16	77	94	89	54	44	53	105	93	
104	14	83	90	89	47	33	43	114	96	
99	23	81	89	82	42	31	45	105	94	
96	19	82	101	93	41	40	42	112	99	
100	23	94	96	80	45	34	40	113	106	
99	25	91	95	87	58	35	42	117	95	
104	16	83	92	77	46	40	43	114	95	
105	18	83	99	83	58	29	44	117	99	
93	21	80	97	82	50	41	38	111	102	
100	24	81	92	81	54	29	38	112	97	
103	18	83	96	91	59	30	35	102	97	
110	19	83	93	92	47	36	36	109	107	
108	25	81	99	79	41	35	40	114	103	
108	12	86	95	83	56	31	41	103	95	
108	26	79	104	79	54	40	46	114	105	
102	14	91	94	75	40	27	44	113	91	
110	20	79	93	76	50	31	40	117	103	
91	22	86	101	82	53	39	36	118	97	
93	12	89	105	89	54	27	54	114	109	
106	27	94	94	86	42	31	48	106	100	
93	21	77	101	85	57	41	54	108	107	
108	19	78	93	87	41	37	38	106	99	
108	15	80	104	90	42	34	42	101	107	
108	13	82	95	84	49	28	40	104	93	
96	16	81	93	94	50	29	51	104	94	
109	21	91	102	92	49	30	43	109	98	
107	20	83	103	83	47	37	50	105	94	
92	13	88	91	82	59	43	35	117	103	
96	25	86	105	94	57	41	42	112	92	
109	24	91	103	80	40	36	38	102	93	
105	28	89	88	81	51	39	49	113	106	
100	13	94	88	85	57	43	36	118	92	
97	19	77	88	77	42	46	52	119	103	
93	23	91	100	86	40	41	50	107	97	
107	11	95	87	89	40	39	48	117	104	
100	13	80	92	78	46	30	45	102	108	
91	21	91	97	91	44	40	44	107	93	
107	22	94	103	75	41	45	50	116	103	
104	26	77	99	78	48	45	42	119	99	
99	18	93	102	82	44	46	52	101	90	
96	21	85	95	90	58	32	52	101	104	
94	23	78	86	82	44	29	40	117	99	
106	28	88	97	80	59	27	39	119	98	
94	18	84	86	85	40	37	42	117	90	
102	17	85	90	93	51	39	35	116	107	
102	21	85	101	82	50	34	40	108	97	
91	25	93	90	81	43	46	50	118	96	
107	25	95	94	79	50	33	48	113	97	
99	19	95	97	91	55	34	40	105	107	
91	16	79	97	91	48	35	50	108	96	
99	16	85	102	87	48	32	42	100	102	
106	13	83	97	83	50	41	52	111	98	
105	29	88	89	87	43	37	43	116	103	
94	28	95	102	89	43	41	41	118	90	
105	11	93	93	77	57	31	41	108	95	
99	22	78	88	76	53	28	36	104	109	
101	25	83	86	78	44	27	48	104	92	
108	18	84	94	91	53	29	40	118	91	
102	17	94	98	75	53	43	40	109	97	
103	20	94	101	84	43	39	54	105	90	
91	14	88	97	79	41	28	45	108	108	
92	13	83	94	84	54	31	44	106	91	
99	20	94	87	77	51	42	39	114	92	
105	17	87	87	87	59	35	39	109	95	
103	22	85	98	76	52	46	37	114	93	
96	19	90	102	92	50	42	36	103	99	
105	16	87	105	91	46	45	47	108	105	
105	24	77	89	94	45	41	39	110	92	
108	28	89	89	86	52	27	52	106	91	
108	19	91	90	93	40	35	41	105	104	
102	29	77	105	87	45	33	41	112	109	
105	16	88	98	91	48	40	44	102	99	
95	22	84	93	82	40	44	37	108	107	
103	19	79	96	77	56	36	45	119	103	
100	17	90	103	84	44	43	38	108	100	
96	19	93	98	86	55	45	43	108	91	
104	20	95	93	87	51	31	44	104	96	
102	10	94	90	88	49	42	38	111	96	
91	18	82	91	91	55	32	40	118	101	
97	14	78	105	85	55	44	52	103	98	
104	22	89	95	80	59	27	39	119	109	
95	11	93	97	84	57	43	37	116	98	
98	19	86	102	94	59	44	35	112	108	
96	14	77	92	88	40	30	40	119	100	
102	17	82	97	79	56	28	43	115	99	
91	18	80	104	81	59	30	54	101	105	
98	13	93	99	80	52	33	46	112	91	
104	25	85	93	75	46	27	44	106	92	
103	18	96	86	80	55	42	50	119	101	
100	13	78	98	78	56	28	43	109	99	
109	18	90	100	84	51	43	53	104	106	
101	15	87	103	77	58	36	42	114	106	
101	28	90	99	84	45	36	44	105	90	
99	12	78	91	78	56	41	52	102	109	
98	18	81	95	94	49	35	42	103	106	
104	12	81	103	91	56	39	45	111	107	
101	28	82	92	83	43	34	53	108	100	
98	18	96	86	79	47	36	46	115	97	
94	27	85	91	92	44	29	39	106	101	
98	19	93	91	82	56	42	39	111	92	
101	22	79	95	84	51	28	53	106	95	
106	23	89	104	75	51	44	36	108	98	
95	15	83	100	75	52	38	54	113	108	
94	22	89	97	86	46	45	54	107	106	
109	15	89	96	84	53	30	49	100	92	
103	22	83	97	77	47	32	51	112	96	
102	20	80	86	92	51	46	48	102	109	
104	17	94	89	88	44	27	47	101	99	
103	10	78	90	90	51	36	38	106	100	
109	12	81	100	88	54	39	37	102	106	
106	16	94	95	86	43	41	39	116	100	
107	21	87	99	78	50	33	39	114	90	
98	28	93	98	82	59	27	39	103	97	
103	20	92	93	87	56	33	38	113	98	
105	22	85	103	82	49	45	53	109	106	
101	13	84	103	94	57	39	49	107	105	
108	17	82	94	93	52	31	42	112	97	
107	18	84	100	87	50	37	39	100	106	
92	21	78	90	94	52	40	42	102	98	
98	23	84	103	86	45	32	53	103	96	
107	24	88	97	89	52	36	53	113	90	
102	15	86	93	93	50	35	37	119	98	
110	24	78	105	88	47	27	42	117	108	
103	17	77	103	92	50	32	35	104	99	
98	19	95	105	87	44	32	43	116	98	
102	18	86	94	75	53	37	35	100	91	
110	20	88	105	82	44	34	48	106	99	
110	16	83	100	79	46	33	52	104	96	
97	13	87	94	81	53	27	42	107	94	
98	17	80	92	80	56	35	50	115	104	
93	19	80	93	84	54	35	50	115	95	
104	11	92	99	76	40	40	50	111	95	
98	13	83	87	87	40	41	46	114	98	
96	28	87	90	89	54	30	42	117	104	
107	14	91	87	82	46	39	43	113	108	
94	17	87	95	90	57	38	43	108	103	
108	12	82	87	77	49	46	44	117	98	
107	23	84	90	88	48	27	41	103	94	
107	26	92	98	80	42	41	38	115	102	
101	28	91	86	93	47	43	51	100	101	
106	10	87	91	82	46	32	38	108	92	
93	19	94	94	87	40	32	45	103	101	
102	27	90	87	76	51	38	41	114	90	
97	22	79	96	86	56	46	54	106	101	
106	14	87	99	81	55	42	44	105	95	
96	14	95	95	89	40	42	47	119	96	
97	13	89	95	90	41	42	50	100	93	
96	14	88	89	82	49	27	46	110	90	
100	16	93	94	77	58	29	48	116	95	
101	16	95	100	81	55	41	35	100	103	
95	24	91	105	84	57	43	46	110	108	
93	17	91	105	84	40	46	35	117	91	
105	13	80	90	85	45	34	45	106	102	
109	11	95	97	88	46	43	52	103	104	
96	11	79	105	81	59	40	49	105	108	
100	15	81	99	85	50	30	42	111	92	
93	11	77	89	77	43	36	41	107	103	
96	23	78	103	86	53	36	48	114	92	
101	25	88	96	92	46	38	54	116	109	
109	28	77	103	79	57	30	48	112	98	
97	18	92	95	79	52	40	54	117	94	
100	11	79	93	76	53	44	45	109	95	
102	13	88	95	90	53	28	48	112	103	
110	27	86	93	94	53	39	54	107	103	
91	10	79	101	94	40	37	48	115	97	
100	28	79	94	94	50	38	51	119	99	
98	21	93	99	84	43	42	37	106	97	
101	18	87	102	79	45	39	39	109	106	
99	18	89	92	79	44	39	50	116	98	
102	15	83	102	80	49	36	46	114	109	
95	11	82	87	80	51	46	35	117	106	
107	29	95	102	75	49	38	38	115	102	
98	10	86	87	76	50	38	43	113	93	
103	23	90	92	83	55	46	41	103	94	
101	11	84	91	83	58	42	48	117	109	
91	10	85	101	80	49	40	37	108	100	
110	10	96	105	90	59	31	40	113	108	
97	13	91	92	78	59	43	41	115	104	
93	19	91	100	79	55	30	41	112	100	
99	22	81	104	87	49	27	43	113	98	
106	20	91	91	80	54	46	36	110	106	
95	24	77	89	86	54	31	36	107	90	
94	16	96	92	91	55	35	48	112	101	
105	29	89	87	90	51	30	38	106	91	
110	17	91	94	75	47	28	47	114	102	
101	21	94	90	75	54	42	41	117	102	
100	15	88	88	80	49	42	41	110	106	
93	20	87	96	84	45	31	46	114	109	
102	27	78	98	87	53	37	47	118	107	
107	11	90	87	80	40	30	48	101	102	
109	18	82	97	81	40	27	52	117	100	
103	16	96	87	84	40	46	51	100	98	
91	10	81	88	88	45	39	36	108	102	
101	16	85	93	82	58	46	35	100	98	
97	29	94	104	83	47	38	48	116	107	
109	12	83	89	83	48	32	49	114	104	
110	29	83	90	80	53	33	35	104	94	
93	12	77	102	94	41	27	53	100	107	
91	24	86	90	86	46	27	40	110	96	
96	11	84	104	83	55	44	41	114	103	
98	20	93	88	86	42	34	44	103	99	
97	16	83	98	94	56	27	40	117	106	
107	14	83	105	87	57	34	43	100	99	
108	24	92	93	81	56	43	40	104	94	
106	25	78	98	86	51	46	42	111	105	
95	15	95	93	91	48	32	42	118	104	
99	20	85	97	78	58	38	42	100	107	
109	19	85	93	77	48	31	48	106	109	
100	20	83	97	92	46	36	37	115	100	
99	21	87	95	89	55	35	52	101	107	
101	17	78	103	93	51	27	39	109	109	
104	25	86	94	85	55	46	41	104	97	
109	16	88	104	92	52	46	54	115	94	
92	21	90	88	87	44	31	50	110	95	
94	11	92	88	92	41	31	53	107	98	
107	24	90	102	92	53	41	37	113	107	
96	15	93	97	87	53	46	37	114	109	
91	29	83	101	85	56	42	48	102	95	
97	27	90	101	89	43	42	39	118	98	
110	13	79	102	86	41	29	51	110	96	
91	17	87	92	79	50	46	48	108	96	
93	21	86	92	92	43	38	51	109	91	
91	21	96	91	80	53	46	38	116	98	
107	12	87	92	86	52	45	39	118	106	
92	10	79	92	81	45	38	40	103	102	
96	13	81	87	85	46	36	37	109	97	
99	27	90	86	79	46	46	42	115	105	
105	25	86	91	87	51	46	35	114	95	
94	22	81	104	75	54	34	35	114	98	
98	28	79	96	86	46	39	37	106	108	
108	12	88	96	75	52	35	44	101	103	
97	22	94	92	88	47	36	42	108	90	
101	15	83	90	86	51	35	45	111	97	
103	13	78	101	94	51	28	54	116	104	
110	20	83	92	86	40	45	39	106	102	
94	16	84	95	79	41	35	37	111	108	
95	10	77	88	78	57	28	47	102	105	
92	21	83	87	92	54	35	39	104	109	
98	11	86	100	86	40	45	37	101	91	
107	10	80	92	85	41	31	47	118	97	
94	22	77	99	77	54	31	45	103	106	
93	23	84	86	92	45	37	45	100	108	
97	23	84	100	84	46	44	54	107	94	
103	14	81	96	84	52	32	51	119	101	
110	15	83	105	90	53	42	48	119	99	
91	24	90	95	78	48	33	46	112	108	
92	24	85	92	86	56	28	37	117	93	
105	19	94	92	77	47	37	37	118	102	
100	19	91	102	78	49	39	53	108	92	
98	12	85	98	84	41	42	45	117	103	
99	24	80	86	75	52	30	46	112	107	
94	13	77	104	89	41	31	54	110	98	
109	27	84	96	82	55	31	53	114	108	
91	23	90	87	78	57	45	36	102	104	
95	15	96	86	93	55	43	47	106	108	
97	19	87	86	84	56	43	45	100	103	
101	29	89	92	81	46	30	38	109	106	
102	29	84	103	81	46	32	41	110	97	
95	10	91	87	82	49	28	51	113	93	
105	23	85	86	78	43	30	50	108	91	
109	13	87	93	90	52	41	51	112	93	
101	15	82	105	85	42	43	49	119	105	
107	27	88	96	83	45	30	41	101	108	
98	13	90	87	79	56	33	39	102	103	
96	14	82	100	89	59	46	37	117	109	
100	14	89	100	84	50	28	35	104	103	
92	24	81	95	81	52	28	39	117	102	
106	26	77	91	81	44	29	54	110	96	
109	19	89	89	90	45	29	41	103	100	
96	15	89	89	77	45	31	53	113	107	
92	26	89	105	78	51	32	54	110	105	
98	16	93	91	87	57	39	41	115	96	
102	19	88	90	82	46	33	42	101	90	
95	10	82	97	90	56	44	42	100	107	
105	17	85	95	92	42	32	37	110	103	
98	22	81	102	84	45	42	37	117	103	
100	26	85	98	78	49	41	48	105	105	
109	13	86	103	79	54	44	40	103	103	
105	15	86	89	82	43	37	47	116	92	
109	28	78	99	75	48	35	46	105	94	
103	18	96	86	92	46	36	42	101	98	
107	29	86	96	94	52	33	40	111	102	
110	25	83	102	76	40	27	43	101	102	
110	25	85	92	91	56	42	46	108	90	
94	27	92	100	93	51	36	50	103	109	
102	11	82	97	79	50	27	47	112	100	
101	25	88	95	80	47	45	45	103	103	
97	15	91	94	80	49	43	53	113	90	
97	23	95	100	93	57	39	39	100	91	
106	16	82	103	89	50	29	52	119	104	
97	14	82	89	91	56	41	46	119	105	
95	18	78	95	85	41	39	40	103	97	
91	26	90	96	89	42	33	40	119	91	
100	10	95	102	84	47	30	53	113	107	
100	15	87	102	91	52	35	35	105	98	
102	18	79	103	75	50	38	49	107	107	
106	17	94	103	90	57	39	40	103	102	
97	28	83	87	80	59	41	41	109	96	
101	16	86	104	80	45	33	38	116	93	
107	25	89	98	83	42	29	46	115	99	
103	18	91	102	75	59	32	46	114	108	
106	26	77	87	83	45	36	35	105	107	
106	11	96	94	82	45	30	50	104	105	
101	23	81	93	84	56	37	36	109	91	
98	20	82	99	85	45	41	35	110	101	
94	26	81	93	86	53	41	48	117	93	
98	22	78	88	80	53	41	45	107	93	
107	28	81	95	78	44	43	48	106	102	
91	29	86	88	77	47	39	42	109	92	
91	28	96	97	92	50	40	51	102	109	
104	16	83	94	75	51	31	41	100	106	
98	17	90	91	79	57	27	48	119	94	
95	23	92	101	80	56	45	40	114	95	
109	16	91	96	89	55	46	42	119	101	
102	27	90	104	94	44	42	37	112	102	
110	29	79	92	75	56	33	47	113	109	
98	27	81	102	78	59	34	38	112	100	
92	25	87	100	79	43	31	53	111	101	
93	22	90	97	90	56	40	47	115	106	
91	27	95	87	75	55	31	46	113	97	
91	13	86	87	88	54	32	41	107	93	
97	10	90	88	75	58	28	35	110	97	
106	17	82	98	83	43	35	43	108	107	
96	20	95	86	82	59	37	36	112	97	
93	16	78	89	83	57	27	41	110	92	
100	14	93	105	94	48	33	37	101	106	
101	10	95	99	94	42	42	45	100	101	
105	23	94	102	85	50	30	51	109	108	
109	25	87	90	91	55	33	46	114	101	
105	14	85	92	90	48	45	39	117	102	
110	18	81	89	79	55	46	36	104	104	
106	26	89	92	81	53	32	41	110	101	
109	12	94	86	94	50	42	51	114	96	
93	26	87	97	85	59	33	42	112	93	
108	25	81	103	86	43	28	51	119	92	
104	12	91	102	88	49	28	46	112	100	
104	11	79	98	90	45	45	48	116	98	
97	16	92	101	86	57	33	40	112	105	
103	10	94	90	85	46	34	37	105	104	
98	28	90	89	88	43	28	46	112	91	
93	13	82	105	93	55	45	51	108	96	
91	24	82	87	88	49	35	47	104	90	
100	11	96	103	93	48	45	46	119	107	
108	29	85	102	80	58	29	43	118	109	
110	14	87	102	90	50	34	35	117	96	
96	25	87	105	79	48	42	49	102	99	
104	14	90	97	94	58	33	52	109	92	
101	20	79	89	81	48	45	53	116	94	
96	16	93	88	75	46	32	39	108	105	
98	27	88	89	84	43	30	46	114	105	
94	18	88	93	82	47	29	48	110	93	
96	27	96	93	76	52	34	38	108	101	
93	22	93	102	87	53	27	50	106	94	
106	16	81	100	93	42	31	52	118	97	
104	25	80	95	78	55	39	35	112	95	
91	12	86	87	79	51	33	35	119	102	
107	29	83	104	90	52	34	51	110	91	
97	20	96	104	83	49	36	35	107	98	
100	26	90	102	88	55	36	45	107	97	
91	26	90	87	93	40	27	36	108	103	
108	13	81	102	88	51	37	47	107	97	
105	28	87	86	86	46	31	53	118	101	
102	22	95	103	77	43	33	37	108	102	
99	20	77	105	76	54	46	52	109	109	
100	21	88	92	81	42	37	51	115	91	
99	18	83	87	91	46	35	45	101	101	
94	24	86	102	82	40	41	37	106	92	
99	24	92	98	78	57	39	47	108	105	
110	16	89	87	92	48	31	41	100	109	
97	11	87	98	76	42	41	40	113	91	
93	27	86	95	91	53	27	38	101	91	
92	28	92	94	76	44	28	53	101	97	
107	16	81	95	92	46	38	35	110	101	
102	27	87	99	84	58	43	37	115	102	
92	29	93	93	80	45	40	53	103	103	
107	11	91	86	84	46	45	38	116	93	
102	28	86	94	76	53	43	40	104	108	
97	21	88	104	93	56	38	38	106	92	
99	21	95	94	84	48	42	49	100	92	
92	14	96	94	85	40	29	45	119	106	
109	10	81	88	78	40	38	38	112	96	
92	15	85	105	80	50	40	53	103	101	
105	21	92	86	76	48	40	49	115	104	
91	15	85	97	89	55	27	47	111	91	
105	23	84	89	77	57	38	49	108	104	
97	25	82	103	93	57	32	49	100	94	
109	27	87	100	80	42	42	49	108	95	
102	28	92	102	83	43	46	47	116	104	
108	11	92	89	85	59	42	50	114	106	
91	19	88	101	80	47	30	42	111	107	
95	10	86	95	85	46	33	41	114	102	
100	29	83	87	90	55	43	47	110	104	
103	26	93	103	90	43	27	48	112	106	
100	26	92	87	87	49	43	51	104	105	
97	25	79	95	83	56	44	42	104	100	
105	28	77	97	79	54	37	54	110	91	
108	26	79	102	94	43	39	52	119	95	
106	27	86	104	90	58	37	49	110	90	
95	28	90	102	91	49	46	54	119	103	
102	21	87	94	91	59	28	41	106	104	
98	22	78	97	80	55	44	43	111	103	
101	27	84	92	77	56	31	54	118	103	
95	19	86	86	90	58	44	35	106	104	
105	25	92	99	85	49	27	49	114	106	
100	22	82	101	80	43	34	46	114	106	
96	11	83	104	82	49	33	53	109	104	
101	25	90	99	92	56	44	52	106	91	
100	25	93	94	79	49	43	46	100	97	
101	24	84	104	79	58	43	42	113	96	
104	19	82	100	75	55	27	50	118	109	
104	29	96	89	91	57	43	51	118	105	
107	28	80	93	79	48	37	42	103	100	
104	13	88	93	93	50	29	50	119	101	
97	14	90	98	75	56	32	46	109	105	
94	23	88	92	89	50	32	39	108	107	
107	11	95	98	83	50	27	46	116	101	
93	27	91	87	87	48	34	50	111	95	
99	13	79	92	81	56	38	52	110	103	
109	26	96	93	93	58	30	42	111	93	
109	29	89	86	86	53	37	54	106	97	
100	20	83	105	76	43	39	50	103	96	
106	26	81	94	84	57	40	40	109	96	
91	18	89	95	82	40	32	35	108	96	
109	18	78	89	81	48	31	49	100	92	
94	23	86	104	88	41	35	48	115	93	
110	17	81	99	91	41	41	52	110	103	
92	23	86	91	77	50	41	43	116	98	
101	21	77	87	82	43	43	39	113	92	
100	29	84	92	92	50	32	43	119	98	
104	13	87	86	89	40	32	53	101	97	
97	10	80	104	76	50	27	49	116	104	
109	21	92	93	79	48	45	38	100	102	
99	13	93	96	77	54	36	40	119	95	
105	24	89	98	93	57	37	40	118	94	
101	22	89	90	77	41	45	44	116	92	
109	18	92	91	91	48	30	40	118	102	
110	25	78	91	86	50	37	47	101	93	
109	20	95	97	78	42	32	46	108	102	
107	18	95	98	86	50	44	45	102	109	
101	17	90	91	87	52	42	35	102	105	
105	27	89	90	94	59	31	52	102	103	
95	20	83	102	85	44	32	51	115	105	
109	22	93	91	76	49	38	47	110	93	
93	10	85	96	84	44	46	36	111	102	
106	17	92	96	78	55	32	41	114	100	
95	28	79	90	80	42	31	47	103	108	
100	13	78	100	83	42	34	40	103	91	
110	23	81	88	89	53	35	51	117	97	
92	26	91	93	77	56	38	45	114	102	
107	29	81	100	90	43	36	47	116	108	
106	15	86	86	84	50	40	45	101	109	
102	22	93	92	92	51	29	47	117	106	
104	22	94	91	87	59	37	50	112	108	
110	16	79	98	84	47	42	45	116	98	
107	23	85	86	90	53	46	45	106	100	
96	20	86	93	90	42	39	46	111	109	
105	16	93	103	75	58	40	38	110	93	
92	28	78	91	81	54	29	54	100	102	
98	20	87	96	83	53	30	35	113	95	
107	20	81	96	85	47	36	47	119	92	
92	26	87	92	78	55	30	43	101	90	
107	20	85	100	89	43	36	42	108	90	
102	28	94	86	82	50	35	42	106	91	
93	18	96	95	93	43	27	35	112	108	
100	25	90	102	76	45	42	46	109	102	
98	27	79	100	81	55	46	48	110	103	
103	14	95	100	93	47	46	46	115	90	
95	13	84	100	94	43	32	52	102	102	
105	24	81	101	83	52	28	35	102	108	
105	28	81	100	78	58	29	41	106	90	
105	14	96	105	85	54	28	53	119	99	
108	29	78	91	78	50	32	37	110	101	
96	16	82	86	94	53	43	48	109	97	
96	26	93	89	79	53	33	35	112	96	
108	11	79	88	76	40	37	40	116	109	
95	27	96	100	79	44	43	44	108	104	
103	22	83	87	79	40	39	43	101	93	
101	17	92	87	79	55	33	37	110	108	
109	18	81	93	88	56	41	53	105	90	
107	27	95	99	76	41	29	41	105	109	
93	21	95	87	86	47	44	38	117	105	
97	12	87	90	88	58	37	40	108	98	
94	26	78	87	90	50	33	46	110	93	
95	11	80	104	89	47	38	39	111	97	
96	14	85	102	86	40	37	54	102	107	
91	18	79	104	75	53	28	38	102	101	
94	27	92	94	89	44	30	48	109	105	
95	18	96	99	80	54	43	45	114	97	
101	22	92	97	91	46	36	36	107	99	
98	19	78	91	76	47	44	40	119	90	
99	15	83	98	84	57	37	46	113	92	
106	24	77	100	84	56	35	43	108	98	
106	19	92	95	94	45	31	49	113	93	
100	16	90	103	85	43	40	36	113	105	
107	20	79	100	92	42	42	40	100	100	
109	22	94	101	94	45	38	52	105	97	
91	24	90	93	84	52	32	52	118	99	
91	15	93	99	94	59	34	48	100	94	
109	29	81	89	78	42	43	36	107	100	
92	18	94	100	87	49	46	44	114	109	
94	19	87	92	81	45	30	38	106	92	
91	10	95	95	81	48	36	49	116	92	
97	20	81	104	82	50	37	52	103	108	
92	24	90	100	93	53	39	39	116	97	
92	28	78	104	82	44	31	37	112	95	
99	15	84	86	77	48	30	44	114	102	
97	13	90	88	76	50	46	50	117	92	
109	16	86	105	87	40	29	37	102	107	
106	20	78	104	91	56	38	42	119	100	
106	25	82	95	93	59	37	43	110	103	
107	21	84	96	84	47	46	42	101	98	
107	27	86	100	92	54	38	45	100	99	
106	11	79	89	87	43	46	54	104	97	
110	22	87	91	91	56	38	49	117	96	
93	10	95	96	79	50	35	46	103	90	
93	25	78	97	82	48	29	53	102	98	
107	12	94	100	85	57	42	48	113	90	
104	24	91	102	90	48	41	35	102	105	
99	28	84	93	92	42	33	48	114	103	
97	18	95	92	88	55	27	48	117	98	
100	16	81	93	75	41	45	45	100	102	
106	15	90	86	89	53	44	50	118	100	
99	21	93	92	89	50	40	40	115	105	
95	22	77	91	83	56	44	46	100	103	
107	23	78	94	78	40	38	49	118	92	
91	24	77	105	77	56	37	42	117	109	
107	25	78	93	78	42	41	49	112	107	
96	16	90	86	89	49	42	45	119	100	
107	11	96	89	86	51	40	42	100	99	
101	16	92	87	83	53	30	54	104	91	
100	11	79	87	76	48	36	47	105	95	
103	14	89	96	80	57	27	41	109	96	
108	13	79	90	82	47	43	47	108	102	
105	29	88	100	80	57	36	47	106	106	
105	21	82	100	80	46	27	43	108	96	
101	26	89	102	75	54	37	51	117	93	
103	18	77	93	92	44	34	35	101	104	
95	14	94	96	75	54	31	52	103	104	
110	24	93	102	75	40	44	54	115	96	
106	24	89	86	82	44	31	51	112	91	
95	27	85	101	93	59	46	52	116	96	
100	19	88	92	81	51	44	50	104	102	
95	12	81	96	81	44	28	43	104	94	
92	11	77	94	80	59	38	47	118	93	
94	21	80	102	87	58	33	51	119	105	
98	15	90	95	83	54	32	44	104	106	
93	20	82	104	91	51	28	45	107	91	
95	12	83	105	85	49	37	45	107	92	
106	24	79	92	80	46	29	42	108	99	
91	25	93	87	83	59	29	51	119	105	
103	21	87	87	86	50	38	53	104	102	
98	15	83	103	86	54	35	45	116	109	
107	15	80	89	80	43	32	42	107	94	
102	11	90	97	80	48	43	48	102	91	
107	21	78	92	86	57	38	46	116	94	
102	17	80	88	79	45	32	40	106	102	
101	21	94	100	76	53	27	42	105	91	
92	21	87	99	90	43	39	48	116	108	
103	23	81	89	88	41	44	35	116	105	
108	15	85	102	87	40	39	49	118	107	
108	20	84	100	93	50	35	40	109	96	
107	23	88	87	87	45	36	49	109	99	
103	22	96	95	91	40	37	42	116	106	
98	24	77	92	87	45	39	37	116	107	
100	20	83	105	93	44	36	51	117	100	
105	10	87	94	81	59	30	46	104	94	
106	27	87	96	86	52	29	43	115	99	
103	22	80	103	85	59	36	35	103	93	
96	14	87	97	76	45	34	35	114	109	
108	28	81	96	92	43	28	53	102	109	
101	20	93	100	79	52	42	52	105	97	
99	11	78	105	75	44	37	38	112	99	
103	14	91	100	75	42	46	46	117	99	
105	28	81	96	83	58	33	53	102	104	
109	14	83	102	93	47	44	36	111	90	
104	28	85	97	77	44	33	39	115	105	
109	10	89	98	86	42	29	51	106	102	
91	20	92	104	83	48	28	43	111	108	
104	16	90	101	93	47	30	53	114	90	
98	23	86	102	76	56	39	47	113	96	
108	18	82	103	79	52	33	53	107	99	
106	23	84	94	85	46	30	46	119	106	
110	18	87	95	75	58	42	35	102	98	
94	17	81	104	85	42	35	53	111	103	
98	22	79	101	85	40	32	41	107	92	
106	19	89	87	89	47	32	38	118	95	
98	25	94	93	75	45	30	40	102	94	
94	18	96	93	82	49	46	38	119	108	
108	19	84	101	83	59	39	45	109	102	
94	11	90	97	79	59	37	44	106	92	
92	14	95	89	94	52	46	43	101	92	
105	13	79	93	88	57	33	42	111	92	
93	10	87	92	78	56	28	47	115	109	
97	15	88	96	94	54	34	52	115	101	
99	16	77	93	94	58	30	37	117	90	
98	13	85	88	91	44	43	54	115	105	
98	22	89	96	81	40	28	46	108	103	
93	12	87	101	88	40	42	43	110	105	
103	16	84	89	87	42	31	35	108	101	
102	14	78	101	79	44	41	43	108	101	
94	29	89	96	91	43	29	43	106	97	
91	28	89	105	86	58	30	53	116	97	
105	16	89	93	94	56	34	54	100	101	
96	27	93	100	87	56	44	47	119	95	
105	27	82	92	80	40	30	47	118	99	
98	12	83	90	88	48	46	50	112	107	
104	12	90	96	88	51	41	49	112	94	
101	24	77	86	75	51	42	45	107	93	
99	27	82	94	81	56	38	37	105	99	
107	12	88	101	85	46	36	41	110	107	
109	17	96	97	90	40	31	41	113	108	
98	27	89	93	94	48	34	40	113	101	
94	10	81	87	79	42	33	44	119	102	
95	12	80	89	85	58	46	45	104	108	
99	15	90	93	79	47	33	54	115	95	
102	27	92	87	82	40	30	47	106	106	
93	29	96	103	86	48	31	48	103	103	
105	11	92	101	80	56	35	48	118	100	
104	27	92	94	76	58	38	37	112	105	
100	13	83	92	94	42	43	47	111	100	
107	15	92	101	87	50	29	50	119	93	
103	18	92	95	93	52	32	35	115	98	
92	18	92	100	93	51	43	46	111	94	
93	29	90	96	80	41	36	46	116	105	
96	14	83	105	81	47	29	49	100	91	
96	12	85	105	83	49	34	37	110	94	
110	21	77	101	78	47	39	45	107	107	
94	17	83	91	80	57	42	44	113	102	
97	12	90	95	92	46	27	47	114	99	
91	13	85	88	92	43	43	45	119	99	
102	22	89	102	76	53	34	46	111	107	
95	21	91	95	76	52	28	37	103	101	
103	26	82	93	88	41	39	45	116	97	
95	10	80	92	75	44	31	54	116	109	
95	24	90	100	90	51	39	46	102	98	
104	21	89	96	88	52	31	49	116	104	
110	20	88	101	84	54	31	44	118	105	
96	10	94	101	84	57	32	37	100	93	
106	28	77	105	88	53	44	45	111	103	
101	12	77	92	85	53	31	44	115	99	
99	10	87	102	84	40	35	53	116	105	
94	19	87	100	80	44	34	45	116	90	
100	20	80	94	78	57	42	42	111	97	
98	15	82	98	91	41	30	35	107	96	
103	28	80	86	90	41	28	48	112	96	
104	13	86	103	93	42	29	44	111	99	
108	28	95	86	87	40	37	50	108	102	
92	23	81	97	85	44	30	41	114	100	
101	17	94	101	85	58	39	38	101	96	
107	28	95	90	93	41	33	50	115	91	
93	27	88	89	80	44	41	41	110	101	
100	25	94	105	90	50	45	39	105	103	
91	23	86	96	79	51	45	44	107	95	
94	25	87	105	91	55	28	35	107	105	
91	16	83	86	80	57	45	42	105	90	
101	14	89	90	78	44	39	41	119	93	
104	15	82	105	89	49	32	44	102	109	
91	22	79	99	92	58	30	43	116	92	
110	11	77	95	87	41	36	45	118	100	
104	19	77	94	90	42	45	45	115	107	
93	10	89	86	89	46	45	39	106	91	
104	11	90	93	85	45	46	53	105	96	
101	19	91	91	91	52	30	48	119	95	
100	11	88	94	77	44	29	39	104	105	
98	10	94	97	88	41	34	40	110	99	
100	26	92	97	77	49	41	42	119	108	
93	13	91	95	87	45	29	44	109	96	
96	28	80	105	84	48	31	52	117	98	
102	18	82	92	90	55	44	53	118	97	
97	12	80	91	89	58	42	39	109	91	
109	15	82	98	83	53	37	42	102	107	
91	12	78	95	88	56	35	42	106	94	
103	26	81	90	78	58	33	36	107	94	
107	25	88	97	83	41	41	53	113	105	
94	24	81	94	93	46	42	54	104	100	
103	20	94	96	79	42	44	36	114	93	
100	19	93	90	93	40	31	53	101	108	
110	21	80	104	77	58	41	42	100	95	
107	22	94	101	90	55	41	47	105	94	
102	20	91	93	89	41	41	37	117	92	
96	18	78	103	87	44	45	43	104	98	
93	13	81	102	92	51	28	49	113	103	
110	22	91	88	76	51	35	53	116	104	
109	22	81	94	78	48	39	54	114	109	
103	17	77	98	93	57	32	48	103	102	
110	10	89	103	82	59	41	44	114	91	
99	22	94	100	76	55	45	52	109	96	
102	22	89	103	87	41	36	45	103	91	
97	13	96	89	90	48	34	43	103	96	
95	22	81	97	87	49	45	41	118	105	
91	28	96	98	93	42	33	50	114	98	
93	23	92	93	89	46	27	51	117	108	
107	13	84	89	91	45	31	45	113	93	
100	27	91	87	92	49	39	51	115	92	
101	18	96	89	83	44	30	48	113	91	
107	20	84	96	81	59	32	54	108	93	
107	12	89	87	79	53	32	52	111	98	
103	25	93	87	94	57	35	39	116	106	
97	15	85	88	79	54	27	47	104	101	
92	13	89	90	85	53	35	45	106	96	
92	29	88	91	80	44	29	45	113	104	
98	12	94	103	90	46	34	35	107	97	
110	18	96	105	84	46	35	50	103	100	
100	13	80	103	92	52	33	40	112	94	
102	24	79	97	92	58	32	44	114	109	
106	15	80	101	87	54	45	36	118	109	
106	27	95	98	83	55	41	36	108	90	
108	29	90	105	87	45	28	35	107	90	
100	25	78	97	80	56	40	42	111	92	
93	14	92	96	80	42	43	44	107	107	
105	19	94	91	92	53	31	44	117	106	
99	26	95	91	91	59	29	48	105	93	
103	26	82	99	91	56	41	47	103	101	
110	18	95	91	77	45	46	47	118	100	
106	20	81	101	92	59	43	44	119	98	
96	17	92	89	87	51	27	49	117	104	
108	22	94	100	84	53	44	46	106	109	
101	23	85	94	88	52	38	53	103	94	
102	14	84	89	91	45	29	44	117	101	
99	20	96	91	78	44	33	44	112	97	
103	13	87	96	85	46	27	42	110	98	
99	19	80	92	90	42	28	49	118	108	
103	28	83	104	79	48	42	51	119	105	
92	10	93	100	82	49	32	45	118	96	
95	15	81	89	76	50	36	54	107	92	
99	13	82	102	84	59	45	42	112	106	
110	16	81	92	77	41	31	36	105	102	
99	20	88	87	86	42	45	46	109	105	
106	16	92	88	76	51	38	41	102	91	
99	21	80	94	75	40	41	43	115	103	
94	10	83	100	76	51	27	47	108	103	
107	15	87	92	93	41	28	43	113	91	
93	17	85	88	81	48	42	49	119	108	
98	11	77	93	80	53	37	42	101	98	
104	20	79	102	91	49	38	43	115	101	
102	29	81	93	88	52	35	41	117	102	
100	15	81	96	85	59	36	39	101	103	
108	24	83	100	85	55	27	42	102	105	
100	19	96	94	79	44	42	53	100	98	
95	27	92	91	93	57	44	37	113	90	
100	16	92	102	91	55	30	48	117	91	
109	10	89	87	86	51	38	53	108	104	
102	13	81	103	81	53	27	39	102	96	
99	21	84	88	87	43	44	38	113	105	
103	27	88	103	94	51	30	38	104	98	
106	15	96	91	79	45	37	53	116	91	
94	28	89	94	84	40	35	38	114	105	
108	26	91	104	75	53	37	47	103	95	
102	22	85	101	88	42	31	37	102	99	
101	29	92	100	76	54	35	39	108	107	
101	15	89	94	83	42	41	45	102	107	
96	24	81	87	76	50	44	36	118	90	
98	23	77	96	94	44	43	41	102	102	
96	21	88	95	83	48	41	38	103	102	
92	16	77	88	91	53	39	53	110	108	
94	28	90	90	83	47	29	48	111	100	
100	12	85	92	91	42	40	54	114	95	
105	13	77	102	77	51	41	54	117	95	
104	19	83	86	79	54	36	54	115	92	
100	11	79	98	90	40	32	43	105	105	
102	19	86	104	75	41	44	35	109	100	
93	21	85	104	88	49	44	41	101	100	
97	17	90	87	87	50	32	45	107	90	
94	28	92	103	87	49	40	50	100	106	
96	10	94	93	81	55	36	40	114	105	
95	24	96	96	81	51	35	36	117	96	
93	13	95	104	89	58	39	43	118	98	
102	17	79	104	93	53	31	36	105	92	
97	28	80	103	94	55	40	39	113	94	
108	25	84	97	75	48	45	39	109	109	
104	24	93	90	78	58	44	48	115	93	
98	26	81	103	87	58	30	41	106	103	
104	26	95	90	83	40	30	43	100	100	
98	10	87	93	76	48	32	46	115	90	
109	27	78	89	78	57	34	50	110	100	
98	29	82	91	92	41	31	47	105	94	
98	17	91	103	75	42	41	48	110	104	
106	25	90	94	92	53	31	51	111	95	
108	28	87	96	75	47	42	44	102	95	
107	28	86	89	88	53	33	36	108	104	
104	21	90	97	89	45	33	50	103	93	
107	11	88	90	83	50	37	37	115	90	
108	13	93	94	76	59	44	45	116	100	
93	10	81	98	93	51	35	54	101	102	
110	17	89	94	92	50	41	36	105	97	
97	16	80	99	75	52	42	48	118	90	
105	24	79	105	87	48	45	43	106	100	
107	20	84	104	78	44	34	50	108	99	
103	26	79	96	88	40	43	45	113	108	
98	10	95	95	88	46	31	48	119	99	
98	20	96	89	79	44	38	40	106	93	
95	13	90	94	77	42	40	37	106	109	
109	20	80	103	81	56	30	51	107	97	
104	22	92	86	81	45	34	45	105	92	
93	17	85	93	92	45	42	44	112	108	
96	28	94	99	92	45	38	38	111	101	
110	28	91	100	92	58	46	48	119	109	
100	25	95	86	93	41	27	48	109	93	
103	25	88	99	85	40	34	43	111	91	
105	14	82	92	83	55	46	48	117	95	
97	21	91	89	83	44	30	38	116	90	
107	24	93	93	78	56	33	39	112	105	
107	15	88	102	84	55	37	38	109	91	
93	28	77	96	88	56	42	43	100	109	
102	13	83	95	94	44	42	54	115	105	
96	10	82	86	85	41	34	46	104	109	
95	13	81	86	90	42	32	46	110	100	
100	26	86	100	91	44	42	54	118	90	
101	23	88	105	84	47	39	46	105	96	
105	19	87	89	90	42	31	45	118	104	
110	25	93	95	75	59	44	53	110	96	
102	16	85	88	85	55	32	48	104	107	
94	27	92	100	75	44	32	36	102	100	
100	15	94	101	79	59	44	48	101	106	
107	20	88	86	76	52	43	39	114	106	
106	22	79	97	81	42	31	45	110	105	
91	13	96	102	87	56	46	36	110	94	
106	29	81	95	94	46	41	35	106	96	
106	12	85	104	88	45	34	49	104	93	
91	23	95	98	90	55	33	45	104	90	
95	24	93	96	78	56	42	46	114	105	
110	14	84	93	92	54	30	52	100	109	
101	16	89	93	84	54	28	36	112	106	
98	18	92	102	76	43	43	39	102	106	
106	28	80	100	94	48	32	40	104	105	
105	10	80	86	90	52	45	46	115	99	
94	22	81	86	83	59	33	48	107	107	
91	16	94	88	82	46	27	48	112	98	
102	15	96	104	82	52	28	39	117	103	
105	16	94	102	82	46	33	50	102	102	
99	21	86	88	91	56	42	47	112	100	
106	10	93	105	81	56	36	46	111	99	
100	25	94	99	94	40	44	39	103	106	
104	23	83	87	86	49	42	45	118	90	
100	28	93	90	85	49	36	54	110	92	
94	16	96	92	84	47	27	52	119	97	
93	22	87	90	81	49	28	46	103	96	
91	14	90	86	81	46	40	38	106	108	
92	12	94	93	90	47	44	51	117	105	
94	28	95	92	76	40	37	36	110	108	
97	13	94	95	81	51	41	47	101	93	
96	22	91	91	83	52	37	52	117	98	
103	26	88	103	86	56	29	42	101	97	
92	25	84	95	90	55	34	44	114	101	
101	12	96	98	94	58	42	53	115	106	
106	27	91	103	84	41	32	35	115	100	
97	29	86	93	81	44	38	42	117	91	
103	23	96	94	91	55	40	44	103	90	
93	19	84	87	88	46	34	43	113	98	
108	11	91	104	80	45	36	35	115	104	
96	15	86	86	77	57	27	39	114	106	
93	28	82	100	79	58	32	44	100	96	
93	21	93	88	83	55	28	46	118	104	
101	11	77	88	78	54	35	41	113	107	
93	10	79	89	87	50	27	51	111	97	
99	14	89	98	87	40	39	50	108	102	
101	18	88	87	89	49	37	49	100	92	
91	20	78	100	79	50	36	38	104	109	
108	15	94	90	75	40	45	42	113	103	
101	23	84	93	86	58	29	39	113	91	
92	27	85	102	87	49	43	41	101	103	
93	14	81	88	83	55	31	47	113	94	
97	19	81	94	83	42	31	43	103	102	
105	22	88	104	88	43	41	42	109	92	
106	29	81	93	86	57	46	42	102	94	
99	13	81	96	79	49	28	47	108	91	
99	27	79	94	89	59	37	40	103	99	
110	28	93	93	75	43	33	35	105	95	
103	17	80	104	85	43	43	47	115	98	
106	13	95	93	93	52	45	53	115	97	
92	22	85	99	88	42	35	45	101	96	
95	23	85	105	82	46	36	49	115	92	
104	12	81	101	83	50	46	38	118	108	
94	24	91	105	85	59	38	42	104	98	
104	25	90	95	76	50	41	54	114	90	
99	20	94	100	91	48	37	47	119	90	
105	23	90	87	90	48	34	43	109	108	
106	24	90	101	85	44	36	35	107	104	
99	18	87	95	82	44	36	44	101	102	
101	11	87	99	92	51	38	38	110	107	
96	26	95	98	87	48	29	39	113	100	
102	11	93	98	81	43	42	44	110	95	
106	14	90	89	80	50	29	47	106	104	
93	12	87	86	85	40	31	44	104	94	
104	27	92	104	94	40	38	40	112	99	
102	17	88	92	81	59	45	43	114	99	
110	18	80	89	91	58	31	49	116	108	
92	17	82	86	82	52	46	42	100	90	
102	10	91	98	91	43	42	48	111	91	
110	28	86	91	84	43	35	52	104	95	
108	21	91	97	82	56	30	49	101	109	
94	26	80	99	93	58	40	35	106	92	
110	19	81	96	91	58	34	48	118	108	
110	23	96	100	85	54	43	35	112	95	
100	29	93	86	90	41	43	43	117	103	
98	15	84	92	88	46	41	40	118	98	
100	24	93	98	89	52	46	52	118	103	
101	23	77	91	89	57	31	44	101	108	
93	11	87	101	87	41	40	45	111	101	
96	24	90	92	89	48	37	36	108	94	
108	26	94	104	84	41	40	48	100	99	
91	12	86	87	77	42	38	52	101	90	
99	20	82	95	86	48	36	48	108	96	
94	11	81	93	86	46	31	53	116	94	
96	23	93	100	81	56	29	41	112	104	
92	15	95	99	81	42	36	44	109	103	
100	15	95	89	87	41	40	54	110	103	
96	12	81	92	80	40	32	54	110	93	
101	14	94	96	75	49	33	42	117	102	
103	25	83	104	82	49	29	43	110	102	
97	25	95	105	91	55	33	47	110	103	
91	21	88	91	79	46	41	40	118	103	
100	10	93	98	83	54	30	39	108	104	
108	15	96	96	77	54	43	42	107	95	
100	24	90	86	83	50	34	50	111	103	
101	22	93	99	93	45	29	44	103	91	
109	24	90	105	83	48	46	49	112	95	
99	18	83	101	94	51	42	36	115	98	
104	28	86	98	88	46	43	54	114	106	
107	15	86	91	76	56	42	54	119	98	
93	25	82	103	83	54	27	40	113	105	
107	11	95	96	92	46	34	48	118	96	
97	24	84	91	94	56	40	46	111	105	
91	25	90	102	78	51	31	48	113	90	
94	13	77	96	90	58	41	53	118	108	
106	19	84	86	82	57	34	37	104	103	
94	14	94	94	91	54	27	39	102	101	
101	11	88	102	84	53	44	35	102	105	
96	23	93	91	83	54	30	43	101	96	
101	28	88	92	79	44	39	52	118	98	
93	17	96	89	84	47	37	48	103	97	
110	17	94	93	75	46	30	40	104	107	
98	13	85	98	92	43	42	54	105	99	
100	19	82	88	83	53	27	39	109	104	
108	23	81	89	79	56	27	36	111	93	
97	24	79	100	91	47	37	47	117	93	
91	26	83	96	88	48	45	52	119	105	
109	18	83	96	87	50	33	47	105	101	
95	11	82	92	77	54	46	37	103	95	
103	14	87	95	89	46	32	47	108	91	
109	23	80	87	89	42	38	43	110	104	
103	12	86	86	92	55	35	36	108	98	
99	29	78	90	81	54	46	52	112	103	
101	17	96	87	81	55	41	50	107	90	
110	16	80	97	77	55	27	51	109	107	
99	17	91	98	83	59	36	41	108	95	
95	11	94	105	79	48	35	42	102	94	
91	11	91	96	89	46	34	44	106	92	
99	18	87	93	78	42	38	37	111	104	
98	16	89	95	80	41	44	53	108	108	
98	24	91	99	82	52	27	50	103	91	
103	24	93	100	90	48	40	36	103	99	
110	22	88	103	94	42	39	54	106	98	
97	27	94	86	93	44	37	54	118	101	
107	15	90	99	87	46	43	36	107	107	
92	15	82	94	93	47	38	43	100	108	
104	15	85	88	88	42	36	43	117	97	
98	13	88	98	90	47	39	42	100	95	
101	22	88	101	94	40	29	42	109	95	
107	28	84	92	77	53	34	44	105	93	