1000
20
59	32	91	75	67	85	67	77	81	97	96	37	74	66	90	103	52	27	112	37	
51	48	86	74	73	80	63	82	81	91	87	32	71	57	84	111	52	42	105	28	
55	33	95	73	78	86	60	81	83	90	97	50	71	58	76	109	48	46	112	27	
49	32	95	88	67	92	55	91	92	93	89	33	72	65	78	104	50	34	116	28	
49	38	85	88	62	76	67	79	86	79	87	48	71	58	75	102	47	41	112	30	
62	30	84	77	78	88	61	80	81	87	97	43	70	62	85	107	46	33	103	37	
57	47	82	79	79	81	66	89	74	97	88	38	82	69	87	100	55	27	107	22	
63	32	84	85	61	80	49	89	92	80	102	50	75	69	81	102	46	29	101	30	
50	29	85	91	71	90	55	92	87	81	97	37	77	75	74	99	47	37	105	31	
60	31	87	88	72	92	65	85	86	82	86	50	74	70	88	104	48	41	117	28	
58	34	93	83	71	93	66	92	74	96	91	45	77	70	93	103	44	27	109	31	
56	48	85	86	74	77	55	91	82	90	96	37	86	62	92	93	47	42	113	37	
62	44	99	77	71	92	54	86	79	84	92	46	78	65	89	93	44	30	111	35	
58	34	83	92	79	76	59	77	91	88	95	40	87	56	88	106	62	34	103	30	
48	30	95	92	64	92	51	86	77	93	85	33	72	63	88	99	59	39	116	25	
48	29	85	86	65	93	50	88	75	85	83	38	73	68	81	93	46	29	107	20	
63	34	84	81	64	91	49	92	90	79	89	43	74	59	82	102	50	30	105	25	
61	47	90	88	78	76	65	75	82	91	93	42	88	58	90	111	43	44	110	19	
47	31	90	92	68	94	60	75	74	92	85	42	78	58	80	94	62	41	106	35	
62	32	96	90	71	76	48	80	79	79	96	47	84	56	91	94	48	46	100	36	
56	36	88	91	69	86	65	84	86	84	101	43	79	59	75	103	62	39	119	24	
62	34	100	76	77	78	51	78	92	87	94	34	71	63	74	112	44	29	114	35	
60	36	96	78	80	78	58	81	92	85	92	39	79	74	83	111	45	35	112	21	
55	43	91	92	70	84	48	82	84	91	102	51	77	72	79	94	56	36	110	30	
56	32	82	84	65	88	52	93	83	80	93	34	75	74	87	106	54	35	113	33	
55	40	84	88	75	91	57	89	91	92	101	39	83	60	87	100	48	32	104	26	
47	40	96	82	77	81	55	82	77	79	88	47	81	60	93	104	53	39	115	21	
63	46	96	73	75	94	55	86	84	82	83	44	72	64	88	108	48	32	114	20	
44	38	94	85	78	90	52	76	74	86	84	40	85	62	93	101	58	31	105	35	
59	43	86	87	65	88	58	92	85	97	84	41	84	59	91	112	57	37	101	32	
49	34	88	75	75	85	57	91	89	95	98	36	82	64	86	101	52	46	117	23	
60	39	99	89	64	91	67	84	92	97	93	38	83	63	76	93	61	35	102	33	
51	41	99	91	66	78	54	87	87	84	90	42	73	72	91	107	46	42	113	34	
59	37	99	79	72	79	62	79	77	81	101	42	70	56	84	93	57	38	114	24	
55	36	85	75	70	82	49	93	83	82	89	45	75	71	74	100	52	41	107	25	
60	44	82	80	61	87	62	80	75	83	91	44	75	67	78	96	57	37	118	29	
59	41	100	86	70	82	54	83	75	87	98	51	86	70	84	105	62	43	113	28	
57	41	99	76	66	88	62	81	78	90	85	38	73	71	78	109	60	40	102	30	
62	44	93	79	73	90	66	75	74	82	100	48	76	64	90	108	54	32	110	31	
48	44	96	85	79	80	60	89	81	81	102	48	74	72	75	95	57	46	118	27	
46	48	97	86	67	92	56	85	89	79	90	42	81	62	88	111	62	29	111	25	
62	40	97	88	64	90	55	82	80	79	97	40	89	63	85	93	59	46	101	32	
56	44	82	85	72	83	52	77	74	96	86	44	79	66	89	95	59	39	100	31	
47	45	101	88	80	93	59	88	74	82	90	50	85	72	80	104	48	35	114	20	
49	32	95	80	62	83	59	89	73	96	87	51	84	69	78	112	56	40	102	37	
49	39	86	85	67	82	53	85	80	87	94	33	71	57	91	96	43	27	103	34	
57	48	95	85	74	84	49	76	74	84	86	35	83	62	81	102	61	46	109	34	
55	45	97	74	71	90	52	86	75	78	98	39	74	73	93	102	59	38	103	25	
58	46	88	90	67	92	50	74	87	87	100	44	82	68	93	96	55	44	113	32	
59	34	91	75	65	86	51	85	74	96	85	34	77	72	92	98	48	32	109	30	
55	46	88	80	65	77	62	80	78	90	89	34	82	72	89	111	59	45	118	32	
57	46	90	76	72	83	66	90	80	83	83	36	72	74	93	108	59	36	106	24	
61	37	98	75	69	90	67	85	75	96	100	46	71	65	88	98	44	36	116	29	
54	34	93	74	79	83	58	88	78	91	85	32	84	73	78	112	48	29	103	31	
44	34	87	92	73	87	57	91	82	90	88	50	73	68	92	105	51	41	116	21	
44	36	89	77	71	87	57	90	83	94	98	34	71	59	87	112	61	31	105	24	
51	29	91	78	70	76	48	80	81	81	92	33	89	62	79	103	44	37	117	36	
62	32	101	75	62	77	58	90	84	85	102	48	83	57	88	111	52	41	100	35	
53	40	101	89	75	92	60	90	74	87	87	33	72	60	92	109	62	35	103	36	
48	46	92	92	62	82	57	82	73	84	92	32	80	67	93	98	60	36	105	21	
54	30	94	89	62	94	49	83	80	84	95	32	81	62	78	94	54	46	105	23	
62	38	84	75	74	92	52	93	73	82	86	42	71	58	79	112	58	33	115	24	
45	32	101	88	76	83	58	91	78	80	88	42	89	73	82	104	51	42	107	37	
50	48	92	86	64	84	54	91	82	93	96	40	81	68	80	108	62	39	115	32	
45	32	101	89	63	79	57	87	80	91	84	51	71	57	85	93	61	46	100	28	
60	39	94	89	71	80	49	82	84	82	93	41	85	67	93	102	50	34	100	20	
60	40	95	91	64	93	62	74	85	87	98	40	89	60	78	101	60	31	117	31	
55	39	98	81	61	87	66	81	91	78	91	48	77	70	80	98	45	30	113	25	
44	45	82	89	72	86	53	91	92	93	86	43	80	63	78	104	45	40	111	25	
44	35	98	77	79	79	55	84	73	88	101	40	84	64	78	108	59	35	110	23	
58	33	90	76	63	84	56	93	85	80	86	49	82	62	91	105	48	38	115	32	
55	44	85	75	64	85	53	75	77	91	96	45	83	69	85	95	61	29	102	36	
58	44	97	73	74	95	59	80	76	88	84	36	78	72	80	102	54	34	108	21	
47	41	82	87	78	92	67	81	89	85	84	41	78	69	92	94	45	45	103	34	
52	47	88	84	63	81	56	85	73	90	83	40	81	72	87	94	62	35	106	22	
59	48	99	86	74	86	65	80	73	80	91	39	70	69	79	94	52	39	116	21	
59	41	100	74	80	82	57	88	88	90	84	51	83	59	89	101	61	37	111	23	
57	48	97	85	74	92	48	76	83	87	84	43	83	59	82	103	50	30	103	31	
52	39	97	80	80	90	58	86	80	93	86	44	87	57	86	106	57	37	101	38	
58	33	95	88	70	92	57	75	76	89	92	47	78	68	86	103	53	30	106	35	
53	42	86	87	71	91	52	76	81	85	98	33	88	61	75	103	51	37	107	33	
48	37	89	73	66	88	52	86	84	95	98	43	77	65	89	94	54	37	114	31	
62	44	88	86	77	89	59	91	75	92	89	44	80	69	93	105	46	46	111	24	
57	37	91	77	61	92	60	92	88	78	83	44	81	75	87	98	46	45	101	24	
50	45	98	91	70	84	64	76	85	93	102	33	89	65	80	99	45	30	117	35	
52	31	96	79	61	85	65	74	74	96	95	51	78	70	92	105	60	45	105	34	
48	34	101	82	63	92	63	86	86	89	85	33	84	63	75	94	47	43	109	23	
54	43	98	88	78	82	52	86	92	92	94	38	89	59	80	111	60	34	110	35	
51	31	87	78	61	80	50	84	81	84	86	42	86	63	75	105	58	27	106	34	
57	42	86	87	71	88	50	85	78	80	88	50	87	64	90	96	58	46	119	26	
52	36	94	87	77	85	56	83	73	92	95	35	89	59	76	103	57	36	105	31	
52	40	98	75	62	85	55	78	89	78	83	38	73	75	75	105	57	28	107	33	
57	46	101	77	68	89	53	80	81	80	95	42	72	70	76	111	61	38	101	20	
56	38	94	92	69	82	63	76	76	82	92	37	88	69	82	111	60	36	101	31	
45	36	101	86	62	90	64	77	92	93	87	48	87	63	77	107	48	35	119	21	
46	40	92	83	71	93	63	82	74	92	102	35	75	74	82	109	54	36	102	33	
57	46	95	83	63	86	48	92	76	93	95	43	81	75	75	105	43	41	107	26	
47	40	90	84	78	85	67	87	92	94	92	51	74	62	83	94	46	42	101	19	
62	29	90	74	68	79	48	81	74	94	101	34	83	57	87	101	51	44	118	22	
57	35	101	87	64	78	50	76	88	90	87	50	74	58	74	94	51	36	119	23	
44	47	92	90	77	87	57	78	85	93	83	46	78	68	78	97	53	37	103	22	
63	35	85	84	79	90	54	82	80	87	95	41	87	69	74	110	53	39	118	37	
55	40	99	83	74	89	55	76	75	97	89	32	83	71	92	99	43	40	100	21	
52	35	90	85	75	86	54	86	87	86	83	32	70	64	79	93	44	45	100	19	
52	34	98	75	73	77	50	74	90	95	91	46	84	57	81	108	51	41	110	26	
55	29	93	88	76	93	52	87	82	83	83	41	86	67	74	96	48	41	113	23	
50	41	88	86	61	95	58	87	92	87	87	33	86	74	77	101	54	27	108	31	
59	34	100	91	62	92	64	78	76	91	101	50	86	56	84	111	54	41	111	35	
49	37	85	90	75	85	48	84	75	80	95	43	75	74	87	104	44	42	111	33	
54	37	93	77	73	79	49	83	76	92	100	36	87	59	90	111	48	35	117	29	
59	33	85	73	72	90	53	78	80	95	85	33	72	71	82	104	44	33	117	36	
52	34	86	73	67	76	54	86	77	78	85	46	88	58	88	104	52	29	101	37	
55	46	89	86	80	81	56	77	85	81	95	49	83	65	83	110	53	29	109	33	
53	29	97	91	72	87	58	76	77	90	88	48	84	71	89	103	57	41	116	26	
45	29	99	80	73	86	48	78	73	89	88	48	74	67	85	104	54	44	104	24	
51	37	100	73	70	83	63	81	90	83	99	33	79	67	84	109	56	33	119	34	
45	40	87	81	76	92	67	88	77	93	87	45	77	60	84	95	45	37	101	23	
57	36	93	85	68	77	57	81	90	88	85	51	73	69	87	97	52	42	115	27	
44	46	83	83	61	85	52	84	79	86	89	37	72	67	78	106	56	32	107	27	
47	40	84	91	65	83	55	74	90	90	97	37	70	58	91	99	53	38	118	36	
45	39	89	75	61	84	64	92	91	86	87	34	85	68	79	108	59	36	108	28	
61	42	100	87	71	77	61	92	90	97	92	38	74	66	88	107	43	42	105	31	
47	44	94	74	64	77	61	88	73	85	95	36	84	66	93	111	46	27	116	23	
54	44	100	90	63	95	49	87	81	84	84	40	89	62	81	93	54	37	104	22	
54	42	98	82	73	90	61	88	79	81	102	36	74	73	74	112	52	33	118	28	
53	41	98	91	65	83	56	92	92	89	91	42	88	59	84	100	43	28	113	37	
46	42	90	80	70	86	50	79	89	93	87	40	83	67	92	94	47	44	113	36	
54	35	84	80	70	85	61	79	77	84	90	40	75	64	88	99	45	30	101	33	
51	38	100	83	74	93	54	74	79	79	94	47	79	75	79	96	57	37	112	21	
51	44	84	77	69	88	55	86	84	86	94	32	88	73	87	105	46	31	117	38	
58	35	98	76	66	92	51	81	88	83	101	33	79	74	83	103	53	35	113	19	
63	37	89	86	73	86	54	88	85	90	90	34	79	71	90	96	51	36	109	36	
46	36	94	87	61	91	60	93	89	83	101	43	81	65	91	110	46	32	117	22	
61	47	85	86	74	95	52	86	85	81	93	49	88	66	82	111	52	32	119	38	
62	39	85	76	72	78	60	82	79	79	99	49	83	62	74	110	45	44	116	28	
51	35	91	77	62	76	57	91	77	91	91	45	75	68	88	103	52	44	116	34	
61	36	82	89	72	77	54	81	81	97	84	45	86	60	77	97	45	45	115	38	
48	37	94	80	79	83	63	80	82	85	86	45	79	62	77	101	60	38	111	34	
54	47	89	84	61	85	66	88	74	82	85	38	80	73	79	95	53	34	113	33	
60	46	88	90	77	95	52	78	82	96	90	36	78	57	83	104	47	37	116	21	
46	30	100	88	66	93	48	89	86	96	96	33	72	63	74	104	44	35	114	24	
44	42	91	83	67	90	55	74	79	85	102	38	84	56	75	103	53	46	119	28	
44	40	84	77	80	82	63	90	89	85	83	33	76	69	78	93	57	43	113	25	
61	36	99	80	69	89	55	84	73	93	92	48	89	74	87	93	44	43	115	27	
62	39	97	92	65	79	58	93	81	81	97	42	72	66	86	101	57	34	110	32	
46	29	94	88	73	87	51	82	83	95	91	49	81	67	93	97	50	39	104	30	
54	36	88	75	66	92	59	76	74	91	94	50	81	68	74	111	52	30	114	26	
46	43	96	87	71	84	53	86	79	87	101	37	71	66	84	96	62	37	102	32	
51	42	82	87	68	89	61	90	82	86	98	40	75	73	83	106	43	33	114	24	
63	39	92	79	67	85	53	76	92	85	102	48	78	70	76	93	59	39	104	30	
47	48	95	76	63	77	50	88	84	94	89	45	77	63	81	105	48	40	110	24	
61	48	98	77	70	82	51	74	73	82	95	37	79	68	80	95	49	37	115	30	
47	36	101	90	79	76	51	88	75	86	88	37	83	71	75	96	47	32	113	34	
46	42	86	88	74	95	63	84	79	85	94	51	74	64	75	104	46	37	102	23	
58	35	82	76	75	83	53	89	86	96	84	39	77	75	79	96	49	31	105	34	
55	47	99	73	74	77	53	92	89	81	95	50	87	74	83	103	44	42	112	37	
45	29	99	82	79	89	59	91	85	94	89	44	75	68	80	105	47	37	104	35	
49	45	94	86	78	93	55	74	87	86	98	37	83	60	92	96	43	35	110	22	
60	42	87	79	75	78	61	83	91	88	88	41	73	65	77	96	58	29	116	26	
44	30	95	86	77	85	66	76	77	95	101	45	87	63	77	107	55	37	111	27	
48	37	97	73	71	89	57	85	81	88	101	34	88	61	79	104	60	42	118	21	
48	29	88	75	68	89	54	87	89	97	90	39	87	67	75	107	48	40	118	24	
51	41	90	85	73	81	51	75	78	94	87	39	82	56	89	96	51	30	119	20	
53	44	84	81	64	89	59	86	91	82	87	39	87	57	80	93	52	29	111	32	
50	39	100	82	76	90	52	79	73	83	100	50	79	67	85	99	62	41	105	36	
56	45	92	81	78	84	48	93	82	94	89	40	86	60	89	104	61	37	114	35	
47	41	84	82	68	86	50	76	90	93	100	33	79	56	79	98	46	29	107	31	
48	47	97	83	62	78	67	78	82	96	97	49	73	62	78	103	48	45	107	20	
58	38	99	82	70	78	59	91	91	88	86	41	88	63	78	97	48	43	102	27	
56	47	83	87	79	88	58	92	81	91	100	45	82	66	75	103	48	32	102	29	
53	32	92	73	65	88	60	91	92	84	94	49	85	74	83	108	45	41	102	38	
50	45	87	74	64	80	50	76	89	90	92	40	71	72	85	112	47	36	105	26	
47	29	95	88	68	89	50	87	91	80	102	35	70	73	84	110	53	39	104	35	
55	30	98	84	77	81	60	80	87	87	91	43	85	59	76	99	45	38	108	20	
60	47	92	83	79	88	63	79	82	94	88	36	81	71	78	95	50	28	118	27	
53	44	93	81	73	76	60	85	78	78	89	38	85	65	86	98	45	28	104	25	
53	33	99	80	67	91	62	85	74	80	86	49	70	75	92	104	47	39	106	22	
46	29	98	92	71	88	58	79	85	81	94	43	70	73	91	104	56	44	113	20	
51	38	92	87	65	88	53	82	92	87	84	42	73	71	90	98	43	41	100	27	
51	43	101	76	73	83	62	85	87	97	99	49	72	56	84	96	51	40	104	27	
59	35	91	91	68	87	60	74	81	82	85	48	75	68	77	108	52	42	110	38	
63	30	93	84	67	76	62	91	81	96	90	42	89	73	91	95	55	43	114	35	
62	35	86	88	74	80	50	85	86	79	90	41	88	72	81	103	61	35	102	26	
51	29	101	87	65	84	60	85	77	93	89	41	71	62	91	96	50	33	105	33	
50	47	92	79	74	84	62	84	73	81	92	38	83	59	86	102	46	44	107	23	
62	40	97	77	80	80	49	89	90	79	102	34	85	75	85	107	60	40	113	22	
49	37	101	75	80	79	54	83	80	78	102	38	88	72	78	102	51	46	103	24	
59	41	99	84	70	93	62	77	89	93	83	46	83	61	82	98	47	32	107	33	
45	29	98	87	71	79	57	92	81	96	99	41	71	70	79	105	53	40	111	23	
56	34	85	78	65	86	60	85	90	86	100	38	84	65	91	106	56	38	100	22	
51	44	95	77	77	79	48	78	75	90	87	32	82	64	84	103	59	46	118	37	
48	35	97	87	76	88	57	90	88	91	97	32	71	71	77	93	48	33	113	27	
62	42	92	91	62	82	67	74	91	92	89	49	72	73	84	95	50	35	110	37	
59	37	86	83	79	78	57	78	81	88	93	33	74	57	88	100	59	33	117	34	
57	40	91	77	67	80	61	74	85	86	86	33	83	73	77	111	48	46	115	22	
63	29	92	77	61	85	48	76	81	95	92	47	77	68	75	108	43	39	108	35	
53	47	97	82	79	76	53	77	92	93	87	32	74	69	84	97	60	38	118	38	
59	42	100	86	74	92	63	91	76	88	102	51	78	70	76	108	52	36	104	29	
61	34	85	77	66	83	66	90	80	95	86	35	81	65	79	94	48	44	105	30	
48	42	84	73	63	89	60	83	75	82	96	47	85	61	75	94	45	32	112	37	
49	30	96	91	80	90	65	83	78	95	101	45	71	73	92	109	48	30	116	25	
59	41	86	92	72	89	62	91	80	78	98	48	82	59	79	100	48	32	114	28	
50	38	89	91	75	90	48	84	88	93	89	36	82	67	86	97	62	28	107	24	
61	46	89	76	78	89	58	93	90	78	101	32	75	65	82	95	54	42	102	27	
51	39	87	90	63	90	65	93	87	78	90	32	81	64	89	105	45	44	105	38	
47	38	82	89	66	89	53	74	78	87	97	49	78	66	74	104	47	45	100	29	
46	30	82	88	62	85	66	77	74	95	84	43	83	57	81	111	61	46	114	22	
60	32	97	89	63	81	57	85	92	93	92	51	71	62	79	102	59	44	113	32	
48	35	82	76	77	82	64	91	84	79	97	38	70	59	85	104	43	41	106	30	
53	38	86	73	67	85	59	89	84	93	98	50	77	64	93	100	43	27	116	27	
44	47	87	92	77	92	62	87	78	80	98	36	81	60	91	106	51	36	107	31	
62	36	82	81	78	92	53	84	77	78	99	41	86	69	87	107	60	43	115	38	
47	47	94	79	69	87	54	76	89	78	90	44	77	74	79	108	59	36	106	29	
45	33	92	74	63	79	60	92	78	93	89	42	80	74	87	99	43	45	104	37	
45	31	93	83	65	88	62	81	77	95	91	42	76	66	86	107	52	37	111	38	
57	40	87	91	68	80	62	92	82	79	99	46	76	68	76	106	58	28	107	29	
51	35	85	82	71	88	64	89	81	78	84	38	82	63	93	108	56	44	109	36	
60	39	89	91	77	94	49	80	74	80	91	50	80	74	88	95	44	42	106	23	
57	44	96	76	73	81	51	93	80	94	96	39	72	68	78	98	55	34	118	27	
49	37	99	78	74	88	49	78	80	97	90	50	78	69	77	103	46	31	101	28	
62	45	100	80	77	83	54	84	79	84	94	51	70	60	78	109	54	32	118	26	
62	46	95	88	69	78	66	90	85	97	83	37	87	56	81	106	58	28	115	25	
47	41	92	77	69	84	55	92	84	79	90	36	89	61	84	105	51	35	102	36	
48	48	99	82	66	87	61	80	89	91	85	40	76	59	91	97	57	34	110	21	
58	33	87	91	64	92	61	75	91	84	84	32	72	67	78	96	61	32	107	30	
48	39	97	81	74	89	53	87	92	81	95	34	71	71	83	104	53	30	105	19	
48	31	96	88	74	79	55	78	87	84	95	32	80	67	75	112	56	30	105	29	
60	35	98	78	76	89	54	77	73	85	91	44	79	60	91	101	51	32	118	37	
55	48	98	75	68	78	57	91	90	80	91	51	88	71	77	104	50	30	109	20	
45	37	84	77	79	92	57	87	84	85	92	32	82	72	82	104	53	35	115	26	
50	46	90	85	66	90	64	92	89	89	98	32	71	57	85	108	57	27	106	28	
50	42	87	77	68	84	52	89	90	81	100	39	82	66	77	100	45	41	112	22	
56	31	86	80	65	91	67	85	76	87	97	38	83	65	93	103	53	31	115	37	
48	39	91	91	66	89	60	78	78	97	83	38	89	69	77	93	57	33	103	36	
62	42	95	77	80	93	50	76	92	96	95	45	75	66	84	101	50	42	119	24	
60	38	89	76	66	95	54	84	92	87	90	38	76	60	93	94	55	46	117	20	
59	38	100	90	74	83	61	88	92	95	84	32	70	65	79	103	49	33	116	21	
59	38	99	80	66	93	57	79	90	90	98	42	84	59	84	106	53	41	116	19	
44	41	98	87	63	84	60	77	86	97	92	38	80	62	79	105	52	39	107	25	
54	46	82	91	78	83	58	76	81	91	86	40	72	70	80	98	51	35	105	31	
50	45	90	77	64	92	55	85	91	88	87	48	71	71	77	103	53	46	113	33	
63	46	101	84	62	87	58	74	79	86	87	33	76	58	86	97	56	44	117	20	
55	34	100	85	77	78	55	76	80	92	87	40	75	60	79	110	48	45	107	26	
46	42	90	79	80	91	58	82	74	89	99	48	81	70	90	103	61	42	104	35	
51	29	99	82	68	88	58	75	75	94	90	36	85	58	87	94	53	35	101	29	
45	42	82	80	79	95	59	80	85	92	87	42	89	66	77	104	54	38	111	26	
56	33	90	74	64	83	66	78	89	97	95	43	81	60	87	107	53	31	105	35	
44	33	92	75	69	95	57	75	89	92	92	47	87	73	79	97	44	39	113	27	
44	48	92	86	66	88	48	77	76	89	98	33	83	57	92	96	46	30	103	28	
49	36	82	81	65	86	53	75	75	94	98	44	84	71	86	94	58	35	115	31	
61	30	86	75	71	93	59	92	77	78	83	51	74	74	75	95	57	31	108	26	
50	35	101	77	72	79	64	92	75	85	91	43	78	72	88	100	58	30	106	20	
49	32	92	77	65	94	63	87	80	96	84	50	88	69	89	105	55	34	114	22	
58	47	88	82	71	95	66	81	80	91	91	50	72	71	74	94	60	27	116	31	
63	36	101	89	70	94	52	77	80	79	98	38	78	63	78	96	54	41	112	36	
49	39	100	84	80	89	63	76	87	86	86	38	70	60	81	111	56	40	107	34	
56	43	98	81	69	87	54	90	74	87	96	39	84	63	88	99	55	42	101	28	
58	40	82	92	65	83	52	79	89	78	91	48	80	57	79	99	50	36	100	32	
49	31	86	78	62	85	50	76	83	95	94	34	87	57	91	96	56	44	115	32	
48	44	94	84	61	84	56	86	84	83	89	39	88	65	89	109	45	41	100	33	
51	45	95	81	64	92	62	89	89	90	96	45	79	74	79	100	44	37	106	32	
44	44	100	82	63	78	53	89	88	94	84	48	73	66	88	112	48	27	109	35	
44	37	93	83	73	90	59	86	81	91	96	39	81	59	78	99	55	32	106	21	
45	34	94	74	77	92	51	77	81	81	86	49	78	64	82	101	46	44	102	30	
53	30	92	73	78	90	67	81	75	87	95	47	79	57	75	97	43	29	101	35	
51	39	99	85	69	78	63	87	76	84	96	36	74	75	74	111	50	28	100	24	
63	35	98	82	68	80	63	86	87	78	88	50	87	74	81	112	59	28	102	38	
47	32	89	89	63	87	53	81	81	86	87	43	85	73	82	103	58	45	101	32	
58	31	97	77	68	92	51	87	78	95	84	51	79	63	76	97	60	37	106	32	
45	46	97	78	70	81	61	88	89	95	97	48	82	73	76	100	54	34	106	22	
52	32	93	76	68	78	52	76	90	89	102	47	78	75	93	109	55	38	107	24	
48	44	100	75	76	82	67	93	90	82	83	51	88	60	91	102	56	45	105	19	
49	35	95	86	75	77	56	77	80	91	102	32	70	64	79	99	57	38	107	22	
57	35	88	80	66	90	51	80	83	96	92	33	89	65	74	103	59	27	116	38	
54	32	92	84	68	81	66	88	87	80	96	45	85	69	84	94	55	46	107	35	
60	47	87	81	74	93	53	88	74	79	100	39	81	65	92	111	46	44	103	32	
44	43	97	81	63	79	49	76	91	82	101	32	75	65	75	112	57	46	109	27	
63	39	90	82	72	85	62	89	79	84	89	35	80	56	84	111	54	46	113	21	
50	43	90	84	71	90	61	90	81	88	100	33	83	75	80	97	43	36	116	25	
62	45	95	79	76	77	49	93	84	97	92	36	87	65	88	108	60	39	116	30	
51	35	85	79	70	76	63	82	92	83	88	50	71	67	79	101	46	32	110	29	
47	42	87	92	68	84	56	83	82	83	94	36	87	72	85	103	43	36	102	25	
57	36	100	80	70	91	56	91	91	83	94	35	74	69	81	98	50	46	106	29	
50	44	92	79	64	84	66	85	73	84	89	41	77	60	84	99	55	37	117	38	
54	35	100	74	76	87	50	76	79	89	98	39	89	69	81	100	48	38	107	37	
46	35	101	82	70	83	63	89	79	91	102	45	85	74	85	104	60	45	101	24	
48	32	90	73	68	93	56	81	73	95	95	45	85	63	86	110	60	34	104	23	
56	33	93	87	69	83	55	84	85	78	83	41	73	73	85	106	51	35	110	37	
61	47	95	91	64	91	48	86	85	81	101	33	79	56	83	109	54	40	112	34	
49	34	88	81	75	76	56	84	84	78	102	42	78	74	88	93	54	30	103	25	
47	32	97	75	77	90	55	87	81	96	89	48	85	63	77	98	62	37	118	25	
61	36	88	75	61	84	62	76	89	82	98	35	77	64	80	111	53	29	117	20	
58	36	92	84	72	80	55	78	78	85	97	32	82	69	78	96	51	38	109	27	
58	33	96	82	62	88	56	90	89	79	84	39	88	61	86	111	45	28	101	25	
52	44	88	83	62	88	63	80	75	94	84	48	89	71	82	94	60	29	109	26	
51	46	97	81	68	88	57	83	91	87	86	38	82	56	87	108	50	45	118	29	
57	37	86	77	74	79	59	91	90	96	90	49	83	63	76	94	62	28	114	19	
57	35	86	86	68	86	67	87	85	84	89	42	77	62	92	97	55	27	110	37	
63	38	84	76	79	79	57	79	82	83	83	44	80	72	85	99	45	41	113	27	
52	34	83	89	74	83	52	81	86	83	92	39	75	56	78	108	45	34	102	25	
53	37	88	90	63	86	62	87	88	82	97	46	85	70	83	106	59	46	115	32	
55	42	101	80	69	94	57	80	81	81	89	34	73	61	87	98	45	46	104	30	
47	31	85	84	69	86	54	85	90	85	87	36	72	67	75	99	60	35	112	28	
48	40	100	81	66	91	60	77	88	95	102	38	83	73	86	102	54	34	100	34	
56	42	90	92	67	92	59	81	77	90	100	41	79	56	81	111	55	31	109	22	
55	33	87	83	80	82	58	90	91	79	98	33	77	70	77	110	55	40	100	33	
60	41	82	80	67	89	60	87	86	87	96	37	88	61	84	103	51	43	111	36	
56	36	87	90	76	84	64	84	80	92	86	47	74	67	81	104	50	29	116	38	
45	35	85	82	63	79	54	90	84	78	86	44	75	66	91	100	48	39	100	29	
63	33	95	91	65	92	66	79	84	91	93	45	80	57	93	104	57	45	100	30	
61	47	86	90	71	84	64	83	74	79	84	43	71	74	78	103	52	31	108	37	
49	42	84	85	71	77	58	76	77	88	99	41	70	58	91	109	59	42	111	23	
46	43	97	79	80	95	53	74	78	83	97	38	73	74	82	107	61	42	113	20	
62	37	89	79	69	76	58	76	78	83	96	33	82	75	88	107	54	35	112	30	
50	29	93	75	61	88	65	90	79	85	102	37	84	58	89	102	57	31	107	19	
48	40	83	84	64	84	56	88	91	95	98	44	81	63	81	103	56	33	108	26	
48	47	90	75	76	82	53	88	81	83	96	44	74	73	92	107	56	36	113	26	
48	48	96	78	78	89	58	74	82	95	89	38	71	71	90	112	52	39	108	36	
50	47	95	89	75	89	66	76	84	82	102	33	75	57	82	104	52	32	102	25	
56	39	101	74	66	92	62	89	80	89	97	49	76	66	84	103	49	39	102	26	
51	38	96	79	69	87	57	75	74	95	101	35	70	72	87	104	56	38	117	25	
61	47	88	79	62	80	60	83	74	94	84	42	85	64	82	107	62	28	102	33	
50	46	99	86	77	86	64	83	86	79	91	38	74	57	85	95	52	28	109	35	
53	40	100	90	63	88	65	88	78	81	86	42	72	59	89	111	43	41	103	22	
55	47	89	89	74	93	49	75	76	95	88	46	76	69	74	105	43	31	106	22	
44	41	97	91	67	78	50	78	86	92	102	38	74	56	80	110	48	41	103	34	
50	38	84	80	62	92	53	81	76	81	86	36	77	67	91	98	56	32	116	30	
56	46	101	81	75	93	54	91	83	89	87	33	89	58	81	110	59	28	117	24	
49	48	88	92	66	82	63	87	89	89	86	44	77	60	89	106	62	37	116	36	
49	42	84	73	69	82	56	83	85	88	90	43	81	74	81	98	45	44	101	35	
58	31	86	77	76	82	49	86	83	82	96	39	88	58	84	94	50	34	112	25	
45	48	93	78	76	92	57	79	82	89	93	33	80	61	88	93	62	46	107	33	
52	34	91	80	66	76	54	92	91	92	92	43	80	71	93	96	57	30	102	23	
46	29	97	84	75	90	65	84	87	83	89	47	80	70	92	101	48	27	109	19	
53	31	95	91	64	90	67	75	81	79	91	33	70	71	84	102	57	31	116	20	
56	36	97	90	79	94	48	84	78	82	99	48	84	69	82	106	61	38	115	22	
59	34	86	91	75	83	59	84	87	91	100	44	73	56	93	95	47	44	109	33	
52	34	97	77	80	83	52	76	75	87	92	33	84	57	91	99	56	40	118	31	
50	32	86	92	73	79	50	86	73	78	87	42	79	58	77	101	52	37	100	36	
49	43	100	73	74	85	48	76	73	83	93	45	89	68	74	101	58	42	103	20	
47	31	91	86	65	76	57	82	74	86	95	33	85	61	93	106	45	28	107	29	
60	40	99	81	78	85	58	89	84	91	93	37	81	68	92	97	44	34	102	37	
51	39	84	83	63	78	67	90	84	79	97	50	72	67	89	111	54	38	109	31	
59	37	92	91	64	88	56	78	75	90	86	51	81	69	91	94	55	30	118	20	
51	37	91	80	71	95	54	79	78	78	98	49	74	58	88	102	43	27	116	24	
44	41	91	83	74	89	63	79	88	96	88	43	85	56	92	100	44	34	108	25	
59	30	86	88	77	82	62	82	88	91	90	38	79	58	93	104	54	46	108	25	
53	30	99	78	61	84	65	82	77	85	88	39	76	71	93	101	62	46	101	27	
52	46	91	84	74	76	56	91	82	86	102	43	77	64	88	105	43	39	112	21	
53	30	91	87	68	90	67	85	80	93	93	45	88	72	75	111	62	44	104	19	
49	37	95	86	72	85	67	82	73	96	93	43	75	61	81	103	43	34	118	36	
53	47	96	77	63	85	66	91	85	93	95	42	84	64	91	106	54	32	116	30	
48	35	92	85	73	93	54	89	78	89	94	36	72	61	76	106	51	37	119	32	
44	38	98	78	80	90	60	80	90	96	84	36	85	69	86	99	62	38	104	32	
59	32	95	77	76	85	66	77	84	92	98	32	85	67	88	106	46	46	110	37	
57	31	82	74	70	84	64	77	84	85	93	42	83	75	79	105	50	44	104	38	
59	48	85	74	80	92	51	87	80	90	87	50	71	61	88	111	59	46	108	36	
58	48	82	86	62	86	66	80	73	96	89	35	72	63	85	96	61	32	111	28	
49	34	86	90	71	90	61	83	76	79	90	46	76	65	76	100	61	32	113	34	
58	38	94	90	75	90	66	93	83	92	89	46	85	65	78	99	56	33	118	21	
60	29	82	76	78	95	53	86	79	82	88	44	74	68	77	97	44	43	113	31	
59	29	96	87	66	78	62	77	73	96	90	48	71	71	75	108	56	34	104	33	
54	29	86	91	65	89	63	92	88	96	96	51	88	73	87	111	56	39	106	32	
59	43	93	89	62	91	64	91	87	84	98	51	77	72	92	108	58	33	118	21	
46	37	99	77	77	90	59	74	86	81	89	36	81	58	76	104	52	34	109	23	
59	32	91	80	73	95	64	87	75	94	102	41	80	56	85	101	61	46	113	33	
58	31	84	83	63	84	67	74	80	86	99	49	89	63	77	100	55	40	109	28	
51	42	92	85	61	78	65	90	76	95	99	34	83	66	84	105	53	41	101	34	
54	33	87	91	76	76	66	86	83	78	83	45	72	68	79	111	61	30	105	38	
56	40	100	87	78	88	67	77	76	85	95	51	82	61	93	104	58	34	109	26	
50	42	82	78	68	81	54	80	88	89	99	37	76	58	74	102	58	44	114	22	
53	40	88	91	61	76	63	88	73	96	85	44	76	68	90	94	61	39	116	20	
54	33	87	78	79	87	50	80	74	93	90	42	85	63	87	112	49	27	114	26	
56	48	98	87	64	91	55	88	78	81	84	49	88	73	85	93	47	38	113	38	
49	45	94	91	67	92	48	83	79	93	98	49	70	71	88	102	62	33	119	25	
50	35	94	88	67	93	54	76	74	88	89	36	83	64	78	96	62	45	110	27	
44	32	99	75	75	90	49	89	92	91	85	50	86	71	86	98	44	43	104	35	
60	46	94	92	61	84	48	82	79	84	102	43	80	69	91	95	60	45	115	35	
60	43	87	75	63	79	58	86	86	89	83	38	77	58	82	95	49	30	100	24	
61	43	85	87	80	94	50	93	82	91	92	43	85	59	78	112	44	35	106	19	
57	45	95	90	63	93	49	84	81	97	99	42	71	67	77	107	50	29	111	26	
45	43	97	74	75	92	49	86	91	90	89	50	83	68	82	104	60	34	113	21	
60	36	84	92	62	89	66	90	76	93	93	38	81	70	89	109	53	44	116	19	
63	43	99	89	75	77	60	93	89	85	89	44	88	59	88	107	55	42	115	32	
46	43	84	78	76	84	67	88	74	86	91	41	74	69	86	101	61	29	110	37	
59	48	89	91	62	88	64	92	92	78	91	33	82	58	74	102	52	33	110	27	
57	30	95	90	67	88	66	77	85	82	90	45	83	66	88	108	62	31	113	29	
56	42	89	79	64	80	67	88	74	93	83	40	88	56	78	110	43	32	113	38	
57	41	101	81	68	95	53	75	89	91	91	41	78	66	83	109	44	32	100	21	
44	29	86	88	80	82	53	84	77	80	89	51	89	71	90	97	51	43	110	37	
62	42	97	81	75	77	58	85	83	90	89	43	71	61	83	94	61	46	117	21	
62	34	98	92	67	80	64	80	87	81	100	34	79	61	75	95	53	44	102	30	
49	43	89	91	69	78	55	90	86	88	99	44	85	75	87	96	58	30	108	23	
56	30	91	91	61	93	62	79	88	81	102	40	76	60	84	101	58	34	108	19	
49	33	96	92	72	80	60	75	81	85	86	44	79	66	80	105	46	36	103	26	
57	42	88	82	66	82	59	85	86	93	94	51	75	66	91	111	60	37	101	37	
63	41	91	89	72	85	50	80	86	97	84	32	78	65	74	109	48	30	110	23	
44	35	86	86	75	93	66	90	77	97	101	51	88	71	75	97	53	31	108	24	
61	31	94	82	65	88	61	93	87	82	97	36	72	71	77	103	58	32	113	33	
49	40	100	90	72	95	53	78	82	95	89	34	70	63	78	100	54	40	118	27	
61	34	82	87	62	77	62	88	91	90	96	51	89	56	85	107	53	39	109	22	
47	30	89	92	73	90	65	79	77	84	91	32	79	71	77	102	62	39	115	34	
58	31	95	80	70	77	66	86	84	96	101	39	77	60	78	96	46	36	104	36	
53	38	88	80	67	82	52	78	83	84	90	46	89	56	85	99	45	39	106	28	
49	34	100	73	71	91	58	91	84	89	92	50	76	60	84	104	43	38	116	32	
45	29	94	81	79	82	61	92	84	96	102	34	76	64	79	98	58	29	116	21	
55	44	94	91	64	82	66	74	87	78	95	48	82	69	76	112	51	30	102	34	
49	38	82	73	70	80	58	74	75	88	98	39	86	75	86	110	58	29	107	19	
51	32	86	91	70	81	51	74	85	83	85	34	72	69	80	112	52	43	111	34	
63	41	82	77	80	77	51	75	87	78	93	36	70	68	74	100	46	30	109	23	
57	47	83	92	65	94	67	91	73	97	84	33	72	65	88	103	51	28	117	38	
55	30	95	80	64	76	62	80	83	88	98	48	85	74	92	108	51	41	105	24	
56	40	93	80	65	79	66	92	90	86	89	35	85	69	81	109	61	33	111	38	
52	29	98	82	72	85	57	92	73	89	101	42	89	56	87	112	59	27	119	34	
44	29	85	74	65	87	57	90	84	85	95	43	82	69	86	98	58	38	104	31	
46	30	85	85	75	89	51	93	90	93	88	40	81	58	76	97	58	42	100	28	
59	33	98	86	77	87	63	84	84	94	85	38	87	58	80	111	60	28	102	33	
48	48	82	74	65	92	49	81	77	92	89	49	80	62	88	104	54	36	111	30	
60	34	91	82	61	82	62	86	85	78	96	51	89	61	82	111	62	30	115	25	
51	45	91	73	73	80	51	92	77	78	100	36	85	75	87	101	61	29	110	32	
46	39	97	89	64	78	55	75	81	82	100	45	72	71	87	96	57	42	106	33	
54	46	95	91	72	85	50	79	78	88	98	43	73	63	90	99	52	38	103	27	
46	30	84	86	66	93	49	78	76	78	101	46	85	65	76	97	45	36	104	35	
49	30	92	83	72	90	54	77	73	90	97	40	70	59	75	94	59	37	104	23	
46	47	96	78	79	91	58	81	73	90	95	33	71	57	78	105	57	43	110	34	
55	43	97	86	72	88	66	75	83	97	101	32	82	70	87	103	61	27	116	31	
46	35	83	73	65	88	54	78	76	80	100	38	87	60	84	93	52	40	112	34	
44	42	95	76	78	91	49	82	74	92	83	34	81	57	76	93	57	33	101	36	
52	36	97	86	71	77	58	87	82	88	97	51	84	75	91	109	54	34	114	31	
50	42	90	88	68	94	49	92	81	86	87	40	72	75	90	102	44	30	102	28	
63	31	99	88	67	92	50	90	78	95	99	47	79	58	93	93	62	33	118	31	
59	48	82	85	74	87	65	81	76	88	85	43	79	74	77	107	53	41	119	36	
44	38	82	88	79	80	52	76	77	95	95	43	80	71	85	108	47	43	115	37	
58	29	99	89	63	77	65	81	87	97	100	51	71	67	85	105	52	46	101	24	
62	46	99	87	68	89	56	79	92	78	92	42	83	61	79	111	51	32	106	36	
48	38	100	91	62	93	60	84	92	79	91	33	83	62	88	105	43	31	115	37	
48	34	84	75	79	77	48	76	79	92	92	35	76	58	93	95	44	30	102	23	
57	30	100	79	62	86	48	80	76	90	91	49	86	65	74	104	45	35	119	26	
52	45	86	86	65	87	63	91	75	84	95	36	79	71	92	109	55	34	103	27	
44	40	93	80	66	78	54	87	76	88	92	41	75	61	85	94	57	37	111	33	
62	38	82	89	61	85	48	83	87	96	95	49	88	72	85	111	60	42	111	32	
55	41	90	78	65	84	62	88	85	91	97	44	73	66	82	103	43	35	101	26	
63	43	94	82	79	88	52	83	82	97	94	34	80	59	80	93	43	39	115	20	
56	44	94	81	73	88	49	75	84	81	98	34	82	70	90	97	55	39	115	23	
56	35	83	74	73	76	58	75	83	80	94	46	77	58	90	102	59	46	100	32	
58	29	94	74	70	84	63	84	76	88	97	39	85	67	92	111	59	36	107	35	
49	29	94	92	62	81	64	88	74	96	101	45	80	73	81	96	46	44	106	26	
50	47	99	89	67	93	49	93	82	93	83	49	75	70	79	105	53	38	118	22	
53	45	96	89	65	83	64	90	86	97	99	38	76	57	84	111	47	45	116	31	
46	46	97	90	79	82	53	76	92	96	93	39	83	71	91	94	56	32	104	20	
56	42	92	77	73	94	60	76	82	95	92	33	76	59	86	106	61	36	119	30	
62	43	94	79	67	83	64	81	85	79	87	37	85	66	93	106	45	44	107	29	
45	42	89	90	62	88	57	74	84	91	97	48	83	72	89	95	43	42	118	20	
52	45	92	73	70	76	67	93	79	84	100	37	89	59	78	103	54	35	113	36	
54	44	85	81	70	84	57	87	92	89	87	48	74	67	92	93	61	35	114	21	
58	38	89	80	78	85	54	92	75	93	88	48	79	71	92	99	52	40	100	22	
61	39	88	80	65	93	62	78	84	89	88	38	87	74	79	110	61	34	113	25	
49	36	85	91	72	84	60	87	77	94	88	51	70	61	77	97	45	29	102	22	
57	34	96	82	70	84	58	78	91	82	91	44	74	67	84	101	47	40	105	35	
44	31	92	92	69	80	55	81	76	84	87	51	75	70	92	95	49	35	106	23	
61	40	83	73	62	93	67	86	79	89	87	41	72	69	93	101	53	46	117	19	
53	48	83	77	80	88	63	78	79	95	102	46	77	69	81	111	62	43	107	34	
56	39	85	80	71	90	53	79	81	82	87	49	78	57	84	100	50	29	106	36	
63	36	88	87	61	95	62	91	83	95	88	38	86	63	92	110	60	45	111	29	
63	43	87	73	70	94	63	80	79	90	84	41	88	75	84	100	55	28	113	38	
61	47	88	90	67	81	64	83	89	95	101	50	78	73	88	102	46	31	114	27	
44	40	98	79	70	87	54	75	84	84	86	39	78	67	88	106	57	29	106	35	
48	47	92	74	61	95	66	81	84	80	102	51	82	75	87	103	46	42	118	35	
52	29	93	76	73	88	56	87	76	84	88	48	70	63	77	104	44	39	104	19	
62	32	93	73	65	91	63	92	80	89	91	36	81	65	88	112	56	44	115	22	
53	46	93	85	74	83	59	86	92	81	84	36	85	70	89	109	60	30	104	30	
44	47	99	75	70	95	59	89	83	94	84	40	85	71	85	106	54	40	109	32	
55	45	93	89	62	76	48	77	87	97	96	38	71	64	75	98	46	41	108	27	
44	35	87	84	69	80	56	75	76	85	84	40	80	67	90	108	50	31	104	35	
45	43	89	75	75	95	53	85	92	94	96	47	79	64	84	104	49	40	111	38	
55	44	94	78	79	80	56	75	81	81	92	37	86	74	76	107	56	29	104	31	
58	30	83	88	80	84	50	76	81	94	94	41	80	63	87	96	61	34	106	19	
47	43	97	80	73	90	51	89	74	97	97	50	79	65	87	96	56	33	115	34	
47	47	83	78	68	84	64	86	86	91	101	32	89	63	90	106	44	35	114	36	
56	48	88	73	74	83	49	78	92	84	83	48	82	70	92	112	50	31	105	27	
54	48	82	86	75	84	52	93	90	88	101	38	88	67	76	106	45	41	119	37	
54	46	85	76	77	92	58	74	86	88	84	51	83	71	83	106	61	27	109	30	
62	31	86	79	66	82	54	84	82	78	85	34	83	70	80	102	56	37	102	20	
44	32	92	79	71	83	57	83	78	97	90	45	85	75	81	98	43	28	112	29	
59	46	88	84	76	77	64	77	83	82	84	36	78	58	76	99	61	37	119	35	
50	31	85	84	67	77	50	77	77	80	100	38	76	72	82	96	58	33	102	38	
53	45	94	85	69	84	50	76	75	96	91	48	86	63	87	94	57	32	104	26	
45	42	99	86	77	89	57	89	79	84	96	34	82	56	81	111	50	41	103	37	
60	47	92	86	66	78	51	77	75	88	95	36	70	70	74	106	55	38	103	27	
53	43	96	91	61	78	63	77	78	96	95	50	88	65	92	106	53	40	119	34	
51	39	94	75	61	84	61	85	85	91	101	40	85	67	78	97	50	27	105	27	
56	40	100	86	63	83	55	90	76	86	96	44	89	69	82	112	51	31	104	23	
61	30	90	91	69	93	66	90	73	78	95	39	84	61	82	112	50	38	102	35	
44	34	82	84	76	86	53	80	79	82	84	48	82	73	81	101	51	45	116	28	
60	31	94	86	71	94	63	82	83	97	94	35	70	75	83	109	47	39	115	19	
47	46	85	83	66	86	50	88	81	89	89	32	77	72	81	104	45	37	103	26	
50	33	85	91	73	88	49	75	75	90	100	41	85	67	86	97	45	37	118	30	
55	42	84	90	68	93	60	81	91	94	90	41	72	65	90	103	62	42	100	24	
58	44	92	80	76	90	66	83	89	85	87	46	77	72	76	101	53	34	105	21	
57	42	88	87	72	90	54	90	82	80	89	48	71	72	89	97	60	36	110	26	
61	47	100	92	80	88	51	75	78	91	102	46	79	75	84	100	54	33	118	33	
61	31	100	75	68	82	58	77	90	86	99	37	77	59	91	98	51	27	102	23	
54	45	98	79	63	92	67	78	74	88	89	41	72	61	90	108	43	33	102	38	
55	45	94	82	64	94	66	82	83	91	84	35	74	57	83	103	62	28	106	28	
57	38	95	74	77	91	67	79	78	83	85	46	89	57	80	103	55	43	112	36	
60	45	89	87	80	79	65	74	81	86	88	42	86	63	86	104	48	27	102	23	
59	30	84	81	79	88	54	87	79	79	95	50	71	56	81	109	58	31	108	20	
46	35	87	74	78	90	67	83	85	97	84	36	71	66	79	107	57	45	104	38	
57	45	82	90	76	86	56	80	82	86	91	45	83	63	89	108	54	35	104	33	
55	31	96	78	70	90	52	87	92	97	102	40	72	66	80	103	50	38	105	32	
46	39	88	81	79	79	61	82	80	88	89	45	85	67	84	104	45	29	101	20	
51	48	96	90	77	90	54	91	76	92	87	32	77	59	81	99	47	38	106	22	
60	33	82	74	72	87	64	77	86	83	83	38	76	70	84	106	52	34	103	28	
47	37	87	87	63	84	67	81	86	87	90	39	79	67	92	93	57	31	110	19	
45	36	92	88	73	94	58	89	73	95	88	36	85	61	89	105	50	36	108	19	
58	37	91	75	66	79	62	90	75	96	91	50	83	56	77	108	55	46	109	27	
55	47	91	75	65	77	56	92	73	86	99	51	85	60	76	108	60	31	106	24	
55	32	87	86	67	78	63	76	81	79	100	35	71	60	89	111	45	35	101	24	
57	46	89	86	70	77	58	90	81	84	86	50	77	75	84	103	56	42	112	38	
50	38	86	82	76	93	63	80	91	97	93	35	75	58	85	94	44	33	116	31	
62	34	88	80	63	88	64	75	90	79	83	51	83	64	82	97	57	31	100	34	
48	46	86	77	67	81	63	83	83	85	85	33	88	66	86	108	45	29	118	27	
55	38	82	88	68	76	57	91	79	94	98	37	72	68	83	99	53	46	105	24	
45	46	91	86	73	83	57	89	85	85	100	47	79	75	90	100	52	46	111	25	
56	39	94	83	68	77	62	75	79	93	89	47	85	63	85	104	61	38	115	28	
57	44	89	79	63	81	54	93	73	96	96	50	80	69	89	99	59	45	112	31	
54	36	92	79	63	85	63	85	73	82	93	36	86	57	89	96	49	40	104	37	
62	41	90	74	76	81	58	76	84	84	101	34	89	74	91	94	47	43	106	36	
53	35	85	78	68	80	60	93	83	96	102	50	80	58	87	98	54	27	115	25	
44	38	85	89	79	86	58	75	74	78	85	49	88	66	79	101	44	27	108	27	
47	40	83	78	61	79	54	78	74	82	92	46	70	70	77	93	46	36	113	22	
45	43	99	75	67	84	57	93	83	78	90	38	76	75	82	103	58	31	112	25	
46	48	96	84	75	78	59	81	74	90	91	43	73	69	74	103	54	44	116	23	
46	34	97	81	64	82	63	78	79	84	86	34	87	56	88	97	58	37	118	26	
47	40	83	88	65	88	55	89	81	97	98	46	77	74	88	98	60	34	102	20	
59	48	96	83	69	92	49	87	75	96	92	42	75	57	83	93	51	36	112	21	
48	40	98	89	62	78	48	85	90	89	93	49	77	74	89	102	60	28	105	38	
58	37	92	82	78	91	57	75	91	81	102	38	88	61	74	105	56	34	106	22	
50	45	94	73	68	84	51	85	88	93	102	45	70	59	88	111	48	43	103	26	
46	48	89	79	78	92	56	83	92	89	86	36	79	73	78	101	43	36	103	22	
58	39	87	92	63	94	62	82	86	78	83	51	88	63	87	105	47	38	119	29	
54	36	97	78	68	88	66	88	78	84	98	35	83	62	89	109	61	34	100	21	
53	33	97	85	79	95	54	85	87	89	83	39	87	64	83	97	61	44	113	34	
54	42	96	79	68	84	58	86	75	88	99	41	89	69	93	101	43	37	100	19	
61	40	82	89	75	82	63	74	84	93	102	38	75	62	86	109	55	31	101	20	
57	30	83	84	73	79	60	87	85	90	94	32	85	67	86	108	57	39	102	32	
49	34	83	80	62	80	51	87	85	97	88	33	73	69	83	95	55	34	104	35	
56	38	92	75	67	79	63	83	89	91	88	45	76	70	80	104	48	38	114	25	
58	36	86	76	68	81	59	74	83	93	95	32	80	75	89	98	51	39	115	21	
57	39	96	81	76	87	55	85	89	86	98	42	77	69	93	95	45	30	115	25	
48	46	89	81	61	89	62	87	78	88	102	43	80	57	91	102	43	33	103	34	
45	46	93	91	79	81	60	92	78	86	87	34	77	70	78	112	62	38	108	21	
59	36	88	81	72	93	51	74	80	83	88	39	76	62	77	111	52	29	114	19	
53	40	86	90	66	76	64	87	79	91	87	50	78	59	81	98	54	34	105	36	
49	30	100	80	72	80	64	91	79	96	97	42	82	59	76	98	52	29	116	24	
51	36	96	88	65	79	48	83	80	90	88	41	86	62	89	107	48	36	107	20	
48	41	87	85	67	94	51	88	81	91	93	43	80	61	78	98	61	30	102	20	
63	46	98	88	73	87	55	85	76	88	94	36	78	71	82	106	50	35	103	35	
59	29	101	90	73	87	66	85	87	96	98	48	70	75	91	93	48	30	104	28	
63	37	89	78	76	95	66	74	75	93	83	35	89	71	78	96	58	28	112	22	
44	37	94	89	69	79	49	78	85	79	94	32	77	61	82	111	48	28	111	34	
61	45	93	77	69	92	63	85	73	91	96	37	76	69	87	93	47	27	117	23	
44	37	98	89	71	92	64	93	91	91	88	41	87	71	90	101	48	35	106	38	
58	32	83	89	71	91	67	80	78	86	87	39	79	66	86	94	55	40	116	38	
60	47	91	78	76	89	59	89	75	97	95	49	73	57	79	108	49	28	105	35	
49	39	96	75	69	92	52	80	84	85	96	45	86	66	90	101	52	30	102	19	
44	45	99	73	75	83	58	93	80	97	91	35	83	74	74	95	59	27	102	35	
55	42	93	84	77	85	57	83	77	80	98	50	79	74	77	103	43	32	102	28	
59	47	100	82	71	88	64	75	73	80	97	46	84	69	82	97	47	33	102	27	
51	31	87	89	71	89	48	92	86	83	97	51	83	71	90	96	62	44	113	31	
49	32	88	83	70	82	60	79	74	96	86	46	86	66	75	106	53	42	112	28	
46	36	96	83	64	81	61	83	88	88	101	41	85	73	78	107	53	33	117	24	
45	34	96	75	71	93	48	92	92	95	99	34	89	62	85	105	51	39	111	28	
51	47	94	79	68	76	55	81	88	85	99	40	89	66	84	98	60	34	104	34	
45	45	94	89	65	92	55	91	89	89	93	39	70	75	80	107	52	39	103	30	
51	48	100	76	66	86	59	81	91	84	96	39	77	74	87	108	58	37	100	31	
60	34	97	86	77	81	59	92	82	90	84	37	86	69	92	101	50	29	112	32	
57	41	88	79	62	77	49	82	73	83	97	32	71	58	74	101	56	28	113	36	
51	29	98	79	61	93	64	75	88	97	94	50	80	64	87	107	51	27	106	36	
53	46	99	89	74	83	53	81	79	94	91	38	73	62	88	106	62	39	111	21	
59	35	101	86	67	77	55	84	81	90	95	35	82	58	76	108	43	31	102	33	
62	37	98	75	72	94	66	85	82	85	93	41	70	63	91	105	55	38	118	27	
52	29	85	85	75	82	49	79	85	88	101	42	78	57	78	106	62	37	114	26	
63	30	100	76	76	78	48	86	80	93	99	35	88	60	74	108	60	33	106	38	
46	37	92	90	72	91	50	80	91	91	83	43	77	66	93	109	57	41	115	33	
52	30	89	77	74	82	55	91	87	89	97	48	86	73	91	100	55	46	109	30	
46	36	94	73	80	80	52	85	91	97	99	44	76	74	87	107	60	36	103	29	
49	30	85	91	69	85	56	83	85	92	88	38	80	63	82	105	54	36	108	35	
54	45	96	89	74	88	49	90	76	92	94	50	79	66	90	109	62	41	116	29	
53	32	84	77	75	82	64	89	82	81	91	34	84	62	92	109	51	34	109	21	
51	33	83	83	71	80	67	82	77	83	83	32	71	72	84	108	52	43	113	19	
57	29	98	89	66	77	61	79	78	81	88	36	79	67	81	94	59	41	110	24	
55	35	84	89	69	93	48	82	83	84	85	45	79	69	85	105	52	36	118	26	
45	29	100	83	76	83	66	83	89	86	96	34	70	62	87	93	51	37	116	36	
47	34	83	73	64	86	66	83	92	87	92	34	85	58	75	106	51	27	100	37	
56	40	95	83	78	85	54	91	81	78	97	32	82	59	74	101	56	46	119	19	
58	42	91	88	70	90	64	75	82	80	93	47	88	72	88	108	59	44	111	32	
62	32	89	77	78	83	50	83	75	87	89	36	79	59	82	103	43	29	102	30	
44	35	101	81	77	87	48	88	92	82	100	33	74	68	93	98	43	40	107	28	
59	34	100	80	63	83	66	80	73	82	85	42	87	70	85	107	44	27	113	19	
52	32	101	80	63	87	51	77	89	94	88	50	81	72	90	101	50	37	100	36	
53	45	86	85	79	88	51	87	83	83	102	42	89	71	87	93	55	45	111	34	
44	42	85	80	64	90	49	75	81	80	95	38	79	63	92	107	57	45	110	33	
56	35	99	82	74	92	66	88	87	94	95	47	77	69	74	111	48	38	114	32	
57	40	87	74	74	78	56	75	77	89	87	34	72	68	75	101	47	42	108	20	
56	48	94	88	69	83	61	81	82	90	84	36	73	61	89	109	53	42	109	29	
58	40	100	85	80	81	53	80	84	84	101	32	77	56	83	96	57	38	111	38	
62	45	82	82	76	83	62	93	82	80	89	35	82	57	89	101	61	27	113	25	
52	35	88	82	65	90	54	91	86	87	92	47	73	70	91	96	48	35	116	21	
46	42	95	87	80	94	67	80	73	84	91	47	86	58	82	102	43	28	109	24	
54	32	97	85	65	94	67	92	81	91	97	47	78	68	78	109	54	30	111	26	
50	46	100	79	63	91	60	93	86	82	89	36	89	58	77	107	43	30	107	24	
55	39	84	89	69	80	55	86	90	80	89	41	81	57	84	106	43	30	115	20	
60	30	88	74	63	85	56	75	84	84	101	50	75	68	78	96	43	46	107	25	
57	47	83	90	79	89	57	76	83	88	101	35	72	68	74	110	45	30	119	29	
58	30	87	88	73	80	55	86	86	92	93	38	70	75	75	111	62	46	118	34	
57	35	93	75	80	91	49	80	78	88	91	47	87	58	79	109	62	43	106	33	
54	34	98	87	63	76	58	82	90	84	86	37	87	56	75	94	45	30	105	28	
44	36	99	90	71	93	59	82	91	84	91	43	79	59	78	96	44	46	113	36	
52	46	93	84	67	84	57	78	79	84	84	41	75	71	86	103	43	38	106	37	
45	31	94	79	77	82	49	81	80	84	86	48	72	59	76	94	62	33	108	38	
61	33	83	85	72	90	52	85	89	90	93	48	83	70	82	109	60	44	118	27	
50	30	92	75	80	83	51	80	74	83	99	51	80	69	93	101	56	41	110	23	
53	31	84	90	61	90	53	87	73	78	83	48	80	61	89	107	52	44	119	26	
55	34	88	74	78	77	57	86	75	97	97	35	71	72	86	94	59	42	104	21	
44	45	96	81	73	83	55	81	89	94	100	44	87	57	86	95	49	38	117	23	
54	33	94	81	69	86	67	76	74	83	88	48	79	59	88	111	60	31	101	31	
52	37	90	91	74	92	49	80	78	95	84	41	75	72	86	100	45	27	115	28	
61	47	97	81	76	80	51	82	78	87	83	36	76	73	84	94	51	34	108	26	
53	34	89	91	67	78	64	90	85	95	89	37	81	62	92	107	53	28	102	36	
52	46	91	77	72	78	66	76	77	90	93	39	71	66	77	112	45	39	114	34	
55	47	85	92	72	85	55	84	81	88	102	34	79	69	86	111	56	39	108	25	
62	39	83	76	80	82	53	91	76	94	97	45	88	73	91	107	59	37	106	20	
60	33	91	78	73	94	60	91	77	97	85	38	71	57	75	93	43	41	111	24	
59	40	97	78	80	92	58	82	85	80	96	38	79	60	93	93	55	39	102	35	
45	48	100	82	66	79	58	77	81	84	98	49	88	65	86	100	60	43	110	37	
46	35	85	80	75	81	60	82	84	84	83	39	83	62	86	104	58	27	109	22	
55	35	89	91	71	84	64	86	76	85	85	41	76	56	78	111	58	38	119	36	
52	32	89	81	68	83	48	80	76	79	97	34	85	67	79	98	45	34	114	27	
61	33	84	80	62	95	60	90	75	92	95	35	72	60	77	100	50	45	111	21	
55	33	89	92	80	92	61	92	82	83	95	50	86	57	75	93	47	30	109	26	
53	34	96	80	61	82	60	87	78	89	87	32	75	65	92	105	45	33	104	19	
58	44	90	73	71	78	55	83	92	86	98	32	70	56	90	98	53	36	103	29	
46	41	83	82	66	80	55	86	82	87	90	48	88	56	80	110	53	30	108	37	
54	39	82	81	77	94	63	87	78	80	95	44	76	65	89	102	48	35	109	22	
45	38	90	88	68	83	56	76	91	90	98	39	79	58	88	94	53	27	107	23	
53	44	94	77	61	81	66	93	88	80	84	43	81	62	81	112	60	29	108	19	
48	42	83	88	74	82	65	75	78	97	92	44	85	64	91	97	53	42	101	37	
59	35	86	83	63	85	50	78	89	89	96	37	77	68	83	93	57	38	107	19	
46	30	86	83	61	78	51	87	88	90	99	33	75	60	93	107	43	36	119	31	
49	45	93	74	68	85	51	81	77	90	90	32	88	57	79	101	48	31	107	21	
52	45	99	83	65	91	52	86	79	97	84	36	82	72	80	108	54	43	104	27	
58	34	101	84	64	76	58	93	76	95	91	41	82	66	80	105	58	40	108	35	
57	34	99	88	69	77	52	92	86	88	86	46	86	68	85	106	59	27	110	35	
60	48	95	90	69	81	49	79	75	81	101	42	77	62	78	112	57	38	111	19	
52	34	99	78	78	92	61	74	77	94	100	46	72	74	83	109	47	43	108	25	
46	46	89	79	72	77	67	80	84	85	93	43	72	67	77	100	51	30	101	38	
63	34	95	91	64	79	58	75	77	96	89	34	87	61	75	93	48	40	112	28	
44	39	100	83	65	95	67	93	88	79	95	45	75	63	85	108	46	28	116	35	
54	35	93	78	62	94	61	93	77	88	88	46	81	67	85	96	53	31	117	23	
52	36	89	73	68	76	49	90	76	90	91	43	74	64	88	96	46	44	116	30	
62	44	90	85	65	76	67	82	74	85	84	34	84	64	83	108	43	41	102	27	
56	47	88	92	63	88	56	82	83	96	86	42	77	73	89	102	45	42	105	21	
63	31	89	78	67	89	58	92	79	84	83	38	74	60	86	100	58	43	116	35	
45	42	100	82	70	84	53	90	92	97	87	38	79	66	79	110	60	28	108	36	
63	38	96	83	75	81	65	79	89	85	93	44	73	63	88	106	52	41	106	33	
51	34	94	73	80	88	51	78	79	84	89	40	88	60	84	101	46	46	115	25	
60	39	97	85	63	89	53	82	92	94	88	37	84	65	83	110	57	29	100	37	
45	29	86	75	73	79	67	87	86	92	102	37	89	59	76	99	45	34	108	35	
50	31	99	79	75	91	50	92	74	91	94	45	81	66	92	103	45	30	102	21	
46	47	86	87	74	94	51	75	75	92	91	50	88	71	81	111	60	45	102	23	
45	43	94	90	75	87	55	75	78	96	93	41	82	75	76	97	59	41	119	19	
44	43	98	73	78	95	56	74	77	78	83	44	72	73	88	108	50	45	108	28	
57	32	90	91	79	84	50	93	75	84	98	40	84	68	91	112	54	35	103	30	
59	33	94	85	71	77	59	79	78	95	96	45	81	67	76	105	51	45	105	28	
55	44	92	86	76	92	54	84	90	88	86	38	70	67	76	99	57	35	116	26	
63	48	100	74	61	88	55	76	82	95	102	38	79	61	80	106	57	44	117	36	
54	33	88	88	67	77	59	79	79	96	93	51	79	68	81	99	44	30	109	33	
54	40	98	77	70	95	57	74	80	84	92	41	77	71	75	102	54	40	107	28	
60	43	100	82	65	85	54	75	90	83	84	40	77	62	87	102	43	31	107	19	
44	31	88	87	62	77	59	74	85	86	98	35	85	73	80	96	56	42	119	22	
57	33	89	90	79	79	49	84	90	97	96	41	76	68	86	101	45	31	100	23	
57	44	92	78	80	78	50	79	83	90	83	45	78	56	84	104	49	41	101	20	
48	42	97	76	74	80	57	77	85	92	92	45	77	72	93	97	57	43	104	32	
56	48	85	74	67	95	64	77	84	85	98	33	84	63	75	101	56	35	118	33	
51	31	100	82	65	81	52	82	82	87	101	32	74	62	93	106	62	28	110	31	
44	33	87	78	80	93	50	86	84	91	87	32	78	70	78	97	43	29	116	28	
63	38	100	84	69	91	60	87	88	95	100	41	78	61	81	94	62	40	112	28	
57	38	87	81	70	84	51	86	85	81	102	48	87	70	92	93	57	29	110	34	
57	34	89	80	73	84	55	89	90	91	83	48	82	68	80	97	53	45	108	22	
58	31	89	85	78	77	61	74	86	86	85	43	75	56	78	98	57	29	107	23	
46	39	101	80	74	90	52	89	75	83	97	38	89	62	83	100	45	43	100	38	
48	47	98	88	77	93	54	89	83	85	98	33	71	58	79	112	59	44	117	30	
56	32	90	84	75	94	63	78	81	85	98	49	77	56	84	95	58	41	119	20	
44	44	100	79	78	91	65	90	86	92	91	41	76	60	77	102	59	27	102	34	
52	45	99	88	65	87	62	80	73	84	88	47	81	59	84	105	62	31	104	35	
45	47	83	77	74	83	53	92	83	82	91	46	87	68	75	98	47	34	118	36	
50	33	93	81	75	78	53	81	86	96	87	39	75	75	77	94	60	36	116	24	
63	31	89	75	61	87	56	86	74	86	91	37	75	67	79	106	57	31	105	26	
59	37	100	89	65	86	55	92	82	95	87	37	79	73	76	110	62	39	101	26	
50	35	94	87	70	76	66	75	79	97	94	36	77	64	88	94	56	43	115	30	
55	46	101	80	68	92	61	88	76	92	84	46	76	59	82	109	60	45	107	33	
50	44	83	76	77	93	51	92	75	93	86	35	89	64	92	104	54	37	104	29	
47	29	99	92	76	91	48	86	83	80	91	41	81	71	91	96	43	33	100	20	
58	42	94	77	66	78	58	88	86	89	83	41	73	56	85	102	49	44	100	35	
51	44	94	83	64	89	48	76	89	95	87	34	74	58	75	97	55	36	113	28	
50	42	92	75	65	87	57	80	86	86	96	42	84	71	93	106	61	28	117	21	
47	38	83	87	79	84	66	87	87	85	93	38	71	74	93	106	46	38	112	25	
59	35	90	88	68	77	48	81	86	95	86	42	82	74	80	95	59	27	103	24	
47	34	90	78	69	85	57	89	76	86	92	49	74	75	83	112	58	28	117	26	
53	32	87	91	76	94	57	82	74	85	91	34	80	62	79	93	60	37	114	33	
46	43	97	73	80	76	49	88	92	97	94	43	80	66	83	94	54	39	106	21	
60	38	89	87	64	83	66	92	88	96	90	38	72	57	87	94	45	43	105	32	
54	32	99	88	63	93	48	92	75	93	92	33	88	69	84	99	60	27	111	26	
54	29	101	75	71	87	67	83	92	93	99	46	80	68	83	104	46	46	101	37	
53	34	89	87	67	86	67	90	92	92	96	41	84	69	76	97	50	45	116	26	
56	48	93	91	62	82	60	89	86	90	102	33	76	73	91	103	52	31	107	30	
49	44	99	74	72	93	63	93	91	90	102	42	82	66	90	108	59	38	101	25	
63	42	98	82	71	77	57	75	73	83	84	50	76	67	81	95	62	42	105	21	
60	39	90	88	65	80	60	88	84	95	102	46	83	63	88	95	51	45	115	27	
56	38	82	80	65	81	61	75	76	87	90	51	79	65	77	103	62	34	114	25	
59	47	87	89	68	86	63	83	75	95	101	43	72	60	89	109	51	32	117	25	
51	39	96	81	70	80	51	85	77	97	100	32	84	60	87	96	54	35	102	37	
55	37	100	89	70	95	61	85	88	96	83	43	89	56	80	108	61	46	114	38	
60	29	97	87	79	79	60	85	84	87	99	35	73	74	77	106	59	40	105	28	
49	36	100	74	69	78	51	82	80	90	96	37	83	70	87	103	48	40	119	36	
63	39	95	76	69	89	66	88	89	82	96	36	80	56	86	105	54	40	103	32	
48	37	88	89	66	80	58	92	81	79	92	48	80	69	79	104	49	31	108	36	
46	42	92	78	71	93	63	87	91	90	99	36	87	75	86	99	62	36	101	23	
50	40	96	79	71	76	64	76	77	93	95	40	85	67	78	111	59	31	104	34	
59	36	89	87	70	87	66	87	90	92	86	33	76	62	88	100	57	41	114	23	
51	34	95	87	69	89	62	78	83	88	92	45	84	65	86	106	51	38	118	25	
60	29	88	74	69	87	67	78	90	79	101	41	85	68	91	108	46	33	111	19	
59	38	101	86	67	76	61	93	85	91	85	34	70	63	90	99	44	40	101	37	
58	35	84	90	61	85	51	89	82	89	97	34	80	56	81	93	55	32	117	38	
50	42	91	87	65	86	55	81	74	92	98	42	77	68	76	112	46	35	103	19	
47	48	82	76	76	91	49	84	91	95	83	43	78	72	84	101	56	36	113	22	
49	39	96	73	78	93	62	90	74	93	92	51	73	69	76	110	47	42	119	34	
46	36	85	85	76	88	52	83	80	94	85	51	81	72	75	102	50	34	109	38	
58	44	95	73	77	76	66	79	85	79	91	36	76	75	92	96	57	27	116	35	
53	42	88	80	66	77	53	93	77	97	87	36	81	71	77	112	46	41	115	28	
56	38	93	89	77	81	65	86	81	92	101	39	72	65	80	105	54	36	115	36	
46	35	89	82	65	80	59	75	91	81	99	37	82	64	74	97	62	35	111	38	
50	43	94	78	67	84	48	83	90	93	85	35	76	59	87	100	61	40	116	22	
47	37	83	74	70	83	53	76	83	78	87	45	76	64	92	103	58	30	113	34	
61	38	95	80	63	86	60	82	84	88	92	44	89	67	77	93	51	33	102	27	
58	35	88	79	80	76	57	93	81	79	85	33	89	74	90	94	55	31	102	36	
51	44	96	87	74	85	66	74	73	94	91	51	84	61	77	96	45	30	117	23	
49	33	99	82	70	77	57	87	83	82	85	51	77	60	75	103	45	42	111	32	
48	36	82	90	75	82	50	82	82	79	93	36	70	72	83	102	47	39	118	23	
57	40	83	87	69	94	55	81	78	80	91	34	86	74	80	96	53	34	113	30	
45	41	85	82	67	91	63	91	92	81	98	43	71	59	92	108	49	36	102	31	
52	43	87	91	68	86	65	91	76	91	91	44	89	72	85	101	44	29	110	34	
44	32	85	85	64	93	56	77	85	80	92	43	85	74	92	99	55	34	117	31	
51	40	89	77	74	92	56	92	92	80	89	42	86	58	76	111	60	38	118	34	
58	44	87	76	78	91	49	91	80	80	94	51	83	56	78	108	49	29	102	31	
61	47	95	80	74	82	61	90	78	78	88	34	70	57	78	111	49	29	109	27	
59	37	96	76	64	91	60	92	86	85	89	33	83	58	75	97	50	46	108	21	
59	38	97	90	77	82	58	84	85	90	85	32	74	61	76	107	52	32	106	28	
49	42	83	86	70	92	48	91	82	81	83	37	74	58	81	99	45	27	105	34	
56	46	96	81	75	91	48	82	82	84	86	38	73	75	74	109	43	45	115	35	
54	29	91	74	73	85	50	88	88	96	88	42	75	56	87	103	48	29	103	34	
60	33	88	77	65	78	67	92	80	90	93	39	83	63	86	96	52	33	115	36	
59	33	99	74	77	80	59	88	89	88	87	47	75	69	80	93	54	30	109	38	
47	47	93	81	77	84	64	75	91	85	99	47	71	67	79	110	51	38	104	30	
58	44	93	81	71	94	56	92	79	81	87	39	74	74	93	106	49	39	100	31	
63	36	98	76	74	86	52	76	78	88	98	42	86	73	87	106	58	32	107	37	
62	34	95	78	73	81	67	81	91	88	89	32	82	69	76	106	52	41	111	24	
50	48	101	85	69	92	51	74	87	85	95	32	86	66	79	107	43	28	104	22	
50	40	99	85	79	83	56	74	81	87	102	51	72	63	78	109	55	36	117	36	
55	39	100	77	70	84	52	91	81	88	92	35	76	68	80	93	50	42	106	37	
46	41	94	83	61	88	62	81	75	86	91	47	79	60	92	108	62	41	109	32	
61	46	98	88	79	81	59	89	80	89	96	32	72	68	83	110	49	43	105	19	
57	37	95	87	76	84	48	89	88	94	83	40	82	72	77	97	43	29	104	22	
45	45	84	78	77	95	55	75	75	86	86	47	88	65	87	110	60	46	108	22	
60	47	100	83	80	80	53	76	75	78	101	46	77	58	79	105	56	27	109	31	
61	35	86	85	67	93	48	79	82	85	89	33	73	70	87	99	53	31	100	19	
55	47	94	90	64	79	65	84	88	84	92	47	72	70	84	103	47	35	114	20	
44	43	96	83	61	86	66	74	92	80	90	49	86	68	80	104	61	43	114	36	
53	42	90	73	61	93	55	88	76	93	91	37	75	70	85	110	51	45	100	32	
45	45	101	91	69	85	51	89	73	96	93	37	74	68	80	104	44	33	117	25	
44	33	99	77	78	86	53	92	90	88	94	50	87	59	84	105	62	33	119	27	
54	42	82	91	79	79	48	75	78	94	102	39	76	70	79	102	45	39	110	36	
61	32	86	83	66	95	58	92	76	92	97	35	77	58	77	96	53	27	112	31	
55	36	89	83	64	89	51	82	85	92	96	42	84	62	76	112	45	31	113	26	
49	30	95	85	79	84	48	91	91	94	100	47	73	65	86	94	59	34	102	37	
50	33	93	78	65	78	64	75	83	90	98	50	80	58	85	94	51	45	106	27	
55	29	82	90	75	77	63	85	78	82	98	46	73	64	74	109	52	44	119	29	
46	43	101	85	62	88	64	81	82	80	91	40	73	58	74	99	50	28	105	26	
60	43	94	86	63	78	66	89	86	94	101	35	76	61	74	112	44	42	109	32	
62	43	82	86	69	92	58	90	74	96	90	48	73	62	86	100	47	43	109	33	
50	46	96	86	76	90	62	90	76	97	94	51	72	67	92	107	56	39	106	26	
51	39	86	73	71	78	55	81	87	96	93	45	73	60	93	104	60	34	111	33	
46	47	98	85	66	87	48	77	78	97	87	50	80	57	81	100	51	34	108	21	
44	41	98	88	80	87	64	85	75	90	93	49	79	60	88	97	45	31	118	25	
57	31	100	81	79	82	64	78	78	91	96	33	84	73	86	112	53	34	107	20	
49	41	93	77	80	79	52	79	79	81	102	45	81	66	75	108	44	40	117	32	
56	39	96	80	61	82	60	81	88	86	97	35	76	61	87	93	43	30	104	33	
52	35	83	75	77	91	61	79	75	94	96	51	74	59	87	111	60	28	100	30	
51	45	90	73	65	91	66	78	91	85	101	51	71	63	91	102	53	41	116	35	
63	43	95	89	61	90	57	76	78	94	100	44	81	71	75	107	50	41	100	31	
52	43	88	90	68	89	54	83	79	87	84	45	81	73	86	104	50	43	114	32	
61	34	94	92	65	76	65	77	91	92	100	32	71	73	74	101	53	46	111	36	
52	34	82	78	67	93	67	88	90	93	87	33	86	59	78	111	56	45	105	31	
44	43	91	86	71	84	53	77	82	87	102	38	87	74	91	109	44	27	116	21	
46	47	98	83	73	91	65	86	87	95	102	39	84	56	85	108	62	42	110	28	
53	34	99	80	74	79	64	79	78	87	87	47	89	60	91	104	49	42	111	21	
61	44	94	82	69	81	54	82	88	84	83	35	89	70	74	101	55	37	112	27	
62	45	92	87	76	84	53	88	85	88	85	38	74	63	76	99	61	29	113	29	
51	47	91	84	62	95	60	77	76	92	99	45	81	66	77	109	51	32	106	21	
57	45	82	79	64	83	57	77	79	91	98	38	75	64	80	94	62	39	117	35	
60	40	83	81	78	93	53	84	76	82	98	37	75	66	75	111	44	35	119	29	
56	46	99	82	72	89	50	83	84	82	87	38	85	74	88	103	52	44	111	35	
53	29	93	75	71	87	55	92	81	86	89	40	76	63	83	100	60	29	107	27	
54	36	86	78	76	86	63	78	82	97	100	38	75	61	93	106	55	31	119	22	
57	32	96	77	80	80	58	81	76	78	98	43	74	75	83	104	61	32	110	23	
62	33	100	76	76	87	58	89	83	94	98	42	89	61	90	102	43	28	111	33	
61	40	92	88	68	85	62	86	77	94	96	36	80	59	80	93	54	40	113	22	
49	40	92	76	77	85	51	93	82	84	95	32	72	64	82	101	55	37	103	38	
49	31	85	87	79	76	64	82	87	87	102	42	73	75	74	110	46	46	103	35	
52	46	90	77	70	94	53	86	80	79	85	47	85	58	74	106	45	35	109	27	
54	42	90	81	71	77	52	76	74	89	92	38	75	58	89	101	46	33	102	26	
56	30	94	83	65	92	57	82	88	85	99	33	77	56	84	112	55	42	110	35	
47	40	84	73	69	78	54	93	80	81	88	41	82	64	77	108	57	39	108	30	
63	30	86	91	77	92	50	81	90	91	102	36	72	69	92	105	44	30	114	36	
47	47	90	89	79	91	48	74	88	93	92	40	74	57	74	100	53	34	109	26	
62	29	96	78	72	86	61	75	75	86	97	38	85	63	76	104	44	34	111	19	
54	39	82	79	62	95	48	85	74	83	91	33	75	57	89	97	45	34	108	24	
51	31	92	77	73	81	64	89	77	97	96	37	82	60	83	93	57	37	115	19	
49	29	86	73	68	81	53	75	73	78	95	45	85	59	83	98	62	32	101	30	
63	45	84	78	69	85	55	84	79	95	87	38	72	64	88	111	49	33	110	26	
53	43	88	80	61	89	55	75	73	89	97	39	72	61	80	103	54	42	107	33	
58	32	92	79	67	78	59	79	80	86	93	49	80	65	75	101	53	46	113	33	
55	41	94	77	61	81	53	83	83	79	84	49	79	67	75	102	57	37	115	21	
61	30	82	74	62	79	62	92	76	97	94	36	76	69	79	96	55	43	113	20	
63	43	84	86	79	85	56	89	86	89	101	32	72	71	77	95	56	34	109	30	
54	29	88	85	70	87	58	80	92	79	101	42	71	64	84	100	52	30	101	22	
46	31	93	77	64	93	61	90	92	92	102	46	84	67	85	99	56	40	119	30	
51	30	100	88	78	90	62	87	84	80	101	45	82	70	74	103	50	36	118	35	
60	32	92	82	62	94	57	87	91	78	102	47	70	72	82	104	58	40	105	26	
58	41	99	86	64	86	50	75	92	95	86	43	88	58	82	97	49	28	108	28	
57	35	91	79	69	92	55	81	86	97	90	47	84	74	92	111	47	41	103	23	
55	32	85	79	66	81	50	78	89	97	96	43	75	65	80	107	60	43	116	27	
44	35	91	83	67	79	52	82	86	97	94	40	83	67	91	112	56	35	111	34	
51	37	83	83	71	94	59	83	87	86	95	34	89	66	81	104	54	38	107	37	
62	37	96	80	72	88	53	77	74	92	95	46	70	60	90	107	49	35	115	25	
60	30	93	90	76	76	60	79	74	85	101	41	74	71	82	108	48	29	112	29	
59	29	88	87	67	79	61	80	76	78	102	37	85	67	90	112	62	37	103	27	
50	43	84	89	65	76	59	78	89	90	91	32	84	68	78	101	56	30	112	22	
56	38	89	83	62	86	66	80	88	95	97	49	81	58	89	94	49	28	101	35	
51	34	93	75	72	80	56	90	74	86	99	36	88	68	75	109	57	38	101	32	
57	42	96	75	80	94	59	91	78	83	84	49	82	64	77	99	53	43	100	35	
59	43	93	80	72	86	61	85	75	81	94	50	80	72	81	95	51	46	104	26	
46	37	93	75	79	90	55	86	92	82	94	42	71	73	82	100	59	43	107	21	
51	45	93	90	66	93	56	87	79	92	93	50	83	63	83	95	50	39	108	19	
57	44	86	75	68	77	50	84	80	80	101	43	87	68	92	106	59	31	110	37	
60	42	84	82	69	82	67	84	74	92	87	33	85	72	83	110	50	41	102	30	
44	48	91	74	74	77	56	77	92	91	94	47	79	75	76	101	53	37	104	26	
55	48	97	77	65	83	67	93	80	94	90	37	81	58	81	96	58	35	118	31	
53	37	97	85	78	79	56	92	91	89	84	44	88	57	88	99	45	39	112	31	
63	40	85	73	68	86	51	90	91	91	98	47	78	58	80	106	53	43	118	25	
56	36	87	83	80	78	64	82	82	89	101	32	81	61	74	97	62	38	107	37	
54	29	86	89	66	76	53	76	80	87	90	51	73	74	83	104	61	45	115	37	
48	48	90	76	76	87	61	93	89	81	101	33	71	63	85	103	45	31	107	21	
63	48	89	76	67	86	48	84	92	86	87	49	75	73	93	109	44	43	115	23	
59	44	95	77	70	80	59	89	78	82	87	36	77	64	77	99	58	32	100	25	
50	42	94	83	64	76	57	85	88	84	86	45	76	62	82	94	45	40	111	33	
49	47	101	78	69	93	62	82	74	89	83	44	73	60	81	94	58	33	100	35	
50	36	89	85	79	81	65	87	85	96	89	49	78	75	82	112	57	44	116	26	
59	31	92	89	66	90	48	81	89	85	95	40	80	63	81	94	43	31	113	28	
55	41	94	92	68	93	58	84	84	90	94	42	89	58	79	107	59	46	111	25	
52	41	87	92	65	88	63	89	74	94	99	33	88	64	90	97	58	42	101	32	
53	30	94	75	72	85	60	92	84	91	92	45	70	69	74	99	51	41	113	22	
62	34	98	85	61	80	64	92	85	81	89	40	85	67	89	106	52	44	109	26	
52	37	97	79	75	91	48	78	79	85	100	42	72	71	79	107	62	46	119	30	
52	42	86	82	67	86	49	83	74	85	89	46	71	67	86	112	62	42	112	22	
61	38	99	91	63	87	65	83	87	82	84	41	73	71	78	98	54	41	102	36	
49	40	97	88	77	78	50	84	85	88	87	44	72	58	77	107	49	27	109	23	
61	48	90	73	63	76	57	76	82	79	96	48	85	57	84	104	59	28	117	36	
60	39	101	86	79	76	48	83	89	83	100	39	71	66	77	104	49	37	107	24	
61	37	94	91	70	80	50	79	89	95	102	51	88	62	90	111	54	31	116	38	
47	44	82	82	74	92	48	86	83	82	87	39	70	59	93	104	54	31	115	19	
60	42	97	87	71	93	49	91	86	95	91	42	81	74	76	105	60	28	119	29	
50	32	86	73	65	82	64	87	80	81	86	45	80	65	76	101	55	41	103	31	
54	44	93	82	75	87	55	85	75	95	90	33	89	64	92	107	59	31	116	33	
60	41	86	85	63	88	63	74	73	80	95	38	76	58	93	99	53	44	100	31	
49	37	91	89	75	89	62	79	86	81	94	51	86	58	83	93	59	40	118	29	
54	38	87	85	62	91	63	90	74	86	94	41	88	60	93	104	57	43	116	36	
50	31	101	88	70	80	51	76	81	95	95	49	89	68	85	93	60	40	118	31	
58	46	85	79	72	81	59	81	74	87	94	35	89	72	74	93	51	40	101	32	
61	44	94	90	63	82	64	80	87	92	83	40	79	61	91	110	46	34	117	20	
47	47	97	75	75	94	63	79	87	92	91	33	80	73	80	94	54	41	111	30	
57	42	94	81	73	88	61	82	82	81	84	45	85	63	80	103	45	27	114	36	
55	41	83	74	66	81	53	79	87	90	99	46	74	65	87	99	43	32	115	20	
46	34	87	85	80	87	52	92	75	91	87	48	87	65	80	93	51	33	113	29	
53	32	88	88	79	91	58	88	91	89	98	48	82	63	85	112	56	34	113	36	
54	30	89	88	67	83	53	78	92	94	85	32	89	67	83	111	47	29	119	29	
57	34	89	75	78	82	62	81	91	89	84	37	77	58	92	106	44	32	108	21	
57	40	94	87	61	81	49	87	81	81	95	41	71	63	78	110	58	39	107	31	
59	38	95	84	78	93	48	85	91	90	91	47	86	73	83	95	57	42	112	35	
57	47	97	86	72	95	63	90	78	96	93	38	73	58	74	109	46	28	112	37	
48	37	87	74	78	86	61	82	91	86	98	41	88	75	84	108	44	42	110	38	
53	44	86	74	77	79	60	79	83	95	101	37	76	65	82	99	52	38	104	31	
51	41	95	79	76	90	56	81	83	79	89	33	73	57	93	94	54	42	119	33	
59	29	89	81	75	95	67	91	91	87	99	40	84	62	80	104	46	31	109	29	
46	32	87	90	62	76	66	78	78	86	83	49	80	65	84	104	57	44	111	37	
60	31	92	90	74	89	49	77	88	88	91	37	76	62	85	95	61	41	117	30	
53	46	96	83	78	90	64	81	79	90	88	39	71	69	84	100	47	32	117	19	
51	42	93	85	62	80	48	79	84	88	84	36	79	65	88	106	58	28	104	22	
53	44	94	79	69	92	52	88	81	80	101	42	70	70	90	100	59	40	119	35	
53	42	97	75	70	87	67	78	73	94	91	46	76	63	88	106	62	35	115	31	
45	38	100	80	73	78	58	80	73	87	85	44	84	71	90	112	61	31	103	29	
45	44	101	82	64	95	67	87	82	81	87	36	73	72	88	102	51	39	108	24	
57	31	86	80	69	78	60	81	83	81	93	33	85	62	84	95	49	28	115	35	
60	45	91	88	66	95	53	91	86	96	90	45	83	75	77	102	48	30	102	25	
62	30	97	87	62	88	56	78	89	85	85	32	84	61	90	111	48	41	101	23	
53	32	95	80	67	86	67	91	81	97	100	33	75	67	85	93	46	37	103	22	
48	30	92	92	80	84	51	78	77	88	100	48	74	70	78	97	50	39	110	30	
56	47	100	91	76	77	48	76	74	80	95	45	82	70	83	101	49	31	102	35	
56	38	98	78	67	87	53	92	85	87	98	32	81	63	92	103	56	43	111	37	
53	46	96	86	77	85	57	84	86	89	99	44	72	60	84	97	49	46	106	25	
52	37	87	92	80	86	53	82	77	78	92	49	86	60	88	102	56	34	117	33	
51	38	87	89	77	92	53	83	83	94	97	45	82	74	89	100	52	30	111	37	
56	30	94	92	69	88	57	82	74	82	87	35	78	66	88	110	44	27	105	36	
48	32	93	89	76	86	62	89	84	80	90	32	82	72	85	103	48	37	103	30	
53	40	99	86	65	83	60	78	84	90	94	46	82	57	91	103	49	34	112	34	
47	38	85	82	80	83	63	86	84	78	97	43	84	63	86	93	45	30	118	33	
47	39	96	85	61	76	52	76	75	82	99	37	77	70	91	99	62	46	108	36	
55	34	88	78	68	92	62	93	75	88	90	32	83	70	82	107	50	43	108	37	
60	39	96	82	71	82	65	78	78	91	101	37	73	71	76	93	60	27	116	36	
60	30	83	73	67	78	58	90	81	87	89	33	84	60	77	112	51	33	117	26	
49	45	99	74	73	82	58	89	81	87	94	47	85	60	82	103	46	44	116	21	
50	44	98	85	61	76	58	92	82	86	99	45	76	73	87	110	60	28	103	36	
48	38	83	74	73	78	66	89	74	90	89	33	79	68	75	98	51	27	114	36	
45	45	98	74	64	94	55	87	73	93	93	34	71	75	76	105	53	43	108	28	
49	37	90	83	63	93	52	74	88	81	100	39	79	63	76	97	46	43	108	30	
44	37	101	82	66	90	51	80	74	80	96	39	72	67	80	112	53	38	110	37	
44	37	87	89	76	92	61	79	76	95	101	45	73	72	90	94	55	33	114	28	
57	39	95	86	64	83	56	89	84	86	93	45	72	58	81	106	60	36	111	36	
55	47	92	86	61	91	55	83	86	89	87	42	83	60	79	102	51	43	112	19	
49	46	83	80	70	78	48	92	80	85	101	45	70	61	93	112	53	30	100	20	
49	43	84	85	76	94	49	87	80	85	101	49	81	75	75	109	57	43	112	20	
63	41	90	83	80	81	64	93	85	89	93	39	80	61	77	94	54	43	108	19	
61	46	84	80	69	78	53	91	86	81	100	37	88	58	79	111	62	37	114	34	
56	31	82	77	79	89	57	86	84	89	95	42	84	63	85	101	62	45	115	37	
62	42	90	77	65	82	55	87	91	82	96	44	88	74	74	98	53	43	116	22	
44	35	96	74	61	95	52	86	87	80	93	47	85	58	74	99	54	36	105	28	
50	31	83	91	75	76	66	76	73	84	97	38	88	64	91	105	58	41	100	21	
53	34	95	80	76	86	65	87	77	83	85	36	84	68	90	103	48	28	113	27	
50	40	93	90	66	89	60	90	84	90	96	43	83	64	92	108	60	33	104	28	
54	41	92	81	73	77	61	92	79	93	92	47	87	63	88	93	45	46	103	23	
57	40	99	90	71	90	48	86	77	87	102	47	77	66	85	95	53	31	106	31	
45	35	101	79	77	83	63	88	85	90	86	49	81	65	90	110	49	44	103	38	
59	34	90	78	72	86	50	92	77	83	95	45	87	58	74	102	48	36	116	32	
49	41	91	86	64	84	51	79	80	92	91	41	88	66	81	109	45	28	102	26	
51	45	83	86	80	81	67	82	81	83	102	33	70	74	76	100	58	34	118	19	
57	37	99	89	69	77	51	78	73	92	88	49	87	67	83	103	58	45	108	31	
57	48	89	76	69	86	48	78	77	93	88	36	77	57	82	110	51	36	117	34	
60	37	86	86	65	88	59	87	75	87	100	40	88	61	77	97	61	27	100	30	
50	45	88	89	80	88	48	93	85	78	85	38	74	75	89	112	51	42	116	31	
62	41	94	83	69	87	51	93	77	78	89	35	76	56	89	106	50	34	102	33	
61	33	85	82	72	85	60	90	92	96	83	44	70	56	89	103	60	43	108	30	
49	40	85	75	79	81	60	75	75	95	102	45	73	58	78	101	58	30	102	29	
50	32	89	85	77	78	65	79	83	81	97	41	79	64	87	109	53	35	115	19	
46	33	86	88	80	88	53	78	90	85	101	42	87	69	89	96	46	43	107	26	
52	37	82	92	62	81	52	76	86	79	90	32	85	64	93	107	56	36	119	30	
58	38	99	87	61	91	56	75	74	83	100	50	88	72	76	95	57	41	103	36	
60	46	94	84	75	89	67	90	92	88	85	32	70	75	92	99	54	43	118	38	
52	43	97	79	77	79	55	84	82	85	86	47	72	70	74	99	50	31	103	24	
56	30	82	75	79	76	65	91	76	81	95	37	71	75	74	112	53	27	106	21	
61	45	101	77	66	77	53	89	79	91	85	35	83	72	89	112	43	38	104	36	
57	36	100	83	78	85	48	74	91	86	86	40	72	62	86	112	49	34	116	27	
58	29	97	82	61	93	58	78	82	85	95	46	78	74	92	99	57	41	111	31	
63	30	92	86	63	92	65	81	88	87	99	43	88	62	88	107	57	44	104	38	
61	40	89	81	61	94	48	85	76	86	98	44	80	74	92	104	51	29	117	31	
56	39	93	78	71	83	52	90	91	81	85	33	86	72	86	110	44	42	117	24	
52	31	95	73	66	86	49	76	91	86	93	39	89	69	76	108	58	45	110	33	
59	29	93	82	71	86	52	81	76	96	96	35	81	72	75	107	46	40	103	30	
63	31	87	84	71	83	54	93	76	89	99	34	80	59	92	100	61	32	104	37	
57	36	90	73	69	78	59	74	79	94	94	33	86	62	84	107	58	29	117	35	
58	48	84	76	70	92	54	92	78	85	97	44	71	72	79	106	48	31	112	26	
50	42	85	85	71	79	57	75	86	82	83	35	88	65	92	108	45	30	118	24	
51	41	83	78	67	88	66	93	80	84	94	50	82	68	81	99	62	36	108	29	
59	40	91	77	69	79	51	84	78	90	101	42	85	68	84	100	53	39	106	34	
46	44	101	85	67	85	51	92	90	85	88	36	76	72	92	101	51	41	115	30	
58	36	82	85	71	95	62	87	79	78	92	38	88	68	76	100	53	44	114	26	
51	43	98	81	72	93	48	82	78	92	90	36	79	58	78	110	47	40	110	34	
57	37	86	75	73	77	49	82	88	84	98	48	72	70	85	111	61	45	113	33	
44	38	83	82	68	95	67	77	76	93	85	51	71	63	85	95	49	27	114	37	
61	39	91	86	79	88	50	88	90	95	87	39	78	67	84	100	47	29	116	34	
54	45	100	83	68	85	52	86	91	92	88	46	73	66	90	94	55	28	109	26	
58	43	96	82	73	91	51	74	82	78	95	41	79	63	93	110	51	28	114	20	
51	46	96	83	63	91	60	90	74	84	83	37	73	60	86	111	61	29	118	37	
51	38	100	77	72	79	67	92	76	84	101	41	73	72	76	104	48	31	103	36	
51	31	83	88	61	79	67	77	88	88	99	37	88	75	92	104	57	45	101	38	
59	30	101	77	80	83	49	86	82	92	94	45	85	57	85	109	45	28	111	27	
48	32	98	81	70	88	52	75	74	86	99	37	83	70	92	103	61	28	117	23	
61	44	86	76	73	79	58	80	79	91	88	50	79	61	76	100	59	30	110	32	
45	30	89	77	80	94	66	79	82	92	101	33	81	75	83	103	49	28	112	20	
57	42	99	83	80	93	56	83	91	96	100	38	84	65	83	99	46	29	104	34	