1000
10
78	23	23	71	89	97	46	13	39	18	
88	26	36	6	26	20	24	75	21	43	
30	40	6	44	83	52	67	43	99	24	
27	9	60	15	35	67	56	55	57	42	
76	38	54	76	7	37	85	81	71	6	
67	51	41	85	98	76	68	71	18	5	
40	94	54	9	90	49	16	24	59	12	
84	34	83	34	27	68	51	83	21	64	
18	77	68	94	69	34	100	56	94	51	
13	64	8	69	40	37	94	49	35	26	
49	100	99	51	48	88	87	30	95	61	
46	55	100	87	9	77	19	5	21	56	
79	21	53	87	50	30	21	10	70	67	
39	74	59	98	97	2	59	65	48	78	
32	66	28	40	9	50	46	38	18	19	
35	35	29	79	42	62	47	77	1	32	
8	92	4	51	89	86	76	35	92	50	
100	13	58	23	31	68	9	73	54	59	
35	15	3	38	23	46	98	9	55	53	
72	27	4	94	11	81	75	57	91	77	
72	65	51	14	17	15	59	14	16	32	
17	76	58	31	29	73	69	91	92	41	
45	90	2	19	48	14	60	88	40	87	
21	86	10	60	40	82	84	23	43	48	
66	66	75	43	6	67	41	32	60	80	
37	61	30	97	26	11	85	44	26	1	
12	87	32	28	1	9	11	35	75	2	
53	56	44	17	37	74	100	92	15	14	
46	47	39	9	14	90	70	56	72	81	
61	55	97	22	6	96	59	89	37	71	
100	73	79	83	8	52	59	84	44	57	
71	53	9	86	78	38	20	84	64	18	
76	47	1	42	53	39	64	30	60	85	
65	6	49	44	34	9	28	67	44	78	
41	15	12	71	95	99	88	91	25	12	
85	33	53	20	60	55	69	11	82	77	
6	96	11	50	71	46	59	6	67	78	
52	26	17	98	84	85	70	52	64	8	
45	37	65	100	31	74	63	33	12	17	
40	78	70	25	32	61	29	55	56	29	
61	57	35	22	65	29	25	31	61	83	
67	93	23	32	96	96	78	51	44	100	
67	10	38	74	61	46	35	58	12	28	
62	39	71	32	82	74	4	84	41	52	
24	34	23	47	56	76	18	49	42	73	
82	4	82	33	40	78	94	17	21	49	
60	21	77	100	11	39	85	80	64	48	
82	93	24	19	40	9	79	54	3	75	
72	38	66	2	76	23	18	49	5	100	
13	91	84	9	80	64	3	10	55	38	
29	37	61	10	39	25	92	79	2	21	
23	10	31	72	79	85	58	63	35	65	
74	62	28	23	45	16	33	34	66	81	
48	47	69	22	10	51	35	40	82	98	
34	26	58	81	34	45	25	69	28	22	
45	80	65	71	17	45	75	44	27	71	
71	96	41	32	46	100	61	88	27	23	
27	85	70	1	35	61	63	100	77	59	
9	83	42	16	51	58	12	98	81	14	
41	59	89	55	49	11	48	90	58	60	
15	60	65	8	68	1	24	98	70	4	
54	26	26	31	68	9	46	9	42	48	
56	69	9	18	49	75	88	94	40	53	
13	100	31	30	28	11	29	26	43	96	
25	3	37	78	30	54	45	61	72	39	
34	73	88	66	53	4	36	90	19	20	
14	100	30	40	71	33	55	99	28	25	
42	30	5	48	89	27	51	71	18	74	
88	48	17	69	56	56	19	12	63	73	
97	18	38	28	72	20	20	85	58	59	
39	38	79	74	15	34	43	50	31	23	
35	61	86	84	42	18	9	88	17	51	
24	88	47	67	39	84	97	67	56	98	
78	23	15	80	23	46	6	7	25	58	
74	73	20	82	30	27	41	18	87	33	
88	17	65	4	4	83	94	57	47	71	
89	44	98	24	67	99	26	31	34	70	
98	87	18	93	53	45	84	61	35	8	
25	85	16	62	37	11	5	90	91	58	
100	2	74	51	42	80	41	89	40	56	
55	71	4	25	72	92	74	57	41	38	
11	97	44	24	89	38	89	86	25	73	
9	68	10	60	27	91	39	98	34	11	
61	7	61	2	47	1	59	46	6	11	
52	90	89	47	80	31	58	36	67	66	
60	75	25	27	86	11	61	32	20	79	
37	35	84	90	52	3	11	82	17	50	
51	47	96	89	34	12	100	41	65	89	
100	53	75	24	62	42	92	9	2	90	
66	45	95	37	27	86	65	82	93	29	
95	85	92	89	51	51	34	28	9	43	
37	69	81	61	85	88	46	41	88	20	
56	57	56	51	92	52	97	95	15	19	
28	84	25	18	92	49	49	76	36	49	
83	97	21	3	85	12	82	72	38	41	
6	10	93	17	71	21	63	49	49	84	
54	2	89	13	70	38	28	70	44	60	
96	65	49	26	43	45	60	28	99	3	
25	98	86	95	75	86	22	99	81	8	
89	30	50	51	7	47	63	44	29	33	
69	63	87	71	52	31	73	89	58	7	
24	34	37	95	83	65	9	40	5	22	
18	67	95	29	67	46	91	3	67	69	
53	94	41	18	16	100	99	71	100	56	
75	47	39	51	79	60	63	42	43	84	
89	45	73	17	52	97	33	31	48	35	
75	57	61	45	99	35	51	6	47	38	
52	90	92	23	79	56	82	3	16	91	
42	84	89	44	47	28	4	18	93	58	
66	97	27	59	37	49	63	3	65	99	
36	82	10	82	55	34	41	80	72	37	
32	52	44	5	21	80	52	60	59	19	
9	79	94	29	71	7	49	56	69	46	
77	79	38	24	87	38	42	70	83	40	
2	89	65	25	59	19	70	36	91	14	
77	66	43	19	23	73	46	90	60	36	
57	49	76	32	12	39	50	72	40	10	
73	26	15	28	80	77	38	91	24	52	
81	66	90	73	38	84	38	99	8	64	
24	89	59	58	21	24	39	60	42	33	
57	49	53	20	65	81	34	49	37	15	
6	49	6	87	26	44	86	27	46	18	
71	8	40	93	80	11	44	46	46	10	
7	56	17	1	42	54	45	21	21	97	
68	17	96	45	53	53	60	61	28	84	
43	99	29	22	91	50	67	14	70	79	
54	55	12	11	24	77	21	98	74	47	
38	21	71	99	10	62	71	90	50	10	
54	12	50	21	79	75	86	42	43	16	
82	25	39	31	87	60	11	85	68	94	
97	29	44	77	70	67	65	76	40	43	
26	20	98	97	30	52	4	75	78	75	
74	34	29	42	5	43	38	16	53	21	
35	5	98	43	21	32	86	83	57	49	
39	58	2	15	50	88	40	28	93	57	
5	29	28	10	46	85	55	46	35	75	
81	69	52	64	4	38	12	7	2	17	
68	63	61	23	88	51	40	74	55	29	
94	94	56	74	47	30	82	83	45	33	
32	76	1	45	62	5	80	73	44	6	
82	55	97	37	74	5	33	100	79	89	
35	64	90	61	31	96	96	25	8	51	
41	68	62	5	49	1	26	78	58	93	
35	81	14	23	5	92	1	33	13	69	
68	87	89	72	74	79	62	72	80	78	
48	65	29	18	61	12	27	25	66	39	
81	74	67	83	54	19	90	46	11	46	
48	39	29	54	64	66	82	79	57	2	
30	11	63	37	46	35	93	22	12	89	
50	94	70	63	73	13	70	85	40	61	
59	5	70	6	84	76	17	20	65	66	
8	78	14	95	60	92	31	40	2	83	
45	17	97	5	89	37	74	95	15	20	
94	73	79	62	19	61	23	75	59	68	
56	19	82	67	72	69	83	97	69	45	
75	74	97	77	27	3	13	39	64	97	
88	8	40	20	56	31	78	78	12	5	
34	26	43	47	61	30	12	95	57	56	
60	37	98	68	56	1	28	17	71	61	
24	27	60	56	26	52	33	51	9	67	
38	69	71	76	89	18	75	15	91	64	
42	81	91	49	30	65	6	89	94	45	
7	89	26	92	77	86	1	92	32	68	
10	13	97	86	30	4	27	3	34	10	
47	92	88	53	91	84	94	49	19	21	
74	17	56	80	53	61	87	29	73	73	
50	14	23	15	22	98	45	65	45	38	
96	98	42	26	86	51	60	47	63	100	
87	82	98	24	87	81	67	50	12	97	
49	85	38	78	74	7	3	8	50	68	
34	52	42	57	11	76	73	11	1	57	
10	53	15	54	57	55	72	61	51	15	
49	34	81	2	94	92	100	31	38	64	
13	79	75	69	84	65	10	1	51	22	
83	19	29	29	10	62	8	49	10	51	
32	47	3	60	54	91	27	27	34	12	
85	29	21	60	76	12	22	51	15	45	
27	31	42	48	49	60	36	22	98	86	
42	65	92	64	57	79	87	37	24	8	
86	10	54	49	34	62	44	94	52	2	
98	68	98	2	5	33	10	22	53	75	
36	26	48	11	5	68	27	99	4	79	
47	30	17	21	77	43	69	6	96	10	
6	12	80	54	59	80	85	10	12	30	
25	43	60	62	59	30	20	4	93	4	
86	9	93	41	54	40	76	47	17	75	
91	8	51	35	40	3	3	51	17	10	
11	90	16	80	1	25	80	97	1	63	
27	82	40	3	9	35	75	88	76	93	
26	81	47	26	21	48	69	71	65	65	
27	97	14	40	3	68	12	59	98	41	
77	99	93	73	91	42	36	49	7	5	
98	25	89	8	45	25	95	43	69	98	
29	6	1	8	23	77	28	20	84	44	
94	38	97	66	84	9	2	81	74	90	
93	75	52	7	82	73	92	36	32	39	
44	52	48	12	11	79	80	16	17	45	
98	97	20	51	100	9	43	74	14	92	
30	51	67	61	8	71	95	15	54	64	
37	34	100	86	25	9	26	49	27	15	
33	33	24	1	16	33	33	23	26	16	
50	27	29	51	87	57	21	45	51	38	
64	20	74	58	22	26	97	40	50	66	
90	8	100	42	69	89	9	67	24	78	
77	27	10	39	15	36	99	69	84	41	
83	6	25	22	32	32	23	25	39	53	
63	47	90	88	18	31	90	79	80	45	
28	40	20	56	75	11	52	30	93	46	
75	3	61	84	35	38	21	20	10	35	
20	85	28	36	92	3	40	39	90	85	
92	56	11	78	99	65	84	84	79	70	
90	59	99	23	80	59	83	97	34	33	
19	61	30	51	58	48	2	56	32	92	
6	30	38	20	55	72	27	63	97	52	
64	19	78	14	69	82	93	43	56	2	
26	88	38	57	52	95	100	88	77	61	
68	21	41	51	14	96	18	26	62	18	
59	25	53	26	29	17	60	22	59	33	
32	82	75	61	23	88	7	86	71	83	
77	52	91	69	39	6	4	81	86	7	
6	59	62	6	20	19	11	85	36	76	
87	48	4	37	40	96	66	15	13	19	
15	2	69	10	9	82	45	85	79	62	
60	44	58	12	53	36	21	25	75	90	
81	32	84	100	39	70	56	5	8	80	
30	14	20	36	83	78	62	3	14	92	
80	80	28	33	34	7	96	2	41	40	
3	55	3	71	62	65	46	78	9	79	
96	12	45	39	93	10	22	58	31	16	
3	17	98	51	2	62	78	86	23	8	
44	78	13	94	95	59	54	96	17	60	
89	95	37	80	54	51	99	71	13	28	
50	5	67	94	86	77	58	91	55	26	
87	30	70	4	43	45	71	85	55	44	
51	44	70	69	49	42	46	29	17	84	
29	61	77	37	82	2	48	89	44	3	
76	64	20	100	86	56	31	41	61	18	
70	17	46	40	6	65	64	100	16	29	
100	77	35	9	7	42	29	18	11	57	
83	15	64	79	68	11	85	10	18	37	
16	12	54	88	87	29	86	2	56	32	
68	64	96	81	9	63	44	87	91	52	
64	41	37	99	97	90	58	18	71	13	
65	71	40	65	64	100	17	73	86	10	
2	40	55	72	96	20	44	81	36	56	
25	70	11	82	84	63	82	7	71	26	
75	26	78	21	81	87	14	21	66	36	
2	39	51	75	93	99	25	3	76	37	
83	41	42	48	55	88	46	10	75	84	
97	34	30	28	2	60	84	40	79	43	
82	62	94	62	18	16	20	77	51	58	
85	68	34	66	14	56	85	90	21	37	
69	95	28	90	36	80	73	100	59	38	
16	83	43	97	9	42	51	5	46	12	
70	72	11	93	7	83	38	92	29	5	
86	68	82	51	83	78	84	2	90	77	
80	15	75	12	83	96	21	81	18	53	
71	62	21	22	26	62	28	4	66	75	
50	28	93	31	64	39	54	2	67	60	
47	50	70	97	16	22	10	33	81	33	
19	59	50	47	8	11	49	53	64	46	
68	6	33	19	22	66	2	57	45	55	
64	21	75	8	29	6	42	86	10	40	
52	59	11	81	47	69	85	3	62	63	
19	11	34	79	2	8	61	80	88	20	
85	24	40	47	1	63	53	13	21	15	
65	98	55	87	60	22	15	86	90	52	
79	36	69	100	72	100	100	20	66	22	
2	64	82	54	27	86	79	95	98	57	
74	29	19	71	35	24	20	6	9	41	
23	19	66	60	15	85	1	40	100	70	
97	28	44	9	71	31	77	83	63	83	
25	40	56	40	13	22	98	11	22	5	
58	78	50	79	61	2	11	26	65	52	
70	31	53	6	83	35	72	25	93	46	
18	37	32	21	55	29	59	83	69	81	
82	91	81	98	37	66	53	83	91	52	
77	47	57	30	76	64	5	62	38	60	
84	26	72	15	45	84	32	15	33	63	
68	19	56	24	82	20	40	68	42	63	
94	29	60	89	54	96	32	69	32	41	
36	30	85	4	53	97	31	64	18	82	
14	98	3	32	76	88	2	40	80	50	
72	78	44	94	22	90	60	52	94	50	
39	98	14	61	13	51	73	89	6	99	
26	42	91	39	42	91	51	59	16	62	
77	63	55	47	77	80	32	59	41	80	
95	43	38	40	21	96	96	27	32	85	
83	32	99	56	60	95	92	99	44	49	
13	3	63	84	39	24	37	45	22	79	
71	68	49	95	13	24	69	51	69	22	
82	51	16	31	30	35	36	53	11	57	
66	2	12	30	93	25	100	99	53	11	
62	26	26	85	41	56	21	16	40	27	
53	21	14	85	74	76	18	8	24	2	
77	17	51	86	69	27	72	97	1	29	
27	40	78	60	75	39	15	100	100	33	
56	43	96	75	98	39	14	71	99	25	
87	45	88	42	35	33	13	39	52	40	
36	5	89	78	22	18	46	65	7	48	
80	71	33	39	62	77	40	63	87	92	
62	12	22	95	66	73	28	59	59	93	
72	79	99	85	78	87	17	11	15	87	
61	56	60	6	82	80	58	62	50	59	
37	75	30	68	1	91	12	83	31	56	
32	45	37	98	71	23	46	85	55	52	
89	70	80	63	40	46	23	1	80	8	
34	24	44	64	91	62	48	66	87	93	
61	100	95	63	22	88	49	76	10	42	
93	71	57	90	54	70	68	39	25	86	
94	3	81	90	49	11	38	32	98	91	
49	30	45	40	88	84	37	26	31	40	
48	68	70	50	46	94	65	45	81	94	
15	43	62	76	87	45	22	49	3	68	
76	47	39	89	99	34	88	99	99	19	
42	62	54	58	87	64	49	87	39	36	
69	13	70	73	40	18	16	68	33	28	
53	14	33	38	56	97	67	87	10	4	
11	27	82	7	58	43	59	94	42	88	
22	47	98	65	16	18	94	58	100	44	
33	25	96	84	26	3	78	75	29	32	
91	68	79	16	95	68	66	33	30	70	
25	90	79	85	83	95	16	69	46	44	
31	81	6	44	24	16	63	18	16	95	
97	99	6	26	48	7	68	94	89	71	
61	66	29	24	98	56	20	9	16	39	
52	91	33	55	48	5	26	33	100	32	
93	44	8	93	79	94	45	43	67	32	
52	33	67	6	62	75	3	30	37	45	
28	6	78	92	86	74	31	37	94	84	
40	69	31	48	9	59	27	40	47	34	
19	45	57	78	1	80	82	2	62	23	
42	33	76	69	34	22	69	65	16	26	
91	8	59	84	60	9	51	91	26	89	
94	8	99	28	61	64	70	22	83	18	
23	41	91	78	69	64	8	41	20	17	
1	5	73	57	47	6	10	100	68	87	
26	56	22	22	41	94	49	42	42	39	
62	27	38	74	5	85	43	68	33	14	
49	10	12	19	4	19	46	82	51	97	
4	65	53	13	10	51	51	39	96	24	
14	16	86	52	59	67	47	57	33	36	
37	25	69	40	80	90	93	78	21	49	
68	67	85	91	39	20	39	44	70	54	
14	90	89	51	48	85	73	56	69	85	
7	76	92	81	100	94	65	76	16	75	
91	66	53	67	48	96	87	54	56	9	
6	97	15	52	76	50	60	83	74	93	
3	71	37	44	21	51	26	18	63	51	
56	21	65	70	18	13	2	95	21	42	
6	25	35	66	7	62	10	61	13	66	
56	69	65	25	84	81	53	74	7	6	
54	1	97	5	91	96	15	41	94	34	
34	53	21	68	93	38	71	92	79	94	
48	77	88	66	27	57	52	90	64	95	
83	30	47	72	8	86	48	9	47	75	
68	15	5	81	84	24	24	4	1	34	
28	83	45	44	94	98	38	38	72	67	
89	30	10	64	1	6	100	55	5	16	
84	82	72	28	6	48	80	6	20	18	
47	32	16	63	87	44	79	45	1	59	
56	45	61	18	80	38	4	9	21	83	
78	82	97	55	58	68	2	49	41	68	
84	98	8	98	64	63	39	81	69	65	
71	62	80	67	75	31	40	57	28	71	
64	99	54	78	21	6	91	99	77	97	
22	26	14	37	68	88	79	85	93	2	
60	52	6	62	82	57	24	78	100	49	
33	15	84	9	46	77	89	47	25	21	
1	31	60	51	8	67	59	71	46	87	
36	40	78	32	18	91	75	79	4	90	
62	70	47	33	46	56	90	39	26	90	
14	81	29	75	83	60	24	80	2	13	
39	68	29	90	30	38	97	37	61	86	
55	8	60	76	63	24	13	25	13	43	
10	30	37	21	34	49	94	40	64	63	
11	47	85	69	60	57	76	33	36	60	
87	5	72	32	72	86	87	58	49	14	
80	5	70	44	34	24	34	78	50	88	
97	25	52	61	65	89	16	48	59	16	
16	43	94	28	84	77	79	33	73	42	
67	77	30	51	46	72	93	70	49	16	
15	95	95	90	48	24	58	36	66	76	
85	6	52	72	73	79	66	100	65	57	
100	8	39	85	37	6	50	14	22	63	
81	10	20	70	54	2	39	70	81	82	
21	65	16	44	40	54	64	27	23	28	
38	5	28	12	91	15	2	12	34	65	
66	79	56	81	38	69	86	16	53	40	
8	28	7	54	61	38	24	65	56	39	
47	58	66	63	65	97	89	10	32	61	
89	66	88	38	78	91	73	79	87	22	
11	7	46	65	1	27	36	39	64	81	
81	76	89	9	76	85	8	25	89	50	
85	72	97	33	71	80	78	39	44	88	
37	6	51	73	96	21	2	17	81	29	
68	99	53	28	82	81	66	64	27	19	
22	19	10	78	68	62	45	45	96	29	
12	13	59	72	3	60	49	44	52	92	
68	94	77	25	22	93	14	100	75	8	
84	15	4	22	19	38	44	5	30	37	
57	70	88	22	43	78	49	98	34	55	
88	35	33	11	10	60	100	87	77	36	
26	92	18	89	88	78	67	1	63	81	
100	33	65	4	66	6	83	63	67	21	
6	61	46	18	12	96	75	20	54	60	
54	65	81	18	25	89	73	47	99	58	
98	95	80	91	98	66	27	53	61	2	
97	63	65	71	57	62	81	96	28	21	
44	90	73	28	98	12	25	91	68	65	
90	82	81	7	47	20	78	13	90	12	
43	44	73	58	84	83	94	7	99	80	
53	67	51	72	28	48	14	75	30	52	
60	13	97	77	64	49	60	4	41	91	
29	67	6	28	60	29	10	67	32	84	
72	5	34	15	6	2	45	70	41	54	
37	46	37	46	68	46	35	36	19	19	
17	27	53	93	90	88	91	3	76	66	
4	6	58	28	56	59	30	97	40	1	
15	43	77	10	8	48	47	77	78	98	
32	14	25	45	58	39	79	70	53	54	
29	13	34	32	42	96	45	76	94	100	
95	62	24	40	81	36	92	24	1	43	
65	33	15	43	78	65	67	20	53	19	
29	17	37	30	33	79	9	36	31	71	
54	95	8	13	80	82	23	64	90	37	
87	24	60	85	52	59	46	84	8	53	
64	47	42	27	93	79	23	98	29	23	
21	86	75	42	11	73	23	93	7	47	
85	91	84	43	10	60	36	83	29	25	
35	49	51	78	97	98	48	36	9	38	
55	94	59	18	92	18	94	59	80	52	
83	59	29	66	25	72	29	44	74	21	
42	69	26	29	64	95	91	69	18	35	
50	86	63	84	81	40	85	78	91	38	
85	92	32	61	31	55	94	4	75	19	
69	47	9	26	22	89	81	84	5	20	
28	86	60	87	65	27	88	82	39	42	
66	42	68	90	51	78	26	25	62	39	
85	90	75	55	23	62	58	44	28	95	
5	35	18	84	71	49	12	13	14	70	
70	83	65	85	11	56	15	84	63	56	
50	100	84	96	8	23	3	77	71	98	
55	4	61	14	63	90	65	70	30	3	
81	78	65	40	17	88	92	74	48	72	
69	61	26	40	2	36	2	13	77	93	
53	40	11	93	44	49	7	54	72	57	
82	85	64	32	60	93	57	93	88	18	
18	11	12	39	77	6	44	81	14	83	
70	36	40	45	60	56	42	32	87	78	
49	52	63	95	79	67	91	54	27	52	
99	82	81	91	69	62	20	27	30	4	
69	64	94	85	83	82	22	59	80	31	
78	6	7	67	90	52	62	6	99	28	
84	53	57	35	5	70	95	70	35	58	
100	41	58	67	3	100	10	59	77	3	
24	58	4	92	71	32	52	62	74	39	
80	78	16	82	90	89	7	82	99	92	
33	8	9	16	73	66	71	42	23	79	
69	43	60	53	82	30	49	16	59	19	
93	9	89	28	34	42	10	95	89	25	
16	47	7	12	15	8	54	24	18	50	
88	27	10	22	10	44	47	79	36	53	
16	40	93	7	86	7	95	15	52	95	
17	42	6	95	61	7	8	30	65	80	
31	60	45	74	24	43	16	39	84	12	
9	67	39	92	53	23	40	74	42	9	
34	99	42	36	78	97	62	25	94	86	
31	64	38	5	84	69	26	27	1	46	
96	7	60	1	84	1	1	68	6	53	
24	49	74	92	36	37	79	52	43	57	
59	8	2	71	48	79	71	35	98	90	
14	57	63	78	100	16	35	97	41	78	
40	88	41	38	38	85	20	40	6	48	
64	39	97	7	92	73	28	48	98	53	
22	67	97	85	86	76	10	19	43	13	
9	57	19	64	1	30	20	68	68	44	
86	57	64	92	14	73	84	78	79	20	
91	66	71	100	40	84	93	90	37	75	
74	44	86	1	90	80	71	46	69	91	
58	35	44	12	100	44	35	12	6	90	
80	9	24	7	33	23	89	3	2	15	
35	43	23	24	2	49	54	12	88	88	
6	59	21	40	51	60	8	6	60	53	
82	53	31	17	1	91	4	73	14	18	
71	27	34	100	25	15	67	83	46	25	
99	72	17	60	61	87	43	77	35	78	
57	87	96	54	29	7	4	99	20	26	
34	14	44	22	38	41	25	2	64	86	
14	46	77	53	3	74	90	4	37	15	
82	70	53	20	1	7	13	28	91	18	
93	25	65	81	72	49	68	51	12	65	
73	6	63	27	6	96	47	12	72	91	
88	15	44	23	22	66	56	48	24	11	
10	25	7	31	24	17	59	27	88	74	
44	92	90	43	13	44	98	16	43	11	
47	52	84	92	7	76	59	98	32	15	
73	40	42	64	98	17	13	56	2	48	
50	41	54	82	80	73	82	86	76	70	
42	43	48	47	58	51	100	78	15	96	
55	73	60	7	23	74	45	16	90	28	
80	60	5	4	98	28	93	41	64	96	
44	21	47	16	54	8	30	54	10	24	
56	87	45	94	74	48	13	83	70	47	
10	51	74	40	74	20	4	54	99	61	
91	30	64	50	100	62	45	3	82	91	
91	67	84	61	96	70	74	92	43	76	
71	24	89	83	86	95	48	41	47	68	
73	82	58	84	22	48	99	28	25	100	
64	89	88	82	96	92	61	33	17	54	
58	73	22	73	59	70	95	2	5	62	
13	65	31	88	81	47	10	96	5	59	
66	3	24	73	65	59	40	69	33	15	
54	3	90	1	53	32	88	66	59	35	
38	68	41	79	53	87	25	90	42	29	
51	7	8	80	17	21	29	10	52	63	
19	97	29	5	18	81	17	65	85	9	
6	20	6	50	90	36	80	32	49	5	
28	40	7	28	80	99	51	72	32	92	
16	8	3	69	3	38	31	84	66	82	
72	9	68	32	7	57	6	97	42	69	
78	93	93	17	26	57	84	24	55	67	
100	44	40	14	73	72	19	66	40	71	
12	57	11	89	2	16	54	12	51	85	
37	23	59	61	48	11	48	55	94	83	
68	59	39	7	44	6	29	95	90	27	
26	41	15	19	9	48	12	54	98	36	
78	94	24	71	8	5	10	10	49	22	
21	37	83	57	90	89	36	84	91	56	
43	43	33	23	35	84	14	28	96	64	
84	72	39	2	19	39	78	90	78	19	
84	70	41	28	39	4	36	13	35	60	
64	88	26	57	21	76	87	48	26	76	
65	74	48	65	58	2	50	84	96	54	
30	58	19	43	91	29	68	85	22	28	
87	21	74	24	24	82	49	65	37	42	
85	12	12	42	34	50	63	90	77	23	
22	31	24	62	88	56	77	76	3	47	
76	89	30	20	83	14	85	20	1	69	
52	88	52	92	7	58	9	88	74	13	
64	10	37	81	28	55	65	22	53	38	
23	46	82	44	45	33	22	44	51	53	
83	49	55	12	46	80	22	77	17	10	
39	100	64	3	53	42	24	31	36	73	
1	21	29	66	19	66	65	96	40	8	
68	76	81	57	35	62	22	75	88	40	
44	73	53	24	8	92	33	100	90	27	
54	13	47	87	44	59	95	59	8	32	
35	68	76	86	28	51	88	40	30	23	
65	69	40	65	50	6	8	83	5	18	
94	46	40	45	74	22	44	2	48	26	
35	71	40	2	94	26	83	50	39	80	
90	3	77	78	37	53	24	61	24	7	
29	81	89	45	8	54	55	80	18	38	
32	20	70	75	4	68	30	80	83	40	
86	39	96	95	65	15	97	9	9	20	
16	47	54	67	39	35	51	16	60	43	
17	28	43	37	88	69	70	93	89	28	
88	86	57	93	61	63	17	50	66	78	
99	54	40	77	36	22	28	37	41	79	
10	37	54	79	63	11	91	72	90	64	
50	99	1	35	86	94	70	87	76	97	
17	100	99	76	69	60	78	10	23	46	
33	55	70	64	20	98	34	33	74	58	
100	31	97	68	47	67	52	66	78	36	
82	51	29	38	57	34	49	87	52	13	
37	28	57	35	35	58	48	64	80	33	
84	49	84	73	19	79	14	55	51	36	
25	60	8	93	27	61	21	35	42	52	
91	77	49	95	88	80	89	86	29	62	
91	83	95	86	83	90	52	48	5	51	
50	41	79	76	69	93	90	92	55	29	
55	62	94	85	97	24	9	14	36	87	
39	66	93	72	93	100	55	65	15	36	
53	6	15	21	64	48	9	85	84	40	
91	42	88	57	25	82	10	7	86	5	
84	59	58	19	2	84	39	5	82	8	
8	66	42	1	4	39	60	84	81	88	
43	4	25	91	90	61	5	38	3	39	
21	96	6	9	12	90	12	10	6	7	
7	42	79	46	55	3	94	85	76	69	
24	99	3	81	20	47	75	5	9	51	
98	92	79	77	5	76	94	65	48	14	
16	95	50	39	41	45	65	53	50	61	
7	61	79	81	70	66	22	16	37	43	
58	36	72	31	68	50	48	22	66	94	
21	25	74	69	31	11	50	30	56	75	
26	96	24	89	89	30	21	72	89	92	
95	94	7	14	76	56	20	44	25	18	
95	24	93	43	96	5	26	78	52	37	
31	99	47	98	81	93	55	86	31	42	
47	44	13	22	36	40	31	30	75	62	
51	20	2	96	41	63	81	50	40	96	
34	67	19	20	24	78	98	74	20	62	
98	81	50	60	75	3	78	10	53	58	
77	86	63	76	10	17	89	18	31	42	
96	69	37	18	8	72	19	65	29	94	
56	17	11	25	3	8	17	9	65	80	
90	83	82	10	91	94	8	95	76	27	
1	39	57	81	27	92	57	35	23	43	
63	75	80	71	6	77	30	39	67	44	
39	55	45	86	85	87	49	70	99	66	
47	91	70	49	57	76	28	73	23	6	
16	36	41	7	27	40	70	49	59	98	
98	1	10	30	66	6	56	4	31	76	
23	79	97	65	84	66	15	46	18	39	
38	45	97	96	94	96	97	13	100	2	
58	89	85	2	2	69	71	52	93	51	
71	88	21	45	60	86	53	32	8	51	
32	64	5	51	64	2	38	24	63	69	
71	84	83	52	71	32	50	85	26	11	
34	50	40	30	56	80	65	85	90	36	
26	44	71	71	65	4	23	28	5	61	
1	61	36	2	33	74	55	95	58	28	
28	80	85	2	71	46	88	4	95	51	
3	82	39	35	89	93	1	46	23	35	
51	65	77	59	51	9	62	85	10	55	
35	68	84	82	11	63	34	64	14	14	
48	23	60	26	98	49	14	36	34	50	
80	54	89	58	70	5	32	84	89	79	
93	65	92	61	83	82	48	69	2	44	
30	41	57	42	85	96	43	98	1	46	
100	66	6	8	41	75	81	18	78	83	
81	1	89	67	82	93	77	80	8	99	
56	38	98	1	57	28	6	35	38	19	
38	78	23	90	37	88	45	35	44	23	
78	28	83	94	24	46	92	62	5	31	
27	59	19	99	13	63	37	64	39	24	
31	74	5	69	66	33	5	47	48	16	
22	78	51	60	7	56	96	95	22	31	
76	79	41	3	95	69	12	34	97	58	
24	15	38	56	64	18	70	64	30	41	
74	9	44	61	46	50	82	61	88	76	
33	89	86	93	14	19	96	25	77	22	
13	15	4	59	28	70	28	5	38	67	
44	30	27	50	89	32	71	11	98	90	
16	10	64	51	46	17	98	1	46	51	
32	19	20	39	1	46	55	62	23	38	
99	20	22	81	100	34	6	21	29	6	
80	43	76	6	75	37	57	34	72	99	
42	96	51	6	22	17	25	70	1	14	
36	30	53	22	18	43	43	55	78	26	
77	81	51	71	1	54	15	15	82	89	
46	38	46	34	33	78	53	82	53	28	
29	12	40	44	68	99	2	4	26	4	
29	14	55	28	57	80	17	28	60	5	
71	29	62	14	12	50	51	95	31	73	
62	95	80	66	66	76	3	31	87	24	
64	77	72	26	35	80	1	40	78	2	
21	100	30	34	33	95	67	29	91	10	
37	75	62	53	72	30	94	15	18	23	
26	19	81	82	91	72	68	37	30	100	
43	6	34	60	99	94	27	96	23	21	
61	90	90	71	10	72	26	70	1	83	
31	59	81	92	37	83	32	86	94	14	
42	87	64	19	59	7	19	54	68	35	
76	52	32	15	19	70	82	5	71	56	
23	95	48	74	37	40	60	24	13	92	
11	75	23	91	41	84	73	63	98	17	
56	34	51	28	68	29	68	87	85	52	
10	90	18	52	38	64	14	51	11	73	
50	32	69	53	34	30	31	15	60	63	
44	13	95	61	42	15	9	33	64	51	
57	9	7	31	57	19	40	98	79	57	
36	98	98	8	80	84	4	29	4	91	
39	71	68	66	89	86	27	75	20	90	
92	37	29	91	10	3	49	73	75	28	
22	57	29	63	65	63	6	87	23	100	
42	63	70	99	71	45	46	87	37	30	
29	48	28	94	52	19	23	85	8	78	
11	1	6	89	33	16	79	6	41	59	
68	90	100	73	66	36	45	45	1	62	
4	67	83	100	7	69	60	1	71	95	
49	48	43	6	54	99	28	30	42	7	
37	71	55	53	62	76	94	41	5	71	
48	13	60	85	98	97	42	63	87	73	
72	16	73	73	52	94	100	84	14	43	
79	88	44	12	15	3	44	24	90	71	
96	27	41	48	21	82	67	99	37	96	
6	19	28	80	83	48	54	18	26	31	
64	60	68	96	88	97	74	77	54	5	
99	1	65	84	98	17	56	25	29	42	
15	47	2	18	10	39	92	97	68	1	
14	62	16	45	32	100	25	35	99	67	
9	90	80	82	25	86	33	74	55	18	
68	75	9	96	85	23	82	80	63	61	
99	24	90	35	28	75	96	99	44	29	
25	88	63	97	62	41	24	42	91	72	
84	48	9	69	38	17	16	42	72	89	
32	27	39	86	75	15	75	76	67	73	
1	56	78	49	6	37	28	15	49	4	
48	59	66	85	16	4	12	35	2	79	
100	65	72	23	7	100	73	25	1	1	
69	18	80	87	60	2	97	58	10	2	
10	27	24	55	89	60	87	76	65	60	
61	65	35	60	26	65	28	37	36	91	
86	3	11	23	88	19	44	75	24	60	
97	57	80	28	71	91	5	81	84	14	
29	36	16	41	72	2	67	90	57	78	
55	39	94	20	49	55	62	8	19	56	
75	91	49	28	26	58	100	76	63	48	
63	45	81	98	79	51	70	63	26	17	
76	7	64	70	94	9	41	74	14	56	
95	92	99	39	4	48	14	46	53	18	
45	53	71	98	21	71	53	63	83	76	
27	46	35	55	42	16	20	23	50	28	
3	62	69	12	46	36	56	36	73	83	
53	81	81	64	92	11	29	46	7	73	
86	51	7	62	78	86	68	65	90	4	
17	34	74	12	44	40	6	23	89	76	
54	38	55	96	66	5	87	94	52	68	
6	24	96	17	93	96	62	1	72	100	
75	18	52	3	26	39	6	96	54	22	
54	1	94	18	29	53	40	68	11	58	
39	8	24	1	95	98	10	40	7	16	
100	74	71	100	2	32	72	26	58	40	
14	6	59	54	21	56	21	50	3	29	
53	88	73	71	70	68	41	38	25	58	
77	50	53	67	23	25	12	99	4	29	
15	35	74	95	29	3	70	99	32	24	
24	84	16	10	23	61	48	45	41	9	
22	11	15	24	19	15	57	39	25	26	
86	86	51	86	11	94	99	32	86	8	
98	42	17	89	16	11	37	21	10	7	
87	40	74	70	94	29	55	42	55	56	
90	92	1	42	4	13	71	97	18	94	
93	67	91	66	56	77	10	100	51	31	
4	59	39	13	32	59	29	26	18	95	
35	54	34	70	42	83	40	15	72	93	
85	71	82	67	35	26	64	82	69	14	
4	40	30	33	97	29	69	15	49	18	
63	39	47	76	1	94	32	65	81	34	
48	50	4	18	38	80	74	31	57	29	
5	90	1	40	67	17	25	97	92	81	
78	38	9	62	50	22	16	34	60	99	
20	76	61	65	12	8	89	19	28	81	
79	86	99	51	33	90	17	47	72	91	
58	45	96	69	100	72	52	15	54	78	
30	98	69	58	79	76	32	51	58	76	
24	55	58	38	95	22	65	18	31	90	
76	85	49	67	22	88	19	20	62	85	
36	12	93	26	92	60	36	33	45	66	
26	62	40	27	34	59	80	66	65	33	
80	39	91	37	68	88	69	30	4	63	
74	3	29	34	30	46	13	89	89	58	
37	41	81	18	58	27	36	22	38	47	
36	19	33	94	28	33	80	59	40	16	
61	93	74	49	33	3	5	82	60	7	
55	57	19	93	26	67	80	4	99	52	
38	57	27	67	62	51	71	3	79	52	
56	86	80	22	33	11	5	72	9	75	
100	28	13	76	21	85	78	65	72	21	
11	99	47	60	22	62	56	98	69	97	
49	7	89	11	51	14	15	13	32	99	
35	8	87	13	71	29	55	89	28	10	
91	56	64	37	25	89	4	99	21	86	
88	61	1	93	42	71	91	36	28	55	
95	2	3	74	11	41	41	90	57	33	
42	63	65	39	90	8	49	63	62	15	
77	88	46	93	63	9	24	23	52	65	
88	97	13	97	89	57	70	46	63	65	
45	86	1	99	50	83	29	98	62	83	
64	69	6	76	10	60	80	52	99	23	
94	29	68	11	2	62	20	100	18	94	
53	61	52	43	24	80	30	16	2	61	
57	4	77	18	83	9	72	45	15	84	
79	38	65	92	22	9	99	99	44	16	
16	98	48	73	40	88	45	86	45	49	
56	75	37	6	2	93	12	33	40	6	
93	95	3	20	8	13	100	99	96	19	
19	56	40	82	58	11	20	18	89	66	
34	92	18	98	98	25	51	95	52	58	
6	70	57	36	51	15	49	78	9	25	
3	67	7	68	42	66	93	70	61	28	
44	27	35	11	74	40	13	21	43	12	
89	49	26	68	79	84	57	24	63	81	
85	71	22	77	12	50	30	49	80	58	
14	22	81	70	46	87	52	12	9	39	
51	91	97	30	41	38	8	22	75	78	
49	18	20	1	85	75	99	47	84	24	
51	83	11	80	45	3	9	4	18	13	
63	74	55	8	61	100	86	95	75	78	
81	78	56	35	91	20	11	100	20	70	
56	39	83	52	85	51	51	33	46	97	
57	73	94	87	94	16	69	1	9	11	
24	8	69	79	69	78	72	22	28	61	
31	60	57	38	98	31	11	50	32	64	
74	87	50	59	55	56	85	35	74	31	
30	42	48	85	9	26	70	1	85	44	
69	97	91	8	9	40	34	95	82	25	
92	65	66	54	64	39	41	87	92	4	
25	7	41	100	23	87	29	74	84	42	
69	31	73	96	17	84	2	10	94	8	
37	4	39	80	84	66	75	80	44	59	
98	3	25	40	66	13	19	49	50	89	
51	81	72	29	8	18	29	56	14	68	
94	98	37	32	96	20	81	39	39	40	
9	81	88	38	1	88	98	85	15	8	
76	3	3	40	38	63	15	48	82	49	
23	22	38	41	32	92	35	98	4	56	
40	90	51	80	81	34	93	85	3	60	
72	6	15	13	8	93	43	86	61	69	
97	10	50	16	66	65	41	89	74	49	
71	15	95	26	18	100	27	25	16	44	
7	14	68	50	94	90	37	33	4	48	
63	97	85	20	91	89	62	38	13	97	
71	78	61	77	22	84	71	37	4	79	
96	41	77	7	47	12	50	19	12	52	
52	11	28	76	16	87	54	87	11	92	
51	70	71	100	1	17	39	76	5	36	
16	56	67	7	13	75	67	53	19	4	
35	6	46	13	13	67	67	54	23	99	
72	80	68	76	89	68	93	2	57	82	
29	60	60	82	39	28	24	18	79	23	
44	16	24	26	24	96	37	25	37	57	
10	56	12	16	2	37	66	41	87	19	
100	10	2	85	80	48	98	74	96	84	
36	97	2	32	97	29	1	14	32	7	
88	94	62	85	89	93	80	47	94	20	
16	9	92	76	17	71	100	100	5	2	
31	98	56	36	76	35	15	3	22	69	
95	11	81	38	61	25	15	39	71	45	
72	40	57	84	49	36	53	43	35	78	
36	47	48	82	39	14	64	57	71	28	
33	71	9	55	59	19	69	73	36	62	
46	3	85	90	48	28	100	47	62	4	
86	11	19	59	2	33	100	2	59	68	
71	20	80	26	83	42	72	49	48	17	
29	59	78	46	1	18	10	64	3	27	
73	66	68	14	70	52	4	36	19	96	
48	69	36	70	78	9	12	49	97	55	
32	53	51	80	42	17	55	71	55	53	
52	93	1	14	62	28	69	91	63	21	
37	1	9	27	37	95	26	92	88	14	
49	74	42	100	89	10	70	72	92	85	
79	83	74	1	47	59	48	5	71	44	
4	25	25	23	35	15	88	3	78	78	
56	51	82	97	86	91	39	42	47	31	
48	33	97	58	9	11	70	65	29	80	
90	15	8	89	51	64	5	100	44	42	
14	33	55	52	41	5	88	14	21	22	
48	11	98	91	71	90	94	64	50	48	
74	45	44	99	57	59	28	8	28	24	
41	31	56	72	50	55	49	45	48	25	
75	52	46	51	79	66	7	6	19	62	
8	77	91	46	23	13	37	85	43	29	
96	39	90	75	6	91	12	94	91	70	
34	16	90	38	80	67	43	75	67	87	
42	78	83	87	52	44	73	57	11	93	
25	89	45	42	32	14	70	14	33	20	
99	64	62	54	72	10	22	88	21	49	
49	17	78	69	60	70	56	61	59	39	
67	89	97	96	82	100	80	44	38	25	
42	14	56	2	96	24	39	94	89	13	
34	37	22	4	90	65	58	75	79	13	
45	82	94	19	72	56	20	34	12	73	
17	59	42	46	31	28	99	98	6	92	
40	42	1	78	27	15	12	56	13	97	
3	31	79	68	54	17	16	43	38	44	
33	68	71	10	74	38	12	91	97	48	
1	70	56	67	92	25	94	91	64	8	
70	24	2	52	73	27	69	1	68	64	
77	37	15	18	13	53	29	54	30	11	
40	85	16	54	64	73	53	97	76	20	
56	31	80	16	8	63	79	35	74	61	
21	67	81	53	2	95	81	64	91	28	
26	83	29	6	84	35	76	27	88	71	
29	82	50	79	4	2	7	69	1	66	
97	52	18	33	61	89	66	75	61	4	
45	74	64	11	49	67	55	84	57	97	
46	54	32	65	64	90	53	45	97	90	
71	22	66	69	52	77	18	17	55	13	
47	23	42	31	35	61	6	32	91	75	
94	76	47	55	99	100	88	10	16	85	
62	97	88	97	65	86	81	99	76	12	
100	38	25	66	47	48	100	10	21	85	
55	99	32	39	67	17	13	16	13	77	
55	55	88	50	42	53	94	58	48	48	
74	15	67	30	98	77	27	91	91	52	
41	9	79	68	26	38	17	21	73	53	
15	10	37	62	93	74	95	38	22	21	
18	22	89	5	22	73	11	48	47	98	
31	23	92	17	63	54	72	49	66	43	
53	15	83	21	35	98	9	72	84	14	
72	71	70	47	85	71	27	59	38	87	
29	16	25	2	97	5	67	36	15	1	
85	14	79	66	15	93	75	15	30	46	
49	11	32	7	57	71	13	16	8	99	
13	15	88	6	65	90	4	61	28	16	
14	41	63	66	60	73	89	12	93	86	
38	33	74	22	34	59	62	12	90	29	
58	30	70	42	25	67	58	43	68	44	
60	89	98	5	88	12	92	41	40	77	
84	14	73	19	3	7	42	10	25	8	
68	97	49	4	27	13	87	51	21	95	
91	16	5	67	82	22	72	56	27	38	
96	8	28	91	80	64	72	78	88	24	
39	6	42	69	93	49	35	45	51	6	
38	49	15	47	38	10	19	47	90	1	
85	75	45	41	42	53	15	35	17	2	
53	57	31	91	89	61	10	17	66	12	
67	65	96	23	25	73	35	26	3	60	
34	80	14	18	59	55	61	37	30	33	
38	49	79	69	30	66	45	16	80	71	
21	99	26	51	32	37	73	36	100	67	
77	29	66	84	30	97	30	100	53	26	
72	53	98	93	12	40	71	39	73	10	
14	88	58	43	81	96	93	76	75	94	
54	41	70	91	16	18	40	65	23	55	
7	41	86	92	91	46	99	14	90	22	
22	68	70	56	23	22	51	4	84	36	
7	9	23	24	13	97	25	57	74	46	
97	80	3	44	83	49	59	30	16	100	
44	59	55	6	71	91	75	18	77	44	
9	40	21	19	1	41	19	11	60	14	
30	27	87	59	59	21	37	65	64	47	
24	24	68	43	34	91	56	52	22	1	
58	83	44	8	49	4	51	90	86	61	
94	20	26	45	64	72	70	27	25	15	
36	2	25	3	27	41	28	91	26	24	
56	1	86	94	80	25	91	50	25	92	
29	56	19	20	32	65	77	19	97	11	
38	76	88	31	13	49	44	22	72	27	
90	79	33	37	26	15	82	11	22	63	
7	83	81	63	30	21	97	56	3	77	
18	4	78	95	60	70	83	86	67	96	
96	23	38	89	73	44	21	24	53	13	
4	68	85	75	21	66	32	12	1	65	
87	48	89	50	78	13	8	86	62	35	
65	89	5	98	27	93	97	68	11	8	
46	84	7	9	64	73	62	70	25	33	
64	71	87	41	84	25	17	6	8	37	
17	26	29	89	79	73	33	21	24	83	
77	68	57	75	33	70	51	31	31	46	
16	15	30	41	21	4	29	65	44	33	
60	65	29	76	24	30	41	3	40	31	
10	43	87	58	18	27	96	90	41	62	
56	10	94	26	95	92	84	29	88	87	
7	86	51	55	83	46	17	46	71	33	
55	36	15	3	20	48	40	83	17	62	
28	47	86	55	91	35	63	71	72	21	
16	98	46	2	47	22	56	2	5	16	
47	82	84	15	87	27	52	46	32	28	
76	34	92	4	24	55	6	74	70	4	
37	74	49	71	68	9	30	20	30	66	
98	13	87	43	62	94	34	11	7	66	
77	13	53	30	79	79	99	36	28	26	
3	69	80	69	12	45	10	70	46	39	
31	68	87	7	4	7	72	71	65	86	
38	78	100	7	8	14	18	14	34	66	
93	8	96	80	91	83	24	44	83	54	
73	8	82	89	37	40	37	23	36	11	
66	14	45	49	77	82	32	97	22	71	
73	87	56	35	91	2	28	10	2	72	
84	36	12	90	35	6	27	59	75	63	
28	94	99	78	47	100	23	21	43	80	
46	4	93	9	62	28	49	18	86	7	
89	21	57	84	95	39	19	18	10	61	
2	22	17	3	79	82	40	25	59	12	
52	79	78	51	21	15	47	42	98	83	
41	31	14	24	9	100	10	93	12	88	
80	37	54	100	35	100	82	6	89	66	
29	76	18	94	14	74	50	82	70	98	
62	32	17	24	63	92	41	93	5	89	
36	18	56	63	86	30	26	27	25	98	
29	51	96	9	38	60	6	19	47	72	
68	87	33	18	7	28	67	18	33	58	
96	95	62	62	7	55	2	64	58	29	
22	86	36	78	57	22	5	98	10	69	
60	87	72	26	91	9	53	37	67	57	
64	25	15	83	54	58	16	22	4	97	
79	90	87	82	59	41	64	47	73	80	
55	19	82	95	19	30	48	68	25	9	
65	25	71	22	9	56	72	33	24	23	
78	6	77	53	83	82	33	75	84	33	
71	14	51	51	100	2	17	88	32	29	
14	83	53	26	38	74	24	27	96	63	
14	18	76	70	87	71	70	82	39	89	
50	16	91	28	84	16	99	18	54	59	
70	74	36	14	62	88	48	40	42	100	
34	75	26	99	88	93	19	4	32	39	
92	49	66	19	61	37	89	78	14	66	
13	80	60	92	19	92	8	88	50	45	
61	83	83	55	13	35	28	89	43	12	
17	23	96	21	35	83	93	54	50	68	
73	27	83	71	52	94	79	84	40	33	
68	49	63	84	18	38	22	13	92	95	
33	75	69	43	64	20	54	87	82	19	
12	92	53	75	11	63	16	66	41	33	
5	32	69	75	89	18	23	96	29	93	
18	2	99	52	21	7	100	79	79	72	
58	96	33	45	65	56	26	96	6	6	
40	49	43	7	94	59	95	62	98	33	
31	4	52	64	90	8	44	92	54	13	
5	81	56	28	75	39	50	57	36	3	
87	35	23	59	19	28	38	58	17	4	
87	9	60	97	54	33	22	43	77	4	
96	58	73	95	79	9	9	82	67	67	
93	24	35	65	92	39	28	14	39	36	
71	44	94	24	91	8	82	58	79	73	