1000
20
43	56	68	12	6	86	79	54	100	7	57	15	53	59	35	85	25	20	58	84	
59	73	59	57	52	53	72	24	60	21	96	6	77	88	96	12	57	56	94	99	
65	83	39	73	24	26	26	94	72	75	16	72	74	58	71	81	81	88	59	90	
65	31	39	42	7	82	37	17	32	61	61	95	92	15	4	29	36	56	74	69	
95	70	5	79	74	27	69	85	11	28	94	9	49	34	13	22	63	14	84	99	
14	81	60	72	49	49	92	67	96	6	11	16	29	32	50	2	88	22	34	61	
24	42	98	64	71	71	90	83	31	88	88	95	100	3	78	59	28	18	5	71	
57	63	1	41	38	59	83	71	3	48	100	44	78	24	83	15	72	22	86	57	
21	5	65	88	90	67	33	84	45	35	53	70	7	4	92	77	50	90	23	68	
68	36	60	59	28	47	99	6	36	2	93	48	25	99	16	54	100	30	36	58	
45	46	96	67	18	68	44	83	17	5	50	81	99	64	42	2	94	88	37	34	
46	79	99	24	65	35	85	25	57	92	2	27	87	93	5	99	17	96	36	21	
51	87	60	32	63	88	22	13	61	81	6	38	67	6	55	80	46	33	35	46	
85	48	61	61	2	90	88	80	4	15	62	29	85	86	14	51	57	81	60	87	
99	28	44	54	27	91	23	25	73	78	26	24	58	95	95	49	68	14	14	100	
9	70	12	4	65	33	92	77	53	62	40	18	46	3	39	87	5	5	5	27	
33	28	38	27	90	72	1	47	53	6	6	35	22	49	43	90	73	96	9	47	
46	4	57	88	36	88	21	36	70	89	30	86	90	65	61	36	54	56	15	66	
35	77	36	51	16	23	56	75	68	11	13	67	90	11	33	86	47	41	57	57	
58	74	62	77	60	63	76	74	33	74	61	19	99	46	53	26	74	60	61	38	
66	38	84	75	30	46	62	72	6	48	60	74	12	53	9	1	23	76	5	17	
8	43	11	23	86	63	32	3	21	69	67	20	36	41	55	79	25	65	94	69	
1	99	92	60	13	33	55	66	87	90	43	13	59	22	29	31	35	18	26	14	
21	58	90	73	80	100	58	81	25	9	39	10	1	72	81	42	12	35	4	84	
73	31	31	79	61	76	27	90	82	57	90	8	93	18	1	37	44	47	72	95	
14	38	18	51	32	14	97	56	63	54	32	83	8	97	84	22	15	12	32	74	
87	39	5	12	82	93	34	71	99	30	41	84	42	83	43	84	76	85	75	87	
3	35	11	90	51	98	14	26	93	35	94	45	82	36	70	26	88	5	40	36	
100	1	78	1	35	57	6	41	12	76	88	6	83	62	88	42	8	17	94	28	
70	76	39	29	80	83	89	43	66	11	30	28	34	32	2	44	73	95	99	21	
16	49	70	41	53	54	33	95	39	69	63	31	7	12	17	34	75	74	51	41	
89	42	58	87	70	12	21	11	49	38	10	29	92	79	77	96	82	23	52	29	
98	52	10	35	23	91	42	30	45	96	23	66	9	95	94	37	29	63	20	81	
11	29	99	73	80	62	100	48	97	42	7	43	82	81	34	96	92	40	31	51	
37	21	54	34	45	73	68	61	80	94	54	35	63	5	13	21	49	62	87	60	
56	27	52	47	44	15	88	47	84	16	84	90	63	77	91	11	70	33	46	100	
57	13	36	8	52	57	86	40	85	3	47	96	28	77	36	95	67	24	46	3	
15	10	13	3	87	84	58	75	28	6	65	94	22	89	61	28	55	78	56	16	
86	73	11	77	16	84	15	20	19	87	7	72	63	18	14	42	57	18	32	61	
90	2	81	91	38	72	66	87	92	83	37	19	87	68	83	21	94	86	33	49	
48	40	69	58	9	41	23	70	78	79	48	74	97	33	90	51	34	99	58	46	
6	69	91	53	4	40	4	79	71	48	6	80	70	15	32	18	80	91	43	88	
97	55	54	32	81	8	79	77	16	27	33	28	14	96	23	48	34	37	41	12	
70	100	33	31	45	100	56	7	46	67	36	52	69	30	19	49	89	98	6	18	
17	38	4	97	67	51	77	26	71	67	55	58	64	34	12	3	90	11	94	74	
76	54	25	10	28	36	23	77	90	88	50	70	2	22	54	17	99	90	65	33	
73	70	29	88	33	5	70	24	44	32	17	57	46	27	45	2	46	1	81	94	
52	86	86	40	58	93	79	41	7	70	7	11	34	82	76	6	48	14	54	97	
7	19	18	26	47	43	29	55	97	49	53	18	74	75	100	18	73	69	96	100	
94	95	67	68	76	23	75	88	94	21	98	31	75	68	28	68	76	25	38	42	
14	28	44	80	5	64	10	42	19	44	61	63	46	100	96	86	2	41	26	59	
43	4	88	26	28	35	84	72	32	38	50	15	46	11	73	9	88	36	73	33	
96	76	100	32	96	17	44	91	80	57	18	66	18	58	49	46	86	48	61	4	
32	58	22	70	44	60	4	51	52	51	77	87	65	56	76	33	39	20	13	100	
31	65	34	89	76	49	97	83	66	55	83	54	68	32	18	30	28	72	38	72	
81	47	39	7	92	47	46	81	93	46	89	69	25	66	78	1	21	49	92	28	
38	52	31	94	76	36	14	13	54	27	50	36	27	29	88	19	51	67	8	29	
39	98	2	14	92	68	11	41	28	75	74	71	100	20	48	54	7	19	61	57	
74	82	69	41	13	16	91	57	53	79	50	59	24	77	21	82	79	36	25	21	
10	75	47	2	67	21	59	52	69	93	41	46	56	7	74	29	12	41	19	54	
66	14	22	53	90	98	91	90	22	64	27	90	39	48	79	5	23	32	87	51	
96	9	57	38	73	20	45	71	23	87	80	29	58	34	23	51	54	30	30	90	
93	38	17	98	66	54	21	54	45	5	80	28	2	87	24	79	28	11	95	32	
23	76	37	96	49	46	2	31	27	24	83	18	24	76	7	7	84	59	95	31	
35	77	87	34	68	76	67	47	24	25	19	6	24	68	88	65	76	18	29	7	
90	6	89	34	63	52	94	85	53	8	67	65	19	74	35	49	1	72	39	100	
39	31	10	99	98	92	99	53	50	58	40	14	43	20	46	61	83	8	86	46	
4	95	23	92	11	29	29	93	42	2	58	82	89	19	27	70	44	83	20	20	
66	70	21	21	1	35	89	84	3	94	5	32	74	72	25	80	97	87	64	78	
75	35	17	75	88	95	35	60	2	74	33	21	74	46	55	42	5	34	73	27	
3	92	26	22	3	70	6	21	76	30	4	53	99	2	12	41	61	2	85	100	
46	17	11	18	42	22	79	75	47	94	68	14	23	20	10	61	58	90	6	2	
17	72	50	53	55	36	47	81	1	99	77	38	54	35	74	37	76	70	11	28	
6	83	52	80	91	28	95	39	52	99	41	84	38	19	17	47	55	36	82	35	
59	40	20	18	43	84	98	43	97	14	59	55	71	92	22	66	43	18	85	54	
96	94	19	3	97	77	10	17	62	27	97	83	51	80	5	49	48	49	19	24	
18	70	6	38	10	98	51	36	68	53	67	30	72	15	40	46	92	100	72	9	
97	20	71	88	5	54	92	42	46	10	48	11	58	18	68	72	22	8	13	58	
41	89	9	97	89	24	79	91	37	74	59	63	24	8	86	19	37	20	46	93	
1	78	27	29	41	2	9	62	8	22	57	4	85	61	67	61	6	12	14	4	
87	46	44	37	54	7	52	80	52	77	7	74	4	18	51	42	19	42	87	86	
48	98	43	85	82	23	86	97	25	89	99	86	98	79	11	5	12	80	87	27	
64	5	85	26	56	73	11	50	56	94	87	62	57	17	86	46	100	46	98	6	
71	47	8	56	39	23	54	10	46	71	41	63	39	15	55	44	25	36	80	5	
72	75	63	25	56	14	100	23	5	90	10	46	43	51	79	24	16	37	39	5	
43	69	67	98	56	41	74	36	54	30	7	26	84	55	10	64	61	46	60	56	
74	51	10	19	71	9	1	68	31	89	54	12	68	66	81	90	87	74	100	71	
88	16	54	70	87	55	69	70	87	36	5	28	72	53	55	24	32	76	79	49	
70	14	38	1	85	5	19	16	8	46	20	32	11	73	38	9	17	39	47	39	
75	54	77	45	74	24	8	82	5	21	35	75	55	38	31	39	93	83	93	51	
27	57	95	75	46	6	75	19	86	56	57	99	37	12	78	61	68	84	25	32	
32	83	18	94	62	12	62	19	81	31	83	1	77	95	64	93	62	75	21	23	
42	44	13	67	64	67	69	29	42	1	95	10	66	14	75	9	37	16	14	100	
60	89	32	28	81	60	100	76	54	99	68	83	13	73	2	6	9	14	10	52	
100	91	69	56	94	64	36	53	9	30	63	78	36	39	34	73	6	24	42	86	
72	70	39	9	76	53	21	44	83	58	54	56	74	90	96	63	77	42	64	42	
39	50	58	29	50	2	64	52	10	91	66	71	62	77	36	70	97	29	29	9	
71	59	58	15	53	18	43	54	67	23	66	32	53	52	7	66	13	17	49	60	
89	57	93	45	92	4	85	9	10	98	15	62	17	68	1	62	12	71	83	81	
3	28	20	74	73	32	76	28	15	9	50	31	17	55	78	10	3	42	84	76	
22	94	81	50	25	34	94	24	63	1	63	24	26	12	64	98	82	94	84	83	
49	9	15	87	79	95	90	1	3	55	55	93	25	27	98	58	78	44	21	19	
98	12	75	76	76	61	100	54	85	74	96	7	10	67	49	97	72	26	68	50	
60	80	91	53	23	60	71	80	33	94	17	61	57	29	84	16	41	47	58	99	
56	56	94	85	68	87	10	77	15	100	77	46	5	33	17	60	53	100	31	54	
69	89	60	31	44	38	89	37	72	7	79	4	72	24	65	88	16	38	19	46	
92	22	83	8	99	13	19	77	97	89	23	79	23	17	28	13	4	84	90	41	
73	68	7	99	50	3	38	56	73	27	95	41	11	14	77	40	65	61	78	38	
73	86	94	36	67	69	3	39	11	23	56	98	62	91	46	54	57	91	32	78	
37	31	100	10	92	5	20	31	36	100	98	97	4	14	56	71	85	70	31	96	
19	84	83	35	65	28	28	66	21	81	36	21	45	66	21	73	11	32	46	44	
48	95	78	19	54	11	58	26	96	95	97	97	3	89	6	65	70	34	48	39	
78	77	81	49	40	99	49	78	81	69	71	31	61	45	60	31	7	60	39	57	
1	85	13	74	39	32	53	11	78	37	68	36	16	32	79	94	47	51	46	56	
49	29	14	44	86	39	91	79	60	49	72	74	47	56	87	11	15	67	56	65	
45	43	62	67	40	44	39	29	46	1	26	84	54	25	83	36	28	92	22	89	
55	14	60	75	67	18	79	68	16	43	100	47	43	65	12	70	56	34	76	25	
56	65	59	30	78	63	11	30	30	45	78	90	30	94	55	11	77	14	1	84	
61	25	73	41	95	45	72	38	70	63	31	66	79	41	27	66	97	53	73	38	
93	6	64	94	96	83	98	43	48	34	68	40	5	76	17	48	30	15	87	90	
85	33	39	61	88	14	27	79	13	33	81	85	1	42	74	12	57	24	64	17	
41	70	70	76	94	3	31	35	76	42	54	36	49	98	61	41	38	98	79	23	
59	25	72	21	49	73	53	22	33	33	78	95	76	91	93	28	31	64	48	27	
64	55	91	82	22	24	47	26	7	17	51	72	72	52	38	72	6	8	13	82	
36	42	7	1	84	45	91	27	4	13	98	51	15	13	39	29	1	93	44	4	
23	31	7	39	39	77	13	94	68	83	46	61	55	67	55	61	26	11	90	10	
66	88	85	87	85	61	10	33	28	91	9	4	24	62	78	75	56	22	95	77	
31	93	88	26	76	16	35	81	82	2	11	45	75	8	32	7	65	59	15	26	
37	80	68	13	32	97	2	30	75	98	92	79	26	87	35	75	33	53	99	56	
47	77	38	60	57	84	59	11	28	73	84	15	43	22	97	43	79	42	34	10	
8	100	59	60	65	44	58	86	73	59	41	7	14	56	19	3	47	42	26	92	
57	18	72	53	22	31	43	47	55	73	9	36	8	90	84	82	10	56	79	24	
68	8	63	8	55	89	82	41	29	33	62	45	5	72	58	60	78	74	98	68	
74	19	12	8	69	87	28	59	75	13	76	45	38	25	13	57	89	33	11	99	
47	77	39	27	28	91	76	44	99	46	39	66	48	48	80	97	49	79	38	2	
72	28	19	13	60	62	78	13	93	31	22	29	49	46	56	48	78	100	48	52	
18	57	9	1	66	35	39	76	19	14	7	31	55	68	74	27	100	23	10	81	
75	44	54	27	32	68	13	2	94	27	35	38	81	82	64	6	64	28	66	14	
15	96	62	75	70	27	38	92	32	77	54	80	98	99	13	37	94	23	79	45	
93	15	89	40	98	81	65	8	34	12	21	40	93	21	35	85	77	57	59	12	
15	42	49	34	7	73	21	70	97	78	73	11	10	81	2	38	92	65	75	59	
91	51	24	49	69	13	83	5	29	35	1	71	25	63	47	71	33	1	83	7	
92	79	71	18	90	44	70	42	75	12	67	43	48	32	95	72	12	52	25	83	
70	96	36	44	86	85	49	28	54	73	40	88	91	13	86	13	17	16	65	98	
36	49	80	93	1	56	65	72	85	50	26	40	24	93	96	93	2	86	47	68	
88	53	54	76	66	65	14	68	66	51	95	92	33	96	79	60	5	10	56	14	
71	19	17	55	26	26	73	32	98	64	95	7	35	82	38	37	42	97	69	100	
26	94	31	42	23	89	23	61	29	35	82	74	12	91	38	80	49	50	82	38	
8	65	47	93	24	4	88	25	1	18	73	96	1	20	59	76	31	88	32	94	
32	46	69	43	84	22	90	80	81	57	45	82	70	19	55	15	19	42	80	37	
5	28	78	72	83	2	81	76	56	85	67	33	39	76	91	94	65	60	40	14	
89	76	20	58	59	84	26	40	12	16	30	21	13	15	63	77	99	7	83	88	
74	44	47	93	34	36	33	96	8	33	93	22	78	3	28	64	3	82	20	45	
66	43	37	60	17	43	96	34	37	57	79	49	77	85	44	3	81	35	72	14	
62	13	28	16	15	1	94	5	19	87	90	76	46	55	75	3	85	40	74	71	
91	32	2	95	98	92	11	73	83	36	14	79	18	45	81	81	74	19	68	81	
69	73	51	39	43	15	42	78	10	39	88	48	31	65	64	74	35	94	24	25	
77	8	32	98	36	91	5	8	20	96	63	55	15	7	64	45	98	96	4	41	
70	74	7	74	1	63	33	29	10	89	30	31	90	55	81	62	36	72	71	9	
88	80	95	4	79	92	36	55	7	45	83	72	95	6	25	55	39	11	25	65	
10	54	85	1	99	20	79	64	58	37	56	17	44	81	60	49	47	22	31	99	
30	39	4	46	48	76	65	50	19	89	96	66	43	5	73	65	8	39	65	4	
98	88	55	39	25	72	73	67	90	28	62	43	34	49	43	5	5	90	57	52	
29	80	66	92	49	30	51	2	1	33	10	57	65	66	44	23	34	48	12	89	
69	30	32	27	47	100	88	7	2	50	81	15	99	69	43	43	32	30	11	69	
45	94	24	37	58	48	72	69	100	31	48	78	10	39	58	93	27	7	63	12	
43	46	57	82	87	67	14	38	17	19	48	69	100	61	5	46	8	72	79	98	
99	25	80	21	74	69	91	99	48	91	96	26	52	55	74	85	53	86	5	22	
42	14	78	78	84	95	79	57	65	88	11	73	39	55	46	39	26	35	79	76	
23	20	3	95	58	62	80	97	46	39	98	27	9	56	9	60	39	39	40	10	
17	14	70	18	95	80	88	88	61	69	79	41	59	85	80	28	8	50	2	33	
74	22	10	21	57	59	74	31	66	74	41	84	14	36	96	53	76	37	15	79	
83	27	34	28	77	6	90	29	22	2	80	17	37	58	45	7	78	41	9	28	
48	19	10	60	1	45	28	75	41	78	87	42	84	1	73	83	97	72	83	26	
76	68	46	21	54	84	47	7	92	32	33	54	94	19	83	34	79	32	14	31	
79	78	8	55	80	83	87	10	42	95	89	42	18	6	89	18	42	75	76	3	
23	34	94	50	28	25	16	74	11	27	47	22	46	77	26	83	92	89	96	71	
77	10	1	47	80	86	33	87	37	52	48	3	64	69	69	39	89	78	48	96	
93	16	38	26	77	65	77	57	86	63	61	12	30	97	91	51	3	47	57	64	
74	27	27	77	34	3	93	24	38	65	61	19	57	85	71	57	97	31	81	31	
16	5	89	88	68	93	48	30	62	96	53	30	10	35	93	7	17	82	78	96	
63	35	78	32	67	73	63	58	2	49	89	79	9	39	25	100	64	66	6	50	
68	59	9	28	100	48	21	10	9	36	65	16	51	51	62	11	32	56	18	46	
47	19	91	6	21	93	40	86	10	31	61	73	63	27	55	38	21	39	13	74	
22	36	25	70	55	38	6	84	82	90	66	72	49	48	53	8	76	12	7	36	
65	49	63	37	75	28	24	40	45	51	63	75	76	26	39	41	75	56	23	35	
79	42	50	76	48	97	29	57	75	42	24	97	46	47	75	55	42	94	78	55	
64	1	13	1	28	17	50	66	82	48	67	35	90	78	15	50	39	53	5	64	
88	4	18	54	29	22	45	22	89	89	44	86	53	13	45	51	36	95	46	91	
73	98	71	1	79	65	79	51	51	73	6	78	73	34	54	14	21	73	36	69	
5	48	83	61	57	38	60	46	34	91	88	30	95	52	7	9	30	63	46	65	
4	56	4	15	25	49	31	1	39	17	6	67	45	81	86	88	47	25	2	74	
13	65	76	70	14	67	7	11	31	28	78	35	17	31	63	63	88	43	58	3	
30	82	45	53	81	11	17	84	4	45	71	86	73	57	100	60	3	73	67	50	
99	76	1	74	79	30	55	41	70	13	37	93	76	27	78	43	9	42	33	16	
76	3	55	72	54	2	22	67	69	98	58	31	33	87	43	8	90	68	56	95	
8	60	39	46	54	100	17	100	77	34	50	53	6	70	81	2	53	62	22	11	
10	17	74	34	48	13	91	88	5	25	22	79	88	58	49	78	87	66	74	74	
57	24	14	97	51	70	83	93	76	60	35	12	87	63	65	31	30	14	29	86	
41	10	72	21	64	13	86	25	73	73	29	83	90	14	71	70	91	45	16	25	
9	44	65	71	60	7	93	98	87	62	98	39	1	91	72	11	34	91	79	64	
85	44	58	28	71	9	77	60	10	45	95	57	35	58	85	15	64	66	52	90	
61	70	6	13	59	67	84	72	60	22	67	54	31	47	65	65	72	29	59	53	
51	30	62	35	82	22	94	56	4	3	51	4	81	32	59	83	44	34	78	23	
54	40	14	20	90	51	26	37	41	10	81	63	38	81	31	77	82	88	29	2	
91	23	38	48	4	97	99	94	15	13	96	61	2	35	93	72	67	60	32	13	
30	76	48	81	45	21	31	84	43	53	45	50	10	14	9	6	53	1	54	92	
62	12	19	81	57	46	27	60	49	65	53	6	31	8	7	3	50	99	94	15	
34	79	18	35	57	71	88	53	24	76	78	8	42	90	79	25	64	68	57	59	
13	47	91	85	13	88	67	54	65	74	60	80	90	51	85	77	16	82	59	87	
1	79	54	26	83	80	72	15	58	3	26	82	63	97	7	17	18	29	23	45	
88	91	97	93	34	17	69	69	66	24	94	74	56	88	79	86	68	45	26	60	
46	14	66	3	58	64	42	57	80	88	39	24	69	26	85	71	52	25	11	70	
60	89	25	42	61	24	43	53	17	98	29	8	63	28	30	28	16	35	6	8	
74	3	12	31	76	30	8	70	4	96	10	88	9	64	55	77	81	92	2	82	
8	54	28	19	54	3	49	89	6	7	20	47	16	83	45	71	11	100	69	61	
64	76	18	15	6	49	82	57	23	34	47	42	75	6	69	16	36	26	55	84	
39	15	60	53	74	65	18	43	4	51	14	17	81	54	28	52	23	13	80	16	
70	20	22	31	95	58	46	85	42	37	73	43	61	16	18	8	81	99	44	7	
47	55	61	23	40	43	35	42	55	96	82	7	44	88	60	15	67	9	1	32	
26	32	15	85	12	82	13	10	67	91	99	44	90	30	60	45	44	5	32	45	
75	57	45	81	53	24	12	46	32	39	12	45	18	31	68	47	74	79	63	88	
42	99	62	45	6	61	45	79	73	33	70	2	87	5	59	53	7	2	10	10	
58	25	52	70	89	2	20	71	1	90	7	90	1	33	45	54	50	2	29	75	
79	100	73	8	94	35	17	66	71	96	67	49	97	86	81	81	3	69	76	51	
6	93	48	36	52	80	88	3	64	77	20	99	38	56	10	79	57	92	63	73	
6	65	67	10	36	43	47	68	93	88	63	83	36	88	39	21	67	15	64	25	
89	2	98	8	18	23	48	59	88	95	93	42	27	48	16	41	79	12	46	72	
65	67	93	73	36	49	89	91	11	36	89	15	77	51	71	50	64	11	48	85	
6	77	42	41	74	7	72	35	36	52	14	40	29	94	95	31	66	49	56	84	
58	50	18	37	83	63	59	24	94	94	29	40	96	5	40	45	23	49	63	19	
53	20	83	11	7	57	52	80	1	78	33	69	54	16	87	12	92	20	33	20	
66	55	11	8	82	100	21	71	46	57	28	81	94	63	41	48	25	24	29	69	
78	72	44	65	82	8	25	3	7	30	35	60	3	33	95	74	35	38	19	31	
16	21	67	10	45	62	79	80	74	27	85	60	89	50	93	18	54	17	35	38	
65	34	35	41	85	10	8	77	76	6	84	25	59	48	49	56	100	24	3	91	
47	82	92	51	65	45	88	70	90	19	89	29	86	91	31	50	69	29	47	41	
25	96	98	36	97	26	77	5	67	30	43	40	14	30	75	89	47	48	84	34	
78	14	24	77	30	35	33	45	97	57	31	34	73	89	39	30	1	39	76	37	
60	67	4	1	21	69	58	59	66	64	39	85	75	2	23	9	96	11	86	20	
99	40	1	97	5	81	88	5	67	71	73	94	29	76	82	44	58	92	51	16	
100	96	68	97	19	30	51	85	89	57	39	12	82	33	28	29	61	7	81	22	
19	50	4	18	82	84	69	46	67	71	72	96	27	25	2	72	20	92	39	6	
48	29	34	5	18	88	80	26	36	47	50	24	29	59	26	8	85	92	21	35	
67	3	17	63	79	50	74	51	25	95	23	95	22	30	12	83	55	73	86	60	
99	47	18	21	58	12	78	17	16	15	62	54	58	42	9	90	93	24	29	66	
22	67	60	56	7	77	80	17	89	76	45	100	1	88	91	87	13	1	73	24	
23	6	56	84	21	50	16	80	29	59	25	21	95	36	66	73	51	97	32	4	
60	49	69	45	60	9	72	59	37	20	82	81	15	97	59	6	58	41	23	61	
11	66	71	31	69	70	31	47	49	7	51	92	93	8	99	88	73	63	52	41	
20	10	93	40	40	75	50	85	51	77	81	73	46	25	75	17	98	62	57	41	
57	98	56	61	79	41	91	43	23	9	73	36	66	59	15	13	50	16	83	64	
67	12	27	93	95	85	57	35	28	78	8	87	69	75	37	31	2	88	95	48	
92	12	41	22	37	47	59	57	48	9	64	45	58	52	91	84	69	90	60	77	
46	71	47	17	35	17	16	33	94	37	9	90	37	27	85	13	90	90	14	27	
35	38	11	50	84	43	72	35	94	91	22	38	60	97	90	4	95	41	66	12	
91	68	17	62	10	68	69	42	2	60	95	28	31	50	78	13	57	91	76	40	
43	81	62	48	70	80	78	15	87	34	4	72	77	89	34	10	42	87	81	40	
88	42	94	78	83	90	74	54	26	54	55	49	91	63	3	93	73	5	34	46	
33	41	76	73	53	8	12	1	85	29	29	45	84	78	44	11	24	13	87	43	
25	10	1	17	28	54	35	94	35	94	75	54	90	6	87	70	77	37	52	64	
53	85	33	39	46	73	48	43	49	12	97	74	64	54	63	77	95	9	96	94	
18	20	68	58	49	48	57	92	63	56	53	40	68	100	53	11	38	84	59	40	
99	34	12	48	30	69	17	3	95	77	95	63	85	52	37	26	23	27	82	15	
86	38	44	30	15	42	21	49	16	49	72	88	58	8	76	61	75	89	65	13	
13	93	24	11	24	68	71	99	91	76	57	87	74	89	84	37	9	2	60	41	
53	89	87	14	14	97	12	45	91	53	98	43	57	98	27	67	27	37	61	95	
55	99	28	88	44	10	1	50	3	53	100	74	27	69	21	15	30	30	78	75	
90	29	77	11	15	75	80	23	94	36	15	40	9	23	41	33	66	61	12	36	
17	78	95	89	84	79	38	37	74	2	69	73	33	85	20	27	42	45	83	78	
65	47	50	38	53	20	2	35	82	47	56	67	7	65	26	22	19	61	24	10	
72	54	12	17	27	45	23	70	38	55	56	13	93	96	82	79	77	32	25	82	
54	18	82	11	52	23	50	69	73	13	1	29	6	18	28	67	39	28	33	61	
89	30	78	69	49	65	18	53	95	60	59	46	12	80	33	96	48	60	1	65	
20	5	69	55	89	88	89	97	67	8	42	62	69	34	63	83	9	48	58	91	
99	71	13	98	75	75	93	47	97	79	76	64	53	35	31	95	44	75	12	9	
59	44	2	23	62	18	13	46	81	68	22	46	90	46	65	51	84	69	43	47	
53	97	23	56	9	37	19	13	100	69	27	44	65	4	6	52	74	46	98	21	
5	64	39	72	72	20	4	17	57	56	94	17	88	30	73	54	47	66	38	61	
37	91	26	62	38	48	22	19	67	3	36	67	45	70	33	47	85	2	78	28	
51	90	15	68	92	28	12	13	75	97	3	8	66	48	35	59	39	56	65	50	
14	85	76	41	18	9	7	75	48	75	2	48	91	97	25	23	3	70	47	59	
57	24	6	69	48	40	57	7	23	5	19	8	26	7	50	43	90	96	61	82	
46	57	42	64	60	99	21	81	13	14	29	66	93	74	84	36	39	12	40	89	
62	57	33	2	40	10	22	84	83	5	40	66	18	56	49	49	22	55	38	59	
16	32	8	83	72	51	1	77	38	56	43	54	92	49	82	30	79	81	48	78	
32	71	87	18	42	65	6	91	85	100	24	63	74	5	78	61	72	54	32	21	
10	51	96	58	33	21	2	66	85	9	88	71	61	30	82	47	19	36	11	78	
97	36	67	76	67	77	96	30	83	5	69	99	51	26	57	88	89	13	66	69	
100	25	38	4	11	98	10	91	64	40	34	29	43	82	33	63	37	95	3	32	
92	7	24	47	36	96	35	14	81	98	69	36	44	66	9	80	28	58	74	72	
31	25	32	70	30	41	79	62	37	43	77	36	31	60	66	66	10	14	3	26	
44	30	32	38	95	19	11	97	66	24	19	93	61	44	41	91	5	99	71	35	
38	22	7	82	28	64	31	3	61	12	11	45	21	38	66	35	78	53	50	85	
36	31	92	63	1	81	5	17	18	7	52	93	94	16	25	46	87	79	33	86	
32	36	8	27	66	18	20	31	4	15	40	21	74	15	5	77	52	3	100	3	
80	53	11	49	2	52	30	31	77	13	51	68	68	61	57	87	83	87	61	63	
79	78	95	97	68	76	3	39	86	63	94	87	100	81	11	34	42	55	48	31	
69	26	2	51	53	53	12	70	46	23	73	26	36	94	64	41	42	70	58	57	
39	68	91	31	68	43	17	44	33	44	50	20	98	62	60	93	30	76	76	24	
84	28	13	24	39	98	47	80	36	93	88	100	34	59	22	8	78	39	88	7	
92	24	3	82	58	33	41	98	64	71	81	45	70	68	88	65	31	30	80	27	
75	82	55	87	75	99	73	29	48	5	52	12	6	62	25	83	4	55	39	20	
31	50	10	21	91	93	50	42	45	91	67	70	62	15	19	6	8	29	86	72	
60	29	18	30	41	11	30	5	85	72	93	57	58	16	65	63	3	29	8	86	
76	77	36	41	100	81	83	50	67	68	27	43	65	11	97	81	82	26	67	29	
91	21	36	20	90	65	48	37	14	94	2	14	29	43	34	67	28	4	47	13	
45	53	10	47	56	19	85	1	8	76	8	51	24	52	86	34	46	3	84	4	
76	6	46	12	88	54	99	30	47	64	52	5	21	3	40	32	51	73	83	63	
33	36	73	35	51	46	15	53	15	83	93	55	42	47	95	50	33	1	10	80	
10	94	21	86	96	39	73	98	95	21	91	18	46	39	10	17	52	15	6	27	
33	35	75	17	42	24	62	27	59	8	34	74	46	68	47	50	10	17	25	40	
73	63	87	74	70	53	11	8	71	8	51	71	52	39	30	1	66	32	17	56	
79	25	36	27	45	63	89	55	26	12	64	80	96	56	26	84	54	65	80	9	
64	59	26	42	95	54	42	36	89	29	99	83	16	29	88	61	49	68	55	88	
49	36	90	52	40	50	85	55	50	47	33	52	31	33	57	7	99	97	11	6	
91	98	89	46	11	79	55	30	73	97	38	62	63	86	67	76	9	42	10	47	
58	20	61	72	65	63	61	30	91	60	29	7	16	15	98	49	40	80	99	7	
93	79	97	24	39	94	19	86	15	36	77	12	77	60	78	99	20	87	96	3	
48	81	67	2	81	31	43	42	2	99	93	80	97	39	40	86	26	31	37	28	
15	13	92	43	99	34	6	75	58	79	65	31	14	79	51	84	84	40	55	39	
90	90	44	56	42	35	44	8	63	42	67	31	59	27	62	11	82	63	18	5	
58	69	33	21	21	56	7	1	35	5	82	31	56	57	62	97	6	73	97	10	
60	70	27	95	33	11	8	100	96	26	75	16	57	27	59	29	76	72	32	21	
9	86	49	43	64	57	42	85	31	7	50	97	63	63	30	4	16	94	88	99	
6	56	43	62	93	19	27	4	71	20	99	80	78	67	80	69	45	14	7	37	
40	11	15	89	76	71	76	97	56	30	70	15	47	96	71	33	51	27	10	32	
36	28	22	1	30	44	89	35	39	27	11	56	33	4	56	32	48	15	53	64	
17	57	61	24	48	59	59	62	96	97	60	52	65	31	10	17	1	53	54	21	
88	48	32	12	42	37	86	68	19	22	61	63	28	45	89	22	77	80	14	81	
99	59	87	97	3	81	99	44	44	2	19	69	54	6	95	67	80	80	53	68	
9	10	28	2	11	32	50	22	25	64	66	30	28	60	42	64	97	59	48	66	
73	11	11	93	57	41	33	34	13	28	28	36	29	39	18	43	4	64	85	51	
65	62	54	20	11	20	54	22	100	89	71	26	38	4	26	60	83	24	68	29	
43	52	47	28	52	30	27	72	82	43	90	77	45	63	33	24	68	14	25	87	
96	38	35	66	66	89	28	99	94	24	41	51	81	70	39	81	30	30	62	39	
1	100	100	73	56	50	13	14	16	64	54	73	84	79	51	96	97	59	75	60	
34	24	8	22	95	25	59	66	18	52	21	66	53	30	59	70	43	28	36	38	
49	69	42	34	73	51	21	81	83	80	32	57	29	45	80	24	69	5	15	52	
81	68	86	81	38	39	68	24	26	21	71	4	81	77	36	77	39	51	75	28	
21	37	97	25	13	34	39	70	7	98	60	86	18	17	47	6	93	50	46	63	
28	16	71	71	15	64	17	6	45	50	27	43	61	34	1	37	26	88	88	32	
6	75	89	91	74	75	10	83	8	83	5	92	6	13	54	72	39	49	52	34	
68	89	63	20	49	40	49	44	77	6	34	61	32	10	95	78	61	31	96	53	
77	1	62	38	43	10	61	63	81	2	57	88	56	75	96	64	32	37	16	94	
26	65	51	66	15	82	61	76	14	33	89	60	39	2	17	1	85	60	71	40	
93	66	69	40	64	41	6	50	6	26	70	95	33	96	25	95	38	11	51	71	
19	28	5	24	74	49	28	41	42	57	46	90	8	45	79	98	33	34	1	56	
83	84	100	64	21	12	41	84	93	73	58	26	5	89	60	88	58	46	1	71	
98	41	85	62	65	67	32	7	70	19	4	24	95	61	22	100	23	85	84	33	
100	100	42	45	31	79	69	73	44	89	68	98	66	47	16	16	99	72	19	98	
33	64	73	15	59	42	82	47	71	45	88	9	80	16	9	73	83	39	58	11	
54	26	80	47	10	48	82	96	72	9	4	35	36	92	83	93	81	12	67	97	
32	75	58	17	27	57	57	49	90	80	18	38	34	29	61	48	58	51	20	22	
47	8	92	27	15	23	93	22	43	53	18	19	43	1	33	13	11	12	10	85	
87	3	44	69	79	94	88	63	85	69	3	73	61	34	14	85	51	10	45	73	
4	23	85	28	15	48	71	1	19	59	35	94	75	99	86	86	61	33	68	15	
100	93	89	78	48	47	75	85	16	81	77	91	80	9	23	33	17	3	75	41	
15	91	36	59	78	41	50	83	92	54	22	53	26	60	3	45	98	79	58	83	
14	27	66	52	72	46	29	32	21	78	92	92	11	96	70	44	59	72	25	97	
81	85	61	23	4	58	97	50	30	58	91	40	100	41	4	52	38	36	74	71	
3	79	8	19	36	7	80	85	71	57	19	7	22	74	45	44	38	74	99	76	
32	65	23	31	55	46	84	23	72	21	63	9	42	67	5	2	24	2	59	39	
74	88	4	83	37	6	63	53	96	36	73	44	88	94	13	88	14	95	83	80	
44	47	15	55	3	56	77	60	9	10	78	52	83	76	88	31	93	11	34	83	
85	97	7	10	58	14	26	68	74	27	52	64	28	97	94	91	17	86	50	63	
21	43	97	55	35	61	83	36	22	30	10	15	2	65	48	38	94	10	33	86	
99	31	42	91	91	3	33	83	9	56	57	45	6	6	89	89	38	32	49	78	
16	47	44	24	74	7	10	100	13	84	99	58	41	94	61	57	33	84	87	75	
7	75	30	63	36	89	93	100	31	73	97	80	35	19	24	95	22	31	72	7	
57	46	82	32	27	57	80	5	35	26	93	65	58	59	81	41	41	62	38	47	
39	79	57	60	31	48	73	59	2	26	25	44	8	2	5	89	54	19	17	88	
43	48	66	71	23	27	18	34	50	15	90	62	82	91	55	100	77	43	83	48	
41	60	34	19	45	34	25	28	93	85	26	58	27	50	82	28	34	19	33	16	
84	82	72	62	63	36	13	5	80	21	71	30	44	64	3	36	44	24	12	77	
17	67	89	35	22	88	10	17	22	44	85	9	6	41	54	70	47	74	49	58	
84	28	76	57	79	23	77	47	82	90	58	36	22	80	12	3	40	62	25	80	
8	65	56	94	92	2	72	70	89	75	52	53	21	94	14	50	41	92	54	79	
81	94	18	90	75	92	12	1	65	52	80	87	16	7	40	30	2	79	66	10	
59	68	18	48	39	69	2	28	71	12	26	33	47	58	32	10	77	16	69	86	
69	10	50	98	62	90	75	27	4	34	42	35	22	8	47	40	78	7	99	40	
13	62	83	13	67	29	49	25	68	12	7	74	73	48	83	47	89	57	83	91	
78	78	49	24	9	93	47	97	39	34	50	53	94	23	80	22	85	74	68	33	
60	59	66	21	47	82	80	100	97	69	29	79	97	26	45	49	54	39	22	22	
81	60	86	11	3	6	41	2	41	51	26	64	84	29	13	34	93	76	81	36	
76	85	17	67	99	8	73	99	2	95	99	33	75	23	67	74	28	96	69	15	
39	79	10	17	36	40	82	55	2	90	72	72	52	69	15	79	94	43	14	25	
5	20	36	48	31	77	10	26	40	73	82	90	83	49	20	21	94	29	28	38	
78	24	19	78	17	39	71	78	49	75	59	35	22	79	83	68	81	81	18	48	
96	36	62	63	86	11	61	75	96	59	22	99	9	18	42	12	68	16	97	77	
8	4	12	25	66	88	66	45	83	90	24	75	44	13	86	9	95	44	4	71	
30	79	65	8	96	13	80	9	13	43	49	100	48	81	62	12	56	82	71	42	
86	90	79	16	67	17	14	94	42	48	65	89	30	44	66	87	25	87	17	78	
92	53	74	71	71	24	20	39	57	89	63	60	71	16	12	49	14	88	51	56	
19	59	85	30	90	51	23	30	6	73	18	14	32	81	66	97	23	68	47	86	
89	66	39	75	85	8	14	92	57	89	86	48	18	25	24	8	46	75	5	67	
54	68	38	65	58	45	63	39	51	89	30	69	56	45	73	43	20	65	57	36	
19	76	34	81	47	66	16	50	99	94	20	78	13	74	93	63	14	77	79	13	
95	39	6	29	5	85	54	40	20	77	2	66	5	43	22	17	11	38	36	41	
25	68	12	37	63	28	100	61	19	62	100	91	59	74	89	49	64	55	53	1	
97	59	4	33	42	7	66	50	72	89	69	31	80	74	29	82	100	55	34	82	
90	67	99	25	23	98	90	42	47	94	40	40	72	51	39	65	12	2	93	57	
80	55	5	31	23	23	66	22	29	77	8	22	62	1	88	22	83	75	82	46	
28	23	26	90	51	49	72	2	61	48	21	86	10	68	72	33	99	40	41	73	
65	44	97	21	61	56	91	8	24	29	72	83	56	33	2	54	20	69	86	81	
37	69	4	100	2	84	100	22	36	33	88	23	75	78	10	40	4	63	24	48	
85	73	5	1	78	5	18	27	38	59	58	21	69	7	60	17	85	87	92	76	
53	77	33	87	85	69	50	42	10	54	67	17	41	69	91	2	47	30	100	92	
61	3	47	54	57	73	55	99	45	9	37	6	79	61	90	78	30	19	69	40	
37	79	75	30	46	82	53	20	55	49	89	34	25	41	78	8	17	49	18	3	
16	19	9	13	89	40	44	28	63	86	8	56	78	15	6	82	80	12	92	86	
25	97	6	65	90	69	42	28	88	7	73	12	77	39	60	75	41	18	92	77	
58	44	26	80	40	60	38	74	49	39	87	28	2	63	53	77	57	84	83	45	
23	68	28	88	35	22	77	11	32	97	76	49	29	23	44	95	69	46	77	58	
58	48	51	75	42	59	7	9	92	100	10	59	21	47	7	61	73	13	52	29	
77	66	37	3	39	18	93	70	14	76	29	98	36	25	39	34	48	92	12	42	
25	86	86	87	79	89	30	72	8	62	62	54	66	84	94	84	11	37	93	31	
50	19	75	89	66	55	83	81	21	22	32	92	3	66	56	96	25	10	28	61	
53	26	98	12	32	28	41	24	11	67	41	96	15	54	63	48	24	31	4	16	
81	2	26	47	62	60	47	94	90	9	19	24	57	82	80	33	82	17	45	11	
55	74	56	9	74	14	85	95	90	59	45	32	11	92	32	55	23	33	35	61	
51	98	1	92	58	12	5	93	25	9	86	4	41	21	71	24	2	90	89	86	
44	5	75	60	100	87	64	43	84	15	73	30	12	11	84	82	70	54	20	50	
93	72	47	60	23	12	5	39	64	47	27	9	51	47	17	12	72	4	28	40	
51	15	64	60	9	89	62	94	20	38	54	70	86	31	25	23	87	83	26	33	
4	81	27	91	69	43	99	17	70	26	38	42	11	86	89	67	53	50	80	48	
44	74	54	61	63	81	69	49	39	38	71	67	53	87	1	81	52	51	82	82	
51	62	67	69	83	98	39	36	100	54	6	35	3	72	93	93	17	31	77	66	
86	88	87	47	48	89	84	15	83	13	1	19	6	63	92	8	85	1	54	2	
96	40	36	57	19	30	21	56	87	29	50	13	68	59	35	39	93	64	10	45	
86	91	37	40	9	10	3	80	61	17	71	49	15	5	50	72	50	94	1	29	
54	78	92	11	54	66	58	59	47	28	17	62	81	63	57	62	86	46	53	5	
69	24	5	93	69	52	4	44	3	30	26	40	90	26	59	16	26	77	76	45	
27	64	74	3	65	32	85	76	5	84	22	51	47	100	17	67	100	14	42	83	
6	85	23	6	58	30	67	48	38	53	38	71	93	32	70	12	76	33	38	94	
63	71	49	54	81	11	54	2	50	87	4	43	71	94	97	34	95	34	84	62	
40	56	43	100	20	54	39	61	52	4	83	5	56	12	88	97	49	39	65	58	
71	78	93	70	42	79	2	68	93	85	49	39	98	91	32	49	81	71	70	86	
60	24	73	80	68	6	94	13	70	10	56	48	57	39	27	86	19	55	9	69	
43	8	16	23	83	70	36	20	4	1	98	86	64	33	59	31	46	90	14	62	
24	95	66	63	6	47	76	3	39	66	87	39	98	70	15	66	36	13	4	87	
84	52	29	90	84	91	5	50	35	8	62	16	88	58	76	83	22	5	21	7	
41	28	11	24	34	100	60	32	59	60	34	37	34	35	42	22	24	77	16	82	
6	63	20	67	28	42	100	8	39	79	70	8	97	60	46	96	42	53	57	12	
42	72	93	87	82	95	73	50	57	97	31	54	28	63	1	14	22	49	42	15	
75	70	15	83	59	80	79	49	19	26	59	31	11	99	66	36	7	32	49	21	
1	50	51	34	57	9	25	2	33	54	45	11	22	92	32	32	43	3	86	9	
69	70	82	81	56	42	64	52	74	28	68	93	94	12	39	35	1	45	52	47	
5	53	25	8	69	81	25	63	13	85	20	63	71	98	14	42	80	70	64	47	
99	50	56	84	79	19	24	64	7	66	94	8	66	18	7	66	96	44	78	99	
10	82	4	96	70	2	27	70	39	77	40	34	33	76	62	90	40	3	64	45	
79	13	67	11	16	68	22	94	55	22	67	70	28	14	43	15	2	5	89	40	
98	60	47	64	5	46	30	13	65	4	42	62	19	85	39	50	47	1	10	59	
33	6	19	14	33	17	84	88	10	27	27	45	63	36	74	5	90	21	56	31	
43	14	11	8	73	3	53	50	16	52	68	78	35	1	16	19	32	55	47	43	
55	81	3	45	56	15	16	57	97	33	16	30	100	9	58	6	90	14	3	15	
98	41	64	53	72	66	76	31	89	13	9	100	88	87	64	92	96	67	62	89	
66	93	6	84	2	14	80	48	65	59	79	8	28	16	84	78	94	10	9	88	
37	45	9	28	99	64	17	29	31	58	51	20	97	65	26	57	76	39	91	94	
87	53	83	10	57	81	23	64	90	80	85	39	22	56	44	82	61	96	99	29	
73	14	35	91	29	38	76	31	18	65	58	41	96	81	41	30	98	16	22	76	
43	81	81	16	78	2	1	23	97	20	47	20	82	14	27	4	7	88	63	8	
32	4	90	100	59	50	38	93	20	34	71	69	75	52	37	55	60	55	72	57	
1	88	59	74	62	9	50	61	98	26	13	77	14	44	30	7	41	49	78	98	
92	25	74	59	23	22	85	87	91	40	6	66	26	47	72	94	98	61	4	81	
99	25	88	42	97	70	79	27	86	26	85	44	28	98	73	62	50	15	61	34	
62	51	46	46	88	58	86	78	5	72	58	57	82	64	18	55	64	32	92	91	
65	32	35	66	82	5	54	50	21	46	9	14	62	73	1	99	14	68	29	56	
19	76	52	79	35	68	73	79	2	35	45	39	19	7	84	57	69	98	21	88	
32	19	36	84	16	91	54	87	32	74	40	73	56	68	69	21	5	16	14	43	
33	64	31	84	68	96	40	100	85	98	93	87	99	87	12	99	21	51	6	61	
40	51	89	92	8	56	17	95	21	41	85	31	1	93	13	40	23	15	11	9	
58	71	58	80	41	2	55	53	7	11	99	34	60	4	3	31	99	36	40	79	
18	42	74	7	92	36	72	17	65	87	92	58	5	78	73	18	87	3	27	32	
84	97	40	68	97	44	37	40	94	47	31	11	1	100	65	43	59	7	11	79	
14	29	61	65	60	32	13	97	68	3	54	69	91	34	86	49	2	40	69	40	
11	15	26	30	58	99	69	2	67	40	82	68	77	8	76	99	5	67	99	1	
85	61	13	87	20	59	92	84	16	52	61	67	32	91	96	93	100	94	96	49	
11	29	6	54	39	53	54	11	39	36	42	54	14	49	100	8	80	83	23	26	
99	11	98	28	12	7	33	26	20	97	33	68	91	96	34	32	60	35	55	24	
26	4	27	29	30	21	43	90	5	85	57	86	3	57	12	53	7	23	70	67	
74	65	43	87	51	55	11	47	47	47	67	53	6	21	80	37	86	98	10	98	
53	91	37	60	23	27	27	68	42	75	46	92	9	30	63	73	23	100	92	93	
73	60	78	31	24	97	48	19	82	91	73	88	19	87	80	48	87	77	75	54	
75	39	21	7	38	51	58	79	27	26	89	100	33	75	48	70	54	98	24	94	
9	6	48	68	15	47	5	39	49	18	40	35	36	23	12	18	69	8	78	29	
28	40	99	76	56	95	93	73	26	58	90	38	100	99	50	93	85	42	13	36	
35	91	42	54	92	35	98	76	97	62	40	75	64	96	81	71	82	57	85	82	
23	4	54	83	3	83	21	28	73	44	87	99	13	51	68	24	91	31	88	70	
71	9	92	57	69	21	88	47	3	76	19	31	37	35	35	77	13	5	23	37	
79	40	39	20	73	34	64	9	77	88	57	90	35	96	10	98	70	67	91	35	
94	45	45	29	100	81	77	37	7	90	62	92	28	24	34	36	9	46	20	41	
98	52	49	42	20	92	82	35	63	1	98	80	60	100	49	55	68	21	33	58	
29	6	64	25	55	3	55	94	77	12	54	72	70	64	49	85	27	52	59	28	
93	77	34	24	8	48	65	71	82	6	38	45	38	84	38	83	24	69	98	30	
55	75	64	93	94	72	17	52	4	13	59	29	98	42	50	89	91	53	91	63	
77	10	4	24	59	28	100	71	63	10	12	1	17	45	3	53	21	45	31	14	
10	10	89	13	96	64	3	98	89	32	68	88	32	84	92	25	43	67	66	73	
16	70	13	46	75	86	35	96	70	41	81	19	38	24	48	22	6	71	48	24	
94	69	88	50	9	84	29	79	72	97	68	85	67	93	88	41	75	67	16	38	
15	41	27	27	11	75	29	74	95	79	82	54	85	75	27	45	75	6	80	95	
84	69	94	30	93	83	81	67	51	43	94	59	92	50	20	71	39	66	81	22	
22	56	71	68	79	87	49	16	23	38	20	48	35	64	28	65	32	84	36	18	
63	7	1	58	43	46	56	50	100	85	70	53	4	66	94	82	91	36	9	84	
79	24	74	62	2	21	89	22	22	84	30	76	16	67	1	100	33	83	32	64	
86	73	61	13	70	45	60	13	30	79	85	1	53	47	41	89	41	45	19	73	
58	83	43	73	66	46	77	85	3	87	75	85	30	73	42	80	49	65	48	92	
72	39	8	59	71	77	89	22	44	63	48	34	40	41	70	75	29	52	99	56	
80	27	33	6	72	62	73	27	96	66	79	79	48	45	65	38	7	18	95	84	
78	72	70	60	9	86	7	4	92	82	97	83	88	48	87	70	80	60	21	57	
38	5	95	47	11	64	70	45	100	44	94	79	96	87	59	8	35	2	30	75	
56	36	77	88	27	49	77	2	49	14	28	92	81	88	23	22	33	53	29	9	
10	76	78	75	81	13	28	42	56	30	4	25	25	65	17	28	25	33	50	56	
16	81	49	42	9	36	4	14	9	12	47	54	22	94	4	53	74	26	85	82	
55	40	41	100	10	34	18	99	67	78	10	6	92	12	47	16	60	93	61	79	
60	7	16	75	22	42	44	28	27	41	30	15	87	85	60	58	56	74	4	24	
71	82	57	75	54	100	96	14	7	100	55	79	42	9	4	66	40	64	65	44	
48	74	51	50	7	9	37	98	10	85	31	73	11	55	24	36	26	68	26	60	
91	71	13	32	82	76	11	65	7	48	27	46	8	34	16	67	80	37	77	21	
73	37	83	8	42	56	87	63	100	81	10	77	67	31	27	9	49	8	41	29	
67	87	18	57	100	84	52	82	59	75	27	74	49	19	88	70	40	93	36	3	
11	42	56	47	59	13	26	3	87	74	38	18	76	39	75	53	59	18	81	95	
85	97	83	53	58	90	9	90	29	13	90	93	35	12	16	52	75	59	21	57	
71	70	25	55	38	85	66	86	26	89	25	5	100	85	66	22	19	24	20	86	
69	2	22	54	2	74	50	12	75	79	21	79	62	23	28	2	38	9	14	93	
93	39	54	53	62	52	47	58	88	5	47	80	97	87	22	23	86	53	82	9	
60	27	25	41	48	26	89	97	98	84	51	21	63	56	18	47	74	31	99	80	
63	30	88	69	64	76	10	71	100	40	44	41	96	21	37	80	92	6	6	33	
56	80	45	26	65	35	26	51	52	76	41	12	34	86	65	53	34	29	16	55	
75	84	39	77	37	31	54	22	35	92	89	73	91	79	57	1	75	77	86	52	
9	1	6	3	74	10	95	11	27	38	43	46	40	13	53	85	2	19	67	70	
89	95	67	67	79	19	31	9	84	29	62	64	91	77	21	95	18	66	42	1	
67	11	20	55	83	34	76	61	23	95	53	13	85	56	28	13	16	22	10	54	
97	68	2	89	24	99	78	71	67	93	86	89	42	4	1	45	71	27	86	80	
92	29	71	41	16	94	44	100	31	30	82	16	94	81	90	16	39	85	38	60	
41	83	35	76	96	49	6	49	5	49	85	12	62	4	49	81	85	74	91	64	
50	9	52	68	50	77	14	40	100	82	80	48	59	78	41	77	94	54	90	17	
13	84	90	39	83	55	76	1	50	83	9	25	99	57	3	45	10	3	49	63	
31	49	76	89	70	47	12	66	27	23	81	4	46	51	85	37	5	96	87	33	
60	70	89	14	81	44	19	7	10	48	29	51	92	60	55	74	58	76	36	69	
79	68	32	31	65	31	34	40	35	14	39	38	62	38	65	60	60	45	61	63	
77	36	56	45	87	78	96	96	34	93	40	63	30	77	26	100	10	75	89	34	
13	65	55	31	82	12	19	59	40	59	40	64	48	14	12	73	33	99	20	29	
75	57	22	52	92	31	79	5	32	88	22	96	79	28	99	25	25	4	21	87	
53	72	57	30	87	38	67	2	25	14	98	100	45	29	4	8	53	72	72	93	
52	1	49	22	17	85	96	23	62	93	89	11	76	99	87	37	21	89	26	2	
79	49	23	65	91	8	63	18	78	33	36	77	70	15	65	28	52	75	17	8	
19	27	12	97	7	31	18	34	59	91	25	99	99	11	78	53	54	51	55	43	
54	50	20	64	13	29	100	66	46	38	3	67	21	20	95	99	8	58	3	24	
93	23	64	93	17	76	83	91	34	57	32	15	41	52	99	46	30	48	56	43	
65	46	73	1	39	17	52	57	6	39	98	31	26	61	99	62	97	72	87	99	
66	79	14	26	35	69	42	47	32	71	31	16	52	63	8	40	63	28	76	33	
69	50	25	67	91	31	14	73	60	7	77	77	71	9	73	19	60	82	44	28	
73	3	23	85	55	81	59	83	2	57	62	81	41	91	31	49	40	30	49	37	
92	49	98	14	5	90	49	8	100	92	73	56	62	12	13	13	22	100	62	47	
71	99	64	87	91	66	37	64	12	20	63	79	15	90	81	21	75	90	82	19	
32	45	42	75	98	37	37	2	34	40	6	26	23	67	25	69	85	51	69	69	
96	81	2	43	72	18	38	94	14	74	87	25	22	87	42	97	11	18	79	66	
29	77	34	86	46	40	68	99	13	66	70	54	3	88	48	48	99	69	2	18	
30	14	38	9	64	32	85	47	78	12	71	58	57	71	10	10	87	63	67	55	
90	27	21	41	98	2	82	56	61	100	44	76	94	57	85	1	21	58	32	60	
67	79	85	10	13	71	71	55	47	79	48	19	60	26	25	89	81	83	21	33	
100	21	41	8	67	47	54	7	81	91	67	9	17	2	49	77	5	11	32	36	
62	93	40	72	79	79	87	87	68	57	63	48	74	57	8	38	16	25	59	12	
100	57	96	60	81	42	14	68	61	24	82	25	39	25	64	30	8	34	54	50	
2	71	77	4	1	88	37	27	58	51	93	68	55	63	25	27	50	22	26	96	
73	14	92	10	87	2	46	73	13	87	42	58	84	51	27	31	75	87	5	62	
53	12	68	62	52	96	82	97	13	22	11	94	62	26	59	20	58	32	87	28	
92	74	52	51	45	25	1	11	19	4	75	15	73	77	40	20	85	70	18	43	
34	100	6	53	31	38	98	25	19	12	67	72	11	19	47	53	50	82	34	29	
90	100	32	43	13	9	93	80	81	80	25	83	40	21	68	95	59	3	37	88	
43	85	22	17	4	51	72	69	67	18	20	45	14	12	95	49	42	21	87	63	
40	89	76	52	32	100	11	42	84	98	65	90	38	13	83	43	95	28	94	98	
87	88	22	46	97	86	37	37	87	80	33	60	70	95	58	27	70	99	28	60	
37	85	5	29	27	49	36	66	70	39	81	77	7	80	23	74	45	87	17	83	
45	59	89	73	28	17	4	81	10	10	55	17	55	26	70	64	75	51	79	25	
34	49	54	41	7	8	85	19	20	64	99	44	60	42	46	96	76	19	65	23	
79	78	95	47	92	63	75	51	78	67	14	25	20	84	8	50	7	21	82	94	
1	51	32	43	48	19	71	30	12	5	17	64	1	86	50	68	38	94	44	19	
35	60	75	10	63	9	88	8	86	21	99	47	84	30	31	24	92	97	93	87	
39	83	21	25	54	43	63	41	96	25	22	31	79	31	7	56	43	85	21	24	
56	16	56	25	90	19	64	47	56	86	52	50	97	17	60	37	84	73	57	10	
25	6	8	3	54	67	67	18	48	70	83	24	59	21	41	77	93	28	72	13	
46	2	41	45	90	55	31	55	52	63	54	75	92	3	31	87	47	73	69	26	
86	14	99	70	33	49	34	87	87	80	70	89	44	10	94	74	22	81	21	30	
77	17	12	67	62	98	30	76	55	48	26	6	85	95	24	50	70	83	71	67	
51	18	83	12	47	22	35	90	82	31	79	95	20	12	21	52	84	26	65	17	
25	49	22	14	30	23	43	91	12	20	60	85	5	68	26	64	74	33	82	40	
80	65	23	52	73	12	51	60	43	42	41	46	67	71	68	16	96	68	11	61	
1	20	84	76	21	29	56	75	82	16	78	66	86	39	48	84	71	76	59	35	
9	84	77	40	34	99	18	82	14	44	60	60	93	74	61	2	67	28	16	24	
47	14	7	46	27	69	67	52	71	45	61	91	76	87	22	30	5	9	87	22	
86	54	7	68	78	58	25	21	71	55	74	76	92	76	72	69	83	55	50	26	
41	98	85	18	99	71	59	72	42	76	46	53	36	61	60	42	38	25	34	53	
98	9	31	2	54	89	71	35	30	13	97	68	40	8	31	74	22	27	80	10	
78	64	29	42	34	15	77	37	41	86	50	36	7	70	66	22	89	78	26	88	
45	91	15	13	85	2	74	21	82	17	34	81	33	58	94	4	1	95	52	66	
61	6	62	56	74	42	83	28	48	74	94	91	54	58	68	26	11	73	36	87	
85	72	36	36	38	14	10	62	58	65	69	7	24	53	74	50	91	61	79	41	
16	6	24	9	95	72	93	62	48	64	63	82	53	4	19	91	5	67	45	17	
100	48	35	10	46	30	66	74	86	79	42	27	69	85	2	2	23	22	81	73	
86	28	5	28	57	89	98	43	4	5	79	29	35	10	62	50	88	26	14	72	
3	16	55	73	14	24	61	26	66	57	24	7	5	72	60	50	76	75	2	74	
25	53	68	13	83	62	55	64	62	60	94	43	71	32	62	60	92	82	36	80	
48	71	35	73	34	29	69	92	1	94	34	18	49	19	88	31	52	20	89	15	
40	77	98	100	84	23	39	38	86	72	25	74	45	89	18	14	1	15	77	77	
17	26	18	3	79	34	75	65	10	88	64	23	61	36	65	95	100	85	39	54	
86	10	39	90	10	12	79	34	86	57	30	51	69	83	35	27	40	43	92	92	
42	46	49	8	30	74	45	28	18	46	74	44	38	19	18	13	38	50	37	50	
4	59	13	56	62	41	16	92	16	61	1	4	3	66	80	79	62	34	16	19	
74	22	35	13	22	63	85	54	48	65	49	32	56	42	13	13	46	32	89	74	
2	21	48	12	57	68	11	67	47	73	91	23	9	41	38	80	27	23	62	91	
50	19	13	22	33	74	60	26	87	1	55	71	83	22	27	66	12	76	40	52	
18	14	75	45	49	99	83	69	61	55	31	58	79	70	84	52	9	10	65	18	
16	10	33	9	39	41	80	36	32	46	51	54	58	42	98	65	28	60	56	56	
84	70	89	96	28	13	99	20	33	34	68	31	6	56	84	83	74	50	88	19	
5	46	51	42	41	44	33	95	52	5	2	26	47	1	76	65	23	87	85	88	
60	68	92	79	11	51	51	81	15	4	55	70	40	76	72	23	52	85	56	50	
67	88	19	66	15	63	76	96	14	22	63	27	76	65	62	19	48	52	31	60	
94	83	73	87	7	16	19	41	34	37	51	28	76	62	34	32	59	25	93	14	
19	89	80	22	10	76	67	90	6	49	99	3	1	100	30	28	20	27	27	73	
17	83	61	3	76	76	20	53	12	18	11	20	56	63	64	96	61	62	93	58	
92	75	43	30	50	11	2	94	54	27	17	10	86	39	44	71	33	48	56	51	
86	7	14	7	96	74	80	85	30	18	1	65	6	3	28	29	37	99	49	29	
13	21	12	96	16	42	51	50	17	51	50	100	93	39	54	14	96	9	67	77	
93	81	79	16	20	15	13	61	68	56	63	28	22	10	48	63	45	100	17	2	
62	34	23	56	48	67	70	16	14	36	82	8	66	34	79	3	50	76	31	57	
100	91	59	1	67	44	58	8	26	68	99	61	90	79	54	18	60	46	16	64	
47	51	8	71	8	67	29	53	17	71	89	61	20	88	47	98	90	4	77	74	
70	35	34	37	16	80	40	21	48	97	22	11	44	53	1	29	39	28	97	47	
31	30	95	22	90	70	41	16	93	99	50	65	98	32	80	50	68	43	4	8	
73	64	17	9	60	52	66	43	21	18	58	30	66	43	14	91	71	42	18	70	
6	67	32	82	90	59	62	90	39	94	27	56	23	57	66	41	59	87	90	52	
96	28	26	99	73	53	77	68	23	83	98	26	92	45	55	28	65	70	44	39	
35	80	32	79	53	23	75	92	81	50	10	28	28	56	87	9	8	75	85	29	
69	98	33	66	80	62	48	27	32	38	26	46	30	8	27	60	12	84	85	35	
62	93	65	71	71	3	39	31	75	67	73	87	94	90	63	55	100	24	54	91	
31	78	96	87	55	96	21	91	8	89	84	12	87	72	3	33	87	47	40	60	
15	8	1	17	22	80	76	57	54	1	54	25	45	44	26	94	46	2	85	77	
93	17	43	47	70	43	73	79	8	4	23	77	66	85	18	47	48	55	4	71	
24	24	47	84	3	84	51	70	75	12	27	85	62	72	92	82	17	18	15	80	
40	5	52	26	26	96	47	6	65	60	51	43	84	56	86	28	13	23	65	16	
86	13	36	43	63	31	50	47	63	62	15	53	61	19	95	86	74	40	41	5	
56	15	12	99	73	31	62	74	58	16	90	92	79	69	32	4	22	86	48	67	
84	49	51	60	59	41	56	43	2	44	23	16	62	79	41	32	91	80	47	37	
99	40	100	50	31	36	65	98	13	40	28	42	37	24	79	27	24	75	51	27	
2	70	81	27	75	44	36	74	15	66	85	33	92	3	37	93	69	33	93	55	
68	94	4	15	36	47	50	62	10	83	64	3	74	1	52	11	99	75	39	76	
59	35	54	18	88	12	78	59	41	98	8	19	25	47	61	24	90	18	36	79	
21	23	82	54	23	69	19	11	97	60	92	71	77	22	99	73	16	67	39	30	
83	42	29	4	50	24	84	19	36	74	30	52	15	55	71	82	83	10	83	87	
54	34	20	35	55	87	10	1	48	73	24	63	23	1	44	48	19	77	39	85	
85	69	7	4	9	8	17	61	36	52	15	36	69	57	67	88	91	57	74	42	
87	98	73	57	97	79	30	58	53	4	67	22	5	12	7	23	38	73	22	32	
5	35	68	69	67	94	97	94	17	74	44	24	2	93	6	30	54	100	70	15	
88	4	68	29	24	20	75	34	88	39	60	67	82	23	73	14	36	29	62	52	
59	21	99	24	16	23	50	36	92	32	85	34	72	43	33	51	71	47	78	64	
32	49	80	38	99	36	50	71	47	13	25	87	38	62	88	1	14	19	31	92	
73	31	18	75	8	53	96	69	80	39	33	45	70	88	46	72	21	22	52	5	
81	47	68	71	19	77	38	64	36	50	40	98	56	61	53	18	37	47	64	60	
37	26	55	10	89	56	78	82	78	13	14	75	50	6	78	4	32	90	49	91	
42	7	4	9	85	74	59	59	51	13	8	59	93	74	65	41	86	64	72	96	
32	65	96	57	82	91	30	74	51	85	30	44	27	15	56	63	85	75	23	11	
85	78	62	76	59	77	74	96	68	65	8	22	22	70	39	11	24	29	22	80	
99	58	28	38	40	45	89	50	74	90	30	1	20	50	12	17	34	25	74	39	
68	58	21	99	8	69	34	86	36	1	8	27	57	61	35	86	12	58	61	35	
66	72	11	22	99	83	39	20	43	88	58	56	22	31	37	89	22	24	34	61	
52	3	25	79	3	86	36	75	36	14	41	42	23	13	86	93	92	54	63	81	
23	36	89	77	26	29	6	94	32	60	26	88	50	50	53	56	38	37	3	1	
8	91	13	6	43	93	88	18	96	89	96	74	83	44	52	13	95	4	94	83	
71	41	71	16	26	66	60	65	71	91	10	36	16	28	1	76	65	21	85	49	
74	80	34	13	70	39	14	81	14	83	83	87	6	80	36	8	70	4	2	35	
65	42	40	60	43	39	56	12	86	87	63	50	16	6	97	91	44	35	3	72	
78	95	42	96	84	31	77	4	72	16	79	46	52	55	54	74	22	28	40	78	
72	40	68	30	15	56	49	72	9	19	8	90	28	35	72	76	35	20	63	17	
8	81	75	90	12	34	6	78	40	97	92	10	17	37	20	44	6	42	22	28	
81	31	28	91	32	4	95	92	66	1	5	25	40	3	89	91	73	40	68	14	
62	39	43	91	35	100	74	41	99	62	39	46	24	78	68	47	49	94	27	12	
94	95	80	54	2	75	47	4	64	7	6	56	100	36	86	74	16	11	42	31	
99	79	54	76	31	98	67	91	60	19	74	43	49	27	3	48	2	85	11	78	
39	28	71	87	37	92	74	67	23	64	37	24	73	15	57	56	8	34	73	6	
61	22	55	63	33	63	42	33	53	100	23	41	24	56	64	35	14	46	77	42	
24	97	18	67	31	74	78	22	65	50	67	1	72	65	82	90	41	81	50	23	
27	49	33	45	62	57	51	53	67	59	72	26	88	92	89	29	18	5	91	48	
5	10	4	51	76	40	98	73	72	12	6	13	76	87	78	93	41	97	88	27	
75	6	95	73	61	87	83	1	25	4	73	60	12	98	29	44	69	76	1	3	
36	79	59	60	47	91	82	74	73	34	78	71	52	48	10	85	5	21	19	35	
1	74	60	92	7	50	53	8	21	53	17	74	77	60	56	70	49	44	9	72	
99	66	65	77	59	4	57	39	63	41	62	3	46	83	100	21	28	74	52	59	
78	74	31	68	93	85	33	57	10	63	55	95	93	55	53	44	15	63	7	70	
43	89	3	46	27	72	65	82	5	38	71	6	44	88	76	38	78	24	99	1	
45	95	8	71	9	11	59	28	66	40	6	44	29	40	83	23	61	49	14	62	
88	2	5	64	29	66	70	72	14	36	49	52	15	77	23	59	10	92	71	65	
96	72	13	83	93	89	97	38	8	53	97	20	23	42	3	26	19	88	78	9	
27	85	20	68	3	49	74	92	36	12	76	63	22	11	27	44	19	30	89	83	
63	45	73	17	46	98	8	50	50	88	72	63	48	58	83	40	50	82	87	70	
27	74	30	75	68	96	37	47	100	26	32	75	35	68	65	85	99	51	57	2	
28	35	35	76	85	85	98	73	40	68	72	37	63	5	86	80	6	43	68	99	
43	89	33	9	8	31	30	63	91	19	12	62	26	40	1	61	3	29	14	89	
97	80	95	20	17	67	19	47	99	97	74	77	24	87	37	90	93	73	77	93	
23	95	28	72	51	8	25	37	60	22	95	86	100	70	73	97	31	23	65	22	
12	54	28	1	75	60	59	56	15	95	68	9	37	87	18	82	21	50	26	94	
14	20	35	80	38	93	83	58	91	21	65	71	5	97	2	15	92	76	7	65	
38	8	100	100	59	16	20	55	65	39	34	46	15	59	80	85	26	9	27	72	
40	45	47	25	5	58	52	67	59	34	26	16	29	33	13	62	56	60	34	27	
99	82	87	82	37	23	82	3	49	4	69	42	30	74	81	5	21	39	26	28	
41	64	51	94	97	29	15	70	16	52	11	51	54	45	98	46	35	60	8	21	
91	59	35	46	14	10	77	18	69	1	95	84	64	66	70	61	42	45	94	53	
80	81	51	10	83	28	67	2	42	26	10	27	19	24	64	86	82	76	47	32	
96	26	5	5	42	50	92	91	63	5	93	19	18	37	51	24	38	48	58	93	
52	65	69	66	58	31	44	71	75	4	2	51	23	46	42	79	6	73	89	76	
81	88	86	92	20	78	94	6	54	33	83	40	75	65	4	65	28	91	38	45	
10	22	78	44	29	72	24	40	64	71	80	66	71	26	87	4	73	66	37	14	
64	54	86	19	93	2	75	16	21	5	48	15	26	78	96	66	55	25	49	42	
81	28	89	83	63	80	38	46	1	91	19	42	71	27	95	86	32	68	31	8	
32	53	12	70	75	44	87	25	93	49	94	3	79	52	65	70	34	82	73	28	
64	11	48	38	100	25	18	29	35	36	8	19	37	89	51	34	9	72	16	1	
7	58	88	16	8	91	95	100	99	51	49	80	38	84	81	100	59	16	58	15	
99	40	20	35	22	68	98	83	53	75	66	55	92	63	45	44	42	94	99	43	
72	44	71	26	80	61	97	34	12	95	85	33	18	9	65	84	9	36	55	33	
61	15	65	90	37	30	2	94	91	67	18	81	22	64	65	12	4	5	12	11	
46	83	53	47	41	75	99	68	34	93	63	47	35	9	34	14	57	43	62	45	
34	31	23	78	77	60	64	32	52	66	35	40	21	19	92	72	29	67	37	97	
79	8	86	11	98	53	20	36	25	19	39	86	84	71	39	100	28	31	79	71	
35	35	14	44	75	16	32	62	77	71	83	94	34	97	99	23	90	47	48	23	
49	34	88	41	59	65	49	49	28	70	88	93	97	63	76	11	58	57	70	87	
93	8	26	56	87	71	8	11	39	96	64	43	16	71	32	49	33	50	57	32	
16	76	58	94	66	44	9	81	75	75	10	76	41	15	5	54	96	70	60	13	
73	30	7	16	100	98	45	4	8	83	16	5	29	78	85	9	74	77	33	66	
57	1	24	49	77	62	5	12	51	47	34	79	21	14	95	3	98	45	1	20	
58	34	49	97	59	11	68	32	14	42	61	15	89	100	32	37	74	19	21	42	
16	70	96	38	9	5	4	51	5	1	62	86	42	65	53	63	89	80	56	73	
13	75	13	91	19	84	13	58	62	40	53	13	85	26	4	42	99	97	27	16	
15	48	58	70	80	86	87	67	72	85	70	44	42	52	52	15	70	56	53	86	
75	91	10	63	19	48	83	15	98	43	3	67	48	82	14	27	73	91	60	82	
40	25	48	39	47	5	30	6	91	84	71	62	64	46	43	95	9	39	78	92	
82	40	80	47	30	26	30	14	71	10	23	38	57	28	75	24	16	74	67	44	
94	53	26	53	5	35	13	18	97	28	83	51	3	22	59	64	7	1	34	79	
24	17	84	82	50	7	79	32	59	63	25	85	2	3	68	21	34	13	7	86	
100	54	83	86	65	27	59	10	4	14	6	94	51	87	32	67	91	26	64	63	
33	52	61	41	21	33	99	60	68	55	53	22	34	54	18	42	33	21	25	38	
52	58	21	83	84	47	2	35	50	60	50	97	87	9	1	61	16	51	44	99	
61	63	36	70	70	15	87	62	82	86	4	71	92	1	69	9	79	67	78	8	
97	49	17	5	76	2	64	28	29	50	79	50	43	68	55	67	21	90	92	60	
24	29	48	29	28	6	77	61	96	46	93	25	84	71	44	77	60	63	23	19	
40	50	60	52	41	98	87	27	94	67	72	10	59	45	10	41	91	9	20	27	
11	12	31	35	17	35	57	35	91	4	17	12	65	90	19	91	35	96	35	32	
18	53	78	9	23	64	49	94	42	83	43	87	37	88	6	100	62	44	66	92	
61	41	78	17	59	35	52	57	1	68	43	10	9	24	76	56	56	25	94	56	
60	83	99	41	21	76	93	99	95	99	13	63	82	59	51	6	99	28	91	99	
83	5	92	52	31	77	100	93	3	59	92	19	3	10	10	92	71	79	17	12	
30	55	68	90	47	32	91	61	21	94	47	61	50	39	2	22	71	60	39	22	
94	8	92	56	49	40	9	41	35	21	8	64	33	57	76	23	19	1	63	72	
40	64	50	10	84	6	79	56	46	80	13	100	31	59	97	66	82	60	32	56	
21	50	9	46	92	16	53	3	90	2	22	2	29	91	54	91	71	42	13	6	
27	13	82	79	53	4	51	73	39	39	35	17	73	62	9	62	45	38	87	1	
36	84	9	59	72	19	92	32	38	31	72	17	43	45	54	87	96	15	19	21	
100	8	2	47	84	93	11	24	18	79	38	71	65	49	3	32	72	71	1	81	
9	5	39	4	54	41	73	23	44	12	4	51	53	4	84	95	12	75	44	41	
87	92	86	51	85	71	96	20	98	27	83	86	32	12	6	64	56	63	51	4	
10	75	50	6	93	34	51	81	83	28	99	76	85	16	82	22	17	88	45	3	
33	72	99	50	32	88	14	75	96	7	75	14	76	43	26	51	57	14	73	65	
4	52	60	89	92	32	56	88	51	81	69	82	51	74	93	86	11	25	78	51	
42	52	35	85	4	2	23	8	73	62	4	99	7	67	64	57	8	40	67	29	
25	19	80	11	45	48	57	10	27	31	82	19	80	59	45	76	49	11	46	87	
8	12	58	94	57	41	46	19	24	59	2	96	82	25	67	76	54	6	7	10	
99	98	51	52	88	52	91	57	55	75	30	11	35	60	32	31	32	15	83	99	
13	18	46	98	54	46	22	81	24	9	70	14	63	27	89	29	34	85	99	62	
50	88	32	29	33	59	31	74	34	27	94	13	79	84	28	87	25	16	39	96	
12	89	28	93	39	72	90	2	100	41	90	64	66	43	3	100	75	32	57	15	
49	90	16	98	77	65	22	63	24	69	33	19	97	65	11	48	55	30	84	87	
72	26	40	18	20	8	51	96	37	20	86	65	59	92	19	29	24	27	25	82	
33	71	21	41	57	10	61	35	36	93	39	13	23	92	57	82	59	51	61	25	
90	79	64	33	99	62	54	94	43	91	1	7	98	25	69	83	69	39	88	38	
88	10	94	91	92	100	57	34	26	56	12	35	24	4	94	20	94	74	90	26	
67	64	42	99	34	14	25	60	40	89	97	12	65	51	69	45	68	66	36	31	
31	72	17	75	56	11	32	47	74	1	33	36	36	59	91	62	85	56	67	8	
72	47	64	82	66	89	41	71	31	45	66	81	50	53	39	49	13	57	25	49	
57	56	83	92	26	43	90	60	99	46	46	15	26	14	21	64	59	81	49	42	
56	49	83	71	25	44	94	15	53	46	35	16	89	29	15	74	36	53	54	16	
37	28	15	53	97	77	96	82	13	61	54	49	36	11	26	35	89	1	75	39	
49	37	64	69	84	90	77	95	74	24	78	99	97	22	84	91	2	37	69	75	
82	43	59	88	62	15	100	19	55	41	61	88	32	39	26	8	1	53	26	18	
30	22	60	85	81	15	9	96	33	94	20	37	48	21	56	84	4	36	30	88	
18	54	49	18	87	91	59	45	76	20	93	87	74	7	10	50	84	89	12	5	
89	74	5	42	81	45	86	8	40	43	10	33	66	82	74	78	2	57	32	44	
50	85	54	94	63	20	21	2	2	7	12	5	71	96	63	63	51	37	44	36	
74	11	33	52	67	99	48	74	76	87	1	60	29	78	10	24	60	93	85	28	
31	1	22	24	91	30	64	76	49	87	19	96	39	45	15	7	17	71	84	81	
78	34	54	74	15	57	21	76	58	25	18	53	87	11	72	18	52	93	70	4	
20	22	62	57	87	20	8	95	52	28	5	100	76	21	59	90	55	32	69	59	
37	96	72	89	47	77	82	99	11	68	54	92	50	21	9	58	54	69	40	76	
73	88	12	5	41	26	39	11	69	10	4	23	48	47	11	52	85	79	15	80	
72	95	76	80	69	22	97	27	3	48	63	54	38	9	4	47	54	85	72	91	
37	7	82	22	100	82	35	85	67	34	95	20	46	15	12	52	99	72	93	49	
75	47	21	32	21	1	18	2	11	27	1	20	19	34	78	83	17	36	47	42	
32	92	83	48	34	8	54	80	90	63	90	59	41	85	69	71	85	90	88	18	
91	91	21	7	35	1	100	91	98	46	33	5	60	82	34	70	20	57	42	59	
69	6	87	93	51	76	21	3	18	30	57	48	31	58	25	80	34	91	69	57	
4	55	83	47	87	60	100	60	87	95	32	18	96	75	88	15	74	56	47	68	
89	28	38	99	43	8	42	18	59	52	52	57	31	28	71	7	42	70	30	46	
48	65	44	33	44	45	26	2	65	82	100	57	4	88	81	60	66	20	62	3	
54	72	66	71	26	56	75	10	19	84	95	10	55	100	98	12	55	100	97	97	
86	14	81	99	57	73	6	37	77	22	66	89	39	2	30	60	38	72	16	69	
60	19	28	98	3	23	17	86	99	52	83	20	30	39	48	95	11	69	12	84	
64	83	98	65	98	36	96	75	55	99	78	6	32	81	84	89	89	91	91	21	
42	49	46	72	92	82	66	22	70	31	75	32	54	43	70	34	91	57	61	84	
72	10	41	65	23	35	4	71	49	64	30	23	30	63	38	11	85	2	31	75	
2	15	68	50	80	81	37	6	47	65	24	87	62	85	61	56	73	58	66	89	
90	100	99	84	66	26	26	43	25	71	3	8	83	65	14	41	89	90	33	39	
8	24	18	9	65	51	54	77	66	8	37	26	81	38	90	26	63	66	66	80	
72	43	5	99	57	21	61	29	58	77	41	30	76	14	42	13	24	52	76	69	
75	79	91	74	69	48	11	95	43	71	75	8	33	7	31	90	9	31	54	6	
19	71	12	11	42	84	56	95	16	33	58	52	54	73	8	94	43	22	86	93	
4	41	88	37	96	78	32	93	94	35	57	13	84	15	32	81	18	84	41	68	
93	46	98	38	49	12	72	100	51	49	43	58	88	60	33	43	83	17	83	58	
52	13	33	29	28	46	75	10	77	19	12	55	94	94	30	90	27	14	100	30	
41	1	86	54	17	20	83	48	80	55	66	75	19	45	34	50	36	83	62	72	
13	61	42	72	20	81	80	41	52	9	80	64	68	17	59	39	74	62	74	94	
36	30	99	73	11	79	36	16	39	87	5	40	80	2	58	47	2	48	38	71	
73	59	70	100	21	62	9	19	11	56	56	64	58	26	51	16	72	31	80	44	
23	81	96	29	96	10	24	49	9	79	57	76	96	38	32	100	19	55	30	3	
97	15	59	30	35	92	2	40	91	85	70	89	21	2	3	93	15	58	21	1	
93	77	37	24	91	5	14	39	23	1	92	79	90	99	83	5	47	51	80	28	
18	53	24	75	4	2	94	58	32	84	88	87	14	19	74	82	48	83	59	54	
61	19	36	35	8	73	11	68	89	88	49	45	23	63	80	51	58	32	69	21	
100	13	26	16	15	32	88	23	5	90	75	28	33	38	83	74	62	95	3	11	
70	39	17	47	45	12	2	64	96	32	76	98	69	98	14	26	61	45	79	39	
61	13	75	53	26	89	83	1	100	90	92	90	46	39	68	6	16	6	45	66	
13	47	30	57	1	85	80	11	51	9	58	90	96	48	34	29	100	1	93	20	
58	95	33	98	52	40	29	50	97	10	69	69	34	57	81	21	2	8	93	35	
26	45	11	35	99	86	61	52	41	61	41	43	20	100	43	2	1	40	38	34	
90	17	67	58	43	69	51	3	74	77	41	13	98	16	16	3	88	45	83	31	
31	66	11	58	31	15	41	46	12	56	37	15	45	9	86	84	91	84	1	63	
96	18	10	24	35	23	23	78	97	8	12	89	35	95	82	72	81	74	43	27	
95	34	60	61	100	75	51	15	83	37	76	37	20	65	78	15	20	74	18	32	
1	67	53	59	64	17	76	98	92	23	38	64	88	50	17	60	29	40	9	92	
59	77	26	92	87	80	57	55	9	64	2	33	4	14	5	48	55	24	52	80	
99	76	29	73	43	83	45	71	7	62	13	58	27	7	68	70	63	81	66	50	
52	9	67	76	70	81	53	48	100	7	21	98	74	31	65	59	9	42	80	23	
31	43	57	9	10	48	42	25	14	18	89	63	91	22	61	18	71	88	8	31	
74	82	20	67	73	99	69	20	62	10	78	53	19	1	32	73	44	3	44	73	
75	82	71	22	43	35	80	67	72	91	75	73	54	90	74	28	16	7	65	78	
94	92	7	86	20	14	67	55	91	69	97	48	57	68	51	56	23	71	80	19	
23	82	76	63	76	35	81	17	56	29	10	60	80	92	67	17	87	12	92	58	
33	77	11	77	75	38	69	4	12	23	21	29	14	85	62	56	95	24	62	30	
32	84	55	59	85	16	37	80	59	9	87	66	6	44	88	87	94	67	74	10	
42	66	27	3	20	8	98	89	24	38	89	11	4	31	33	98	69	31	35	12	
20	20	51	72	16	46	38	3	91	47	6	43	36	36	89	19	49	8	78	16	
91	64	54	55	72	48	11	81	87	95	35	69	22	16	64	99	56	46	3	40	
51	69	71	85	79	47	25	53	49	79	46	35	43	39	17	67	24	26	21	76	
100	28	55	67	61	83	11	15	61	16	24	48	73	83	44	78	75	100	33	3	
69	30	69	46	13	86	85	91	80	29	16	52	75	71	57	94	26	40	3	60	
73	49	14	61	100	12	58	6	39	10	50	23	15	25	11	95	49	10	80	87	
56	93	40	48	45	24	54	89	72	83	8	99	9	53	91	44	31	44	91	91	
80	59	64	19	57	8	41	100	10	62	72	90	69	10	75	36	98	30	91	33	
34	39	35	95	41	55	56	89	27	3	23	95	18	67	71	36	6	12	30	16	
1	31	67	22	78	84	71	25	49	90	26	26	38	78	19	52	68	31	69	60	
77	77	28	73	44	51	87	33	14	71	46	31	85	16	11	9	3	91	36	54	
24	63	95	11	43	99	57	86	15	50	53	92	2	22	73	78	55	34	16	17	
9	87	38	54	20	86	34	32	80	47	89	27	20	53	12	90	78	66	64	66	
62	76	18	39	40	38	15	61	90	57	50	79	11	2	58	16	48	65	66	62	
49	28	26	44	4	86	64	89	21	35	65	67	56	100	7	75	73	69	80	98	
39	36	49	12	5	13	24	89	65	84	8	41	35	14	56	10	18	15	91	1	
66	58	43	22	2	39	51	28	32	59	32	41	100	58	40	40	70	53	46	10	
60	91	52	39	88	69	54	44	11	23	52	2	23	39	62	1	35	88	60	100	
69	48	5	94	17	3	53	99	5	96	56	9	65	67	70	13	46	53	12	82	
62	95	85	75	26	22	11	18	68	60	64	41	25	72	18	34	11	36	62	48	
72	4	61	48	20	80	93	38	88	66	71	12	60	98	100	66	6	67	37	8	
33	27	48	20	14	95	64	88	38	13	81	92	67	39	17	39	24	69	23	88	
58	76	23	7	65	26	66	97	80	78	44	68	90	31	84	5	6	54	93	53	
90	73	12	63	64	3	17	84	82	55	27	1	92	36	42	90	84	43	36	52	
10	51	37	81	74	27	48	24	47	75	77	40	86	5	24	9	8	51	96	9	
33	93	100	30	58	72	79	6	50	18	96	89	9	74	88	3	14	69	40	57	
83	19	62	45	43	76	73	38	4	94	95	45	54	83	88	27	9	5	35	61	
31	22	31	7	46	15	72	34	1	85	52	39	73	91	11	56	88	90	27	61	
7	22	57	61	5	39	9	32	23	32	8	25	10	40	5	49	76	47	45	43	
60	60	72	59	54	57	61	21	10	85	78	11	28	90	22	68	17	50	92	28	
38	91	65	13	48	52	33	4	67	12	3	88	83	30	84	9	4	62	2	21	
89	14	82	44	81	6	7	78	96	67	13	48	53	11	23	62	61	53	5	52	
71	27	55	80	10	10	75	28	37	35	50	91	21	100	18	63	34	21	31	19	
79	32	96	16	32	61	69	42	24	64	84	100	24	20	37	4	20	72	67	18	
75	98	36	92	25	21	28	2	13	73	31	75	73	97	61	72	28	39	44	67	
10	64	49	61	3	76	52	70	85	57	54	21	72	57	64	54	42	45	78	35	
16	77	22	55	60	43	48	44	39	55	59	89	39	89	78	44	54	45	36	85	
15	37	89	42	83	54	23	39	63	37	58	95	61	65	88	10	65	93	77	39	
71	87	18	90	2	32	61	2	71	13	17	41	20	59	65	32	76	59	48	6	
9	20	34	94	14	45	90	25	95	92	27	54	46	69	30	56	28	1	15	70	
69	94	24	87	65	44	16	53	8	90	63	68	72	83	3	40	46	81	79	43	
47	84	72	33	86	15	82	50	96	55	77	3	80	81	65	9	57	19	7	67	
13	21	25	68	19	98	2	36	97	13	28	88	85	48	74	4	42	35	95	77	
60	79	81	36	16	11	43	46	53	49	78	43	25	86	62	94	71	20	9	47	
56	93	4	8	28	88	71	66	47	16	40	71	97	48	44	34	90	94	82	15	
97	49	52	9	23	11	4	62	72	97	60	77	73	45	15	11	69	73	97	92	
99	45	97	6	34	67	18	25	100	16	15	18	60	56	95	1	22	31	45	85	
82	75	45	38	94	17	14	74	48	95	81	6	47	28	63	66	53	56	42	36	
52	36	65	18	75	26	42	14	29	5	33	62	84	55	31	33	85	97	40	8	
4	61	31	48	44	60	97	21	67	18	82	21	57	17	32	27	90	37	4	57	
17	71	59	57	50	35	62	7	60	5	98	30	42	68	99	30	81	16	88	97	
64	49	57	30	35	17	45	41	72	28	95	58	83	56	19	94	66	23	25	84	
70	73	35	98	14	99	21	83	22	42	43	25	79	22	2	84	2	83	99	73	
6	73	57	53	4	68	22	46	18	30	14	72	84	37	48	6	71	7	61	80	
55	53	91	94	5	16	75	66	42	18	63	14	75	68	39	54	43	51	19	72	
2	21	95	23	24	70	4	34	90	79	7	17	44	97	26	78	1	84	46	46	
36	68	36	21	21	38	14	92	51	16	83	29	84	7	57	52	64	82	27	8	
55	72	22	98	46	70	11	27	100	46	28	62	2	60	3	28	22	99	40	24	
59	41	21	11	14	49	52	52	18	98	42	30	17	85	20	2	76	88	99	29	
26	77	5	19	14	14	2	73	18	14	70	38	20	37	57	16	32	94	37	35	
40	74	56	51	25	15	23	95	45	71	96	14	43	26	73	25	71	17	92	99	
19	80	52	46	55	88	68	43	3	23	6	5	9	19	85	67	54	81	5	11	
55	43	86	68	14	84	48	12	81	59	74	31	18	16	29	99	85	66	53	57	
35	88	3	6	1	55	14	67	37	88	56	7	85	12	68	10	67	59	2	19	
36	83	71	68	66	46	79	90	56	7	73	56	44	60	98	17	77	68	6	94	
78	68	45	2	12	46	34	84	96	29	27	55	57	53	48	2	61	16	1	47	
30	67	43	42	1	3	42	67	87	8	46	68	57	48	4	10	14	77	17	31	
63	87	98	8	2	85	11	13	64	59	98	50	42	90	99	35	11	34	63	76	
45	33	41	10	41	52	97	21	61	29	52	94	13	8	89	54	49	43	83	78	
63	50	4	27	44	57	58	97	42	33	8	43	70	77	36	30	79	81	24	88	
83	90	59	37	69	29	82	53	25	39	57	100	45	51	45	9	92	34	59	74	
25	47	99	10	14	50	2	86	90	75	97	95	34	20	71	25	96	81	27	92	
74	17	36	71	71	14	74	41	91	78	83	9	9	64	22	91	69	94	39	30	
96	45	67	17	17	23	8	72	50	38	26	72	60	85	81	3	12	96	11	27	
24	25	25	91	77	53	42	15	43	99	40	76	2	7	16	63	20	24	32	12	
82	76	16	41	28	67	79	17	85	100	8	99	34	15	81	34	83	26	87	18	
28	7	32	94	55	67	39	65	16	65	90	69	85	52	85	67	76	15	86	80	
50	83	53	100	3	45	44	24	40	46	65	83	17	36	24	19	21	6	51	39	
3	43	7	13	63	69	25	5	46	2	7	84	51	69	50	67	22	33	57	61	
79	26	12	16	93	85	27	76	29	94	93	57	39	23	13	66	7	84	84	60	
81	94	41	82	83	5	75	16	16	44	29	55	66	77	88	83	44	5	33	12	
78	27	97	26	83	83	3	83	74	53	38	52	45	84	81	53	94	47	92	3	
99	15	67	36	70	64	49	57	10	74	31	79	17	41	60	92	3	8	94	41	
12	51	75	49	10	92	14	37	10	12	48	36	48	60	99	47	26	54	87	69	
99	51	60	45	98	62	16	89	43	95	29	7	32	43	91	30	100	75	12	50	
45	44	89	70	8	89	42	8	60	8	45	9	91	72	49	42	33	97	78	77	
83	6	97	49	87	76	1	9	23	3	20	49	44	86	77	78	90	8	88	80	
81	82	25	99	11	97	73	51	89	28	81	58	40	3	65	99	37	26	62	76	
28	45	81	1	54	58	53	44	78	75	87	26	32	22	97	48	82	66	16	55	
78	3	35	86	80	4	49	82	85	55	19	72	22	38	44	94	20	50	97	76	
76	92	17	74	3	3	58	52	59	94	3	11	38	19	23	70	49	87	46	16	
84	36	90	5	21	88	92	45	78	27	30	66	5	49	30	1	55	75	41	98	
40	31	13	14	63	47	80	6	50	70	47	32	29	79	48	18	25	21	57	1	
55	72	6	37	31	12	33	94	7	98	80	32	48	20	31	32	14	84	4	50	
83	71	69	35	50	32	89	96	62	11	68	54	76	14	10	62	60	59	26	89	
44	37	72	28	96	93	44	53	42	42	41	25	48	9	51	23	65	79	73	19	
48	16	8	76	81	12	41	17	74	52	42	94	10	100	93	63	30	98	88	77	
36	100	24	77	1	79	97	79	22	98	32	55	96	74	34	80	29	68	93	33	
51	65	100	30	52	18	58	5	100	96	64	89	76	63	62	4	31	23	12	7	
38	12	46	4	13	79	29	49	37	38	37	64	95	9	29	11	35	32	93	1	
53	29	75	16	17	66	41	34	65	64	87	24	57	43	59	29	98	1	37	43	
49	43	76	88	100	84	79	44	7	85	97	72	5	38	78	71	84	45	38	33	
79	89	87	16	75	91	34	35	57	30	35	79	24	2	32	18	31	53	25	18	
39	90	9	70	52	79	44	32	93	10	33	59	17	72	27	62	47	21	17	38	
86	97	3	12	75	88	83	62	77	94	45	55	16	26	87	31	90	32	53	49	
27	54	33	42	19	96	56	27	74	52	94	86	11	73	63	26	18	37	38	23	
65	46	39	54	50	2	13	47	27	85	34	98	43	56	4	63	5	53	80	17	
95	73	46	66	57	36	25	57	16	88	73	75	62	13	43	55	88	1	24	85	
64	99	43	1	88	45	53	17	75	91	98	99	75	48	86	56	25	89	9	78	
50	93	85	4	90	59	58	95	63	40	81	18	64	80	30	56	100	56	75	63	
6	10	7	89	54	12	68	74	26	52	6	12	16	25	16	79	57	84	28	9	
63	66	42	54	78	57	13	22	89	11	60	48	17	42	89	7	24	42	29	69	
40	77	68	55	5	24	6	55	65	24	99	9	59	56	84	37	80	11	72	19	
87	30	46	9	100	11	24	94	32	29	13	60	91	99	20	51	18	45	9	90	
48	67	78	43	52	61	31	39	42	48	50	84	79	78	86	62	83	21	7	53	
55	22	88	57	31	88	57	49	10	93	68	42	64	33	38	16	70	14	74	15	
74	37	43	32	17	26	80	14	34	84	6	41	4	20	97	94	89	23	67	72	
11	47	31	100	19	46	65	19	96	7	7	62	9	87	68	91	41	19	89	47	
54	32	90	36	44	35	58	40	91	32	39	65	22	32	21	68	8	98	87	48	
27	55	97	44	44	36	52	86	38	37	87	95	25	1	22	84	95	13	38	62	
91	39	33	62	66	27	87	49	83	61	18	52	34	14	59	60	78	30	76	23	
53	75	54	63	45	15	30	76	60	68	24	82	68	80	7	29	37	77	6	41	
88	43	41	94	99	49	51	20	63	19	43	12	65	21	28	19	85	86	55	29	
64	16	38	70	34	83	96	81	56	85	80	6	60	36	93	10	35	52	87	94	
95	89	17	65	56	93	56	38	73	10	13	58	39	46	18	99	65	8	89	55	
94	48	82	25	14	77	88	84	13	42	32	91	22	58	63	24	7	64	77	85	
1	36	78	71	60	69	77	17	41	64	72	74	29	97	40	13	41	76	18	9	
39	92	22	71	37	20	68	59	9	76	29	65	57	30	61	88	72	6	3	88	
55	65	60	30	78	65	62	80	75	14	82	64	70	81	61	89	86	86	80	33	
56	69	46	87	50	53	79	58	87	69	84	67	25	88	2	23	80	4	68	44	
91	23	36	81	62	54	97	27	83	27	96	83	21	98	86	2	62	97	70	64	
96	65	60	60	97	1	17	50	29	93	10	86	10	76	72	93	94	78	58	83	
55	89	88	60	55	32	31	77	91	83	21	66	28	98	99	1	34	92	10	81	
18	96	35	74	42	91	40	47	63	6	88	26	22	67	31	16	35	70	38	59	
80	49	25	48	3	5	93	90	88	98	16	47	82	46	97	59	84	78	49	3	
68	21	91	59	44	85	1	79	61	13	3	89	57	77	1	87	40	70	57	65	
32	89	23	57	58	35	7	59	57	83	25	61	30	52	10	68	58	75	50	41	
84	85	22	74	95	93	50	70	16	84	45	80	52	82	76	77	98	46	88	48	
92	15	11	22	57	10	23	7	26	48	75	63	34	48	79	88	72	7	23	69	
7	87	39	100	70	18	54	58	65	16	65	87	61	99	100	61	24	56	80	57	
30	98	80	84	96	9	58	65	94	85	12	73	16	93	76	33	9	83	90	36	
77	56	58	80	12	73	19	46	24	38	99	34	81	4	84	93	21	82	98	74	
67	49	78	93	48	59	29	11	88	74	95	68	15	3	7	82	34	95	72	77	
73	94	98	93	3	50	3	49	31	3	37	91	97	69	84	85	95	84	100	97	
89	8	97	72	18	68	61	26	81	32	48	55	75	3	2	12	64	32	57	28	
70	5	9	96	79	27	11	29	4	37	34	17	68	43	21	59	12	28	93	73	
47	99	79	23	5	67	75	57	8	70	27	74	4	88	12	24	58	25	38	46	
60	1	91	53	95	33	31	18	53	54	22	32	18	2	71	98	51	23	73	77	
39	80	93	95	51	19	72	81	84	17	13	91	66	57	27	5	4	32	17	39	
87	95	19	78	92	56	95	18	19	18	88	83	58	38	30	92	59	90	18	81	
2	82	21	56	59	44	50	83	69	10	5	93	40	34	28	1	33	16	72	33	
95	12	91	1	8	52	18	80	86	43	18	29	73	20	53	66	95	92	79	97	