1000
30
3	61	35	54	25	99	58	75	19	81	53	28	80	1	19	71	68	70	13	66	7	38	58	66	71	94	39	53	28	62	
24	79	72	65	39	61	100	30	17	33	80	89	19	46	43	99	50	87	96	52	47	42	13	63	43	83	25	57	82	88	
61	20	3	31	35	79	32	42	35	95	16	96	19	28	100	46	75	94	50	79	66	59	61	61	49	85	33	38	14	26	
42	74	5	28	17	20	50	68	67	85	18	2	3	10	16	34	51	80	56	63	63	41	84	90	74	55	67	83	37	86	
32	35	90	85	67	53	10	21	27	34	79	40	32	36	58	45	23	44	65	37	5	28	89	66	33	68	38	85	67	62	
44	45	46	73	14	100	76	11	42	87	89	90	93	29	74	89	9	9	13	32	13	80	75	9	27	94	65	27	18	86	
16	5	20	13	12	97	67	64	7	67	20	78	52	40	84	99	95	76	51	80	80	20	87	33	1	94	15	37	92	42	
5	90	90	61	86	92	6	37	52	16	30	45	74	49	100	81	48	99	60	17	58	100	42	74	16	44	72	33	36	34	
91	57	32	98	63	57	86	10	60	91	26	68	91	8	11	25	98	15	70	64	21	42	32	74	70	3	35	62	92	77	
45	43	100	40	18	49	41	54	67	41	90	25	36	12	46	41	74	19	56	27	53	78	85	32	58	58	36	36	61	54	
44	96	36	58	25	47	71	27	97	64	75	87	77	97	58	44	53	51	20	44	16	34	94	25	37	77	57	8	52	68	
37	56	18	66	19	11	97	33	12	100	22	10	89	73	92	77	77	93	2	18	54	79	45	30	20	81	25	13	55	72	
82	30	84	77	83	60	39	60	76	84	56	41	69	12	32	19	51	23	88	74	1	80	86	7	55	69	19	55	4	83	
89	85	95	24	57	71	66	54	12	39	26	59	84	85	74	55	78	93	14	25	8	4	59	38	45	27	22	37	96	86	
15	32	23	64	66	32	24	44	81	67	26	26	3	42	43	72	36	79	17	22	97	45	20	38	72	27	55	28	95	68	
55	23	54	55	28	57	58	44	94	76	80	87	49	42	8	85	53	23	92	11	91	64	96	30	96	64	52	41	80	86	
80	88	50	16	8	9	46	79	37	59	54	93	21	43	29	90	67	4	7	5	62	63	54	41	64	19	73	70	6	68	
84	28	95	11	51	43	82	62	8	68	82	52	84	93	22	23	94	69	38	40	81	66	69	77	31	50	52	66	22	68	
31	53	94	68	79	15	38	44	52	81	85	22	94	21	13	24	64	98	7	14	56	43	41	30	74	82	6	98	99	18	
32	51	26	39	88	56	16	70	22	89	97	66	7	98	51	37	37	60	30	45	30	30	81	2	85	50	29	96	23	14	
59	47	62	46	93	63	84	5	42	79	7	56	70	34	84	64	63	84	62	99	13	11	65	57	65	77	69	13	93	43	
1	51	36	4	76	94	89	65	64	26	85	93	14	52	39	72	25	83	64	6	46	40	81	33	78	42	45	68	96	23	
35	18	50	55	32	15	39	89	93	52	26	45	62	86	50	74	15	9	7	73	60	82	1	87	17	2	91	87	59	24	
66	20	75	10	45	14	20	43	50	1	43	40	47	24	39	37	95	80	59	65	68	88	66	18	58	25	14	23	57	26	
53	51	52	81	20	78	9	54	89	4	34	34	96	34	63	60	18	94	26	44	23	47	21	81	47	61	93	93	67	91	
60	32	58	78	37	61	7	39	100	49	86	2	62	78	91	90	38	9	74	73	58	69	62	88	41	91	93	27	15	63	
10	39	24	21	90	74	69	13	59	97	16	96	39	5	7	11	29	67	96	7	63	9	36	40	41	75	66	96	9	68	
55	63	81	3	89	4	81	1	29	91	22	87	38	59	8	89	40	24	42	70	13	93	6	92	31	72	7	17	67	50	
80	32	82	22	64	29	7	66	99	4	20	53	61	25	47	62	29	46	37	57	86	70	57	64	61	25	80	69	10	21	
100	46	49	19	59	47	5	40	22	31	21	12	75	26	27	60	41	56	34	80	39	59	92	60	28	80	94	48	54	63	
32	39	4	48	84	41	78	18	13	78	17	95	6	67	73	71	90	24	61	42	8	39	25	45	64	7	65	21	91	85	
49	11	65	29	53	3	37	15	96	28	95	67	54	6	37	99	79	27	43	52	74	20	82	75	83	95	36	32	62	15	
90	80	66	80	18	77	37	29	12	55	80	36	93	17	67	23	40	50	48	42	22	36	14	22	52	89	42	54	6	30	
65	41	30	37	56	90	43	7	49	68	22	22	11	58	88	69	98	44	78	50	92	84	98	17	24	99	94	59	62	88	
47	70	95	44	71	24	59	49	52	84	17	85	29	100	16	34	4	53	53	31	32	97	28	46	31	35	15	25	44	50	
21	36	42	39	33	72	70	94	12	34	8	99	73	15	11	81	32	17	44	37	81	52	44	85	67	71	99	81	81	2	
46	70	17	39	48	18	21	37	21	73	87	64	60	77	81	12	47	42	49	2	21	16	42	29	8	41	46	83	36	24	
8	55	81	76	30	71	17	99	72	30	18	98	70	87	83	74	81	46	9	9	22	69	58	71	80	72	18	100	12	18	
3	99	58	55	39	2	27	58	16	69	50	80	36	1	44	92	34	33	21	10	9	87	8	75	96	53	39	54	12	56	
21	41	59	59	53	32	26	93	24	83	6	68	46	47	55	10	86	86	53	14	36	64	72	17	57	47	75	39	99	15	
77	84	18	35	61	75	10	32	37	90	82	47	95	41	2	23	79	66	2	57	67	34	68	80	72	29	29	77	3	56	
43	75	90	40	10	32	37	32	89	4	40	75	12	92	70	4	57	19	48	51	36	41	21	81	40	1	63	52	91	81	
19	97	33	77	37	40	90	97	63	53	6	84	16	30	23	97	4	36	86	93	75	38	10	35	31	86	99	88	48	19	
67	52	40	33	39	99	11	71	81	93	66	3	89	51	11	49	74	94	88	10	91	31	38	4	95	98	33	30	50	69	
43	96	98	17	37	25	67	59	33	71	99	8	50	18	42	90	91	54	57	88	32	53	10	14	63	87	60	10	42	44	
81	40	8	89	67	92	67	49	35	1	46	79	33	38	33	68	84	82	10	83	5	94	94	6	80	86	33	96	39	36	
62	100	85	16	95	65	26	13	62	80	56	55	54	31	38	16	1	52	77	20	90	66	13	4	82	56	33	50	92	44	
8	51	67	100	68	31	65	47	48	41	37	34	70	27	65	67	47	85	87	20	15	51	98	77	2	6	85	16	30	39	
8	77	94	59	11	5	18	43	37	37	64	35	17	96	17	90	83	79	95	33	62	69	76	54	46	38	79	21	75	77	
73	49	90	97	17	76	66	46	61	24	46	77	95	32	50	2	33	80	21	59	26	41	47	82	22	100	47	24	44	12	
76	60	86	76	32	10	9	75	62	45	52	32	82	85	12	74	59	19	70	89	22	11	41	36	46	83	22	18	11	82	
46	47	27	48	3	12	72	38	8	15	21	70	27	42	44	60	76	39	1	72	44	93	93	7	31	50	90	93	12	28	
32	70	96	43	45	6	3	8	49	36	39	92	11	78	89	9	17	34	78	74	16	28	59	91	88	43	25	11	56	32	
28	81	57	71	59	71	33	81	49	9	3	83	16	7	98	4	48	66	71	38	50	32	24	63	46	4	86	100	94	52	
96	31	38	67	26	53	10	55	49	50	39	15	14	37	34	47	52	1	86	80	84	98	25	72	44	47	15	84	80	8	
31	28	49	15	34	76	19	15	85	35	59	37	71	30	74	93	22	16	61	1	48	49	30	29	66	94	12	1	16	6	
4	56	58	51	52	11	32	37	12	47	69	40	3	89	31	33	12	74	3	10	11	47	46	11	47	27	42	42	89	44	
6	56	95	64	62	13	84	36	27	5	86	36	50	21	50	62	69	66	38	18	45	26	52	39	81	95	6	4	92	5	
79	81	25	36	66	45	44	7	75	25	61	74	7	10	98	22	16	17	78	71	10	88	33	91	28	46	95	17	92	72	
60	25	82	59	37	51	12	25	7	48	23	27	32	90	1	5	71	31	60	90	42	85	7	44	31	69	76	40	24	45	
99	23	87	97	69	52	78	44	57	69	60	29	92	38	42	34	51	65	37	97	4	92	93	63	9	90	9	80	60	92	
2	42	8	93	8	38	17	44	48	89	53	46	5	60	79	56	53	66	33	82	23	51	29	8	79	55	20	62	21	45	
72	43	44	78	88	94	68	98	70	96	51	80	81	6	77	35	88	84	62	34	96	68	33	58	42	85	56	15	73	51	
27	59	83	32	85	79	86	66	98	32	71	99	3	2	63	10	97	49	71	36	25	89	54	99	48	16	25	32	83	24	
70	87	86	83	10	100	67	77	2	41	90	16	65	46	55	75	17	7	20	79	59	96	78	24	80	11	83	99	99	36	
86	33	37	25	86	39	76	54	52	30	56	51	1	75	56	41	69	35	18	55	51	16	33	45	93	11	31	12	86	86	
15	42	87	76	85	57	48	21	83	67	10	4	52	24	46	11	23	99	43	45	62	72	33	24	84	27	6	18	94	31	
98	74	26	81	84	95	34	44	15	32	88	58	71	100	7	32	22	87	63	21	75	90	29	41	94	95	82	73	88	68	
33	10	79	98	28	82	15	43	76	80	100	65	42	32	92	90	31	84	24	100	19	86	51	6	59	73	27	6	8	96	
89	83	12	66	27	26	64	16	17	56	67	74	98	10	15	61	57	86	66	10	36	40	100	66	12	69	64	78	63	16	
25	11	75	73	52	43	56	62	87	80	10	30	16	42	97	25	56	87	82	32	11	47	75	10	46	75	38	7	9	6	
26	81	87	43	84	47	59	46	98	63	49	18	86	88	14	48	30	26	76	97	55	27	90	15	48	82	1	74	69	91	
33	87	61	17	91	15	66	32	71	57	72	36	13	69	73	44	48	44	52	3	73	65	80	60	27	91	56	96	64	18	
41	62	32	32	100	49	40	100	78	10	95	37	2	73	48	21	47	64	68	82	12	66	68	3	52	35	11	77	94	5	
36	68	14	44	38	57	86	24	15	85	28	63	19	3	73	94	78	75	20	56	78	35	65	6	100	44	97	63	52	66	
62	84	92	23	99	17	47	1	19	94	80	71	68	32	15	93	80	12	42	19	35	74	76	33	23	16	23	28	85	78	
100	7	33	38	1	29	94	48	23	62	59	92	38	49	74	37	71	81	96	90	81	20	38	52	31	65	71	59	2	66	
58	82	90	98	94	9	23	22	74	42	15	91	15	29	31	16	50	13	67	81	20	56	91	67	31	39	4	100	12	39	
32	11	82	64	50	1	30	47	58	23	54	19	13	4	27	5	72	59	60	14	16	35	24	91	71	35	80	71	54	52	
59	100	42	58	62	99	44	78	32	24	1	27	3	83	87	81	78	56	36	23	8	10	61	49	9	62	78	49	51	92	
89	95	79	98	80	4	42	9	64	43	9	54	84	3	1	62	32	14	68	95	81	60	85	22	34	81	50	5	11	80	
85	73	1	51	44	98	17	76	54	16	27	91	60	23	49	75	5	87	24	71	70	33	11	9	53	45	23	89	36	36	
64	69	26	68	46	30	87	83	98	79	50	53	52	81	61	58	54	18	53	55	12	100	67	26	56	54	66	13	44	3	
66	12	70	43	2	59	12	2	55	98	15	60	58	68	50	79	13	71	80	44	89	10	74	93	3	19	58	64	17	40	
73	78	36	28	100	83	41	14	32	9	33	97	63	32	90	89	47	60	35	31	58	38	27	24	88	38	51	71	33	51	
23	7	51	25	91	4	4	36	87	67	20	25	92	46	23	38	34	19	66	47	95	57	1	88	2	84	17	95	46	62	
55	34	30	50	65	50	34	73	55	67	24	60	30	36	28	5	83	51	17	63	40	14	18	61	1	81	62	100	40	44	
37	32	46	54	19	92	22	32	90	90	89	51	87	11	13	36	26	64	78	19	77	17	83	8	40	92	89	22	6	42	
60	73	51	14	98	86	78	27	68	35	66	7	9	33	58	94	97	35	93	93	25	57	64	85	5	89	39	80	54	74	
36	63	66	78	36	91	5	27	18	29	63	54	90	64	12	1	43	1	51	76	90	55	28	69	3	43	20	100	2	87	
80	30	94	6	59	44	49	51	9	16	9	87	57	43	35	94	45	10	55	6	17	35	68	3	66	36	86	38	10	99	
82	73	82	49	57	33	24	5	33	2	82	22	62	73	55	73	53	40	85	40	71	11	65	51	8	43	16	70	25	3	
62	13	41	36	17	28	2	94	95	90	49	9	5	36	28	82	58	76	78	50	36	89	85	1	14	62	21	65	49	22	
80	18	33	18	18	38	9	30	19	78	2	20	72	23	74	11	45	71	25	76	20	33	65	34	94	80	52	75	43	64	
19	84	3	11	85	82	46	6	13	100	49	36	72	9	11	85	29	66	55	92	100	93	23	12	94	25	78	8	95	6	
91	1	16	90	62	77	31	33	44	69	26	2	100	94	37	26	45	73	97	38	63	97	91	91	30	75	88	6	13	84	
87	43	68	75	8	33	61	33	24	91	45	53	76	79	71	46	54	44	66	33	99	91	13	90	58	98	97	22	90	20	
30	65	36	74	30	82	76	59	63	31	39	88	76	84	42	75	44	29	97	97	59	44	79	32	21	18	61	18	65	30	
14	24	51	35	99	7	90	70	4	32	50	15	48	32	41	38	37	59	38	71	48	43	19	7	8	73	7	46	69	23	
9	30	77	45	79	66	43	90	56	4	72	87	32	85	59	19	77	45	44	35	56	36	82	24	10	89	91	71	51	18	
17	29	1	70	86	32	5	21	60	59	34	63	67	49	47	48	80	94	11	59	16	10	56	35	23	26	37	30	3	38	
81	66	97	49	18	10	30	80	30	58	14	82	74	39	82	18	5	49	88	39	28	51	93	12	88	29	31	99	16	2	
45	89	97	86	21	85	92	23	57	6	55	71	33	39	44	84	36	64	87	60	53	91	59	2	23	2	17	58	54	13	
82	94	9	17	30	77	29	58	57	68	58	38	14	21	81	90	15	63	90	10	25	5	37	70	13	38	5	84	15	54	
41	90	7	81	19	1	62	100	81	4	67	73	10	14	52	79	87	43	3	35	76	50	39	15	67	76	40	41	32	57	
82	37	26	64	27	75	82	97	23	83	70	76	70	99	53	13	37	39	97	90	17	92	74	24	1	47	23	70	83	43	
59	98	46	78	7	58	99	32	19	39	11	57	86	56	69	37	70	97	5	43	73	7	100	55	3	13	71	85	53	54	
99	74	72	42	87	78	95	96	7	53	5	48	52	40	51	65	56	63	82	78	8	96	90	75	41	91	8	61	48	13	
14	46	54	32	20	58	25	29	22	45	5	65	77	3	91	38	44	56	64	78	9	45	81	66	56	44	23	56	60	43	
38	19	64	4	56	84	74	89	12	59	20	79	60	96	19	98	20	20	5	75	88	76	70	30	18	88	92	95	38	66	
12	23	7	10	57	37	56	91	68	72	19	59	77	17	25	19	50	17	23	86	34	31	45	67	54	16	22	60	24	85	
7	70	8	23	29	27	68	78	70	7	35	27	68	86	10	87	10	5	51	21	68	15	56	69	34	47	53	36	44	80	
6	76	85	23	39	92	30	58	41	21	51	26	34	60	37	12	90	85	95	26	34	17	30	65	33	99	87	26	90	85	
73	81	40	61	1	49	30	72	79	43	52	48	14	27	42	70	35	29	64	79	82	78	55	6	91	38	11	99	37	98	
46	56	2	50	68	81	22	17	49	3	68	54	93	9	95	27	15	35	7	17	86	16	42	66	33	68	18	15	37	48	
59	50	92	20	29	9	81	18	40	86	99	20	45	34	45	78	51	45	56	71	67	7	96	50	48	81	76	62	34	39	
79	49	30	43	18	82	67	20	88	46	12	36	57	44	78	88	83	30	62	97	43	71	4	20	52	36	58	59	6	32	
20	80	9	36	65	31	98	33	72	52	11	55	85	99	59	14	83	72	6	92	82	75	17	95	66	40	63	15	32	33	
17	55	89	36	40	99	28	60	32	78	68	73	76	27	12	40	5	15	32	25	80	10	1	92	1	22	12	7	34	9	
41	50	69	15	99	84	30	64	20	14	13	68	54	54	89	84	24	26	10	39	56	25	12	79	59	27	49	85	56	16	
52	67	77	2	64	3	7	52	81	86	20	3	1	36	20	61	20	4	6	5	18	52	57	54	35	66	91	68	37	63	
25	69	77	13	85	57	52	56	37	40	68	93	73	37	4	17	17	76	88	90	80	78	66	89	93	13	71	81	1	19	
43	17	38	76	37	87	68	12	97	69	37	75	47	88	90	51	97	48	48	44	37	5	41	96	6	56	26	90	66	27	
86	53	5	82	29	81	88	1	42	46	77	43	87	54	58	77	15	58	45	5	31	77	56	99	46	7	30	9	54	16	
90	20	29	57	83	94	80	86	94	87	80	27	81	49	98	25	49	19	29	48	31	83	48	30	71	91	49	79	1	41	
50	45	65	88	87	15	39	91	37	65	52	6	97	51	48	92	48	52	97	26	12	83	24	10	48	60	12	85	14	45	
4	48	78	3	10	71	63	4	11	71	50	12	77	88	78	19	96	35	92	78	44	34	90	74	52	40	23	31	69	92	
100	72	23	93	66	67	10	13	61	15	27	50	40	77	81	62	50	78	2	23	1	60	44	59	45	6	19	86	25	3	
48	58	31	92	1	21	74	68	51	6	78	80	17	25	39	16	12	89	86	81	14	67	8	62	64	45	61	2	84	98	
34	32	56	22	44	33	95	91	46	72	86	18	33	92	19	55	15	95	38	43	17	94	71	72	98	60	40	80	21	70	
23	60	94	57	86	28	62	76	85	40	30	85	16	37	79	25	85	1	59	48	99	61	63	75	98	38	65	62	12	60	
53	6	2	87	57	71	84	52	2	36	90	91	53	20	88	87	95	37	16	83	61	100	28	16	85	3	10	92	74	91	
89	21	82	27	95	60	55	54	60	42	62	70	43	52	89	17	70	100	77	72	20	68	48	31	75	14	42	15	53	54	
81	80	41	19	55	40	55	26	55	86	88	82	77	88	67	69	84	63	54	92	6	24	97	44	19	17	82	41	86	66	
85	29	62	81	98	82	96	73	73	62	75	3	46	60	69	20	15	44	92	100	64	67	45	15	98	84	84	57	100	47	
42	36	2	77	40	26	55	6	86	18	58	7	9	12	49	52	14	65	95	37	3	98	49	81	87	92	48	24	89	76	
29	54	90	53	69	17	33	27	84	8	45	40	90	82	62	86	18	70	48	100	35	5	14	22	87	42	71	24	26	23	
71	14	41	41	28	62	70	9	96	51	9	10	71	14	96	59	19	61	87	86	92	23	62	3	1	47	28	67	97	1	
58	46	30	91	65	99	38	86	69	19	84	47	39	49	75	53	9	45	38	61	57	92	14	9	81	100	80	31	75	18	
22	89	74	16	35	7	27	38	88	49	17	4	7	3	56	17	90	31	37	20	60	93	93	64	64	99	67	16	7	76	
80	48	41	39	70	38	95	81	33	29	17	11	34	90	51	39	14	7	70	42	19	5	77	18	34	7	49	42	1	22	
42	47	71	86	95	48	51	7	73	50	66	63	29	65	6	77	13	94	4	97	2	61	4	11	60	68	92	19	14	43	
23	6	28	52	81	70	35	15	1	80	56	26	74	62	69	78	7	57	25	97	58	81	35	29	96	88	63	7	35	45	
89	29	80	77	55	38	20	69	45	68	63	24	76	17	21	29	32	22	22	92	55	80	92	61	88	89	30	41	25	95	
11	61	74	5	54	95	73	35	54	12	30	79	75	36	68	78	36	12	87	78	70	45	91	63	74	34	82	61	23	44	
1	31	73	96	35	18	94	15	40	57	14	57	58	41	22	95	58	10	57	14	13	29	52	6	69	6	28	77	96	69	
95	49	93	52	63	52	11	88	79	13	34	77	56	94	7	89	11	78	20	21	46	13	54	43	12	87	65	60	83	20	
86	29	69	55	51	26	91	59	59	35	55	51	80	95	84	65	3	91	76	4	56	35	86	68	3	40	25	65	78	2	
86	61	45	10	98	39	88	73	84	67	69	51	98	90	18	14	98	68	74	72	86	46	16	68	97	35	63	25	48	79	
54	8	65	59	60	71	50	12	60	100	46	81	25	61	30	49	4	47	47	49	43	50	80	36	25	95	39	50	39	89	
81	82	72	10	16	57	20	37	36	7	48	28	97	82	73	48	81	45	18	51	22	6	78	39	43	5	59	45	36	29	
78	12	15	58	31	99	35	1	76	67	65	11	21	37	46	40	40	57	72	85	16	83	62	30	52	83	15	46	18	34	
89	60	25	71	79	18	60	4	18	61	32	73	44	29	50	43	23	17	55	59	86	99	66	86	41	80	48	48	87	6	
54	14	40	7	22	73	69	39	63	77	62	31	13	63	42	40	90	94	38	48	40	5	60	55	43	94	50	34	46	88	
40	85	54	68	99	58	88	30	36	16	44	90	81	18	94	45	43	29	21	65	74	40	79	34	78	42	65	61	86	3	
11	35	62	36	68	81	69	82	36	62	97	57	11	95	77	98	64	48	3	60	58	45	87	15	15	71	7	55	6	81	
31	7	39	59	12	3	79	97	70	17	8	86	68	8	28	3	77	74	6	51	57	40	79	82	85	96	88	22	64	71	
88	10	79	93	64	86	63	65	54	92	18	52	72	89	100	90	79	15	13	100	49	3	18	9	46	52	44	78	79	22	
68	22	81	34	56	59	85	47	87	83	6	54	58	63	23	91	54	46	24	79	82	7	51	70	93	36	69	34	77	35	
63	32	1	39	26	91	44	48	83	14	63	92	92	18	52	82	77	88	22	77	90	43	38	35	95	38	67	65	6	26	
30	34	8	10	81	78	39	94	42	16	72	52	4	77	42	5	54	58	59	25	43	14	91	34	31	84	66	55	80	87	
94	54	25	7	91	74	36	48	8	7	75	75	92	52	78	82	89	75	19	65	72	65	58	55	73	50	12	62	38	43	
56	22	85	79	93	97	95	59	95	9	97	6	61	45	25	10	56	25	65	68	23	68	20	37	3	36	6	1	77	89	
7	36	22	51	55	44	42	18	93	18	2	92	78	62	1	38	14	98	71	49	82	36	74	52	56	55	65	54	48	83	
6	77	68	77	99	74	60	11	68	13	4	30	37	82	27	9	96	58	88	9	67	44	24	34	4	15	100	5	1	24	
88	42	71	94	41	26	58	10	72	54	64	6	77	95	35	22	91	61	81	21	65	86	3	94	78	19	66	15	10	78	
86	19	90	72	84	4	99	48	20	80	18	34	100	33	7	37	69	85	76	98	24	39	97	61	68	92	86	63	86	70	
32	67	70	95	38	59	34	7	89	98	1	35	92	27	66	70	34	33	35	6	60	78	61	96	78	59	5	30	78	42	
26	98	18	27	98	79	100	49	92	87	3	88	12	4	68	84	85	1	63	74	76	38	8	15	36	60	31	27	8	23	
64	83	29	29	91	90	73	7	88	70	74	28	94	15	62	94	36	50	81	66	17	84	61	24	85	98	30	8	21	57	
7	91	34	63	87	97	59	100	49	81	82	84	64	15	50	46	51	66	50	22	70	61	25	19	49	45	1	71	89	26	
18	17	54	76	41	58	1	44	11	34	35	50	65	17	82	22	45	37	70	4	87	33	21	66	69	84	77	56	69	54	
51	23	38	24	26	75	10	68	49	36	54	63	30	40	47	94	88	82	66	96	92	7	71	14	16	17	48	82	45	34	
49	10	63	79	60	97	31	58	67	68	93	60	57	99	48	95	22	51	67	39	58	80	73	95	6	23	85	23	68	13	
12	51	73	85	1	91	4	72	85	93	5	52	15	31	67	10	50	58	11	36	41	86	95	99	48	13	84	74	67	10	
69	78	48	42	96	13	81	65	62	18	95	7	11	94	25	15	76	53	11	74	75	56	28	73	76	88	74	5	45	65	
6	63	79	68	78	75	60	11	20	6	43	54	14	21	91	7	42	83	85	47	77	38	72	96	23	73	86	92	19	54	
53	48	98	58	91	59	5	59	72	30	92	55	31	32	89	50	92	18	26	74	45	72	17	3	47	36	22	55	88	69	
18	64	39	45	19	24	81	3	19	82	19	7	79	58	97	4	93	31	70	89	98	66	5	73	78	81	40	12	73	5	
83	18	48	84	57	46	5	7	88	57	17	59	83	67	68	49	29	7	54	84	88	2	80	42	88	73	21	70	95	96	
57	77	94	47	41	6	49	20	53	64	96	80	34	19	90	12	51	14	20	44	95	72	71	42	30	6	22	44	50	21	
83	83	24	77	77	93	60	57	81	99	30	100	65	92	83	17	73	38	60	63	57	71	2	19	52	53	75	62	56	38	
96	8	74	2	80	27	49	71	46	82	27	83	16	37	80	78	24	18	56	71	59	34	84	40	32	70	89	22	7	30	
5	36	32	55	30	21	44	65	33	69	59	100	92	8	75	93	85	37	80	97	7	77	21	9	70	40	56	88	7	63	
70	26	66	81	34	87	37	44	48	77	54	39	66	4	24	77	47	66	39	25	24	95	6	61	16	99	35	42	36	83	
66	2	8	82	98	17	45	52	5	30	68	66	11	14	36	1	55	83	40	2	6	6	88	11	97	67	86	11	89	51	
96	48	14	24	18	30	57	29	66	25	24	20	45	43	24	85	68	80	41	30	99	99	83	81	23	50	40	79	54	79	
78	9	78	33	95	29	42	34	72	100	5	98	88	86	17	66	10	52	44	64	90	21	35	3	33	93	22	83	2	76	
16	58	98	2	24	26	57	32	22	14	58	26	49	53	42	76	22	98	12	28	97	18	66	86	64	56	24	42	85	95	
5	27	37	99	12	69	19	82	71	90	9	38	20	87	15	43	30	42	47	63	31	24	22	18	100	11	30	100	29	85	
3	74	43	56	19	44	76	67	86	98	35	63	19	2	9	36	3	38	72	11	96	64	94	32	41	63	82	89	61	62	
63	97	85	35	86	79	8	36	35	35	62	33	35	55	92	67	58	88	68	62	4	84	49	59	34	48	55	41	22	39	
81	41	95	18	11	66	72	68	50	47	20	13	11	48	17	30	61	51	14	75	75	94	73	89	6	95	61	33	15	5	
93	11	98	67	44	8	56	16	10	94	87	45	8	73	24	46	43	19	56	19	9	1	60	79	65	54	72	52	78	10	
19	7	16	27	33	19	3	28	69	81	12	42	10	98	46	36	58	84	10	11	83	75	32	31	58	21	34	26	45	90	
46	71	92	46	61	24	97	5	30	1	50	32	70	100	43	89	78	56	60	1	74	10	45	56	30	52	6	58	2	35	
91	5	55	96	65	26	85	46	50	65	96	79	86	29	96	79	39	20	97	4	32	18	99	40	6	24	55	29	16	29	
71	27	41	5	85	42	64	40	96	9	12	34	78	6	6	41	38	45	8	50	78	1	68	34	97	65	22	72	60	96	
51	44	18	3	75	22	7	100	42	72	62	44	39	66	63	27	9	44	44	44	64	43	14	65	52	58	28	12	74	21	
76	27	92	15	24	38	53	48	57	11	54	73	66	92	80	76	44	85	92	13	73	41	30	16	16	43	26	50	36	54	
88	61	36	41	94	35	43	86	56	27	80	49	49	88	38	85	25	92	95	89	91	21	67	36	82	59	68	19	95	57	
8	39	82	70	39	95	50	20	84	73	38	3	87	28	43	40	77	83	84	34	23	93	58	11	72	52	60	25	51	58	
78	7	62	90	90	58	10	64	28	49	51	84	81	24	62	20	47	42	70	41	84	34	41	67	20	72	17	59	88	2	
12	6	41	85	48	49	6	79	40	96	60	58	43	30	72	6	54	27	6	45	42	85	61	48	88	22	78	8	79	11	
35	82	64	54	61	67	95	30	74	31	85	63	37	8	50	9	15	6	79	95	72	22	98	13	95	56	1	59	59	37	
84	13	71	37	26	91	38	4	20	42	32	80	42	38	68	71	71	95	86	50	63	63	28	49	96	10	86	50	3	4	
89	6	25	21	34	20	98	23	87	57	13	97	57	5	66	8	16	2	73	29	6	23	93	55	23	49	69	95	11	59	
34	48	53	13	98	46	19	25	5	33	73	13	11	34	18	73	50	29	98	14	25	87	13	17	90	76	49	98	37	14	
77	77	35	20	22	66	63	61	34	97	62	5	15	81	78	63	70	58	13	53	94	34	28	33	65	33	72	13	61	49	
36	73	67	5	45	29	90	90	11	14	43	72	30	95	58	100	82	34	12	91	63	53	52	91	52	78	57	37	18	22	
12	54	66	33	79	63	49	76	50	13	24	65	55	79	48	64	54	79	74	100	95	95	21	68	23	100	82	99	60	42	
73	23	66	52	50	70	36	12	66	92	41	14	29	66	12	20	16	43	91	57	28	52	24	100	18	50	91	34	82	76	
57	25	12	53	38	31	6	51	11	34	76	94	44	37	89	40	72	17	99	81	8	91	7	40	28	13	51	80	22	80	
88	85	77	68	84	43	53	80	81	50	18	98	56	65	39	87	10	68	42	80	29	72	50	12	14	18	16	98	59	25	
10	83	44	14	73	57	32	65	35	15	54	5	71	61	9	9	53	68	62	18	98	95	64	50	4	57	15	35	2	39	
74	77	8	87	22	74	22	22	76	28	67	19	46	9	53	5	68	18	39	59	26	70	60	36	90	31	79	22	24	47	
16	88	69	36	27	55	97	50	99	9	81	63	66	77	46	73	99	79	80	80	33	53	14	63	64	93	83	53	63	46	
94	5	77	73	43	19	100	19	3	34	64	36	78	2	16	92	100	47	52	16	21	36	91	57	38	11	23	68	78	82	
27	65	53	95	21	98	9	45	55	4	14	42	53	85	40	85	20	49	69	17	25	82	32	25	4	16	38	96	83	3	
15	21	8	32	37	79	25	7	2	74	75	94	60	41	74	71	46	85	39	47	37	76	83	47	92	48	4	45	78	95	
46	21	15	46	38	75	38	2	83	40	14	75	9	8	31	73	71	41	92	85	4	83	100	92	39	53	74	96	45	49	
18	67	7	73	57	38	48	61	84	51	97	97	78	59	61	82	56	68	81	25	67	89	81	60	5	29	15	54	13	20	
53	84	49	82	10	97	22	32	19	6	87	12	97	94	77	26	94	5	67	90	26	42	94	34	47	95	6	54	21	29	
25	91	32	48	5	10	100	44	36	88	19	36	30	3	45	43	28	80	53	9	96	29	84	12	58	23	61	96	90	36	
92	89	87	18	24	56	36	92	7	18	46	59	16	84	67	45	8	48	14	78	2	57	51	67	42	42	2	80	21	90	
48	99	44	72	3	7	18	90	12	40	37	10	70	67	45	60	56	46	11	93	99	19	36	58	24	45	40	94	87	57	
36	33	94	11	98	81	59	69	33	66	31	9	64	26	96	74	46	48	15	94	72	50	52	63	8	7	51	11	43	39	
87	75	2	46	54	63	16	3	33	77	79	77	66	88	50	1	12	16	48	59	62	56	61	8	45	94	26	5	3	9	
97	89	1	9	98	5	5	53	100	76	61	53	5	35	65	74	82	27	75	79	47	82	58	25	36	85	100	1	9	67	
86	99	28	20	34	59	24	5	3	59	9	43	14	91	27	51	76	16	40	4	53	49	43	89	15	89	7	70	23	63	
22	50	38	28	59	24	16	78	2	54	96	1	95	88	8	82	20	14	7	49	25	16	60	33	47	31	85	88	81	40	
46	1	84	66	37	69	70	37	75	9	86	78	76	61	38	23	52	19	29	7	18	76	11	67	87	20	8	36	20	49	
74	89	32	21	69	70	25	70	45	67	86	56	93	34	15	21	74	8	13	73	10	18	80	48	80	45	99	61	30	1	
56	54	71	58	1	57	7	38	71	70	96	34	65	99	98	24	57	31	7	54	59	100	98	89	63	10	55	58	34	80	
68	97	85	33	86	32	74	16	30	19	63	71	75	14	1	95	10	96	18	85	6	87	7	4	26	61	78	26	28	30	
68	17	27	57	90	99	77	93	78	43	95	12	81	35	15	43	93	27	25	21	61	63	10	14	5	38	37	69	48	71	
51	85	39	96	87	13	13	7	11	95	78	33	78	75	65	67	11	33	81	87	42	72	76	15	7	75	39	9	24	11	
2	14	80	79	94	74	15	44	48	3	92	16	57	74	31	73	91	3	78	40	82	51	70	21	21	83	57	86	36	25	
51	23	33	8	32	81	10	58	68	67	57	85	24	26	35	26	1	100	54	14	6	89	16	52	45	30	89	64	56	68	
65	54	2	50	67	67	65	37	29	21	77	65	10	26	39	8	41	70	41	20	64	69	75	14	77	85	83	42	25	26	
48	19	8	1	68	91	29	59	69	100	3	69	31	34	68	42	25	61	98	29	6	60	91	56	31	100	68	2	87	31	
63	17	6	72	68	65	54	7	99	46	47	86	75	16	82	68	15	28	7	91	90	63	97	13	29	83	76	43	14	12	
13	9	80	60	76	51	38	62	79	62	53	10	95	84	69	10	38	80	35	93	28	65	86	68	54	78	100	18	48	48	
93	50	75	9	56	48	48	92	77	29	88	99	18	48	85	12	94	9	62	4	68	10	32	42	18	57	72	40	77	16	
93	1	36	60	51	15	42	85	73	39	46	37	77	26	12	60	22	71	33	19	87	12	66	4	7	100	61	49	93	58	
73	39	6	55	68	95	37	10	68	11	63	49	68	38	5	76	26	25	28	34	30	75	24	48	12	22	65	6	83	32	
2	5	58	97	63	51	44	33	58	30	33	34	38	56	87	24	82	77	95	61	45	91	6	86	62	10	84	35	98	100	
60	83	10	72	12	54	92	15	37	60	26	40	76	49	63	53	96	24	41	92	40	30	4	88	52	14	1	69	60	18	
63	74	13	29	31	16	85	92	70	17	74	68	81	52	55	45	17	97	82	97	93	81	26	57	73	7	33	89	21	55	
46	20	87	51	50	98	98	16	28	93	55	11	63	7	62	29	44	22	59	6	26	75	64	30	27	50	24	94	84	98	
85	72	32	97	53	77	86	6	42	89	33	22	5	71	33	35	50	76	36	40	39	50	55	7	46	76	80	96	17	31	
93	34	93	33	15	52	27	95	25	62	28	59	83	91	79	47	99	91	25	60	71	2	80	27	97	44	57	42	1	44	
13	8	77	56	55	14	15	79	36	93	11	77	28	21	4	20	69	69	2	24	70	78	62	66	30	79	93	22	47	45	
18	98	46	35	68	52	61	42	96	24	1	35	89	47	89	79	74	16	79	12	17	52	18	1	46	58	70	100	15	41	
29	4	79	2	34	6	68	46	88	1	34	24	72	61	47	29	100	67	94	65	58	15	40	69	57	10	50	58	86	72	
73	2	38	41	72	84	96	96	12	15	83	12	41	42	67	19	44	34	89	94	65	93	4	76	96	51	30	64	61	76	
76	65	1	20	71	76	20	39	40	24	81	10	55	39	81	80	17	65	52	30	27	30	5	72	31	74	16	12	38	8	
11	6	43	93	79	7	16	54	5	25	95	88	93	23	84	53	54	100	94	60	68	5	67	11	19	64	62	80	89	74	
32	62	35	89	75	42	62	36	48	82	89	47	27	63	43	18	17	55	55	23	78	66	27	36	77	28	63	99	77	4	
90	44	21	5	39	73	28	10	62	58	20	93	74	52	62	41	52	68	67	80	70	5	33	48	1	70	72	94	24	95	
84	65	28	7	61	85	17	50	86	52	100	69	75	7	74	11	54	54	35	12	38	13	25	94	79	70	99	11	29	48	
64	9	67	3	66	97	16	23	51	8	66	68	87	13	39	35	14	67	97	14	13	70	81	45	41	81	77	56	48	31	
51	27	2	92	35	74	64	12	37	95	71	98	67	57	71	99	94	81	82	25	82	28	17	63	53	81	90	51	94	87	
77	15	32	34	25	7	30	14	98	71	81	8	10	37	48	93	1	2	100	78	70	37	5	78	7	62	98	48	40	20	
9	65	73	42	98	62	91	53	2	63	54	63	83	14	4	57	59	63	68	58	63	14	78	47	19	75	48	83	23	3	
23	36	28	63	65	53	1	30	46	71	86	89	25	87	72	47	25	89	7	51	25	79	16	68	26	30	22	71	63	39	
9	78	71	18	35	46	48	46	66	63	47	93	78	28	65	67	52	4	45	67	57	29	95	82	10	61	53	35	68	26	
61	84	8	43	100	96	76	24	98	75	5	85	90	18	98	28	89	91	58	75	12	77	75	57	43	42	51	32	33	74	
92	44	69	28	79	53	38	44	8	67	100	51	50	15	95	28	79	97	2	12	87	80	77	68	23	51	88	80	4	18	
92	67	58	86	35	87	7	94	12	35	92	25	25	63	68	17	62	61	35	71	7	45	3	22	10	36	75	19	50	46	
33	70	28	82	86	94	24	7	63	38	88	92	39	40	49	54	20	56	55	82	36	70	29	14	18	54	97	56	85	97	
54	14	29	69	63	22	28	49	95	18	52	87	92	57	61	22	69	52	5	4	26	43	89	94	14	40	95	96	76	30	
96	77	87	99	53	18	46	28	53	39	21	7	42	66	14	44	86	61	93	29	69	8	71	79	66	39	57	49	82	30	
77	40	80	11	21	98	28	6	62	60	11	48	77	43	33	73	32	34	94	55	91	38	85	61	5	84	67	98	96	59	
9	91	21	79	30	67	65	58	47	20	5	98	56	24	39	52	12	20	11	87	46	82	38	42	88	26	50	92	16	9	
19	66	22	77	44	10	76	73	55	3	62	53	80	25	7	4	40	36	4	18	35	86	80	81	19	81	92	12	64	23	
38	69	22	96	73	64	22	27	8	37	58	49	21	53	78	39	8	26	91	26	40	32	4	92	82	19	24	55	26	62	
37	47	68	91	14	95	16	45	23	92	81	27	26	24	15	59	65	18	39	43	57	95	34	1	70	73	51	34	37	77	
25	45	99	47	45	37	51	58	85	64	99	94	7	76	7	33	12	35	80	90	69	76	93	10	31	46	85	77	67	57	
96	62	46	40	19	6	55	44	55	38	44	64	82	29	46	26	58	15	34	46	22	9	100	23	52	71	2	86	36	88	
62	48	40	2	13	100	85	9	26	25	36	70	63	17	43	32	26	18	7	55	39	76	53	57	66	46	84	6	17	38	
9	49	97	78	34	26	10	40	13	96	40	98	54	54	12	33	8	57	12	25	24	32	16	80	3	84	34	75	68	20	
9	93	7	34	34	73	4	97	60	61	43	34	2	17	96	62	43	1	63	42	10	97	12	30	28	47	70	8	72	88	
25	100	85	52	65	33	15	44	50	35	55	50	14	56	69	64	78	63	29	39	30	72	66	47	60	33	60	40	16	49	
56	55	82	14	2	3	100	43	99	31	58	84	77	8	68	7	80	45	65	43	46	99	51	46	99	64	2	21	44	76	
10	37	86	6	96	75	100	49	44	7	90	94	3	13	60	75	48	52	55	90	68	73	58	36	51	66	73	66	86	11	
43	66	4	38	71	15	89	49	10	42	10	70	76	9	86	41	97	94	13	2	50	77	24	62	4	91	46	46	28	19	
79	54	50	31	22	21	45	68	56	31	10	59	80	45	17	60	21	60	91	13	97	100	17	49	72	52	73	79	72	87	
13	41	1	15	89	10	76	86	50	76	2	94	49	20	10	54	41	87	64	31	43	61	90	61	28	33	28	2	1	93	
29	21	54	62	36	61	7	80	89	21	33	90	82	84	82	20	42	77	33	86	30	29	49	94	73	46	48	99	77	20	
83	25	85	35	25	64	30	96	9	44	59	81	30	64	5	75	75	44	39	12	80	61	95	54	60	43	94	75	79	86	
23	26	24	21	4	47	85	1	48	80	99	75	61	55	6	45	98	14	96	47	57	65	78	68	56	42	29	73	77	19	
59	69	80	61	59	96	65	55	30	84	40	13	68	97	58	99	23	28	77	38	63	65	39	89	23	35	72	50	7	75	
66	48	19	10	30	88	33	52	22	72	68	68	53	12	17	16	39	81	35	55	83	77	50	40	31	32	31	51	87	93	
60	98	93	44	87	40	45	84	38	9	53	58	47	23	60	12	42	87	77	80	36	45	27	70	49	29	75	85	79	82	
78	83	70	49	42	68	76	19	100	64	86	12	43	24	56	100	72	58	66	16	90	90	8	78	85	33	74	35	32	6	
21	81	44	92	77	81	68	55	60	43	35	55	32	13	17	79	37	23	25	44	46	28	55	1	54	42	82	31	75	51	
35	65	3	100	90	13	75	5	45	19	17	68	18	72	69	19	81	3	16	91	64	44	14	46	4	10	42	85	46	91	
68	40	98	35	20	48	59	93	82	34	39	46	26	78	7	96	88	35	56	88	48	94	25	61	33	42	69	60	33	3	
8	49	43	36	78	16	88	7	40	53	26	67	11	41	79	29	91	41	18	36	86	54	21	95	26	84	68	13	30	41	
61	4	92	5	42	7	38	11	19	54	35	3	56	25	78	52	100	85	16	26	87	42	91	16	83	78	65	36	42	95	
38	31	12	64	70	80	53	70	64	33	77	70	51	73	100	56	58	27	69	18	69	60	18	51	14	51	83	51	70	33	
17	91	15	59	37	39	35	37	17	88	23	95	23	69	98	98	82	79	52	21	58	76	35	93	32	84	97	39	23	78	
96	67	18	18	3	81	80	21	23	80	34	34	75	10	19	65	68	75	49	98	68	83	28	91	49	99	41	48	99	84	
21	11	91	15	20	67	12	96	85	82	45	42	52	92	3	17	31	92	69	55	86	10	46	85	78	51	32	45	9	8	
55	30	12	94	48	64	37	83	56	38	12	74	49	86	94	9	69	82	98	92	74	78	72	67	6	75	55	96	42	8	
79	59	26	20	72	83	30	62	70	57	92	69	38	57	63	48	69	54	79	39	16	23	50	32	36	56	39	44	33	94	
14	79	99	75	25	15	9	26	34	45	2	98	97	38	65	4	76	56	76	62	14	54	81	11	94	10	2	17	19	50	
88	50	42	6	47	64	46	23	24	51	15	70	67	62	33	20	63	9	56	67	45	81	94	71	26	3	81	83	14	28	
4	63	26	6	82	89	85	71	18	12	59	38	61	44	98	48	81	21	79	33	46	44	98	81	95	12	65	26	36	79	
91	90	20	56	4	11	14	45	53	67	65	29	60	83	89	51	6	16	44	75	61	12	58	55	23	87	77	11	84	54	
30	70	78	70	65	36	7	42	51	40	73	77	35	3	50	39	10	24	1	23	8	95	9	39	89	53	69	38	52	85	
46	98	71	33	78	41	68	53	86	81	93	85	75	29	32	94	17	68	37	14	20	25	92	73	56	56	86	85	76	15	
64	86	79	45	84	43	56	38	61	57	69	57	78	97	63	14	27	90	69	59	65	61	66	85	47	69	48	85	81	27	
55	97	57	30	43	1	44	52	52	58	36	89	44	51	44	30	43	4	66	95	54	12	86	5	44	75	51	82	71	60	
75	95	40	98	58	12	27	73	28	73	57	32	93	5	51	29	59	15	73	89	8	8	92	20	25	47	66	68	90	81	
28	50	47	46	36	50	49	2	49	17	39	49	85	66	8	48	43	81	90	72	49	58	4	54	32	97	5	6	39	60	
42	62	51	84	10	35	6	2	92	70	87	33	89	20	21	44	1	44	66	69	25	90	65	61	23	49	53	85	7	30	
92	14	57	53	76	53	35	30	80	1	16	36	20	61	55	66	80	71	64	3	62	75	41	12	18	22	6	17	7	50	
34	44	73	59	68	9	99	36	83	79	75	76	94	82	60	29	48	36	48	79	88	34	66	21	69	42	95	16	7	97	
58	33	78	99	26	66	23	64	37	43	44	19	78	27	68	86	3	1	49	9	73	87	15	28	6	77	54	76	18	96	
35	98	90	71	100	71	18	84	78	32	32	36	1	9	78	53	87	65	69	81	65	49	93	67	27	99	42	5	23	79	
24	5	70	84	35	66	95	52	13	56	61	62	2	1	75	46	43	38	35	23	59	65	93	29	62	12	9	85	71	27	
37	54	17	24	84	79	14	92	84	99	69	35	71	81	42	13	69	100	56	79	75	92	35	97	63	56	12	10	53	71	
31	86	50	97	88	97	76	91	34	92	46	7	12	37	74	59	12	59	36	37	78	12	69	56	3	77	34	18	25	24	
92	61	32	30	21	49	26	10	76	39	66	65	53	8	6	84	37	46	29	41	82	20	53	96	24	50	34	13	71	23	
75	75	8	78	77	90	3	85	78	38	11	32	28	97	22	91	41	99	71	35	55	26	66	26	96	84	71	51	60	45	
76	72	78	34	85	68	50	32	54	89	65	39	76	78	32	54	4	95	43	40	45	10	28	54	21	2	72	47	16	87	
93	89	93	4	92	9	89	65	15	99	86	37	91	81	33	41	100	70	40	20	96	15	80	98	94	81	18	8	57	98	
57	37	30	18	73	55	31	6	71	22	72	75	50	98	48	53	56	56	97	52	69	62	57	61	46	76	75	14	18	12	
94	20	100	7	81	66	68	65	7	63	27	58	18	100	90	95	87	71	62	65	24	96	32	78	86	90	92	64	50	15	
52	43	68	74	23	95	68	54	79	47	93	32	52	11	67	94	87	88	65	54	83	62	76	30	88	51	71	53	90	42	
63	55	88	95	55	35	39	22	70	98	21	28	41	22	68	59	89	93	36	26	61	51	11	32	21	49	89	57	19	75	
52	42	95	22	95	87	98	44	72	24	19	95	66	81	27	84	53	43	47	89	97	51	32	1	66	22	35	99	40	84	
3	47	9	51	20	16	16	24	42	81	18	32	7	31	95	80	62	67	68	31	93	74	75	37	74	68	4	74	14	19	
36	25	55	97	75	79	64	45	64	60	43	29	20	27	78	16	8	55	75	14	9	51	79	4	1	76	23	86	17	82	
39	77	85	47	22	27	9	96	50	61	58	66	4	44	28	49	1	4	71	26	6	78	100	74	26	11	64	42	10	56	
17	11	12	25	48	35	77	2	66	42	66	44	46	54	26	7	37	98	7	24	10	59	26	23	1	49	92	75	95	17	
23	17	15	1	7	71	25	43	83	33	64	87	84	95	9	57	60	94	90	58	67	61	37	80	20	8	72	88	15	56	
87	37	12	18	33	59	39	63	42	53	17	49	57	77	28	32	98	86	36	24	25	20	51	82	23	4	35	42	1	79	
98	34	75	88	91	58	1	62	88	29	65	96	43	13	50	94	43	100	26	41	36	85	72	62	38	22	20	51	8	24	
16	57	17	1	55	96	32	83	8	34	94	5	30	17	1	31	7	55	39	51	4	22	44	70	100	34	45	27	57	18	
99	70	92	88	28	78	56	52	45	41	67	35	77	39	60	95	34	99	12	27	66	37	68	30	5	55	81	56	86	23	
41	96	52	5	27	10	87	7	9	28	96	13	100	29	54	59	23	34	99	50	61	73	51	39	91	52	83	27	79	66	
7	76	53	13	14	93	47	92	35	97	58	41	90	30	20	7	79	54	92	50	95	87	62	8	2	99	8	8	98	15	
58	74	54	61	20	85	30	49	17	61	19	84	84	94	2	33	3	51	54	58	66	95	43	11	23	13	51	38	20	99	
21	66	38	73	57	21	38	57	63	82	58	83	54	77	7	75	89	10	44	83	98	72	90	86	75	86	80	32	55	81	
82	59	17	65	51	67	59	2	96	84	10	55	56	4	18	50	49	80	34	72	57	71	27	80	27	22	11	67	40	80	
56	22	27	10	73	19	89	84	49	51	69	98	59	93	100	69	23	45	45	98	51	24	53	81	66	87	41	64	34	79	
33	3	52	74	26	68	18	65	71	23	97	64	70	44	97	56	22	86	23	36	92	52	82	5	63	43	1	19	85	43	
60	89	5	75	42	94	83	51	60	55	95	77	49	81	46	73	5	99	34	10	67	45	4	78	43	83	65	58	70	41	
78	35	79	29	5	73	26	56	14	57	50	63	51	38	63	94	45	1	51	14	75	3	68	18	20	1	76	23	9	10	
7	86	9	64	37	45	66	8	12	30	17	14	82	72	81	46	5	42	52	64	10	98	87	23	61	17	93	24	43	93	
80	43	50	48	73	10	87	90	38	10	44	99	13	12	21	8	31	49	94	19	90	99	8	42	53	19	57	52	94	11	
28	8	58	64	18	93	74	78	40	83	46	9	63	6	44	29	50	99	26	6	54	36	36	69	26	79	44	98	19	41	
52	98	76	21	92	71	4	27	85	31	13	77	82	10	67	93	37	4	7	94	26	74	61	13	9	62	23	69	37	86	
16	18	46	98	47	23	3	82	74	36	49	6	54	43	86	97	70	66	65	65	48	69	91	77	100	58	69	87	33	7	
1	29	33	45	1	10	5	59	26	98	50	90	47	54	46	38	25	86	11	31	39	77	31	95	97	35	26	11	33	39	
68	30	94	28	91	93	19	94	61	9	36	86	86	51	6	83	90	13	33	32	86	15	80	63	34	41	47	63	10	21	
60	66	62	65	65	59	12	70	75	67	24	64	81	15	20	61	31	57	78	70	60	48	72	14	91	7	66	42	99	15	
18	50	7	4	49	64	14	37	18	67	38	56	37	44	72	30	99	78	20	68	33	57	60	2	91	75	96	46	66	95	
68	29	9	47	37	14	45	57	1	24	64	54	10	29	82	86	99	29	47	41	4	97	44	59	83	34	20	40	88	62	
83	75	9	50	68	64	11	79	75	81	26	42	50	38	11	82	100	33	92	24	73	85	8	67	19	68	87	52	16	52	
74	41	97	30	31	33	5	77	84	67	75	23	4	80	73	79	40	40	10	2	21	57	19	88	22	43	73	19	90	7	
2	99	10	27	71	2	71	76	50	55	24	3	9	80	9	74	7	57	69	90	22	85	40	42	55	61	10	3	55	48	
13	92	34	61	17	66	10	97	3	37	9	36	96	33	64	27	60	79	18	16	55	8	5	1	90	32	4	20	71	57	
40	56	8	55	44	90	63	92	21	23	32	33	52	53	15	79	1	90	80	100	21	40	9	67	54	67	95	35	1	61	
85	24	18	95	15	56	93	10	79	20	98	5	50	19	86	10	1	77	36	1	2	13	3	9	75	6	42	6	83	23	
25	11	21	97	46	32	13	26	95	29	97	19	63	62	69	93	87	60	83	81	20	13	39	82	59	99	90	65	53	62	
50	47	21	28	86	55	3	16	16	82	80	71	89	92	72	27	45	49	96	41	80	89	18	41	49	11	18	46	97	32	
79	29	24	64	10	27	45	30	51	62	75	84	55	100	76	87	27	68	53	88	35	99	81	13	69	42	73	27	53	70	
65	24	39	12	96	58	9	16	76	10	95	19	49	44	96	28	34	84	57	4	19	34	18	80	65	59	51	80	79	63	
85	55	37	92	89	58	60	97	1	95	10	56	19	90	12	90	27	35	82	75	9	23	41	59	32	18	69	37	78	90	
87	67	44	25	50	52	91	33	78	36	37	24	25	35	46	24	50	21	32	65	52	45	41	54	29	14	81	11	88	50	
2	68	92	51	96	8	83	20	7	9	92	77	7	3	5	47	85	20	60	22	36	90	48	61	50	69	25	16	89	21	
18	70	48	59	16	39	80	24	68	17	78	31	16	46	51	60	98	44	11	67	98	29	65	3	43	64	84	7	42	85	
44	66	100	54	52	23	74	82	93	2	34	42	15	70	23	96	7	63	69	99	69	72	52	82	57	54	1	65	86	85	
97	57	58	4	41	85	77	59	45	85	41	44	12	51	35	11	69	74	77	93	30	27	63	84	38	36	71	4	41	31	
41	98	80	24	12	86	98	7	41	72	63	100	9	19	30	77	30	81	10	58	79	24	87	92	73	19	8	36	47	93	
99	9	44	43	16	9	73	95	70	80	73	57	46	67	14	71	57	23	67	57	42	14	55	85	43	75	54	100	90	15	
93	38	44	4	8	11	68	25	93	57	21	45	24	79	51	97	95	89	49	21	11	15	1	71	60	60	95	71	66	83	
88	58	2	85	15	58	17	11	54	12	84	75	12	97	4	57	62	31	40	91	88	8	6	62	31	21	30	30	93	4	
39	77	97	72	72	55	12	46	59	6	9	6	74	45	46	56	86	20	23	49	33	91	73	18	11	63	55	15	17	9	
53	22	55	98	59	91	69	45	100	1	93	33	93	38	83	46	44	23	37	87	30	55	62	59	49	89	75	85	83	67	
90	6	13	54	27	85	64	40	96	89	74	69	68	95	17	73	28	60	13	17	38	35	31	8	76	61	6	81	25	52	
45	91	31	42	68	39	50	79	85	3	29	77	79	96	51	13	38	63	63	66	9	42	13	44	86	86	1	23	44	64	
35	62	83	76	86	87	79	93	81	27	79	24	4	47	2	89	27	78	53	100	46	8	93	54	93	21	18	43	87	91	
17	28	59	60	15	21	34	66	4	73	8	50	56	39	77	37	56	53	8	3	88	44	64	2	72	94	67	6	9	52	
29	63	56	100	65	84	42	100	11	20	35	38	34	79	73	19	61	82	92	59	89	8	40	18	69	48	91	21	39	60	
49	76	23	9	38	77	2	54	4	31	69	31	26	12	20	99	94	49	78	45	66	43	95	76	25	67	10	90	1	15	
16	67	56	41	65	83	25	29	86	86	1	75	77	69	84	87	18	85	18	33	38	68	11	33	62	44	23	15	61	44	
42	29	51	94	28	45	80	43	73	70	21	18	29	4	61	100	18	24	31	78	31	62	36	30	70	98	41	43	22	18	
20	2	91	66	64	5	86	37	78	36	100	84	26	41	40	82	27	6	82	10	8	41	20	78	12	94	51	81	21	41	
10	55	94	12	27	46	74	22	94	9	53	85	17	29	62	33	86	12	94	74	80	49	61	83	24	35	58	14	79	58	
2	35	38	36	38	42	19	97	10	98	8	9	8	88	81	51	1	30	62	67	90	39	11	10	73	51	29	18	15	65	
62	81	88	37	4	3	11	57	62	52	20	99	12	92	19	24	58	13	62	77	94	79	11	7	51	20	81	30	9	59	
9	39	18	39	86	10	10	56	62	39	52	6	79	29	86	75	38	13	96	92	66	17	36	40	5	77	45	91	45	28	
13	41	62	19	69	55	64	55	66	17	88	69	70	23	76	67	54	6	9	43	62	90	80	20	89	41	13	36	88	27	
80	56	98	30	5	71	31	57	47	51	34	12	38	55	72	20	59	10	11	85	97	90	76	69	21	35	42	11	69	70	
92	85	99	99	46	24	86	2	31	86	31	75	87	3	62	53	8	47	67	70	99	27	24	70	91	32	41	8	45	91	
35	82	18	72	54	76	98	32	77	48	65	69	96	50	13	84	26	64	4	86	1	69	84	93	8	14	6	96	35	91	
91	10	78	72	49	4	88	7	54	29	75	65	42	30	61	57	12	23	69	2	12	93	97	2	56	40	24	48	69	56	
77	83	68	51	74	52	30	1	42	1	93	33	50	17	57	26	15	36	16	26	68	89	71	26	82	47	65	65	8	75	
21	84	76	73	4	12	88	94	56	92	7	54	25	54	88	8	7	11	94	38	85	83	53	87	41	55	37	72	84	39	
80	72	85	84	55	40	10	55	34	65	64	36	9	81	85	33	84	2	39	83	33	75	14	51	25	93	99	52	85	18	
17	28	73	93	78	65	12	29	100	18	98	27	77	42	57	83	84	42	70	55	73	50	21	76	5	62	29	20	60	27	
40	61	28	98	77	23	27	78	96	67	49	89	30	83	67	28	42	87	44	52	18	71	94	34	30	81	61	72	24	46	
97	90	83	4	97	10	70	14	85	71	66	59	100	62	36	1	43	32	14	30	79	61	40	27	25	45	87	85	53	28	
10	61	96	96	49	3	28	51	95	34	47	61	67	84	6	47	11	53	24	65	66	83	30	95	97	69	95	94	81	36	
38	71	11	99	76	81	40	15	68	60	4	83	49	22	39	59	96	17	55	12	91	20	85	35	81	43	83	30	43	70	
55	40	61	85	99	6	7	30	93	36	75	28	45	53	88	80	85	7	56	4	89	16	71	16	5	90	76	56	36	18	
37	55	38	82	28	6	87	17	69	74	31	53	8	4	86	61	71	91	42	41	71	76	47	50	88	97	3	35	39	84	
59	17	22	71	70	40	60	74	49	27	6	89	19	99	46	16	12	77	70	61	34	61	77	88	31	34	7	35	78	22	
70	25	68	28	46	98	95	58	77	12	27	26	71	51	57	65	10	4	18	14	74	60	48	54	94	33	24	28	99	58	
100	32	57	8	71	49	67	10	12	99	39	41	12	73	8	57	13	56	36	19	23	89	39	79	37	64	34	83	74	64	
88	51	98	81	16	53	45	14	27	21	98	20	41	29	92	80	75	50	98	23	13	78	29	64	79	11	93	72	24	86	
45	63	79	82	79	16	82	44	56	65	70	74	28	20	61	56	39	90	23	62	53	23	15	93	63	77	25	51	99	26	
98	34	81	7	8	45	20	65	1	92	94	31	19	29	27	8	90	29	73	77	45	58	97	11	15	96	38	50	98	59	
52	49	79	50	79	29	26	78	9	13	99	10	22	41	34	83	59	64	95	17	51	56	87	37	55	12	80	39	68	88	
20	83	64	45	6	3	33	66	17	4	29	92	69	30	4	81	8	91	100	35	54	24	28	3	29	11	91	22	40	13	
11	56	87	64	74	80	100	77	53	28	37	43	30	77	39	24	60	73	36	1	5	1	9	38	55	62	30	68	64	88	
2	51	74	77	17	80	67	95	62	68	22	69	79	40	17	29	78	63	14	7	42	42	58	27	61	11	54	73	50	17	
19	18	81	89	96	94	21	94	74	77	10	99	96	55	39	77	73	19	64	57	11	9	63	100	65	12	74	30	9	28	
21	25	8	81	91	87	71	81	100	71	81	39	13	51	51	95	72	100	28	96	34	52	5	74	46	70	60	46	20	56	
46	99	48	28	78	13	78	12	75	12	64	9	93	8	3	72	56	98	26	69	30	11	87	64	58	65	60	93	88	54	
39	9	42	58	71	43	22	29	71	97	82	41	17	95	89	81	32	38	57	79	6	75	77	13	21	55	29	100	48	55	
36	2	75	65	98	5	1	89	12	49	43	82	50	95	69	53	75	41	15	97	68	37	59	38	3	9	31	79	10	26	
31	34	81	38	4	59	5	36	2	70	79	58	24	15	49	13	39	100	48	30	62	80	44	6	57	78	68	36	28	34	
69	6	16	65	51	41	9	48	75	23	75	78	80	48	15	60	25	1	88	6	92	24	52	32	5	52	81	91	58	70	
86	54	71	42	19	77	89	20	20	17	64	50	19	78	31	42	28	68	33	50	18	49	46	56	32	93	75	97	14	74	
79	74	43	3	50	81	61	76	48	98	79	7	4	85	90	89	35	81	10	72	81	44	73	5	47	42	28	39	6	56	
89	46	83	96	36	79	96	95	37	41	28	60	92	45	79	65	9	83	69	24	43	32	22	99	16	13	38	33	22	90	
31	33	85	4	11	49	2	100	16	84	52	48	28	45	45	29	66	32	39	45	53	84	42	44	66	39	75	21	28	17	
23	81	20	83	27	2	83	41	91	59	94	80	8	46	81	82	47	9	20	71	89	33	50	44	62	71	99	51	75	77	
81	31	47	81	23	48	57	6	51	47	60	68	62	99	48	66	19	78	70	98	9	95	22	1	93	49	61	79	3	25	
23	53	85	3	94	34	99	39	82	99	6	20	80	55	57	41	30	12	73	6	70	19	13	82	79	49	66	83	73	30	
96	20	91	18	87	20	12	11	36	48	95	90	89	95	69	55	9	26	82	84	24	93	91	19	64	73	91	91	60	20	
39	56	14	32	40	39	7	3	53	58	62	63	99	14	4	84	78	74	20	82	44	15	28	44	41	25	94	13	22	41	
48	63	92	27	27	65	1	45	35	43	61	25	6	64	23	31	6	33	75	66	85	81	9	52	80	87	88	90	88	40	
17	47	73	58	42	93	84	72	3	10	77	45	60	93	74	59	57	29	4	71	63	99	96	71	21	3	17	45	95	98	
76	92	31	83	16	77	42	84	50	39	85	88	58	96	57	62	92	56	32	5	73	25	11	35	29	84	87	29	18	18	
68	17	4	47	56	23	65	13	31	22	15	39	28	86	21	69	22	99	27	83	57	22	27	48	8	100	36	28	3	89	
60	63	89	34	23	27	41	38	64	10	11	47	49	40	15	77	75	71	9	69	91	40	59	76	67	59	28	59	66	31	
34	87	55	24	20	6	65	50	42	40	24	15	61	65	31	66	6	56	88	23	15	25	48	43	75	3	36	28	32	36	
97	17	63	35	31	48	83	69	94	86	77	10	18	81	20	86	66	33	94	87	91	20	76	64	10	56	56	40	80	71	
16	91	67	47	82	2	79	16	75	47	27	1	73	43	65	67	70	47	40	14	70	38	25	87	57	77	58	63	18	26	
44	97	8	43	87	35	76	23	28	67	88	15	46	33	83	59	6	2	37	36	98	39	82	10	26	16	72	71	75	32	
46	49	15	25	48	98	5	38	24	22	5	18	34	39	77	85	77	10	45	57	35	41	17	89	51	49	33	90	98	13	
96	15	7	2	70	12	84	10	33	97	7	16	76	80	17	37	99	44	54	13	98	53	78	33	8	61	9	70	75	41	
82	4	23	29	70	24	81	66	83	28	44	26	80	96	94	82	1	90	36	88	43	31	16	93	43	1	99	13	66	34	
20	50	26	40	8	100	14	87	76	94	23	47	80	46	99	42	10	87	1	13	16	12	7	64	31	46	50	21	54	6	
13	15	63	77	13	36	85	17	63	99	54	17	39	53	7	18	21	10	90	8	35	28	68	76	39	57	13	75	79	49	
33	73	59	4	73	29	30	21	47	5	6	73	7	42	50	28	16	60	89	49	99	20	29	1	90	88	34	9	44	33	
22	69	69	52	90	9	86	66	23	56	55	54	34	76	49	13	9	49	7	18	12	46	52	28	65	73	100	16	21	96	
73	55	63	64	48	97	54	47	41	42	34	6	88	17	68	48	98	72	8	87	44	90	73	1	62	28	85	64	5	64	
30	54	71	6	93	47	12	18	61	57	31	78	40	54	42	35	59	82	59	80	72	12	31	26	17	82	69	63	6	14	
57	87	44	28	63	42	10	50	40	1	74	91	35	81	73	67	1	98	71	5	79	40	95	42	53	88	91	6	60	37	
8	6	40	31	48	53	93	62	40	21	28	21	34	57	11	92	29	24	21	96	41	93	43	29	33	82	48	10	3	88	
25	19	59	13	14	91	24	41	68	30	57	55	48	77	19	36	85	14	12	94	34	71	68	90	23	10	32	56	42	31	
26	97	45	5	7	87	64	3	84	77	17	39	15	9	29	23	9	7	41	45	30	49	9	93	77	77	98	12	47	68	
62	46	31	51	27	70	100	64	48	68	87	16	84	37	87	59	33	66	70	50	8	73	7	16	28	32	31	81	69	62	
22	41	20	53	58	28	69	66	90	23	56	84	9	66	4	55	57	41	66	57	49	98	98	31	7	41	89	18	38	38	
76	54	92	40	4	67	32	31	3	39	49	53	63	36	2	83	94	46	25	27	71	70	79	22	47	70	77	18	11	50	
79	53	38	16	7	49	67	68	93	37	7	10	68	26	81	20	40	92	14	17	19	100	92	4	74	18	90	31	47	4	
58	71	70	93	72	73	69	100	59	11	75	29	7	97	41	14	26	40	56	88	35	77	55	5	49	11	94	22	12	34	
47	30	87	7	45	46	46	81	47	93	2	62	81	7	55	92	2	89	35	48	32	79	6	33	13	46	14	35	62	31	
24	34	39	94	88	81	90	24	15	87	53	87	23	100	16	11	81	74	64	54	18	21	63	18	91	2	24	11	4	4	
42	44	47	83	57	26	19	24	69	96	32	47	99	15	14	41	78	54	19	44	19	90	89	69	82	91	73	51	54	43	
21	73	47	17	5	94	62	59	31	18	69	41	92	18	9	21	15	29	82	94	41	30	11	69	31	21	8	40	41	37	
93	52	71	92	16	91	94	87	18	89	28	78	42	27	5	60	67	33	11	8	49	78	73	15	4	55	20	74	97	21	
14	47	75	52	69	60	57	16	81	25	73	24	66	88	5	62	5	12	73	42	60	54	14	11	77	91	94	24	52	86	
38	20	26	42	18	92	15	9	83	78	74	25	3	35	53	52	29	63	36	87	67	33	28	79	86	63	49	95	37	87	
19	82	75	7	78	78	59	83	29	31	45	93	15	26	72	3	81	58	14	45	19	76	40	66	66	59	16	5	90	94	
61	73	46	55	30	18	17	82	14	47	92	71	56	59	46	65	67	96	91	18	81	93	42	24	94	45	42	82	40	53	
12	33	97	10	11	59	34	7	25	2	23	66	98	23	35	54	60	65	22	58	42	92	50	41	1	22	27	62	44	68	
15	24	83	8	91	21	48	76	56	28	19	95	74	13	9	28	67	50	56	47	75	25	14	24	91	99	99	27	9	60	
12	1	76	33	62	2	85	68	20	16	30	80	95	69	67	75	76	10	91	45	95	22	32	100	99	90	11	6	89	74	
34	76	99	46	48	4	70	36	89	65	75	77	71	19	56	91	49	6	15	73	63	69	57	87	47	56	33	2	23	11	
42	92	91	66	75	61	74	25	46	73	53	37	74	5	20	78	91	42	46	24	94	97	84	89	85	93	57	53	24	48	
29	81	3	96	72	34	82	23	95	17	36	21	2	84	99	54	12	88	43	37	52	2	77	19	61	97	100	97	94	26	
9	72	48	56	20	83	1	11	95	24	49	47	34	6	100	61	100	51	88	69	73	24	37	24	77	81	82	54	90	15	
2	93	6	34	13	16	49	17	58	42	58	77	31	95	84	37	43	10	35	63	3	73	61	81	3	6	13	84	68	47	
26	46	65	20	69	27	51	77	57	57	91	7	43	68	94	34	3	56	23	37	42	12	29	97	62	65	39	87	88	53	
51	24	97	42	3	32	57	13	99	96	93	31	71	62	23	42	92	98	7	43	24	75	80	93	35	84	94	71	9	17	
68	46	62	85	75	60	84	9	62	17	80	17	88	84	56	59	24	4	9	17	95	46	41	67	94	46	72	70	66	45	
13	74	68	52	61	91	3	96	47	82	77	95	30	22	43	56	20	41	56	92	56	55	13	59	16	83	78	27	45	44	
77	91	43	70	93	4	24	85	58	69	82	73	40	56	42	65	94	2	21	5	30	72	29	31	62	85	23	77	81	35	
77	65	9	62	55	67	5	40	64	43	32	20	83	72	89	98	35	69	8	7	65	7	54	46	77	72	29	10	100	66	
40	84	64	93	19	9	89	35	86	46	61	22	92	20	64	20	30	74	18	6	10	94	5	67	88	44	79	53	12	14	
81	42	74	85	23	76	74	97	61	43	2	72	81	37	27	97	75	73	29	5	14	41	40	24	65	77	72	20	87	39	
92	6	95	24	31	22	81	51	19	50	98	15	95	48	59	48	45	57	53	22	61	61	35	48	41	84	53	60	39	88	
70	92	24	14	83	78	95	31	3	45	62	79	34	27	20	5	100	15	5	85	70	96	67	16	10	53	30	23	89	25	
19	55	71	63	29	21	3	74	18	88	64	50	14	48	63	38	98	14	70	19	40	48	46	71	97	96	15	100	43	32	
57	28	62	96	83	12	67	63	59	41	1	93	16	95	64	6	14	74	67	85	37	95	73	12	89	55	52	23	64	20	
19	4	69	68	75	93	77	4	89	53	97	11	74	50	88	27	68	9	99	29	9	49	56	87	89	53	75	36	41	44	
55	13	11	58	61	71	34	81	90	82	48	27	44	47	27	67	92	70	93	56	63	15	70	33	59	64	48	24	19	65	
63	38	8	99	71	23	40	59	71	83	73	26	24	16	96	14	3	80	46	68	96	40	40	58	48	71	86	57	14	72	
87	87	94	83	18	42	82	58	76	53	75	65	10	81	96	41	16	100	34	14	72	6	21	76	70	8	86	22	74	50	
62	22	78	98	94	45	5	59	5	20	31	93	72	38	34	17	53	81	26	5	80	7	98	35	39	69	35	62	72	58	
19	55	49	78	31	34	32	18	30	17	60	57	98	70	20	62	60	20	39	17	52	81	78	16	91	99	95	54	14	56	
7	59	28	33	38	75	27	58	14	45	100	5	98	20	13	26	82	1	21	10	81	44	19	75	38	13	43	91	92	20	
91	6	13	48	17	3	2	5	71	80	94	82	39	65	36	45	92	67	10	99	84	29	64	63	48	40	38	87	39	37	
8	58	41	36	32	11	15	41	45	81	17	94	82	96	52	63	42	94	27	14	12	35	45	75	28	93	57	96	85	32	
66	83	73	97	86	77	86	47	1	20	67	47	86	76	36	73	6	14	83	12	2	78	29	99	21	43	72	59	51	87	
59	61	24	49	23	68	44	38	57	8	55	95	31	10	70	16	39	76	58	39	20	21	49	1	99	74	67	22	21	96	
33	56	76	7	22	65	15	88	16	75	8	6	98	70	18	71	13	53	36	85	75	45	64	57	44	85	20	52	80	75	
55	45	49	89	97	80	56	65	21	41	86	75	76	29	77	69	99	85	54	34	85	44	94	20	37	35	46	31	3	22	
95	62	1	98	86	80	92	65	4	41	65	70	70	76	71	61	13	33	47	49	31	52	72	21	38	60	41	88	93	75	
44	62	8	19	84	86	32	86	47	47	28	43	14	19	88	100	83	3	21	69	90	54	46	86	47	32	79	58	72	7	
23	16	3	29	96	38	91	29	74	26	40	8	60	9	53	37	76	12	94	77	10	33	79	37	9	78	16	37	30	69	
59	21	14	16	76	87	54	100	4	25	6	30	61	98	79	42	57	20	74	28	54	100	47	61	55	97	66	10	2	36	
94	1	86	17	92	69	16	32	87	64	77	83	82	4	22	48	85	46	4	35	50	43	70	64	52	82	42	31	31	15	
74	97	79	26	89	100	10	100	93	72	66	11	98	21	75	49	45	29	7	30	83	70	99	30	34	17	10	31	27	70	
30	1	94	76	58	5	95	10	100	96	69	92	51	76	48	47	85	37	87	35	12	65	97	67	87	22	91	8	8	40	
99	31	16	44	59	29	75	97	29	14	34	91	35	14	63	19	19	88	40	87	13	88	97	43	100	23	64	96	27	47	
46	38	74	82	49	99	90	65	29	82	10	96	24	59	91	11	65	44	11	45	68	5	86	18	25	24	93	44	67	39	
64	99	69	72	43	14	17	84	6	66	32	17	71	97	14	89	21	11	22	39	15	49	97	29	45	32	60	53	47	10	
57	93	13	25	73	38	83	27	60	25	83	37	52	41	24	85	23	41	66	47	45	53	44	13	23	32	5	90	83	17	
75	73	76	4	26	35	33	37	10	74	13	38	17	62	34	82	32	27	81	58	40	5	70	77	85	100	14	17	75	35	
97	52	9	87	57	94	23	90	53	75	43	75	6	97	60	58	94	60	36	47	6	82	97	59	82	92	95	7	33	50	
80	21	99	3	97	79	40	79	24	83	89	22	99	25	86	12	61	67	42	84	44	86	28	63	40	15	53	4	90	93	
98	9	77	87	4	5	10	23	45	25	74	48	58	30	6	33	36	40	86	10	57	1	64	40	61	22	77	91	85	99	
57	47	99	23	72	97	44	14	44	67	15	30	51	11	36	61	51	58	37	37	33	80	96	27	7	48	14	19	84	41	
36	84	26	25	9	52	15	67	100	6	97	44	88	15	65	58	69	21	43	61	10	19	93	35	85	11	81	83	99	9	
37	87	74	92	90	10	61	75	97	57	59	74	63	29	59	32	19	63	84	41	6	21	89	49	82	25	44	40	8	60	
88	61	81	31	62	86	64	42	1	34	66	55	34	49	50	19	15	21	89	69	70	46	35	7	19	85	40	4	68	6	
74	12	57	20	46	71	48	26	26	38	26	39	27	13	64	71	4	62	77	97	47	23	49	82	51	62	32	53	96	42	
81	9	3	94	78	67	10	62	73	68	96	58	92	75	50	99	65	69	59	81	30	42	62	83	5	3	97	51	28	29	
84	13	12	6	85	83	11	89	16	67	20	45	8	73	34	17	93	25	58	58	12	17	32	58	28	64	89	37	95	21	
86	15	54	39	56	72	50	70	83	92	16	20	41	72	52	32	50	3	6	3	54	82	46	65	68	78	99	17	53	46	
90	61	64	97	9	50	65	31	54	44	16	10	90	8	41	33	81	26	11	55	11	29	62	41	98	33	70	61	82	36	
5	40	5	46	41	9	93	8	20	76	23	25	92	29	75	19	72	88	66	3	88	22	63	51	69	48	15	79	78	68	
77	48	74	50	38	61	84	80	70	52	20	78	91	72	85	37	29	32	24	22	92	33	39	68	75	42	24	66	63	20	
84	88	96	93	72	29	54	74	83	89	76	97	70	1	18	57	53	12	6	1	100	66	75	9	62	13	45	28	93	95	
64	3	7	27	27	35	50	71	96	72	36	99	96	1	69	21	78	13	5	8	9	73	33	81	74	70	2	92	87	18	
95	28	86	61	89	69	15	49	56	26	22	11	8	45	84	51	69	79	92	80	53	50	10	76	73	53	54	93	48	70	
3	28	71	99	39	37	53	52	30	97	43	2	53	88	99	12	18	59	15	82	31	97	49	26	41	78	79	88	7	65	
86	47	31	27	16	70	76	61	46	26	90	38	62	21	72	43	29	8	13	65	11	54	53	29	29	68	11	59	76	45	
88	28	13	87	10	93	27	89	36	29	77	28	34	68	77	53	21	7	82	85	41	28	19	99	71	51	53	3	42	63	
59	1	22	90	33	97	88	35	14	94	33	94	15	62	6	43	93	41	37	37	14	90	38	50	29	26	5	99	21	92	
68	66	85	86	48	20	73	67	2	94	40	99	32	95	86	87	10	35	74	25	11	80	29	24	97	34	77	62	10	95	
60	71	28	68	45	6	60	9	27	51	74	60	10	12	29	65	55	81	55	76	62	54	12	29	15	99	96	52	66	28	
79	80	92	88	46	93	15	41	19	6	86	74	6	43	95	43	51	76	66	10	71	27	47	31	4	7	43	67	41	84	
92	30	95	77	83	99	18	33	60	57	28	83	21	87	85	25	96	38	87	87	99	55	80	34	25	60	14	3	31	11	
11	98	72	98	48	55	71	63	44	84	56	80	9	15	26	80	67	4	20	52	72	18	81	64	81	22	67	78	95	72	
69	85	30	82	81	67	31	33	54	25	44	31	53	57	95	47	95	87	4	38	15	17	95	7	90	8	30	63	73	75	
3	47	66	19	98	48	44	42	79	25	49	69	43	24	33	81	50	62	65	81	32	85	22	22	28	27	45	49	51	25	
84	69	45	7	42	6	96	84	20	94	86	19	72	55	28	60	88	14	69	96	60	38	83	72	60	42	63	68	69	25	
28	77	87	96	14	13	62	5	86	55	53	67	85	76	39	54	71	95	88	22	33	19	68	29	6	18	49	13	35	62	
44	93	86	85	67	18	90	57	96	50	98	11	24	5	39	27	34	12	76	62	44	5	69	80	93	71	68	17	34	59	
93	68	36	96	99	46	58	5	12	2	37	43	27	37	56	69	85	73	97	67	7	87	45	73	90	90	91	17	25	16	
43	41	56	59	70	24	41	48	47	68	81	64	84	9	25	85	66	41	75	50	39	67	72	87	33	100	80	66	14	16	
45	42	79	54	77	74	70	3	63	8	16	16	37	84	87	28	44	35	41	52	93	17	62	42	84	83	20	5	47	11	
58	31	24	45	34	42	76	10	36	46	5	12	37	28	59	14	13	67	8	76	89	23	46	71	64	14	2	33	29	56	
42	7	46	53	10	20	48	30	96	27	60	53	96	14	70	48	88	17	57	56	81	42	75	32	50	51	3	33	22	91	
24	58	30	38	88	73	32	3	14	37	74	55	22	39	30	92	48	76	24	38	93	61	68	10	90	58	87	49	37	21	
20	83	46	18	86	33	18	32	81	54	16	83	30	21	6	69	37	12	71	49	50	52	11	39	64	29	75	37	39	47	
79	66	84	3	86	36	39	87	94	34	32	5	65	28	76	43	67	52	27	56	34	17	31	84	44	9	41	89	17	54	
15	54	29	26	46	29	56	29	45	45	46	14	39	88	29	45	87	29	67	5	74	90	21	3	39	61	80	93	23	24	
20	31	42	36	63	55	59	11	85	32	99	83	27	78	14	95	45	77	3	40	48	27	33	16	80	8	89	56	19	65	
2	20	69	87	61	97	9	18	65	83	97	65	26	76	65	16	71	10	84	76	38	28	92	77	37	60	8	10	18	20	
9	42	86	43	51	43	24	73	75	23	82	83	42	56	38	32	60	9	11	65	46	91	6	20	41	78	84	37	73	44	
81	46	34	64	16	19	75	45	94	54	13	70	93	66	94	14	82	12	40	60	79	80	60	57	75	21	40	31	52	42	
98	34	64	21	74	22	27	46	64	8	20	31	34	94	86	3	41	45	67	52	8	19	94	75	57	18	83	50	21	80	
99	49	75	57	81	54	21	90	38	7	18	28	38	82	20	72	45	100	10	40	57	83	62	12	12	62	66	82	16	51	
92	56	3	69	40	3	96	20	14	70	20	49	26	29	99	55	69	100	15	28	85	4	48	54	77	36	65	5	2	58	
78	50	53	25	79	42	51	78	10	48	35	19	94	38	83	60	52	51	51	54	90	27	39	39	47	52	36	51	33	24	
5	33	39	12	92	41	75	36	37	34	35	30	18	41	29	57	58	96	21	34	92	29	28	97	87	36	26	10	16	92	
80	3	16	31	45	11	69	37	20	42	80	10	75	49	73	47	89	37	66	66	41	95	13	95	36	22	78	67	63	83	
62	73	35	3	91	57	12	11	27	96	32	94	19	98	1	45	26	78	91	44	4	12	17	54	74	22	54	13	19	25	
83	4	88	48	29	62	60	69	61	76	80	8	33	31	11	62	89	75	62	6	86	33	83	56	4	60	79	7	54	28	
94	81	65	8	91	46	33	21	33	53	4	68	54	35	29	73	43	82	89	51	49	59	6	12	55	97	36	21	12	41	
69	90	60	79	55	76	55	39	65	33	86	57	61	74	31	82	86	12	83	7	99	56	3	85	71	25	65	80	15	92	
1	34	61	11	28	95	2	68	76	86	57	28	46	35	87	8	53	33	31	44	44	80	100	79	92	79	65	47	92	36	
45	86	26	88	12	47	31	42	46	55	14	17	75	83	13	97	79	42	33	60	97	85	22	30	79	87	80	94	65	48	
96	37	51	2	22	60	89	58	32	87	22	53	60	38	8	43	88	35	25	25	23	78	90	63	7	67	45	41	2	38	
13	7	74	47	1	77	35	54	60	73	63	10	75	59	4	81	81	94	70	27	60	29	47	72	48	98	77	61	70	28	
88	31	15	12	22	55	99	30	59	69	57	62	49	80	37	21	52	72	89	78	7	91	53	9	17	46	85	71	44	75	
45	61	64	37	94	99	26	72	20	62	91	55	48	62	9	68	67	74	86	90	76	77	96	58	31	29	93	56	59	4	
43	62	19	35	56	67	22	88	12	22	9	88	92	94	77	41	24	30	54	62	88	98	82	93	5	88	75	26	63	89	
85	6	34	41	56	35	66	90	47	44	32	65	77	9	88	67	81	51	89	82	21	22	55	69	63	61	61	70	73	84	
6	39	23	69	78	20	24	25	3	26	69	29	57	94	17	40	76	94	79	96	56	81	65	94	80	26	96	96	52	55	
45	22	8	36	58	25	86	7	2	79	35	51	77	72	51	100	9	14	56	30	27	73	66	62	30	9	5	87	59	20	
46	75	82	25	67	57	52	67	43	15	10	92	46	16	18	77	99	55	41	87	88	24	53	24	98	77	64	48	7	62	
86	40	84	38	21	36	84	41	51	53	52	43	74	74	68	2	15	68	96	36	80	38	99	8	49	22	33	31	74	74	
13	8	8	43	78	81	9	52	92	62	98	12	1	83	48	41	17	17	62	49	91	42	11	55	39	54	51	72	18	39	
53	36	85	97	57	79	82	75	67	72	81	22	97	13	55	19	84	34	93	97	22	57	71	9	61	15	75	18	80	80	
53	57	60	57	78	81	13	47	35	40	95	5	76	54	12	74	25	16	100	81	99	90	100	46	72	81	95	62	82	43	
3	92	27	53	24	74	83	71	69	91	58	37	56	82	65	86	43	9	39	57	41	77	25	35	78	89	19	63	17	15	
38	62	24	10	72	48	45	31	38	13	27	46	21	85	39	64	71	73	43	92	26	54	14	31	29	93	62	87	95	90	
66	35	93	95	87	76	70	29	67	14	21	37	65	22	44	32	20	23	80	33	98	85	22	80	85	70	57	68	99	78	
37	18	23	65	60	94	8	12	35	12	53	90	70	91	50	10	33	90	58	54	3	52	30	58	42	46	55	47	99	68	
4	48	20	44	84	90	71	54	75	64	79	57	99	93	59	53	50	26	15	72	42	65	15	7	90	29	2	80	76	21	
88	8	64	11	4	35	68	49	50	13	61	78	25	29	15	55	41	29	53	62	59	1	80	57	6	85	66	8	26	74	
15	41	80	25	76	92	26	43	48	87	77	41	32	28	37	35	59	45	20	29	91	82	47	53	32	14	10	84	66	53	
7	1	13	2	31	11	97	44	61	40	88	55	88	55	42	85	56	84	64	39	36	18	5	86	79	57	25	47	85	58	
22	79	21	92	10	89	57	58	20	58	22	11	63	86	71	14	82	92	5	18	73	68	1	75	77	10	18	92	83	100	
49	44	51	25	27	79	97	13	82	94	27	1	24	35	14	39	21	76	32	23	32	3	3	77	79	91	57	78	84	2	
28	38	75	86	28	33	25	19	39	79	29	6	68	19	92	84	45	59	20	39	84	41	6	6	2	17	29	37	92	67	
38	79	90	77	47	79	9	30	16	51	23	38	44	15	38	90	36	91	19	5	30	4	99	53	19	32	29	65	33	94	
54	67	3	84	93	28	65	25	78	28	83	11	86	35	62	37	81	60	71	35	73	38	61	75	71	17	94	72	97	48	
41	70	91	87	75	52	62	32	65	98	79	15	66	67	64	74	14	100	6	80	46	20	83	94	3	3	18	28	23	38	
66	66	55	92	48	31	43	35	89	24	90	79	36	22	82	72	61	46	13	91	59	58	20	90	80	100	89	53	99	10	
94	74	15	73	17	90	15	47	18	70	26	17	26	48	57	35	38	73	48	15	44	4	30	37	54	58	81	36	63	94	
46	59	44	49	13	31	8	6	70	64	93	47	36	26	79	88	67	25	11	50	82	15	21	85	50	71	86	19	66	32	
81	11	19	71	5	62	56	44	80	33	28	40	63	100	20	72	95	56	21	72	100	56	58	59	53	63	31	31	47	13	
18	13	23	3	79	18	79	53	15	69	53	39	81	100	49	33	66	63	28	64	15	68	45	81	25	61	88	33	41	53	
34	40	14	45	29	41	92	24	17	14	51	81	11	23	57	53	62	80	53	42	35	24	21	1	35	91	83	17	50	25	
20	41	78	13	29	44	99	8	48	33	48	54	80	93	38	46	20	13	22	67	38	97	13	52	55	79	22	6	51	42	
6	25	96	75	92	75	37	69	24	29	94	69	82	64	17	17	21	8	23	30	38	26	44	17	100	39	34	82	12	72	
58	37	34	34	74	43	34	87	64	65	26	100	2	56	19	92	63	24	98	33	68	66	57	75	85	2	37	86	8	42	
91	35	20	37	20	24	25	97	63	35	14	87	19	52	52	58	65	67	77	62	96	61	77	23	43	64	42	79	19	97	
91	16	7	31	73	99	42	34	17	93	21	81	40	36	96	58	32	95	63	24	28	60	34	99	85	27	9	64	30	32	
80	84	58	34	83	94	40	86	6	65	82	79	36	96	62	3	86	35	18	75	78	95	96	34	29	29	76	64	15	27	
47	74	67	39	89	41	55	82	37	63	58	21	24	75	20	65	8	5	63	48	19	99	4	76	49	99	38	13	39	8	
35	10	82	77	20	21	40	57	80	66	18	6	84	34	63	29	74	63	49	58	4	16	46	37	69	40	62	24	7	63	
44	9	52	96	6	16	18	47	3	78	5	30	29	78	5	36	32	73	50	90	42	41	93	14	95	14	52	98	32	84	
85	77	17	94	99	33	65	4	38	49	43	65	43	55	70	51	61	86	97	71	6	66	30	14	2	89	22	94	69	74	
6	12	64	1	60	82	38	29	52	48	49	54	74	4	29	40	31	62	24	30	24	43	89	96	6	62	94	46	59	50	
68	81	18	7	44	84	87	7	32	57	86	37	85	8	66	60	79	13	6	50	62	50	96	42	36	54	6	1	3	29	
78	72	18	33	5	22	80	10	53	84	10	28	33	14	63	77	42	6	62	6	35	41	30	26	1	54	17	3	45	50	
56	5	60	2	31	45	14	76	94	11	34	73	75	54	54	28	15	2	46	92	89	24	16	52	62	28	79	16	8	20	
72	77	52	32	48	78	30	46	79	90	29	2	19	17	96	92	72	54	69	35	11	44	36	10	79	97	33	90	95	37	
67	55	63	59	84	12	50	2	31	86	65	91	56	77	42	98	100	85	56	61	49	99	91	88	92	48	68	76	82	65	
60	31	89	7	94	100	41	46	98	24	39	100	19	52	41	98	33	27	3	61	22	92	75	64	4	26	53	63	64	36	
6	33	29	47	31	72	36	91	77	46	84	62	97	28	78	40	38	89	99	60	34	56	5	96	14	28	28	24	74	94	
39	42	2	82	24	54	71	67	45	5	1	39	64	70	1	38	2	48	20	64	88	93	93	83	46	57	4	64	5	48	
23	81	9	57	84	16	40	2	97	70	23	41	89	18	91	98	28	99	6	48	83	17	68	70	58	9	1	94	19	95	
18	72	68	81	73	90	21	66	1	53	67	40	56	56	9	63	55	52	10	6	12	71	99	13	95	43	39	50	9	51	
5	87	48	34	74	64	60	96	65	93	64	5	72	50	96	45	69	86	14	50	37	63	1	98	48	100	58	80	4	31	
95	50	64	70	25	9	85	80	82	88	60	81	79	8	37	94	69	57	97	95	19	67	15	23	56	96	22	58	39	77	
71	83	23	92	93	57	62	16	28	85	10	21	17	25	92	12	48	79	93	51	60	97	98	78	68	17	23	53	85	23	
72	22	23	70	76	23	96	76	8	29	27	69	45	76	42	27	82	11	69	69	16	64	44	17	15	65	27	49	74	66	
8	90	52	3	21	80	11	3	85	79	6	43	59	94	82	5	74	5	33	80	11	12	100	40	59	43	51	19	56	44	
11	11	73	20	55	40	15	42	12	59	48	89	16	38	71	83	78	46	8	32	17	86	70	41	3	78	59	91	56	12	
56	88	36	39	42	49	49	34	33	99	86	36	21	91	34	25	67	92	77	42	58	39	86	7	55	47	85	62	90	17	
16	40	66	39	81	43	33	92	15	55	22	95	10	97	68	57	44	78	28	46	11	19	94	88	33	74	77	7	56	85	
89	16	58	14	35	25	60	94	92	35	23	100	30	67	44	39	68	99	47	36	49	64	31	90	93	9	25	14	84	15	
78	7	36	93	2	24	42	44	15	17	100	92	47	25	74	1	83	53	19	80	22	51	99	2	14	42	51	63	85	77	
73	9	83	19	35	64	8	1	39	50	46	11	21	12	54	71	57	87	100	44	19	49	40	19	1	5	35	19	64	22	
7	2	64	76	96	45	98	69	29	69	55	86	27	29	47	46	24	84	15	5	35	11	2	58	83	28	95	20	71	90	
8	62	18	69	75	93	97	79	29	79	39	16	37	29	16	51	46	24	85	45	73	33	19	67	78	35	74	66	14	91	
26	83	51	38	79	54	68	67	18	74	91	59	88	74	90	42	89	44	78	32	49	67	27	73	5	84	76	80	74	33	
34	98	31	41	69	11	64	9	19	70	54	17	82	77	67	83	33	9	23	100	67	91	53	48	67	65	28	21	16	56	
61	57	1	90	76	33	18	61	3	30	75	78	34	97	85	17	60	15	10	54	62	92	88	65	84	82	68	31	73	78	
50	8	61	86	29	98	94	62	89	4	90	81	76	92	93	29	35	79	99	79	78	89	18	44	95	42	37	83	75	13	
68	84	2	88	92	8	22	46	52	13	12	87	99	90	87	31	89	34	21	2	52	77	20	23	6	47	86	5	54	73	
82	86	33	19	28	44	56	64	59	66	88	37	65	4	77	41	15	87	3	67	28	23	39	10	65	23	27	73	59	31	
22	70	12	66	79	98	71	72	8	32	24	19	38	59	29	17	88	54	49	24	62	78	78	30	41	30	16	90	28	44	
16	72	14	40	14	34	71	6	81	79	56	9	86	96	36	43	68	63	45	13	88	67	96	63	20	31	21	21	97	63	
3	81	66	12	60	74	83	25	76	2	84	10	57	63	8	86	76	16	51	73	14	14	92	95	26	27	66	61	27	100	
5	6	74	78	53	71	82	43	88	11	63	55	22	93	81	23	95	35	66	10	16	5	97	73	22	80	87	5	100	50	
95	93	59	71	69	3	33	16	66	97	76	64	76	8	77	28	78	3	34	65	48	6	71	1	9	63	81	27	20	22	
65	24	9	69	92	94	93	7	66	32	66	55	39	17	31	26	86	22	99	4	41	55	36	52	86	66	82	78	29	47	
53	90	23	31	85	69	15	8	2	83	8	99	13	8	46	73	23	20	29	44	40	59	5	94	46	75	12	8	36	23	
31	92	14	56	57	37	72	67	25	96	59	18	30	17	40	22	88	56	61	51	99	42	85	98	65	96	76	19	9	54	
55	2	75	86	26	81	34	56	93	44	48	63	98	45	34	5	37	92	50	35	52	18	5	64	54	11	61	75	88	37	
32	30	92	68	24	90	66	76	59	98	24	49	7	99	24	52	62	32	82	98	87	81	37	22	18	58	72	28	62	55	
90	45	51	62	65	7	6	27	81	21	57	40	81	4	43	54	24	74	12	34	57	8	35	30	100	10	37	67	33	95	
92	70	8	90	4	51	60	16	65	54	64	73	62	85	4	11	6	7	36	99	10	7	80	90	59	98	40	3	34	4	
39	70	22	6	23	25	40	52	48	8	55	69	71	80	15	80	17	93	92	3	25	16	13	79	74	72	58	62	78	45	
96	25	25	23	40	82	94	93	59	47	53	69	9	26	5	17	28	24	13	45	4	65	34	56	5	29	51	54	89	49	
50	47	89	70	75	44	78	23	87	39	73	2	27	1	85	100	59	41	9	82	14	73	58	53	84	93	30	18	100	24	
3	31	11	37	55	22	57	3	41	75	3	54	86	82	83	46	46	31	9	60	38	6	38	23	27	27	99	84	96	58	
63	22	68	37	62	72	39	70	55	79	69	60	2	59	62	3	91	66	13	92	50	12	66	40	4	21	54	60	66	67	
67	25	30	4	21	18	91	96	66	90	34	35	65	22	79	29	1	73	17	92	57	26	71	92	39	35	96	90	16	63	
6	46	63	30	75	74	78	26	81	60	66	90	77	69	5	7	95	93	23	87	24	23	50	53	48	46	32	76	58	74	
75	48	95	84	8	95	8	36	21	1	41	89	68	62	67	48	18	53	89	35	19	10	48	77	73	6	68	86	8	79	
3	8	94	67	8	42	21	42	4	86	48	60	3	58	100	45	2	20	71	47	71	62	31	2	41	100	81	80	48	77	
4	64	37	30	63	25	22	63	36	24	68	24	87	10	34	84	37	68	90	76	64	38	70	30	5	95	59	42	7	19	
16	75	69	22	30	35	94	25	73	64	23	36	70	35	17	15	79	98	65	87	77	78	10	32	85	80	59	4	51	14	
38	95	35	11	41	79	25	79	11	48	88	64	75	56	20	13	38	16	94	97	3	34	64	73	56	95	82	96	15	43	
67	28	83	53	2	57	29	57	98	86	15	96	24	20	80	14	44	3	19	59	86	80	74	44	52	45	39	71	86	1	
42	22	81	75	4	28	36	94	77	45	13	32	46	27	9	7	94	95	20	17	83	6	36	8	92	87	76	58	26	6	
88	43	68	45	24	69	92	80	83	62	33	62	19	41	18	64	10	2	37	82	23	80	10	77	59	56	47	5	16	100	
77	70	21	19	41	14	44	85	5	17	9	20	5	22	10	69	62	72	60	56	57	69	41	2	49	10	33	73	12	26	
4	3	89	2	81	73	73	91	73	27	3	60	78	77	20	55	52	36	63	89	31	30	26	6	95	85	99	95	32	47	
87	28	96	67	34	58	44	48	36	58	100	11	46	72	55	80	16	66	44	50	31	53	90	20	8	78	3	35	57	96	
92	81	68	25	53	72	14	95	85	5	21	57	79	1	91	62	44	38	43	11	78	35	74	36	62	17	10	73	51	81	
30	47	42	55	15	7	73	26	47	100	96	95	62	88	92	69	33	52	45	94	99	1	54	39	66	32	90	57	54	23	
70	92	27	6	46	26	28	4	94	5	5	49	59	59	33	53	70	71	25	88	5	81	14	82	28	58	2	99	24	69	
18	19	8	42	43	60	16	42	79	96	99	6	3	31	100	12	36	10	85	71	26	49	1	78	21	96	64	32	39	52	
66	9	68	78	65	89	82	49	99	2	4	13	24	99	37	28	71	15	81	36	73	53	17	36	88	6	93	44	35	66	
19	56	24	24	6	24	61	84	85	50	32	79	6	61	37	9	12	18	6	44	53	7	39	77	77	92	91	64	44	65	
4	10	82	85	87	75	97	9	36	58	31	58	46	92	3	41	70	24	23	49	87	70	12	43	49	11	86	85	78	57	
55	41	83	69	3	69	47	93	17	57	75	45	45	89	74	93	45	69	8	45	87	11	11	57	98	31	45	72	25	59	
5	29	21	74	100	91	34	56	96	11	90	3	1	56	86	91	92	40	30	13	37	10	71	98	5	66	95	60	46	82	
81	27	43	11	60	49	39	45	60	12	29	60	32	52	10	58	90	65	96	46	88	24	3	64	3	17	86	17	71	38	
96	94	55	3	49	47	51	58	20	61	4	3	15	45	87	20	26	65	34	82	45	66	60	19	85	100	68	17	26	77	
66	45	99	68	26	98	50	78	89	61	76	8	70	48	17	49	82	19	89	56	69	78	75	53	38	82	59	80	1	41	
64	34	7	5	95	33	62	89	67	48	52	57	58	55	55	39	40	97	11	100	7	75	68	58	68	6	18	57	46	62	
27	85	17	13	40	69	80	87	60	14	16	72	46	7	22	8	58	77	76	8	40	8	53	6	34	85	58	35	56	96	
40	72	60	81	44	22	47	82	99	35	91	92	52	31	25	55	32	1	32	85	76	63	43	35	25	16	39	11	38	16	
27	66	79	60	35	86	3	32	10	52	7	30	12	91	64	28	63	33	24	80	52	47	14	98	10	85	49	47	64	100	
99	22	5	72	89	28	46	94	60	60	19	91	92	78	70	64	40	8	65	96	50	83	30	92	91	16	82	50	40	6	
16	9	78	29	73	46	64	98	25	16	51	13	59	94	18	53	17	1	27	54	79	86	55	61	71	23	70	89	75	73	
10	5	56	33	23	64	74	88	39	28	92	13	45	36	34	59	65	97	78	9	2	91	49	49	45	9	47	68	93	62	
98	3	36	12	3	68	37	75	2	33	83	20	61	19	94	44	36	88	65	52	12	13	93	22	19	10	10	17	72	67	
8	43	84	8	72	95	85	11	33	75	91	18	86	13	33	41	94	86	5	69	19	36	56	71	11	8	16	88	45	100	
9	69	53	67	16	96	28	26	83	1	51	80	30	27	77	62	66	27	92	85	61	60	10	67	29	78	85	92	50	25	
98	33	55	37	94	26	13	98	23	18	64	82	58	65	27	28	77	93	7	94	93	94	99	43	53	3	43	78	7	19	
88	47	49	82	72	99	48	86	43	92	85	97	5	18	99	55	74	49	73	93	97	20	16	9	1	15	86	54	15	99	
72	36	37	35	47	22	39	99	98	8	21	56	50	36	21	22	38	97	31	81	5	34	7	16	99	29	50	64	57	95	
73	66	37	4	14	60	22	57	13	70	25	66	81	98	18	31	5	41	86	8	58	41	49	35	93	87	51	50	69	10	
80	53	99	86	78	79	16	84	24	82	93	87	53	20	57	84	9	90	47	59	32	59	10	97	73	98	24	47	11	57	
71	69	16	18	27	96	2	56	29	1	84	3	52	90	57	61	70	20	72	57	18	41	20	79	37	1	90	82	75	59	
97	30	69	64	10	85	93	46	22	95	34	40	26	79	29	48	86	10	16	40	54	61	51	9	45	95	90	92	71	7	
11	71	62	52	49	52	37	50	52	94	22	89	63	1	34	82	24	92	88	43	44	10	94	92	21	61	28	8	84	8	
79	97	23	51	45	55	12	61	81	40	28	79	49	30	92	24	12	88	66	30	98	35	40	30	22	99	61	17	48	89	
24	11	100	100	4	52	23	93	30	94	66	33	46	6	96	61	29	4	81	21	22	90	9	42	24	98	94	31	25	43	
55	7	79	26	29	92	36	69	12	95	54	77	52	60	81	26	43	27	57	23	80	45	45	93	20	89	86	64	44	22	
76	25	34	85	19	40	35	21	10	3	68	35	94	84	48	5	53	3	5	59	10	67	17	32	46	98	81	95	69	21	
85	46	39	23	52	100	13	63	56	71	55	80	86	93	21	24	100	100	39	93	87	62	42	96	63	10	17	81	65	65	
61	69	6	61	33	43	19	92	77	65	82	18	58	58	46	96	62	13	74	29	19	61	44	91	63	28	37	23	23	95	
91	11	41	68	34	1	43	71	8	64	23	47	67	22	88	80	26	61	27	90	21	72	95	38	93	7	83	49	40	56	
39	3	69	28	67	13	81	84	84	74	15	21	90	60	41	88	59	59	32	100	86	85	49	85	6	48	90	49	87	100	
89	43	26	81	40	33	17	97	15	64	68	84	3	58	56	6	75	82	2	6	53	35	25	60	18	4	93	55	51	78	
87	33	53	41	79	25	56	25	40	56	12	27	44	78	57	71	68	23	61	5	78	1	64	29	46	80	32	77	30	80	
31	78	60	56	63	70	22	12	84	76	96	94	33	55	95	79	16	17	81	68	56	17	86	68	14	76	98	32	24	41	
48	90	71	80	3	85	43	79	88	93	61	92	53	87	28	79	25	63	5	4	49	29	22	43	75	52	27	96	61	38	
72	66	60	21	34	8	15	87	69	30	24	76	82	38	31	18	15	86	23	18	64	27	82	26	89	53	56	88	90	54	
43	12	18	29	13	2	9	83	83	43	45	48	39	34	68	56	54	8	97	90	37	73	100	83	49	54	56	80	1	16	
12	30	4	55	17	34	12	72	12	53	59	77	47	58	44	70	79	90	2	45	42	30	78	35	74	43	42	6	87	29	
99	68	1	95	23	7	73	5	76	51	46	85	30	80	92	66	12	52	63	44	3	41	10	94	26	68	78	80	5	46	
66	98	9	77	20	65	46	79	83	47	25	100	21	71	34	34	27	41	37	80	79	60	84	71	29	85	9	73	52	70	
62	6	65	8	56	38	26	9	88	40	45	2	52	89	22	16	81	37	43	88	14	71	84	21	87	40	80	33	52	69	
7	56	1	26	16	48	31	47	10	3	44	91	85	99	100	44	88	28	49	30	6	13	76	44	29	21	98	92	82	17	
31	92	27	18	70	37	96	56	82	5	90	26	91	82	45	47	54	69	97	78	88	20	8	50	42	95	11	24	74	75	
79	45	61	62	82	9	33	28	72	90	10	27	8	79	6	25	35	92	29	74	97	39	15	13	43	61	65	57	46	79	
36	33	83	9	86	32	98	16	17	95	48	77	62	77	60	57	47	70	58	56	62	57	66	26	66	27	52	48	67	72	
93	22	22	65	14	29	83	37	76	64	48	86	76	84	59	23	47	45	59	23	91	65	63	69	90	64	13	79	100	50	
47	6	13	92	53	92	96	65	11	49	99	85	4	76	24	57	44	90	1	94	70	29	36	65	67	78	89	72	56	9	
46	50	86	35	2	29	81	82	5	57	78	57	72	82	6	42	56	91	57	97	94	9	84	28	83	86	83	1	65	59	
94	1	18	6	83	57	27	86	9	59	22	41	81	92	75	16	58	13	65	37	75	100	1	97	96	19	42	30	65	97	
80	100	1	66	40	1	27	42	89	31	43	18	78	49	59	14	35	18	36	58	22	49	85	4	63	7	64	12	39	16	
73	42	14	8	75	69	84	66	97	53	80	47	50	28	69	77	53	67	21	84	40	76	22	38	68	92	100	19	7	17	
21	95	82	29	13	47	18	50	43	19	65	91	68	83	73	65	7	77	14	84	57	12	10	53	7	100	63	12	23	56	
96	99	84	77	20	25	99	44	20	61	79	83	16	83	24	10	54	85	36	46	74	56	34	47	86	30	33	34	6	92	
93	78	29	50	17	69	32	14	36	35	23	78	82	62	13	33	92	9	75	4	92	58	54	55	21	24	40	83	90	82	
38	13	29	90	4	21	94	34	21	8	54	9	1	100	71	52	96	57	82	79	93	1	68	14	57	34	25	28	44	60	
11	67	34	2	80	96	70	97	65	10	71	88	59	86	7	4	38	5	14	8	11	21	97	53	35	78	12	55	68	50	
21	9	5	45	59	27	14	19	79	10	65	92	99	85	91	1	5	42	39	37	47	1	30	42	25	96	9	19	10	16	
40	100	36	9	63	8	44	89	98	95	7	100	89	32	36	87	83	70	95	58	86	32	54	96	81	43	30	86	26	67	
64	53	21	22	2	45	85	8	42	38	38	62	34	23	92	2	39	62	79	3	80	23	88	82	67	93	97	63	100	63	
70	100	93	20	12	29	81	17	91	73	87	44	47	17	96	90	23	13	71	51	11	1	98	6	68	39	70	65	38	11	
30	18	49	48	53	71	45	16	10	20	13	95	10	7	100	86	93	22	19	27	81	89	26	62	64	11	49	51	100	51	
63	19	42	36	28	96	65	62	48	100	73	44	31	18	36	98	39	49	65	23	21	83	40	41	17	10	41	2	89	50	
1	51	85	66	51	77	53	85	80	99	44	61	34	79	78	82	92	100	25	29	79	21	40	41	76	73	23	85	87	83	
80	72	52	38	28	24	88	61	6	65	74	4	2	78	73	82	93	87	63	96	5	55	29	80	7	49	70	71	70	9	
100	25	80	45	25	91	43	82	83	75	70	54	12	40	77	79	34	69	100	49	83	75	48	51	45	83	20	3	53	70	
68	53	57	49	18	53	56	70	95	40	30	80	93	46	26	87	43	46	81	99	19	29	43	3	18	83	88	79	23	3	
5	55	77	99	98	3	67	52	14	59	59	85	10	16	63	23	98	46	57	20	53	89	18	1	72	23	62	78	70	48	
30	34	7	89	18	87	15	51	26	87	31	99	16	70	31	23	69	8	87	84	2	63	36	31	93	10	97	95	29	78	
24	50	39	94	11	60	39	54	64	84	95	96	62	85	38	50	89	20	81	40	42	41	76	75	88	81	37	48	71	36	
99	39	64	12	32	68	40	48	43	31	45	75	58	60	19	97	93	2	56	33	25	33	1	13	64	67	18	99	32	68	
21	37	59	54	22	71	75	36	14	26	68	55	62	84	91	16	63	20	68	53	8	24	68	94	100	77	25	88	35	8	
92	96	23	34	86	35	92	59	95	6	65	8	15	54	75	63	86	78	5	20	96	16	1	6	30	91	49	80	96	5	
29	22	68	50	6	7	12	41	89	20	4	67	22	53	59	95	15	20	4	99	13	72	36	94	7	70	43	75	31	86	
61	91	41	23	64	64	9	89	4	88	17	38	10	97	81	54	22	50	32	54	96	92	44	97	93	16	41	14	20	52	
99	100	100	65	11	63	9	79	89	91	39	17	11	88	30	89	45	37	97	89	24	42	93	15	61	49	71	9	5	84	
51	61	15	17	36	92	59	72	29	88	21	90	77	52	33	59	70	48	54	97	87	69	88	68	21	50	49	95	54	10	
57	17	90	38	39	17	25	32	100	24	2	81	1	88	33	48	33	95	68	84	88	82	89	64	5	48	88	67	39	19	
37	83	55	97	52	7	33	92	45	88	36	36	42	16	50	39	48	26	28	92	15	94	52	37	3	94	49	26	84	56	
100	13	40	51	93	51	9	100	96	59	54	36	86	4	19	72	95	78	65	89	46	89	63	39	90	16	56	34	29	85	
14	19	34	30	5	38	84	33	45	97	1	93	32	73	45	64	60	40	85	38	50	86	67	99	40	41	69	38	89	37	
45	6	43	94	96	33	34	9	52	21	88	98	58	22	25	47	26	71	45	50	63	53	52	40	51	38	31	94	9	80	
42	14	100	77	18	8	96	50	60	8	21	68	43	15	35	83	15	29	38	83	63	12	77	61	94	40	10	46	66	97	
79	24	90	50	64	41	59	12	94	90	14	38	51	14	68	60	55	15	46	95	35	6	32	68	92	54	70	38	60	47	
99	81	74	9	10	25	60	20	18	96	34	48	13	60	29	94	65	77	54	58	4	11	10	56	30	5	7	74	81	68	
69	16	13	36	74	63	10	50	75	52	71	15	45	80	1	9	69	69	61	82	9	52	3	22	67	39	20	59	11	31	
91	69	84	26	32	48	88	50	57	29	91	26	63	25	50	15	21	45	94	43	96	63	71	58	11	2	74	77	54	53	
83	72	55	59	63	97	4	19	11	95	36	91	70	10	40	73	94	31	66	14	39	8	22	64	92	79	86	3	43	20	
68	65	59	65	30	50	20	85	97	32	72	77	71	67	41	91	96	17	64	30	32	45	85	28	40	86	81	91	6	96	
5	93	94	34	24	19	91	83	41	69	64	30	62	1	97	70	69	59	46	52	45	72	90	69	21	38	52	27	57	47	
75	6	54	87	37	92	69	89	3	14	4	27	59	43	37	77	3	60	20	76	50	26	60	95	21	95	69	99	56	44	
5	13	75	57	32	81	95	35	35	31	82	34	18	13	92	66	42	39	65	40	83	87	100	95	41	21	5	42	58	59	
55	89	8	51	99	95	49	54	6	75	61	86	4	12	27	16	74	75	41	82	82	75	30	79	28	3	49	77	21	8	
96	10	1	67	75	77	58	23	15	39	85	68	76	21	36	95	19	79	97	94	84	3	35	64	4	86	31	62	55	100	
78	37	91	28	14	92	13	45	42	67	35	4	36	46	94	92	26	23	62	96	10	67	1	93	91	48	39	6	76	20	
88	73	80	10	87	36	78	42	42	45	56	15	58	88	16	1	98	15	96	2	88	17	83	74	36	76	7	62	86	52	
14	45	83	32	74	38	27	55	18	11	99	45	24	12	78	57	99	33	33	63	72	37	56	83	62	75	76	84	55	31	
56	24	39	73	56	69	53	10	49	77	52	29	31	7	17	46	56	1	22	2	90	23	23	79	64	17	61	46	13	6	
87	58	3	53	79	92	68	33	68	78	35	37	70	58	38	61	84	52	28	37	66	44	86	11	52	33	34	9	98	63	
36	45	14	44	53	85	56	70	66	90	8	5	31	1	87	72	45	22	20	10	93	17	6	43	99	75	24	26	8	25	
16	66	32	5	89	28	19	14	71	88	27	90	85	100	87	83	35	57	76	42	86	13	93	60	70	48	92	40	11	88	
60	42	55	63	38	62	55	83	29	73	1	60	62	81	83	10	72	64	75	35	21	2	58	21	59	92	62	73	42	77	
12	39	59	100	44	74	21	37	22	36	19	13	29	3	83	26	29	51	27	68	73	80	30	77	32	33	2	35	23	83	
72	3	60	40	17	7	5	75	17	97	83	4	9	100	39	97	35	73	8	53	26	86	43	90	19	91	71	14	76	97	
79	98	55	12	75	62	82	46	84	6	31	86	61	51	39	88	27	99	25	94	55	29	38	76	15	52	47	12	84	19	
91	20	32	55	6	66	76	58	54	15	28	3	26	29	74	8	25	70	49	47	74	49	96	74	30	40	75	21	6	21	
14	73	32	95	57	24	81	16	40	92	53	16	41	83	87	37	51	55	39	6	73	58	69	79	20	85	40	47	62	95	
81	77	6	19	87	45	66	82	9	51	55	39	75	29	47	44	17	10	59	45	48	60	60	25	43	83	42	97	23	12	
89	93	67	4	76	2	88	59	75	10	41	21	80	95	31	4	86	99	56	49	23	2	50	43	73	10	87	70	84	8	
82	85	2	75	21	27	67	21	91	100	84	14	22	64	40	46	19	63	87	36	93	92	19	85	87	48	39	79	53	82	
31	58	71	4	14	33	14	29	56	77	40	70	73	96	99	52	51	89	9	75	56	88	83	21	58	79	72	35	8	82	
94	65	30	52	60	30	18	67	50	98	99	38	63	87	27	94	20	55	100	86	79	60	79	73	75	44	33	35	50	76	
56	41	29	95	18	89	11	75	17	68	70	18	16	91	95	72	65	22	54	27	68	1	79	90	35	37	28	47	24	49	
3	82	29	10	54	42	91	34	86	90	91	62	93	22	26	24	90	69	31	14	80	91	74	77	46	84	36	82	66	68	
98	35	16	55	100	3	86	28	13	35	14	17	44	36	56	5	25	34	10	38	33	84	43	52	80	51	44	100	66	74	
34	94	29	42	53	17	50	7	40	80	55	99	75	38	76	34	94	51	55	9	53	55	71	47	58	29	40	90	9	12	
97	63	11	29	10	61	21	100	14	37	37	42	77	58	97	26	72	48	52	65	2	12	97	91	17	30	45	86	6	43	
9	49	70	11	86	86	28	22	98	90	16	99	64	99	49	37	52	20	30	54	4	10	70	15	3	79	76	71	85	7	
75	94	76	50	76	40	22	100	49	89	63	9	92	88	46	34	41	24	56	46	76	69	1	66	17	47	27	63	39	89	
5	52	43	29	77	48	23	48	43	11	93	43	75	63	30	75	22	63	81	74	60	86	77	79	72	85	5	28	69	98	
89	96	22	62	98	75	94	64	11	74	58	72	89	15	52	22	35	22	44	50	71	88	10	17	57	57	51	20	66	33	
17	82	52	39	79	48	27	26	58	60	8	1	46	78	57	98	68	66	49	92	81	48	57	13	84	7	37	99	66	2	
10	91	7	61	100	36	28	83	7	62	48	100	62	95	48	69	17	12	88	77	22	5	72	64	67	6	8	100	39	29	
40	71	11	97	19	100	63	18	70	17	13	96	81	78	14	83	59	97	100	8	5	21	21	97	61	63	27	98	40	35	
32	4	29	44	49	88	16	66	78	81	36	48	98	64	10	4	82	28	76	31	55	62	1	95	90	16	21	43	51	94	
93	89	53	18	46	11	49	91	56	69	46	61	7	32	62	45	49	91	8	40	46	14	70	75	37	67	9	65	52	90	
87	89	71	58	93	52	30	6	43	79	85	15	46	90	54	19	29	20	3	19	23	14	77	58	4	87	93	65	90	94	
89	63	85	64	42	22	80	99	61	41	55	24	61	81	26	36	54	51	50	20	16	56	19	74	46	8	2	69	56	64	
22	42	8	95	11	95	70	72	26	57	4	38	92	53	22	47	78	79	14	39	2	57	27	69	48	4	12	18	100	70	
48	90	80	1	57	100	45	5	99	58	56	47	15	79	19	22	77	77	90	15	46	75	76	93	54	23	75	4	83	14	
1	45	100	45	43	60	93	80	60	18	88	66	60	82	60	64	40	28	78	50	94	100	39	56	73	33	12	38	6	2	
88	68	30	91	67	9	57	17	72	19	4	51	91	73	32	28	65	75	54	94	21	7	35	70	56	73	45	32	28	26	
67	98	7	42	90	99	47	84	90	1	5	15	49	20	91	58	27	15	62	58	22	89	98	96	92	97	77	6	91	55	
52	78	21	44	42	74	62	86	86	20	36	32	84	34	90	32	39	55	4	17	62	52	67	21	61	65	5	29	87	64	
52	1	78	48	16	20	67	11	78	23	85	82	24	86	45	83	76	39	40	26	38	20	53	41	14	17	73	13	62	67	
97	45	88	92	88	18	40	2	98	26	86	59	40	18	47	39	69	79	87	18	91	28	62	38	48	54	91	86	100	26	
7	53	52	71	90	64	8	29	49	46	50	58	25	30	43	68	28	76	64	24	74	81	18	5	93	97	10	82	46	43	
73	94	92	80	35	66	51	34	23	32	100	100	23	23	64	62	14	95	39	27	89	92	70	99	18	68	80	48	44	49	
30	89	91	62	38	100	67	80	15	57	57	53	4	68	66	45	26	78	85	41	4	21	56	3	54	61	51	91	74	58	
53	7	71	51	55	93	11	78	67	7	69	70	70	38	44	91	14	9	100	80	24	8	7	54	26	59	83	46	73	8	
39	37	49	65	19	62	81	89	65	84	43	19	22	21	14	96	22	43	64	37	70	32	7	5	56	43	82	38	81	19	
39	75	83	60	13	46	68	13	94	68	23	63	44	34	98	77	4	39	26	93	23	44	27	36	41	95	20	26	88	79	
95	19	47	78	10	11	80	54	87	97	60	15	29	28	49	82	80	87	6	66	78	29	39	91	85	5	12	92	78	61	
41	34	7	39	20	8	60	58	75	98	27	17	100	98	11	65	23	90	81	14	27	87	87	44	65	52	85	57	2	34	
17	26	52	16	58	11	13	28	82	52	45	13	93	94	73	72	6	80	89	42	45	50	86	40	10	92	32	2	74	40	
84	10	11	47	14	96	3	37	12	67	6	55	70	59	29	27	21	91	64	67	83	43	75	92	88	62	42	58	33	77	
30	53	66	71	68	38	50	62	36	72	19	1	30	82	75	20	26	65	55	25	67	40	82	3	68	76	58	84	59	87	
7	18	41	97	85	3	94	77	61	83	78	2	59	97	57	93	31	21	53	80	10	95	94	93	41	1	4	5	42	100	
37	69	18	7	5	47	87	100	38	38	90	54	84	23	80	25	23	96	55	81	2	47	8	32	45	64	21	30	74	84	
81	48	28	26	11	71	52	84	56	19	9	7	41	35	91	16	54	3	93	71	30	60	37	74	75	18	88	8	77	52	
67	4	83	57	100	52	49	99	67	91	94	28	86	47	63	50	7	25	17	20	49	94	92	91	89	90	12	31	96	68	
25	30	50	50	16	75	50	33	9	53	77	81	84	91	49	9	87	24	79	73	93	55	89	61	94	77	2	95	28	12	
59	26	30	100	56	10	71	53	28	79	46	72	75	73	54	23	86	99	89	92	12	97	74	54	63	8	67	50	94	96	
33	29	91	37	19	3	57	3	70	13	24	4	45	28	77	4	83	33	49	16	94	42	6	8	91	67	41	47	68	42	
42	22	24	25	15	93	9	21	97	17	8	13	17	95	80	73	50	46	13	13	59	60	54	42	44	18	62	83	91	87	
24	10	97	24	53	6	71	21	19	53	31	1	48	6	51	67	94	40	83	90	86	47	62	26	75	25	15	5	49	30	
3	26	16	73	37	39	19	10	83	67	49	32	88	78	28	92	67	74	52	88	83	64	39	95	76	88	75	74	63	26	
22	80	86	13	7	7	71	58	4	78	91	14	28	68	67	61	86	74	47	27	29	90	48	93	96	96	76	37	22	25	
95	96	3	52	81	12	49	5	39	54	39	97	68	74	99	16	9	90	47	85	37	82	30	28	76	97	98	63	50	61	
11	47	48	37	41	91	66	60	11	37	40	94	83	89	68	23	55	44	18	60	75	85	12	98	25	20	3	91	15	32	
18	68	34	3	66	97	12	25	87	23	56	85	27	91	18	32	81	17	67	24	50	92	34	82	84	53	93	66	74	75	
95	3	32	66	16	45	56	65	80	54	3	74	4	13	20	72	94	83	42	80	80	45	32	29	16	12	53	74	51	16	
85	11	4	43	37	67	60	25	23	80	73	37	74	98	52	75	26	86	84	70	87	48	69	74	89	27	85	94	31	29	
6	56	24	40	53	33	64	59	7	48	3	83	23	28	73	69	55	13	54	89	92	81	96	73	94	8	24	84	25	62	
38	42	55	25	18	56	42	13	36	10	96	37	83	82	54	73	14	12	42	23	19	52	27	39	62	19	100	17	38	29	
64	41	47	13	37	43	36	63	18	79	51	72	99	96	44	4	25	21	27	84	72	67	83	15	19	25	99	42	6	71	
59	49	1	78	53	14	36	23	10	64	70	87	85	29	53	82	61	5	70	87	39	31	90	75	99	99	60	15	41	62	
64	21	58	45	58	4	20	29	49	44	75	64	11	92	52	45	57	22	24	62	91	9	10	87	59	74	2	24	96	29	
47	39	91	56	84	64	21	42	60	30	47	6	68	51	67	55	21	49	84	44	51	95	94	85	60	31	51	40	70	77	
10	2	81	70	18	15	73	48	87	81	69	53	98	49	84	15	11	88	9	71	97	48	42	91	97	92	13	74	23	66	
4	39	97	4	35	85	74	70	32	29	76	93	39	2	87	46	20	87	23	3	39	76	24	47	14	27	9	82	86	42	
26	27	95	17	7	85	18	57	74	33	6	96	45	18	59	97	98	72	4	77	75	55	75	88	58	44	27	54	90	70	
73	97	21	59	17	79	74	70	60	66	59	65	95	24	36	55	75	55	93	43	47	41	31	9	21	16	43	75	41	53	
88	89	56	37	19	10	39	99	40	86	7	13	72	53	78	58	69	41	65	22	99	72	83	28	63	13	65	62	89	49	
71	15	95	39	34	73	84	77	12	42	91	75	90	64	89	61	36	6	18	84	24	35	45	10	33	14	46	75	95	91	
50	45	62	5	35	12	91	9	5	71	2	27	88	95	53	32	55	1	65	3	66	64	72	30	65	89	8	30	66	87	
4	92	94	55	73	38	27	48	31	48	29	84	74	20	79	67	76	74	45	90	48	82	25	21	70	76	39	6	30	96	
49	100	95	75	92	95	81	79	77	14	98	72	21	25	63	57	40	95	75	44	12	67	70	50	62	38	60	71	41	75	
96	78	61	99	67	26	84	50	22	27	79	44	25	88	24	41	38	99	51	90	94	64	31	32	39	83	39	64	12	96	
62	38	17	1	76	80	34	43	23	91	75	63	79	24	99	68	58	84	59	57	48	18	70	32	42	94	2	83	82	39	
36	100	51	19	42	43	15	23	36	92	60	78	94	18	63	27	15	56	16	2	77	16	22	93	94	62	50	88	12	27	
32	99	14	21	46	24	3	40	10	15	55	75	15	36	92	33	72	84	7	52	81	68	41	16	31	4	94	64	58	2	
85	69	97	95	45	57	31	99	51	3	69	90	20	30	33	11	8	24	10	20	47	76	70	97	67	80	9	86	10	48	
63	92	28	1	37	88	50	66	17	67	15	17	40	30	20	35	73	53	20	74	89	40	81	60	86	37	34	12	50	21	
50	9	80	23	98	15	76	42	59	58	16	28	99	93	63	20	94	8	84	82	20	59	1	30	90	52	81	61	47	37	
72	79	34	6	93	66	62	5	30	77	81	83	20	47	6	44	22	99	86	100	13	20	70	37	14	2	31	28	100	28	
18	55	28	53	55	77	71	81	14	98	43	37	33	43	90	39	37	78	89	61	36	74	9	25	36	65	92	62	91	40	
30	38	10	85	30	23	51	5	57	45	91	64	35	73	86	16	46	12	36	6	59	56	20	8	47	72	71	89	42	64	
42	80	72	63	56	88	18	52	88	17	40	61	76	35	65	70	68	92	3	43	42	72	50	41	91	1	99	94	82	5	
50	97	56	92	21	28	44	63	96	2	41	67	91	61	19	40	67	60	51	26	29	7	52	97	52	36	99	69	38	70	
22	48	10	93	57	80	29	60	65	87	84	91	90	90	18	13	89	70	35	23	28	1	89	52	82	88	86	24	38	100	
71	72	95	59	72	83	89	21	13	79	88	23	6	72	84	14	62	98	97	66	27	55	81	67	2	30	87	18	92	54	
55	86	67	16	60	5	78	69	29	85	5	18	1	4	93	89	93	71	34	95	41	48	33	99	36	23	8	6	92	79	
62	95	30	62	61	11	70	51	49	37	56	1	87	47	7	13	67	17	91	81	19	44	74	3	62	4	63	37	20	87	
21	34	36	88	91	90	5	64	97	36	81	96	22	26	25	52	15	83	34	49	81	20	56	10	11	68	82	46	68	12	
2	73	29	12	10	48	30	85	88	83	80	77	90	6	27	14	99	21	69	73	87	9	87	28	78	27	38	26	29	12	
58	82	84	33	53	92	80	70	60	87	57	48	100	50	96	26	39	38	52	1	16	28	23	61	5	45	48	54	12	54	
35	76	74	2	96	49	56	87	90	29	76	32	68	72	36	38	75	53	34	27	64	55	89	80	40	53	7	75	42	88	
32	7	48	12	82	72	94	35	88	12	7	42	1	16	14	18	62	17	7	92	61	67	40	38	43	4	47	48	61	46	
85	51	83	25	55	57	92	16	89	79	30	40	17	61	45	100	55	14	88	48	11	44	86	8	3	15	91	28	4	51	
60	42	20	45	45	98	22	67	22	26	49	51	81	22	38	85	92	70	66	45	14	3	53	52	79	68	22	8	13	61	
51	6	95	67	91	13	49	36	31	61	46	70	27	45	63	27	48	12	96	39	31	14	13	57	39	98	47	89	88	44	
29	51	68	45	6	57	71	32	84	15	72	20	51	16	22	72	5	82	49	92	66	35	27	33	1	70	71	56	74	93	
77	11	6	25	58	76	85	4	27	48	94	24	35	21	46	16	15	1	74	8	78	34	55	54	69	2	38	20	83	56	
72	94	10	74	9	15	39	94	32	81	92	4	90	10	37	17	9	66	89	7	64	92	55	65	86	84	29	54	31	76	
60	50	70	62	42	8	45	47	21	48	79	34	93	8	93	74	98	63	85	59	72	38	40	7	96	75	31	50	100	88	
5	92	74	52	18	35	61	77	47	30	78	86	15	24	47	93	47	80	82	38	99	29	69	62	37	29	93	78	34	34	
25	72	31	16	5	36	30	80	64	89	63	11	80	28	18	96	49	10	7	3	9	93	38	81	63	92	17	69	18	23	
31	53	45	83	14	87	25	63	53	65	27	41	69	15	80	1	66	60	15	27	6	95	19	81	94	15	94	10	73	95	
38	90	14	24	47	63	58	38	70	41	3	77	77	48	44	13	22	94	26	49	50	8	44	33	60	85	31	35	35	91	
8	48	15	2	48	33	71	27	71	88	35	6	92	42	86	54	77	26	82	47	74	64	5	30	40	57	35	31	53	46	
66	76	95	80	11	33	68	42	90	64	92	54	90	49	77	99	30	28	19	45	84	48	14	31	81	48	31	54	66	9	
1	94	14	35	18	26	68	53	49	49	87	48	94	80	29	8	32	16	22	1	87	52	20	96	71	88	29	7	25	48	
55	25	5	96	39	39	36	71	60	99	45	80	99	62	68	41	86	9	7	33	46	21	93	95	78	61	59	85	13	17	
45	29	40	100	3	61	22	12	98	98	16	27	44	49	73	54	99	85	43	72	5	14	69	20	80	19	14	37	48	96	
90	12	24	98	31	73	90	83	70	99	64	95	8	60	4	86	22	20	35	73	93	19	46	58	19	87	5	55	59	25	
13	43	79	7	62	78	37	87	46	4	55	14	22	100	100	59	46	37	9	69	27	24	44	32	98	99	32	37	96	8	
47	100	6	56	81	75	6	74	82	17	71	34	78	48	31	18	48	76	99	92	22	4	28	96	93	32	45	64	97	78	
24	54	92	32	19	30	95	50	13	61	6	4	62	39	66	66	51	20	28	99	14	6	26	54	50	82	33	99	28	38	
54	87	6	40	27	27	33	92	89	30	86	16	13	72	49	41	100	6	40	92	72	32	59	90	8	9	92	88	19	9	
61	63	62	39	54	39	40	62	46	76	56	11	63	78	99	96	22	34	15	23	92	10	88	34	86	18	56	7	76	30	
34	74	34	72	81	66	59	10	40	69	88	57	83	71	26	53	23	58	44	12	35	29	7	35	35	87	3	93	71	75	
35	55	62	37	78	33	28	96	90	18	1	80	70	90	99	88	31	37	11	48	47	17	89	80	87	62	95	1	99	14	
13	26	32	28	42	79	81	26	86	90	7	50	87	90	8	61	91	9	59	63	10	67	39	48	40	65	10	12	66	24	
40	79	40	50	25	16	52	20	47	11	99	39	45	38	72	88	98	45	51	38	50	27	63	14	24	69	21	35	40	5	
81	50	4	83	71	22	94	16	66	95	25	48	12	23	73	96	67	34	56	70	44	48	4	16	39	19	91	67	23	83	
22	36	4	77	10	74	95	7	5	27	89	22	73	66	48	87	99	45	64	64	11	88	86	98	16	54	51	28	6	40	
31	71	92	41	19	66	98	84	10	10	91	90	13	23	41	35	80	57	70	64	26	1	5	59	7	72	18	58	37	62	
43	15	76	57	86	61	26	5	4	29	43	96	39	96	3	23	88	100	95	88	31	75	39	82	16	87	41	83	68	48	
70	53	1	72	26	9	63	32	73	14	24	85	23	97	11	78	57	34	18	54	50	5	85	98	25	92	71	76	80	42	
40	27	22	89	12	3	50	73	28	29	28	100	43	72	61	87	40	19	99	51	59	11	60	66	50	6	5	20	74	70	
95	41	63	68	88	73	92	99	63	99	9	9	63	28	28	74	42	96	82	80	39	11	3	96	49	69	64	74	71	65	
57	85	50	8	60	14	34	70	30	42	1	38	45	27	57	78	10	15	89	39	36	25	4	2	35	22	18	93	63	15	
71	17	17	57	18	20	80	38	39	8	60	79	77	6	29	20	80	46	71	71	66	92	59	77	70	32	77	75	70	11	
32	21	45	94	24	46	34	36	47	55	86	51	96	26	2	52	52	51	26	64	10	30	62	76	27	96	84	49	35	49	
73	61	67	59	17	45	96	56	14	96	76	74	73	39	73	83	65	35	7	33	85	59	76	52	12	33	67	39	100	24	
80	38	16	82	8	90	59	9	8	87	95	84	33	66	18	51	7	18	53	51	46	57	23	64	79	73	17	26	32	78	
56	91	12	72	99	82	42	5	83	49	88	35	9	65	51	44	67	92	82	99	39	16	45	48	93	75	13	98	20	16	
17	60	53	32	48	58	24	22	78	12	24	32	4	57	10	18	77	55	22	34	27	15	66	11	75	86	47	20	13	45	
50	21	11	22	47	83	26	75	78	85	75	32	52	39	13	87	52	60	45	28	16	88	88	88	38	75	73	77	93	54	
63	39	73	52	82	99	18	38	68	69	90	75	58	45	17	78	73	18	59	9	19	95	73	44	87	15	16	48	26	88	
47	51	3	40	56	69	46	84	18	15	76	43	62	76	31	94	72	57	58	27	42	47	21	47	61	20	19	68	7	99	
59	33	21	29	33	29	36	84	34	84	51	63	48	68	10	5	85	92	82	27	43	32	77	9	65	44	32	93	92	55	
36	59	72	36	74	92	49	24	51	70	35	80	5	6	47	70	56	37	42	90	65	93	27	82	53	76	35	39	97	95	
10	53	82	8	45	26	88	26	96	15	93	22	36	75	48	60	97	40	83	84	95	37	66	59	93	26	61	94	73	52	
46	69	37	100	1	47	33	71	53	17	56	64	45	17	86	10	11	24	23	34	40	43	55	9	13	77	94	14	26	10	
48	26	94	9	61	1	38	66	32	94	87	63	31	85	63	37	13	48	80	31	51	31	81	85	56	80	50	79	79	48	
47	9	55	17	32	5	91	53	44	27	92	20	12	34	76	80	84	88	61	46	29	94	3	37	70	30	3	69	8	28	
13	86	76	36	68	71	9	14	46	78	8	22	39	12	53	90	84	15	71	70	77	84	23	62	98	95	29	50	7	54	
61	37	95	62	46	76	96	45	46	55	90	77	17	93	94	95	18	41	93	100	52	65	73	29	7	90	96	97	41	62	
21	35	4	2	61	6	8	36	91	50	97	10	91	91	55	90	68	92	79	61	32	93	28	3	51	69	35	4	21	95	
87	53	17	25	72	39	19	32	95	25	32	91	47	97	93	78	31	84	34	24	40	51	70	84	34	11	17	73	40	33	
53	65	61	47	46	96	86	35	69	75	6	58	56	43	48	85	4	16	16	24	84	34	9	3	82	87	75	41	36	69	
54	33	1	23	11	93	61	43	91	71	51	34	13	71	31	51	88	34	1	99	39	32	69	19	58	69	68	61	46	14	
35	48	20	92	95	93	80	46	58	43	61	7	82	43	57	12	80	86	58	44	39	13	39	66	6	90	34	16	48	45	
48	13	11	50	88	57	33	75	72	34	44	71	41	59	36	21	81	25	8	70	4	54	41	77	60	53	91	44	51	45	
22	21	24	78	72	9	53	62	66	22	40	57	100	75	39	63	31	99	78	31	26	87	9	65	45	78	11	50	11	97	
51	8	19	40	42	17	61	30	62	57	98	52	27	20	50	97	71	46	30	3	75	45	79	6	32	77	59	10	28	20	
15	96	32	21	81	78	19	47	27	43	21	99	33	34	37	98	1	58	61	1	1	44	68	84	63	95	59	2	97	28	
29	27	98	49	40	75	26	95	2	59	66	72	72	59	72	56	63	95	98	45	4	80	89	2	66	14	2	21	24	87	
68	55	44	75	26	57	52	8	9	38	24	30	69	32	28	63	25	58	40	76	13	51	94	11	84	49	1	49	15	92	
40	70	37	33	29	37	25	28	96	66	30	97	12	74	93	4	46	57	54	13	5	91	65	19	38	41	12	41	31	77	
99	21	87	89	87	53	51	32	83	97	76	70	49	39	46	81	74	24	4	74	94	47	81	31	15	94	91	4	28	62	
2	24	37	44	29	72	70	75	2	60	42	88	84	27	14	8	55	22	71	55	87	9	5	45	77	69	62	79	54	74	
20	28	82	36	26	60	26	85	98	99	59	18	3	51	4	7	46	96	90	74	9	69	7	92	91	12	99	39	28	100	
12	59	60	91	22	64	46	66	74	10	75	9	97	24	49	7	36	100	92	95	40	51	100	83	55	81	56	26	34	87	
86	61	47	97	96	75	42	20	76	65	53	93	10	65	48	36	42	42	67	83	47	57	72	39	99	68	57	45	41	69	
99	76	87	27	96	94	8	84	39	5	21	90	87	36	85	35	45	18	63	16	39	88	73	18	74	18	3	41	84	28	
73	23	53	11	73	38	67	72	13	54	8	46	17	68	15	99	54	19	72	48	84	44	74	22	93	75	19	10	35	30	
67	30	55	6	77	54	81	45	76	73	2	33	49	99	60	16	39	88	76	97	59	80	48	51	66	31	60	90	70	65	
12	42	96	46	81	20	29	16	62	96	66	29	98	93	47	69	69	41	17	65	7	85	17	1	64	25	45	13	88	100	
16	6	10	46	45	61	23	47	52	49	6	76	63	50	24	34	58	98	48	52	34	7	7	23	71	36	99	16	68	45	
23	77	48	74	93	29	27	95	59	45	7	66	94	41	14	62	17	53	36	69	67	72	78	38	68	43	3	40	34	23	
23	38	68	17	26	83	12	75	10	60	50	100	69	74	73	38	42	22	22	16	27	67	52	82	38	70	95	49	5	9	
13	72	98	70	31	1	59	71	8	25	78	20	41	19	47	85	89	40	21	30	76	48	35	69	23	62	92	38	63	5	
63	11	56	35	29	39	56	63	54	54	28	95	7	18	35	93	56	19	43	18	29	78	1	21	55	96	50	43	56	15	
83	91	91	39	86	9	16	90	55	52	16	42	10	36	69	43	87	48	20	77	14	49	87	77	31	4	43	16	7	25	
88	97	89	88	5	91	87	58	6	31	44	41	60	5	63	53	60	15	11	95	92	58	55	36	39	84	57	67	96	35	
2	57	3	48	80	86	20	14	53	69	45	54	60	20	90	78	38	62	8	18	55	1	15	58	50	84	93	59	67	4	
61	95	29	23	25	72	41	66	84	29	50	46	99	46	29	10	31	45	21	49	52	7	69	84	98	66	39	32	21	62	
77	45	63	31	26	90	9	52	62	40	30	66	79	91	2	16	45	84	75	7	33	33	14	43	95	87	48	9	21	77	
15	37	28	8	61	51	45	75	85	5	89	37	77	88	3	85	68	12	71	28	80	59	97	16	60	62	23	34	33	35	
64	23	51	35	74	59	71	36	11	61	47	63	81	43	78	71	63	2	70	38	8	12	48	65	62	46	27	88	99	49	
98	76	94	17	8	77	65	88	74	89	28	32	80	10	77	20	84	16	75	26	96	73	42	71	87	6	88	16	56	45	
38	16	54	93	81	7	96	95	48	97	21	26	40	18	76	5	96	2	8	25	50	100	66	99	6	32	12	5	3	70	
49	88	24	59	42	5	82	82	89	25	55	24	93	51	90	100	79	10	23	11	84	17	13	81	84	58	73	41	23	22	
2	55	15	98	38	2	89	68	100	94	25	74	86	99	61	81	27	77	93	95	3	73	47	77	20	64	82	31	50	60	
85	41	89	63	22	47	62	49	64	67	16	58	42	31	14	100	29	51	19	91	90	52	45	14	98	87	94	30	20	53	
25	7	73	83	46	47	50	19	10	100	17	49	94	34	97	24	25	58	46	73	1	70	50	47	95	64	47	14	16	7	
21	94	94	85	63	87	35	3	50	97	88	83	19	6	29	87	26	93	45	33	91	24	90	27	53	18	35	9	82	26	
50	93	59	60	57	6	72	77	12	18	36	75	30	78	27	70	62	25	57	26	5	44	85	26	33	65	30	59	20	48	
62	79	59	11	76	88	42	25	44	13	47	21	55	79	11	97	11	58	49	75	6	58	25	1	67	86	23	61	51	59	
62	12	59	82	44	15	18	94	78	96	69	8	98	75	78	81	40	21	63	89	61	22	41	86	57	3	5	37	40	87	
90	81	50	47	54	30	61	21	39	13	72	98	50	77	69	17	70	35	83	16	38	59	51	53	94	42	25	86	24	13	
16	62	89	36	18	68	86	48	29	10	24	58	32	83	28	76	6	46	44	55	54	35	56	13	82	57	96	74	94	42	
96	41	82	54	10	39	32	62	51	30	5	90	41	45	18	43	81	98	75	19	70	11	39	50	38	93	36	17	97	9	
78	79	23	25	79	100	66	79	95	83	18	78	5	24	38	22	74	50	65	18	88	31	29	73	8	30	63	86	19	82	
67	49	19	53	83	73	46	84	61	72	23	78	82	84	36	41	99	29	64	12	78	52	91	59	89	17	84	97	11	81	
59	64	80	12	20	100	92	78	40	17	83	5	16	3	40	58	35	96	28	77	45	57	82	4	30	46	2	89	47	48	
3	48	61	14	34	55	85	84	1	11	21	52	32	80	18	82	99	54	61	6	85	20	55	25	33	35	5	77	80	63	
38	68	55	97	73	44	42	45	82	85	58	89	64	84	92	47	73	59	64	51	92	54	17	76	12	100	22	12	61	72	
42	24	43	59	21	95	35	99	76	44	36	27	100	46	51	74	26	39	62	30	2	69	77	8	38	53	63	38	29	35	
18	10	6	92	12	51	35	83	86	39	64	66	61	70	54	44	75	89	28	96	40	19	37	37	99	6	34	21	64	87	
31	45	80	11	70	11	100	86	21	63	39	83	46	88	83	14	80	14	35	86	52	73	98	46	74	62	88	66	2	78	
28	15	36	9	38	16	16	36	35	78	66	42	33	87	46	73	33	51	23	49	93	80	36	12	39	27	52	92	41	96	
83	86	85	66	42	75	17	13	98	96	17	9	30	20	42	56	87	19	79	37	87	36	9	52	2	95	12	70	79	67	
1	53	83	30	89	25	63	27	89	9	81	31	38	45	2	74	7	78	31	44	97	9	94	19	97	77	67	91	70	59	
40	40	38	28	67	61	71	22	7	42	45	9	98	73	50	73	21	59	43	44	49	73	72	21	58	74	71	20	67	47	
94	22	87	66	33	86	3	98	14	86	44	95	38	84	79	46	70	20	32	51	4	51	80	42	22	30	27	46	83	33	
94	89	62	47	59	70	81	47	91	68	77	41	97	26	23	3	65	57	61	12	98	26	11	70	25	59	85	52	4	2	
31	11	92	83	68	27	36	70	76	6	66	24	49	96	55	60	33	37	47	67	47	32	19	25	27	22	57	87	3	60	
97	14	41	22	29	78	19	56	2	4	79	91	6	22	15	81	80	16	28	95	67	36	48	79	88	95	61	90	38	76	
70	96	27	82	21	39	17	62	27	55	26	43	73	31	14	41	12	41	16	46	3	24	16	12	96	47	44	24	17	11	
85	76	94	2	69	47	1	82	7	38	44	36	20	96	75	46	29	67	22	5	38	2	16	41	89	82	71	19	64	57	
54	12	62	43	1	40	16	8	67	26	45	20	83	24	23	93	13	83	1	6	87	59	50	61	64	89	80	83	34	51	
87	41	18	38	56	83	80	40	11	49	23	72	85	90	79	81	91	20	6	10	80	71	34	25	53	26	86	49	43	63	