100
30
116	114	111	105	108	102	113	118	106	104	113	118	113	112	113	118	100	119	119	101	101	111	113	114	113	104	120	101	118	104	
120	104	109	106	106	119	103	111	108	114	110	102	108	114	117	112	119	111	120	116	106	120	103	109	110	107	104	112	106	110	
116	109	100	117	104	102	113	113	116	104	101	112	100	111	115	111	102	111	105	119	104	115	118	105	107	117	107	119	109	102	
114	113	117	106	106	100	117	106	119	101	120	101	112	114	114	116	113	110	101	109	114	114	110	112	103	111	103	103	101	107	
112	106	116	113	114	101	105	105	120	117	120	110	117	119	118	107	111	118	111	108	115	102	103	104	107	115	118	100	106	101	
105	118	107	105	111	116	108	103	102	116	100	117	112	113	101	103	102	113	113	106	103	118	120	120	107	120	115	107	105	115	
120	109	116	120	120	117	119	119	117	104	120	107	102	118	102	103	104	117	112	107	120	104	114	108	112	118	105	105	102	117	
114	120	119	101	107	108	106	116	117	118	120	108	100	105	101	104	120	108	108	106	108	100	118	103	105	113	105	105	104	101	
116	104	115	101	111	112	109	104	106	108	119	104	112	102	113	119	120	111	106	110	114	104	117	107	116	111	103	112	101	116	
117	111	105	104	102	114	118	102	104	117	120	113	116	115	105	112	107	119	103	114	103	120	118	116	113	102	111	102	117	113	
100	112	111	110	108	112	109	119	111	102	112	111	120	107	118	116	111	109	117	105	101	119	106	104	108	116	119	111	117	115	
113	116	103	119	112	118	112	100	119	105	105	108	116	109	110	109	120	118	109	119	116	115	110	109	112	105	120	116	106	118	
114	118	107	102	101	101	104	105	118	104	109	106	111	101	117	102	105	120	117	114	102	104	113	117	111	102	104	103	112	104	
111	118	107	102	120	114	120	103	119	113	119	118	104	113	110	100	103	100	108	116	115	120	119	113	107	108	102	102	104	118	
112	111	119	101	115	101	112	112	118	104	102	109	103	101	111	100	117	109	116	102	117	108	118	107	100	119	101	107	114	118	
116	116	120	115	101	115	120	119	108	110	112	109	102	116	109	101	107	110	110	103	115	111	105	115	110	120	113	114	118	112	
119	119	113	115	107	108	107	114	105	101	111	102	106	100	111	104	113	106	105	117	117	113	104	106	118	100	104	103	103	116	
100	110	107	101	107	111	108	114	119	113	106	103	109	107	120	102	103	117	110	106	116	115	104	111	110	102	115	110	100	107	
101	117	109	114	115	110	111	102	110	100	110	100	110	106	109	112	113	106	101	110	107	119	106	119	118	102	108	109	114	113	
113	113	104	100	105	103	118	104	119	119	110	112	113	120	112	107	114	104	103	103	115	114	109	104	113	119	120	101	111	105	
107	112	113	105	107	105	103	109	117	120	119	116	108	100	104	119	116	107	110	108	112	119	119	109	117	102	104	108	102	102	
100	110	105	115	116	107	102	106	109	119	101	109	117	112	106	103	108	101	100	114	107	116	104	108	102	119	110	118	105	103	
107	109	110	120	102	120	104	107	115	111	105	102	108	104	106	109	108	110	103	100	106	114	112	103	103	101	101	111	103	100	
118	103	119	105	120	109	103	104	103	107	116	115	114	113	120	118	111	110	115	109	114	111	117	109	109	116	101	109	108	101	
103	115	112	104	120	106	116	114	116	118	113	120	100	110	117	101	105	112	105	110	106	113	103	100	104	117	118	106	107	107	
107	100	115	106	117	114	114	110	111	103	117	116	107	108	119	103	114	114	112	104	115	108	100	102	116	113	117	114	109	101	
119	103	110	114	104	111	107	103	113	103	100	120	111	100	111	113	119	104	104	117	109	102	104	119	106	103	112	104	112	102	
112	116	113	106	118	111	119	110	116	118	114	100	104	105	100	103	120	110	106	104	117	106	120	110	104	118	109	106	120	107	
110	120	114	105	117	107	113	104	105	101	116	114	101	118	107	104	103	110	119	104	107	108	110	116	113	111	104	107	120	105	
102	104	117	110	119	106	106	104	103	107	116	100	109	118	113	112	116	107	100	114	104	119	119	102	104	110	101	118	104	109	
101	104	112	102	107	119	118	104	100	110	114	113	110	114	113	110	103	112	100	120	103	111	102	100	118	103	115	103	112	112	
118	120	120	108	115	109	111	111	110	111	117	118	101	110	114	105	108	103	107	113	117	111	109	117	101	101	120	105	116	118	
110	109	120	115	101	100	112	108	106	116	111	115	114	107	106	107	115	118	100	118	111	119	106	102	109	106	104	106	107	116	
105	113	102	104	101	106	117	112	104	103	119	109	100	111	109	106	105	120	112	111	103	113	110	100	112	109	108	109	104	109	
104	105	110	110	103	106	110	117	108	108	108	114	117	112	108	100	103	118	100	119	111	106	109	109	117	107	109	118	115	102	
108	112	117	108	116	113	113	117	112	110	115	112	119	101	103	113	105	102	108	107	105	102	112	116	110	103	106	108	119	104	
101	104	117	114	116	111	117	102	113	114	110	110	105	119	119	106	110	114	120	104	120	105	118	102	114	106	110	109	115	104	
115	109	110	117	106	108	105	111	105	115	120	109	102	118	115	113	117	110	102	119	117	117	114	117	114	110	112	109	110	105	
108	113	120	113	110	112	110	115	115	104	113	117	113	111	114	103	120	107	105	102	115	120	101	101	115	100	110	107	103	103	
103	117	105	103	114	107	106	117	111	104	100	106	113	113	113	118	112	107	118	116	118	108	106	101	107	105	102	119	108	114	
105	119	114	111	104	100	113	108	106	105	113	113	100	111	114	119	100	117	115	104	102	107	113	105	120	117	100	106	120	120	
106	113	112	109	118	101	116	112	116	107	116	101	117	101	115	105	105	103	118	101	115	113	117	111	118	109	107	110	119	101	
117	118	115	114	109	112	109	119	118	103	100	116	113	107	107	110	107	112	115	103	111	104	120	105	113	120	116	120	100	105	
106	100	115	100	101	119	106	107	111	113	113	100	114	108	102	120	103	109	109	117	111	117	112	102	103	104	101	111	108	118	
109	117	103	106	120	120	114	105	108	111	116	104	119	120	117	119	118	120	115	117	117	115	114	118	115	104	118	106	117	116	
118	108	102	108	107	101	115	109	115	115	112	100	113	112	114	118	113	110	118	111	114	118	105	116	119	105	117	112	110	102	
100	101	108	118	105	106	108	102	101	100	120	117	112	104	115	103	119	106	116	104	101	100	110	102	114	114	100	115	118	104	
119	113	109	116	110	112	115	101	104	112	109	115	120	120	108	120	109	120	112	118	116	103	112	108	109	113	105	100	101	101	
110	119	119	120	116	105	116	104	114	107	104	108	120	112	106	100	120	120	107	119	105	108	111	117	117	113	113	107	111	108	
101	104	118	106	114	116	120	111	112	117	102	113	114	113	100	112	108	113	110	100	117	118	101	113	108	113	105	120	106	102	
112	116	118	118	116	102	103	120	102	108	110	114	111	110	120	110	118	119	116	115	113	114	101	106	118	101	102	100	116	116	
109	105	114	110	117	111	116	118	108	115	102	114	119	116	107	107	110	120	102	100	104	100	118	110	103	106	101	118	119	114	
107	120	114	113	102	102	117	100	101	109	103	119	117	112	102	111	118	111	117	110	112	110	111	106	118	100	115	104	111	108	
112	114	115	100	120	105	101	120	110	118	103	112	118	118	118	117	105	103	100	104	103	116	108	118	108	102	106	110	105	107	
109	111	102	107	105	102	106	119	107	102	101	111	103	112	100	114	104	120	112	109	110	118	111	113	120	107	115	102	109	116	
118	114	106	104	117	108	107	103	120	114	108	113	117	106	109	120	111	117	108	107	100	111	104	114	115	114	119	112	107	108	
113	102	108	106	116	106	116	109	101	109	115	105	110	105	106	117	103	109	105	117	109	119	116	113	119	103	112	116	118	117	
116	100	104	112	108	115	113	104	116	109	108	107	109	105	111	111	100	101	106	118	109	114	106	106	100	103	115	102	120	113	
119	112	106	117	108	104	120	119	111	108	105	105	120	120	119	103	104	105	107	111	103	120	113	118	114	118	118	109	106	113	
113	105	111	106	108	111	103	101	112	116	101	114	110	109	105	106	119	117	101	102	100	109	118	117	108	104	112	116	112	108	
119	109	103	108	118	112	109	100	111	100	114	116	106	117	104	104	109	109	107	102	111	113	103	119	106	114	112	101	107	110	
103	101	114	101	114	113	105	106	104	108	116	102	106	104	108	114	107	116	109	117	110	112	107	105	105	103	107	116	113	109	
113	105	105	108	103	100	109	109	107	105	118	101	116	106	120	107	101	115	110	112	106	102	102	119	115	112	107	111	104	110	
103	108	117	114	114	102	112	100	101	113	117	112	106	102	107	117	119	108	100	112	104	116	107	117	101	114	115	118	100	102	
101	101	106	120	118	110	108	116	100	101	105	106	116	113	115	103	106	117	115	102	117	116	105	107	119	104	103	105	101	107	
113	110	114	112	100	101	111	115	107	113	119	104	103	118	110	112	101	115	113	112	120	100	115	115	109	104	103	113	101	119	
104	107	103	117	103	108	106	102	113	107	106	101	115	110	115	104	100	114	111	108	108	117	102	107	119	108	118	104	113	116	
111	114	102	109	117	120	107	115	117	114	103	105	103	109	119	101	118	109	101	109	115	116	106	104	115	116	105	107	102	104	
105	107	119	120	109	108	112	109	113	120	110	105	117	118	103	112	103	102	111	101	100	113	117	118	120	101	113	115	113	104	
102	102	105	111	100	117	105	120	103	109	104	108	108	107	103	103	113	100	104	118	117	104	101	109	104	120	108	120	117	100	
106	108	119	114	112	103	102	104	119	105	119	113	119	119	117	101	111	104	102	115	113	102	111	110	112	119	117	106	115	100	
120	116	109	102	101	101	103	100	106	120	112	105	101	100	100	100	103	113	101	102	111	109	119	108	107	100	117	105	114	112	
117	117	100	118	119	120	110	115	115	109	100	114	101	117	119	119	102	107	102	108	101	113	104	104	112	114	106	107	101	118	
120	114	107	115	119	112	118	106	104	113	112	117	111	120	120	118	114	113	109	105	105	115	116	100	119	112	115	100	101	119	
107	117	107	111	114	104	114	119	108	108	116	101	118	103	104	106	106	119	103	116	110	114	104	112	111	112	112	114	111	112	
116	117	100	101	109	106	119	100	103	100	110	117	110	117	109	103	102	114	118	103	102	102	120	106	115	111	114	110	111	118	
103	110	118	117	113	103	101	120	104	107	114	116	118	104	112	116	102	102	109	118	106	120	106	106	112	106	104	103	105	107	
101	107	113	103	120	111	111	103	100	115	120	107	108	116	107	106	110	110	101	104	116	102	105	113	117	110	104	109	110	104	
113	117	119	100	112	101	102	108	100	101	118	119	111	109	116	106	102	115	101	100	102	101	119	112	107	115	107	106	119	102	
102	100	108	109	111	101	119	105	112	118	117	118	110	119	113	113	119	114	119	110	118	100	116	106	108	118	108	109	114	100	
100	110	109	105	110	117	115	120	102	119	119	107	113	120	104	106	100	106	112	107	103	115	115	102	120	107	103	120	115	115	
107	101	119	116	120	118	117	101	112	119	107	118	110	109	117	117	108	119	107	108	117	106	106	119	109	105	109	106	107	105	
117	106	119	106	106	114	117	117	117	104	120	100	111	115	111	106	120	105	118	107	120	103	119	104	100	112	115	112	110	117	
104	119	118	104	110	113	115	105	109	119	118	114	102	102	110	116	116	111	112	100	101	102	106	102	118	106	104	101	106	120	
110	109	109	107	105	107	108	119	107	118	118	102	103	109	107	100	101	113	102	110	104	110	105	107	113	115	112	118	108	110	
117	114	110	105	115	104	110	104	110	103	103	107	113	116	105	112	109	113	109	103	118	103	116	106	110	120	111	112	108	114	
104	106	101	108	103	113	104	114	105	107	120	106	106	120	108	106	110	115	104	101	109	109	109	100	105	103	117	115	107	112	
103	116	109	112	111	118	106	112	118	110	113	113	105	111	111	120	107	103	101	118	104	104	111	100	102	120	106	111	107	106	
109	109	115	106	115	102	107	105	112	101	109	105	113	100	120	111	107	119	117	113	110	105	104	100	106	119	116	113	105	117	
115	102	104	118	106	103	107	112	105	120	110	106	102	109	102	115	108	119	107	115	118	120	116	108	116	120	104	105	109	105	
115	116	114	115	111	116	100	113	109	109	108	118	102	113	110	119	115	105	105	105	115	103	115	106	111	103	104	117	104	108	
107	117	116	110	117	116	114	111	117	115	103	120	106	120	115	108	102	120	103	116	111	107	109	114	101	101	115	104	109	106	
113	103	111	108	118	101	107	109	106	112	107	104	118	114	118	116	103	110	107	106	115	117	116	113	107	111	117	107	111	110	
116	112	113	117	106	117	117	102	117	116	113	115	101	110	104	114	108	120	110	103	101	108	102	107	110	110	112	117	108	119	
110	116	108	112	113	117	110	105	102	105	105	109	115	102	120	101	100	102	118	119	117	113	112	105	105	110	115	101	119	117	
114	117	102	109	101	109	117	116	102	109	111	107	108	105	106	102	112	113	103	102	105	100	114	119	116	110	100	106	104	101	
110	102	102	100	101	108	117	120	114	103	105	110	108	107	103	117	102	114	105	117	109	113	119	118	113	114	118	111	114	106	
115	119	111	113	109	106	113	106	115	111	109	100	119	119	102	104	116	114	111	118	118	102	116	104	100	109	114	114	112	103	
103	112	108	112	109	102	100	101	104	110	111	104	103	103	115	105	101	108	110	114	120	119	104	105	118	107	107	107	103	114	
103	108	108	105	111	111	119	119	112	104	116	111	106	107	119	116	103	106	107	100	110	112	106	103	106	118	100	101	110	119	