100
40
119	102	113	105	108	109	111	108	103	108	111	100	105	109	105	115	111	117	108	115	102	116	105	102	114	106	112	109	100	107	115	103	113	104	118	113	105	118	116	106	
111	116	115	116	114	113	111	116	105	114	103	116	111	117	101	108	103	119	102	120	117	108	110	119	107	108	110	111	114	108	105	113	108	100	113	116	106	101	109	103	
105	120	112	100	100	117	111	119	110	119	114	120	104	107	108	111	108	119	119	104	102	107	113	109	111	112	116	106	116	101	107	102	113	119	120	103	101	114	101	110	
108	118	104	119	106	108	115	109	105	102	103	115	102	108	108	114	120	111	107	103	115	106	108	120	100	105	101	106	111	107	114	117	111	115	117	116	104	116	101	111	
118	106	108	113	115	117	118	101	105	118	108	113	111	112	102	108	102	110	104	106	103	118	102	118	103	113	116	118	112	113	120	112	103	101	110	102	108	114	109	114	
116	105	102	114	102	109	108	101	115	112	111	112	120	114	110	110	101	117	116	110	100	106	114	103	100	105	120	117	102	103	114	116	119	106	112	103	101	104	114	114	
115	107	101	113	110	102	104	113	109	112	106	104	108	106	104	104	106	102	115	116	103	100	110	103	100	105	111	103	104	109	119	104	108	118	116	105	112	111	105	105	
112	114	105	113	110	111	115	104	112	112	111	107	117	100	100	115	108	115	114	110	119	102	109	116	112	117	109	119	113	113	106	120	102	108	113	117	113	102	103	102	
108	102	113	110	110	110	102	103	120	118	113	116	108	114	101	112	120	116	116	114	114	115	117	100	119	118	112	109	107	109	106	101	114	111	100	109	110	101	102	113	
103	103	116	107	104	110	113	101	100	103	107	101	105	115	100	119	106	110	102	108	103	119	105	104	118	119	108	103	110	109	107	112	118	107	118	104	105	113	112	120	
106	119	110	115	108	114	102	113	107	110	110	104	110	110	112	116	113	102	118	112	120	104	109	100	111	110	101	100	120	116	109	100	104	103	113	101	109	100	114	112	
101	105	112	101	104	108	117	105	104	103	118	109	115	106	115	112	114	106	100	119	105	109	120	114	119	104	109	109	113	104	104	119	117	114	101	106	102	108	119	111	
107	110	104	100	111	103	107	119	113	108	105	119	109	118	107	105	114	118	101	114	109	106	118	111	109	104	115	111	100	112	119	111	105	105	108	120	104	103	103	113	
119	102	102	117	117	109	108	111	106	101	102	113	105	107	117	116	120	118	109	100	106	103	109	116	102	101	110	120	112	101	118	110	112	108	102	115	104	118	108	117	
115	115	104	110	116	112	114	109	108	112	117	105	114	116	117	108	113	112	118	103	108	100	102	118	111	106	109	109	108	107	102	117	118	117	114	101	110	113	101	111	
116	119	115	119	111	115	116	118	102	111	119	109	107	102	111	103	103	105	103	108	111	107	100	109	100	119	113	106	104	115	110	101	108	102	103	106	112	114	107	111	
107	120	119	117	104	116	115	112	103	111	112	103	110	109	110	110	103	110	111	119	119	104	107	102	102	119	103	108	108	115	106	106	115	113	100	104	102	114	116	118	
107	117	102	106	117	112	107	118	114	104	110	110	106	110	102	104	101	117	113	103	103	105	119	103	111	103	117	103	106	105	101	101	119	100	105	105	107	118	119	109	
115	100	114	101	101	102	113	119	106	109	102	108	104	100	109	118	101	108	107	114	111	115	107	115	115	100	109	103	109	102	117	113	111	118	101	107	105	113	113	115	
102	114	110	108	107	108	112	105	108	113	111	120	103	110	105	114	103	107	107	105	115	112	116	111	112	101	118	116	111	110	113	105	102	107	101	120	102	111	116	107	
107	114	107	102	116	105	102	105	110	120	104	116	109	109	115	120	119	107	108	101	105	114	103	120	105	111	100	113	111	112	118	106	105	108	116	116	115	104	107	104	
101	102	115	105	101	110	108	112	110	119	106	115	101	113	100	106	103	118	106	114	107	103	117	113	109	117	105	103	107	119	118	113	109	106	119	107	108	120	116	104	
104	116	103	120	119	117	110	111	107	103	114	112	120	108	110	109	101	120	116	109	104	120	111	115	118	106	117	114	120	103	102	101	118	118	118	115	109	100	100	111	
113	116	115	110	102	117	120	102	100	108	114	101	116	116	102	107	115	110	115	106	103	106	102	120	115	105	116	107	120	100	100	105	116	101	105	111	107	116	109	100	
115	110	101	111	111	109	113	118	102	107	112	104	100	101	114	111	114	100	115	105	104	118	115	115	119	103	100	103	108	118	112	103	107	100	112	110	111	106	115	108	
109	102	120	103	111	111	120	109	118	119	102	110	103	117	110	115	102	111	116	105	116	112	119	104	105	113	107	108	113	120	113	116	101	110	105	108	104	105	100	101	
111	119	111	100	101	106	102	102	112	116	119	115	118	108	100	103	118	118	112	117	116	115	114	109	108	116	102	108	101	113	116	111	114	102	116	107	109	101	120	119	
104	106	102	105	119	102	117	104	110	108	113	115	113	106	112	115	113	109	120	101	103	117	111	114	111	111	115	107	109	120	103	108	116	113	113	113	117	120	105	106	
114	113	113	107	110	114	114	112	103	112	100	103	104	104	115	100	106	108	117	107	109	106	100	107	101	103	106	100	107	110	107	109	105	110	113	102	117	118	103	107	
107	100	101	115	101	110	103	104	117	120	107	108	107	118	106	102	111	105	107	114	101	109	110	111	108	120	114	100	112	118	113	113	116	112	102	114	103	109	120	117	
115	114	104	108	112	103	111	116	114	100	109	102	103	120	110	111	110	111	100	105	113	119	107	115	120	105	108	110	119	116	112	102	101	106	120	113	120	104	119	102	
109	100	103	113	117	115	114	102	109	110	109	120	114	104	102	104	114	106	115	106	115	112	119	107	116	105	101	110	115	118	109	104	103	107	100	107	112	115	105	116	
103	120	102	113	118	116	115	118	104	120	101	106	101	118	114	109	100	115	113	113	117	115	106	118	103	108	115	112	104	100	106	118	119	101	113	109	102	116	107	108	
114	115	108	109	101	119	101	113	119	115	109	111	112	116	101	116	105	104	114	116	107	119	120	111	103	103	114	110	118	110	103	120	117	118	119	108	118	116	118	106	
119	100	114	113	108	108	110	108	100	117	116	112	100	102	100	116	120	100	118	115	105	107	105	103	101	104	118	102	107	105	108	114	118	109	109	106	111	103	102	112	
116	119	117	112	117	106	105	104	116	101	100	103	107	117	107	115	100	120	113	112	119	103	102	118	118	106	111	116	111	113	109	102	100	103	119	115	114	118	102	120	
114	107	107	112	103	113	108	102	111	109	101	112	119	103	117	106	115	110	105	106	116	116	118	115	104	118	119	106	103	118	118	106	102	109	114	106	111	111	117	110	
115	113	111	114	100	111	110	113	118	108	100	103	114	104	107	120	102	116	110	117	116	110	109	102	113	119	120	107	109	106	114	100	109	105	103	120	107	116	117	116	
113	105	107	103	105	120	109	105	111	103	117	107	103	102	101	112	108	115	104	120	106	119	100	112	114	110	120	115	102	100	102	101	105	103	115	101	116	111	105	117	
109	119	108	115	110	101	100	105	102	118	114	118	120	119	107	118	111	111	117	100	117	114	119	117	104	110	113	101	115	105	107	120	109	114	120	112	102	103	107	113	
106	120	104	116	104	101	115	114	103	119	120	118	107	109	113	113	115	110	107	112	112	119	119	107	116	105	102	120	120	115	104	108	104	107	112	101	118	106	104	108	
107	103	103	107	110	115	107	100	107	109	110	120	103	120	107	107	105	108	120	103	101	116	115	116	113	115	110	104	115	113	101	102	118	106	100	102	107	103	109	100	
108	104	106	104	112	113	116	107	101	107	110	109	113	117	120	113	104	104	106	113	104	102	118	110	102	114	109	114	116	109	100	120	101	113	103	103	115	107	108	108	
108	116	104	104	110	120	115	112	120	107	115	116	103	105	114	103	109	109	108	103	109	112	103	117	100	116	119	112	107	105	101	117	105	107	105	104	114	102	109	120	
104	118	110	109	101	107	106	109	112	117	114	119	110	102	117	104	112	106	114	107	103	100	101	119	117	116	114	106	106	102	113	116	115	106	100	106	109	114	114	120	
113	110	104	107	116	109	109	116	112	109	103	114	103	110	103	106	106	103	107	105	112	101	117	116	117	119	118	108	119	101	115	104	107	113	110	100	100	103	116	119	
107	105	103	113	101	113	117	113	115	107	103	105	104	101	100	108	106	100	114	114	100	116	107	109	115	101	119	113	106	108	112	107	103	110	106	118	119	117	117	116	
118	107	107	104	117	117	103	101	110	117	106	100	119	119	118	105	119	114	119	111	117	109	103	119	101	102	100	114	115	100	101	105	109	113	119	115	120	116	112	114	
106	118	118	115	120	112	117	103	115	112	112	108	115	108	117	104	120	110	106	117	113	105	100	119	119	108	114	103	108	116	108	107	112	111	115	109	109	106	108	114	
111	103	112	112	111	108	113	115	111	103	117	107	116	100	101	103	109	106	103	105	104	114	111	114	116	101	108	100	118	117	107	112	118	101	118	105	110	112	107	113	
109	108	111	119	113	100	115	113	109	110	105	108	102	104	110	107	113	110	113	107	102	112	105	101	107	112	104	117	107	120	119	107	114	117	115	109	104	108	112	106	
101	112	114	100	117	107	100	114	102	113	104	120	108	115	116	115	107	116	101	118	100	100	116	106	117	116	108	102	100	120	113	108	119	112	102	103	116	109	106	110	
117	119	100	101	107	101	113	113	110	109	117	120	103	113	102	110	112	104	114	106	105	109	107	108	117	119	113	102	117	101	120	116	115	108	111	104	108	119	102	119	
108	119	107	105	106	102	111	104	116	115	114	115	105	113	113	108	108	111	113	105	119	112	104	110	104	102	106	102	111	120	101	107	119	116	106	103	116	118	112	102	
108	118	104	105	103	116	112	113	118	119	118	102	120	114	108	119	104	106	100	119	108	107	105	117	101	101	104	104	105	104	111	113	106	102	105	101	118	113	100	117	
118	102	109	103	119	105	120	115	109	108	115	119	111	112	111	102	117	107	118	106	110	115	119	106	111	101	119	118	119	109	103	111	105	118	111	111	104	101	102	117	
113	105	110	110	106	119	100	118	110	103	115	106	119	118	103	105	113	109	115	105	120	111	111	114	117	117	112	111	110	115	113	105	106	111	107	111	114	102	112	102	
109	117	120	118	101	104	107	112	102	119	113	101	116	102	110	119	113	113	118	117	111	114	104	102	100	114	109	108	105	104	120	100	113	117	115	117	116	114	111	102	
109	119	120	100	120	108	108	109	107	100	104	115	102	116	106	107	114	118	101	120	116	102	106	117	101	100	109	100	119	102	104	110	116	120	105	116	108	119	115	119	
109	108	117	116	114	120	100	115	114	103	110	118	112	108	120	103	120	102	109	113	106	109	116	107	104	103	104	103	103	108	105	114	105	107	115	101	112	102	120	116	
107	112	120	101	107	103	110	103	100	104	101	104	114	112	100	104	115	104	107	114	113	116	100	112	105	111	104	109	109	118	113	112	113	119	120	112	115	101	107	101	
105	104	103	104	102	116	112	110	104	110	116	109	107	116	115	120	107	119	104	107	114	114	104	112	112	120	104	104	104	107	115	107	102	105	110	111	108	108	103	105	
113	106	118	113	110	118	112	107	115	107	113	109	108	104	118	118	100	116	111	120	105	105	114	120	116	103	112	104	109	112	116	104	101	100	108	115	107	105	111	116	
111	100	119	110	113	114	102	112	118	107	104	105	115	111	112	119	105	114	108	119	113	119	102	108	118	118	112	107	112	113	113	109	105	115	111	103	101	107	108	105	
117	102	108	112	113	115	107	113	107	107	116	110	111	115	109	107	116	111	105	100	113	117	104	107	117	118	120	111	109	113	116	109	107	112	114	119	114	110	103	119	
111	106	106	100	112	109	115	107	119	100	102	111	120	117	114	101	119	116	111	118	113	120	117	116	108	116	107	108	100	120	111	115	115	103	110	102	112	120	113	100	
103	100	119	107	111	108	105	108	119	119	111	102	105	108	101	118	110	104	101	108	116	120	120	101	112	105	120	107	120	115	109	102	102	116	105	111	117	114	117	117	
118	108	110	114	109	107	113	104	114	103	116	107	113	108	110	103	105	112	106	102	115	111	116	110	116	113	112	106	113	109	109	118	119	106	117	110	119	117	120	115	
113	110	104	100	107	108	113	103	108	101	101	118	113	118	108	105	101	117	118	103	119	100	106	115	109	115	115	106	103	113	103	115	109	116	109	109	118	111	107	103	
113	102	108	105	101	106	119	120	105	119	108	110	109	116	111	104	100	110	102	102	101	113	116	113	118	120	115	118	103	108	110	105	105	101	107	108	101	111	112	108	
116	100	103	112	116	106	111	114	120	104	100	112	111	113	103	111	117	112	100	104	105	107	120	120	112	104	108	105	113	102	109	119	115	117	111	120	116	104	105	105	
116	113	113	109	113	111	117	102	104	103	104	103	116	115	113	103	102	117	117	108	118	110	101	118	115	115	119	119	118	111	101	113	117	110	113	119	120	101	100	112	
109	102	117	105	109	112	108	114	119	120	116	107	110	101	102	119	117	112	109	111	104	101	119	110	110	112	113	116	109	115	109	103	115	107	118	110	107	103	106	120	
105	112	103	116	113	117	105	111	119	120	114	110	118	119	117	113	105	115	110	117	105	117	116	117	103	118	112	109	109	103	106	117	119	112	103	105	111	102	119	105	
102	111	107	105	107	101	114	111	108	113	109	120	108	101	103	107	111	107	106	113	114	109	120	100	115	112	108	101	113	112	120	104	105	110	114	103	113	107	109	109	
103	120	109	108	104	117	107	103	100	113	100	119	114	103	111	109	118	107	102	102	101	105	106	113	103	113	108	119	112	120	119	109	109	113	114	118	116	114	109	110	
118	119	103	112	120	117	119	117	120	113	117	111	110	102	115	101	117	111	100	110	115	112	100	112	107	103	116	115	106	108	105	117	120	111	109	110	103	111	112	117	
118	101	105	106	120	108	114	112	117	118	107	118	107	104	117	118	115	110	111	117	116	104	116	113	112	116	104	105	109	112	101	102	105	103	109	108	120	101	116	115	
105	109	103	104	110	118	109	104	109	118	105	113	106	100	100	109	115	112	102	113	102	101	120	120	107	120	119	111	111	108	116	112	107	113	116	105	110	107	107	114	
116	106	114	108	120	100	115	114	115	106	117	100	111	112	109	116	107	119	102	115	105	111	107	103	119	104	117	114	102	109	109	106	103	118	101	118	113	119	101	112	
115	105	117	120	111	120	120	112	116	116	112	104	115	104	100	100	100	117	113	102	103	106	118	106	112	105	117	107	112	102	118	111	120	120	120	113	104	112	110	107	
102	108	100	102	115	102	101	110	108	106	119	118	118	115	117	100	104	107	102	103	111	118	113	113	102	112	109	120	106	116	118	106	100	118	110	117	120	108	105	105	
119	107	108	106	113	107	116	111	113	118	109	102	114	111	108	115	114	108	119	111	109	110	103	106	119	119	100	120	114	117	120	117	115	111	104	119	111	119	109	105	
105	107	115	118	111	105	105	110	102	106	112	117	114	106	100	112	116	118	115	117	108	100	117	112	107	108	120	110	106	110	105	105	108	117	113	116	103	117	118	109	
100	115	116	109	109	119	103	117	120	107	104	112	111	111	104	114	118	112	102	107	109	107	110	117	115	107	110	110	110	110	108	114	110	109	119	119	103	103	105	109	
116	104	100	102	114	109	105	104	101	119	108	114	111	111	103	101	101	104	104	116	107	111	109	102	118	114	117	102	120	111	109	106	111	109	114	109	115	107	105	115	
108	100	119	109	109	120	109	106	101	112	109	102	106	118	115	106	119	111	116	112	115	114	112	107	101	115	106	102	101	109	111	115	115	115	100	112	101	102	103	101	
108	104	100	105	104	104	104	111	104	100	117	103	113	105	102	118	114	117	102	100	110	113	102	102	118	116	120	113	114	116	106	116	118	108	114	118	111	115	101	116	
103	113	112	102	116	118	116	115	108	104	114	119	106	107	117	106	113	102	100	105	108	109	100	102	120	106	114	119	119	103	107	111	101	103	117	119	106	119	120	117	
108	102	117	106	116	108	104	103	106	107	118	109	107	120	112	101	117	104	117	120	118	114	116	101	119	116	116	115	111	120	110	107	104	108	107	113	105	114	110	104	
105	116	116	102	118	108	111	100	107	112	101	104	117	108	113	102	114	106	103	103	107	117	111	106	117	114	120	110	113	108	120	101	112	110	112	107	117	100	117	108	
118	119	117	102	119	113	103	108	104	119	116	105	107	110	108	106	113	108	101	100	116	109	115	118	112	111	109	110	100	102	119	119	107	103	117	110	112	108	109	114	
113	117	103	109	100	103	108	119	102	111	116	112	108	114	115	102	104	115	113	114	103	109	100	105	110	109	114	105	117	115	107	101	119	115	120	115	100	113	119	113	
114	101	101	105	120	100	103	107	108	110	100	110	100	117	106	120	117	114	110	101	120	106	114	117	118	119	119	116	119	116	112	115	109	101	117	100	101	104	104	106	
109	105	120	106	106	108	113	114	107	112	104	102	120	101	114	117	105	109	120	101	105	115	106	104	118	109	109	104	102	104	120	106	115	109	103	106	120	102	103	119	
113	104	120	120	108	109	101	119	115	111	119	117	118	108	114	114	105	108	102	110	112	117	119	112	103	120	111	110	119	108	115	111	116	111	118	105	104	119	120	109	
114	108	106	119	110	108	114	112	106	110	116	117	112	100	113	104	105	105	102	114	110	103	106	100	112	100	116	119	104	100	116	107	109	100	101	110	116	115	117	107	
102	116	110	103	118	103	114	120	115	111	110	114	101	109	118	106	114	106	114	106	106	113	115	112	115	120	115	109	111	113	106	114	119	106	101	111	104	102	105	107	
116	116	110	104	105	118	116	104	104	101	112	105	110	114	109	110	116	114	108	102	113	107	110	118	114	117	117	114	106	112	111	116	105	113	114	108	100	112	101	101	
111	107	106	117	113	107	103	103	120	118	103	110	111	115	119	111	115	111	117	116	115	118	113	102	113	118	109	115	106	103	115	115	103	114	106	117	117	116	110	115	