200
50
110	100	106	102	120	117	114	101	119	118	105	102	117	113	102	102	119	107	106	107	120	113	113	105	118	118	107	116	107	108	107	114	119	112	107	103	111	104	105	107	118	101	107	116	106	112	113	104	104	108	
109	120	102	107	107	120	110	119	109	110	116	110	105	105	118	108	108	107	108	114	109	115	103	114	113	111	117	105	111	119	102	101	116	101	112	111	117	103	106	104	118	116	104	110	119	105	102	101	101	112	
107	116	110	104	104	120	100	103	104	106	110	109	113	106	115	109	114	107	106	101	118	104	108	115	114	116	112	106	100	103	106	105	110	100	113	108	100	115	104	111	101	114	101	118	104	113	100	120	117	102	
111	104	114	106	103	112	116	112	102	106	106	118	117	117	117	119	120	102	117	100	113	106	100	119	108	106	106	106	120	111	111	106	109	102	101	117	114	115	106	118	116	119	101	103	115	104	113	100	116	105	
105	112	105	119	114	103	102	106	101	110	111	113	114	119	108	111	116	108	114	117	111	102	110	112	102	103	102	105	119	108	117	110	113	108	101	120	120	114	114	101	105	118	120	106	106	104	114	106	104	117	
109	117	117	116	112	110	118	113	114	118	105	118	100	112	116	120	114	102	111	118	111	117	115	103	108	106	104	104	100	115	103	115	119	101	114	102	114	111	118	120	119	114	120	111	118	107	106	108	119	106	
112	116	115	111	114	102	116	100	100	113	118	109	113	101	100	100	111	112	107	115	111	112	119	118	120	117	117	108	116	110	113	115	101	117	117	113	107	100	113	120	107	117	118	104	104	120	112	108	117	102	
105	100	105	113	116	107	104	118	111	105	104	109	111	106	116	104	100	102	118	116	120	113	107	100	103	115	114	115	111	116	119	115	106	101	106	119	109	109	117	116	105	111	107	116	115	117	116	100	112	120	
117	106	101	106	116	112	106	120	106	119	104	102	114	101	105	119	100	111	106	102	103	100	106	108	110	116	101	118	114	113	105	110	105	108	119	114	115	109	101	115	120	103	108	107	109	106	113	116	100	107	
102	115	120	103	117	113	104	100	117	113	117	104	117	119	114	111	104	102	109	113	117	105	119	118	106	112	108	109	117	114	120	113	105	109	118	112	107	120	120	111	108	120	106	100	103	107	107	112	106	119	
113	119	102	105	112	116	120	109	119	105	101	114	105	114	118	102	119	114	116	105	114	118	101	104	120	102	100	113	108	101	104	118	110	104	117	110	101	117	116	120	104	109	113	115	112	119	102	117	106	110	
118	116	114	112	108	114	106	109	116	120	109	117	111	102	110	116	109	108	117	115	102	106	116	120	112	118	104	103	119	112	103	102	103	109	111	107	118	116	104	106	112	108	115	114	107	101	109	101	118	101	
118	119	110	101	102	116	107	113	117	119	119	106	111	111	108	108	105	105	119	110	119	110	119	120	107	110	107	108	112	100	105	108	116	114	116	103	100	119	119	112	105	103	107	103	101	106	104	103	105	108	
100	102	106	100	103	103	101	118	114	112	116	118	113	109	109	120	102	101	105	112	120	115	114	113	100	102	109	100	109	102	108	114	110	119	108	110	102	106	107	105	106	109	110	118	119	103	101	108	110	110	
108	112	101	116	105	109	113	101	101	115	104	117	117	115	107	120	106	114	105	101	104	114	107	120	107	118	102	107	116	110	115	119	107	104	114	109	114	109	119	114	110	116	109	105	113	102	100	117	100	102	
119	113	103	100	101	109	114	104	115	101	118	102	103	113	106	112	120	115	100	112	109	111	106	106	102	107	108	108	117	104	120	100	115	102	120	102	114	109	100	108	120	108	111	104	110	113	116	104	119	101	
113	120	120	113	108	109	112	103	118	106	110	116	119	118	118	102	103	119	101	108	110	103	110	117	103	109	113	109	113	112	119	115	108	114	107	108	112	110	101	111	118	107	113	114	110	104	104	100	108	102	
101	104	116	119	118	103	119	107	105	113	110	119	117	101	102	102	106	116	110	112	114	117	115	103	113	120	112	100	120	110	102	112	104	104	114	118	112	103	103	117	102	109	100	117	104	111	119	111	115	106	
112	111	101	108	109	102	120	103	114	115	120	111	100	119	102	120	110	113	103	111	107	112	111	102	120	118	108	111	105	107	107	112	119	119	102	108	105	114	114	100	113	110	114	105	101	101	115	120	108	116	
113	111	110	100	116	117	112	120	117	101	118	111	113	111	100	102	106	103	108	108	104	115	120	103	108	106	111	103	100	114	100	113	112	109	115	120	115	116	118	116	104	105	100	113	118	102	117	117	113	102	
109	115	103	102	102	103	105	117	113	119	108	114	105	111	104	114	103	102	115	113	119	102	110	119	102	105	118	106	110	105	110	100	115	115	115	111	106	111	110	108	102	118	119	100	119	111	114	112	114	100	
103	109	100	112	120	111	105	105	112	113	104	104	109	120	113	108	114	120	108	104	115	101	100	105	110	120	115	110	113	102	106	113	118	103	104	106	103	105	119	104	108	119	119	110	115	119	109	109	114	118	
106	101	115	101	111	119	114	119	103	104	118	101	113	115	116	113	108	103	113	117	114	100	102	120	110	115	105	110	107	104	103	108	114	104	107	118	107	107	110	102	108	107	103	112	104	109	111	115	105	105	
110	114	115	118	112	118	102	101	116	112	111	116	110	112	118	108	114	102	102	117	116	103	118	100	104	117	106	113	104	102	100	101	101	118	110	115	112	106	111	109	117	100	113	111	103	102	109	107	110	108	
111	115	110	112	120	102	101	105	106	107	118	103	118	111	106	118	101	107	100	101	108	118	112	117	119	101	105	110	105	103	118	105	116	115	101	105	109	106	108	116	104	118	105	114	114	112	100	110	114	104	
107	112	109	111	119	101	110	108	108	114	103	120	100	103	115	104	100	104	112	106	118	107	115	113	107	101	113	100	110	106	110	101	102	109	103	106	117	110	119	115	105	115	111	111	118	110	120	100	120	105	
111	102	108	120	111	120	107	105	100	111	114	102	118	110	120	116	110	112	114	109	115	103	104	109	103	108	107	104	105	104	116	112	119	108	107	110	119	108	101	110	110	109	103	104	104	116	106	104	110	100	
105	113	104	113	106	104	100	114	103	100	109	107	104	100	117	100	113	116	119	103	112	103	103	103	110	107	119	101	100	105	111	105	101	104	107	113	108	107	108	112	120	112	102	116	100	105	118	103	117	101	
116	115	105	114	110	119	109	107	109	104	119	106	115	110	112	118	115	104	106	103	109	102	118	108	120	114	115	116	106	106	112	118	115	102	108	103	100	101	111	115	110	101	114	120	110	101	112	116	120	119	
108	115	103	117	102	103	102	110	109	105	113	108	120	113	103	101	119	120	106	104	103	103	112	115	107	104	115	109	107	102	104	111	116	119	108	113	108	116	101	104	110	102	116	107	102	117	103	111	113	104	
113	115	109	116	109	113	111	108	110	108	103	112	113	104	106	114	119	114	109	113	120	115	117	106	105	120	105	111	108	106	106	119	100	101	100	117	111	112	120	108	104	119	103	101	109	110	103	119	117	102	
105	103	113	111	114	120	108	111	110	108	109	103	120	101	113	100	118	101	120	119	112	109	103	115	102	115	100	119	101	114	101	111	114	110	100	112	108	120	119	115	102	118	112	107	100	109	107	107	108	110	
115	103	106	114	110	111	112	117	105	113	109	120	115	112	101	117	116	108	108	107	117	118	106	100	105	117	109	105	110	106	119	105	110	106	114	117	109	108	102	111	110	104	113	119	111	107	106	115	105	101	
102	105	111	101	113	109	100	102	115	108	100	109	105	102	102	105	120	117	110	105	117	115	104	105	111	106	114	110	116	113	113	102	105	107	100	111	107	111	106	115	111	115	106	100	111	119	101	114	112	120	
119	102	100	118	119	104	114	105	112	114	109	112	118	107	108	119	114	111	120	115	118	116	115	104	110	113	114	119	104	102	112	110	109	101	112	114	118	103	115	105	101	104	102	109	118	119	103	108	111	113	
105	110	100	105	114	106	111	115	108	114	104	120	109	104	109	112	112	118	102	118	105	104	102	116	109	104	101	108	117	108	105	106	115	116	104	108	115	101	113	120	113	104	100	114	106	115	117	115	120	102	
117	101	104	111	120	110	120	116	116	109	105	106	100	120	100	114	117	101	106	103	101	100	111	111	102	113	103	111	105	115	101	110	107	114	102	109	108	105	108	111	110	112	117	114	119	100	109	117	111	116	
100	100	105	100	114	111	105	105	120	113	118	116	105	111	101	119	112	114	106	101	118	109	107	120	106	118	111	111	118	112	114	115	115	117	102	109	118	105	101	106	109	115	102	116	105	118	120	114	107	116	
120	119	120	112	118	105	101	102	108	101	105	114	112	100	111	114	118	101	103	120	101	112	119	110	105	102	112	106	113	112	102	110	111	119	111	103	118	115	115	116	108	110	107	100	113	109	102	107	116	116	
117	115	111	103	120	107	101	102	100	119	102	111	119	115	105	102	101	103	120	106	115	105	108	105	118	106	101	113	119	110	105	102	100	118	109	118	115	115	108	103	104	117	103	113	111	120	106	103	101	106	
120	101	103	120	116	108	117	108	103	111	112	101	109	120	109	104	119	120	106	120	112	117	100	100	113	119	108	113	106	103	110	119	118	120	106	109	119	118	112	117	113	118	102	114	118	104	103	104	100	113	
104	106	108	101	120	100	102	113	103	111	115	101	114	113	113	104	107	103	106	107	115	112	104	115	105	102	107	115	100	100	118	117	104	108	112	103	109	112	110	104	102	109	103	103	115	103	114	120	120	101	
113	110	112	112	106	120	104	102	102	105	105	119	120	112	112	118	104	102	100	102	105	102	111	110	120	118	116	106	101	106	114	108	111	104	105	118	120	118	101	106	113	120	120	107	102	107	120	106	106	116	
101	104	112	107	103	102	111	101	110	113	114	108	115	100	117	100	114	115	106	112	105	113	103	117	104	105	105	114	104	119	114	106	101	107	112	107	101	119	117	103	114	111	100	114	103	118	101	118	102	120	
113	111	101	103	118	111	112	104	117	119	113	103	105	120	113	112	119	117	117	113	115	113	114	114	105	105	114	113	116	113	103	109	102	115	115	112	112	118	110	113	115	109	119	100	111	118	119	102	100	107	
103	105	102	108	102	108	118	106	119	100	110	103	117	104	106	106	102	101	109	112	118	100	108	114	108	112	110	115	118	118	108	114	111	105	103	101	107	118	114	106	116	111	120	109	101	116	114	105	116	107	
115	115	119	106	114	100	100	102	115	110	108	109	108	106	115	100	107	105	107	113	109	105	102	116	105	109	119	111	102	106	119	114	101	102	112	119	104	120	117	115	106	111	118	105	104	102	107	111	111	100	
111	118	111	118	113	106	103	116	118	102	116	106	112	119	114	111	112	118	110	108	102	106	101	103	102	117	119	115	120	114	104	110	113	117	100	117	112	106	115	104	116	115	109	103	112	102	101	111	109	106	
112	104	101	107	104	112	106	113	112	113	107	107	105	120	117	120	109	109	119	113	110	102	111	101	108	106	119	101	117	106	109	114	104	120	106	110	118	105	112	102	106	104	112	102	117	120	103	109	106	119	
115	109	119	101	104	112	104	117	118	105	114	106	117	113	109	114	119	108	111	113	118	119	101	117	100	108	106	110	119	114	117	107	101	113	102	108	107	109	107	102	100	108	103	116	119	114	117	113	103	114	
109	109	107	103	108	104	104	107	116	106	117	107	117	109	116	111	103	116	112	108	117	114	106	117	112	103	111	106	116	103	118	118	107	111	105	118	105	109	111	117	104	100	109	102	103	102	105	104	116	116	
111	110	109	115	116	110	110	113	114	100	119	101	118	108	113	106	113	114	100	107	118	118	118	116	101	108	116	112	107	107	118	117	101	106	110	116	100	100	105	104	113	119	106	109	109	115	107	117	105	120	
109	115	104	119	104	102	114	114	100	104	109	109	119	106	114	100	100	109	109	107	114	103	115	111	107	102	119	118	113	105	119	102	117	112	120	105	114	120	103	100	115	104	111	113	108	108	110	108	105	108	
118	108	106	113	109	108	102	105	100	104	112	119	115	120	115	107	101	115	116	107	105	118	120	110	117	115	113	104	112	101	115	109	112	104	110	105	112	107	114	108	115	107	104	105	105	107	119	107	115	117	
118	104	117	103	110	104	113	114	119	106	106	105	111	111	106	103	119	104	117	109	104	105	105	102	105	105	120	112	100	101	120	113	118	116	109	106	108	107	112	107	102	117	101	116	119	109	107	116	115	111	
106	108	101	112	120	120	111	120	116	109	114	112	115	100	116	105	109	112	117	110	104	118	118	110	111	108	115	114	112	113	103	118	118	101	103	117	116	113	120	103	112	110	109	116	115	119	119	106	115	109	
112	101	110	106	119	119	117	109	112	107	115	116	118	108	107	108	109	119	102	110	113	117	110	108	117	120	112	120	103	103	108	110	120	101	100	102	109	102	114	104	101	101	111	112	113	119	115	114	110	117	
117	103	114	101	110	112	116	106	112	114	108	116	105	120	100	119	113	108	119	113	102	110	103	120	100	113	116	101	118	100	118	120	107	119	102	112	106	105	118	102	100	106	104	102	119	114	111	110	115	115	
102	118	106	110	116	102	115	119	109	102	104	112	115	115	114	113	110	109	103	116	102	109	103	120	118	100	114	111	117	111	116	115	116	112	108	106	103	104	112	118	113	120	113	113	119	106	105	102	110	116	
101	107	101	115	115	105	116	100	107	114	103	117	101	112	101	114	107	101	113	105	113	112	117	100	102	104	119	107	117	101	118	103	119	104	106	117	117	101	111	110	105	113	101	105	112	116	114	118	114	117	
102	103	117	108	113	110	109	120	120	101	113	113	100	109	108	114	105	110	108	110	119	118	103	106	108	116	107	103	112	115	111	111	117	107	120	111	112	101	102	116	112	114	114	109	111	101	103	101	112	114	
115	113	118	104	111	100	111	100	117	100	107	113	111	102	101	113	120	109	116	111	109	118	114	108	109	107	103	102	119	102	111	109	115	118	112	112	101	118	106	102	100	113	109	109	109	119	118	119	119	118	
112	112	115	101	104	116	120	105	110	105	112	105	103	116	109	106	119	102	103	112	106	116	101	117	106	107	110	112	113	119	100	115	101	104	118	103	109	113	118	101	102	113	103	116	105	107	107	110	100	103	
101	108	103	111	115	116	114	119	116	104	109	102	114	109	110	109	105	109	107	119	100	115	120	106	112	106	113	109	112	115	107	109	113	107	113	110	107	103	119	110	115	113	104	104	101	104	114	105	101	110	
100	103	116	110	112	114	110	103	109	107	115	105	102	112	119	119	108	120	100	107	112	104	109	106	100	101	111	114	105	102	101	112	109	101	111	105	111	100	103	112	110	106	110	118	118	109	117	116	104	115	
104	119	113	118	112	114	115	102	111	104	104	119	119	113	106	114	115	112	117	100	104	115	102	105	107	106	102	111	115	106	100	116	116	120	113	104	102	106	106	106	115	103	105	106	118	109	107	112	114	103	
118	115	113	113	101	107	108	118	112	110	118	115	104	112	114	116	111	120	107	100	103	113	110	106	109	103	117	120	101	109	106	109	102	116	110	116	110	102	107	107	109	117	100	113	109	119	100	103	106	116	
112	110	102	104	118	118	118	100	108	100	113	101	113	110	100	102	113	105	107	117	104	103	115	108	110	120	111	119	112	103	120	107	116	119	106	108	100	118	120	100	116	117	111	101	120	120	109	111	105	102	
106	115	113	116	105	104	112	107	112	120	111	107	113	105	103	119	100	117	110	105	119	106	107	102	119	108	107	108	103	108	101	118	107	115	109	117	119	106	102	110	118	104	111	100	107	106	119	102	114	112	
117	103	119	102	111	119	103	103	120	113	112	112	110	103	105	105	103	113	103	103	116	106	103	108	113	107	118	113	101	116	120	108	102	112	112	106	110	107	117	107	110	110	116	112	120	107	104	106	116	119	
105	112	103	103	120	100	106	106	112	119	102	103	112	102	117	102	110	111	110	101	104	117	116	117	114	111	104	104	120	101	107	109	114	107	118	109	106	102	108	114	104	102	115	112	103	105	113	105	114	117	
117	100	114	112	102	108	109	101	109	118	109	109	114	115	109	107	104	113	116	107	118	113	104	101	112	104	116	111	119	118	112	104	113	100	113	110	110	102	111	109	116	115	118	107	108	116	111	103	111	107	
119	113	102	109	100	103	102	108	101	107	100	116	100	108	117	114	111	111	108	101	103	100	113	109	104	100	109	101	114	108	103	104	107	118	112	118	118	103	104	117	111	114	101	104	109	117	106	111	111	101	
111	110	105	112	120	118	115	106	104	112	114	115	105	112	119	104	113	118	100	100	105	114	100	115	107	115	117	105	117	108	110	114	111	109	118	108	111	109	106	106	108	106	104	113	107	100	103	113	104	108	
117	103	114	116	116	108	112	101	110	120	104	111	102	107	102	106	106	102	104	106	112	114	105	101	119	106	118	101	117	117	103	114	112	108	114	116	104	100	117	101	119	117	105	107	120	108	106	114	119	115	
118	120	117	109	104	110	100	108	116	112	112	112	106	111	101	110	113	112	107	106	102	120	113	104	108	106	102	101	116	114	103	120	117	120	111	111	113	102	118	102	119	119	107	117	115	119	101	119	107	100	
116	101	117	120	111	100	116	112	119	114	111	115	117	116	104	112	101	112	105	114	117	106	110	113	110	101	104	110	112	101	120	110	118	113	115	116	104	110	112	108	110	105	117	109	118	112	120	102	112	108	
102	111	112	115	101	107	118	114	101	100	104	105	109	116	100	105	118	103	106	114	103	103	104	105	112	110	103	118	120	116	106	114	104	113	113	120	105	110	111	115	105	104	113	119	114	102	116	103	101	116	
108	113	101	118	112	120	102	119	119	118	117	112	108	116	115	118	116	100	112	120	105	100	103	103	120	110	118	115	108	104	118	114	114	120	119	114	102	108	110	117	113	108	108	116	106	111	106	107	116	101	
110	107	115	115	117	101	111	113	104	101	119	106	105	114	102	105	116	105	106	112	103	107	105	113	103	105	100	114	106	105	106	114	113	105	120	107	109	102	109	118	100	100	106	106	112	117	120	113	104	111	
117	109	116	108	108	115	103	106	120	105	104	119	106	108	113	112	118	111	114	101	112	117	109	100	114	120	103	116	103	104	103	120	112	107	103	112	110	104	118	100	118	112	100	105	106	117	102	118	102	120	
119	104	113	108	113	105	110	102	100	110	109	106	110	105	110	107	119	113	112	106	116	101	111	120	115	104	101	106	103	114	108	107	120	101	109	102	114	102	102	107	115	108	112	104	116	119	105	117	104	104	
118	118	110	111	106	116	109	100	118	100	109	117	100	113	111	115	101	112	106	117	111	119	114	110	102	104	115	116	110	101	112	113	105	113	117	113	114	119	115	100	106	119	118	114	105	101	109	101	100	108	
106	115	107	104	107	120	111	108	115	104	104	102	116	111	106	107	117	101	111	101	112	113	115	100	117	115	101	113	109	112	116	106	103	101	102	108	102	100	103	102	110	102	100	108	116	104	103	110	115	107	
109	112	103	103	108	108	119	111	118	105	117	118	104	104	104	113	101	112	117	112	113	100	103	107	104	117	109	119	114	101	120	100	108	110	117	110	113	116	114	111	104	104	114	119	102	104	120	110	104	116	
116	119	114	119	112	103	118	120	105	112	115	114	115	113	106	119	119	119	116	100	111	119	102	106	106	119	110	111	112	104	100	109	113	110	101	100	119	112	120	118	106	105	116	118	108	103	102	101	117	100	
115	116	104	105	120	102	108	108	102	109	103	112	120	100	100	117	105	101	108	114	119	111	118	117	112	113	117	113	105	100	104	117	113	115	104	114	114	116	109	102	112	111	106	111	101	106	116	117	109	114	
108	119	111	114	113	113	106	114	100	100	106	100	115	106	111	110	116	111	100	112	111	104	114	110	107	111	104	104	116	100	118	116	116	100	116	104	114	104	114	110	112	112	100	110	112	101	112	117	100	106	
109	116	120	108	109	112	119	119	106	116	104	116	111	109	111	114	113	118	105	115	100	103	119	117	107	120	113	110	114	102	100	108	101	120	112	104	114	112	104	116	108	113	111	101	113	105	116	103	109	109	
103	108	119	107	120	116	114	111	111	105	111	118	117	117	120	101	100	103	112	111	117	118	110	103	112	108	115	119	110	110	103	109	104	104	117	105	119	105	114	108	104	105	102	111	102	110	105	120	116	114	
116	111	118	118	116	116	102	100	104	114	112	105	118	106	101	116	106	109	120	112	103	112	103	117	106	112	105	120	101	100	101	107	120	119	108	115	111	104	115	120	111	103	118	112	110	110	119	115	119	117	
113	110	100	120	101	115	110	106	101	112	108	113	102	103	100	115	102	115	115	118	108	108	118	115	107	118	111	101	118	114	104	111	103	106	118	105	119	108	115	102	105	114	103	117	107	117	113	116	101	102	
103	107	120	105	116	119	107	117	114	113	108	101	112	109	111	105	119	109	103	111	106	119	104	104	102	109	113	110	110	102	112	118	118	101	110	118	108	112	100	108	100	100	113	117	114	117	115	112	103	106	
109	107	120	120	116	104	102	111	102	119	113	111	108	112	111	115	110	112	114	107	117	108	120	105	102	112	113	102	100	116	116	116	109	112	118	110	100	113	101	118	119	113	113	109	118	111	102	116	103	103	
118	102	117	103	115	114	120	103	119	108	109	103	120	105	101	104	113	103	109	107	101	119	109	109	105	102	113	119	118	115	103	119	113	113	117	111	102	101	120	120	107	101	108	107	102	111	101	118	114	119	
117	108	110	102	119	107	112	114	119	117	120	110	120	109	113	101	113	107	110	100	112	115	117	111	114	118	104	120	116	119	108	106	112	113	114	102	107	100	106	118	116	110	113	103	107	104	101	115	100	107	
117	100	108	101	109	115	111	119	103	101	101	112	110	114	120	103	100	111	111	114	100	117	102	117	113	106	100	115	105	112	101	116	100	103	104	112	109	110	118	120	113	114	113	118	114	114	102	111	117	102	
112	115	109	103	106	117	119	109	113	115	100	110	116	113	117	114	112	107	101	110	110	115	117	116	120	116	115	101	110	102	100	115	114	110	100	108	108	116	107	119	118	114	103	114	103	110	115	115	111	101	
109	105	117	119	116	112	117	119	109	101	103	115	120	102	100	104	116	111	114	110	103	100	113	110	107	120	120	109	116	101	103	117	111	103	118	115	109	119	116	104	103	100	108	112	101	115	113	120	119	111	
110	110	120	101	102	107	115	106	110	120	102	118	111	101	113	111	115	108	108	104	120	113	108	105	100	107	111	112	105	111	120	116	109	115	105	111	118	115	117	113	101	101	119	119	105	111	103	110	105	118	
104	106	116	110	116	102	110	120	117	119	120	108	119	102	114	101	104	102	114	109	103	100	102	117	113	117	113	117	112	118	115	115	120	115	106	114	118	101	108	105	114	111	112	116	111	116	101	109	105	101	
100	107	116	116	104	116	119	117	118	109	118	103	100	115	115	112	119	118	108	115	102	106	112	118	110	112	120	113	119	107	111	106	102	120	110	103	115	116	120	113	106	101	118	114	117	105	103	113	104	102	
112	116	111	101	112	100	104	114	102	102	105	105	105	112	105	115	114	119	105	111	103	110	115	120	117	102	111	118	119	110	109	113	100	115	105	106	109	114	110	105	114	104	119	103	112	114	120	104	102	108	
101	102	100	118	101	114	110	109	109	101	115	114	115	111	109	120	108	112	118	100	111	110	103	109	110	103	115	120	117	120	107	109	120	110	101	104	100	114	111	104	115	109	113	119	106	103	104	116	110	105	
104	114	117	103	115	118	105	101	105	105	105	111	120	111	119	100	102	111	119	117	100	113	104	110	112	120	106	114	105	110	101	120	105	118	119	100	116	105	120	113	120	111	113	108	107	115	117	112	104	106	
115	105	111	102	110	106	116	100	119	104	120	105	116	104	120	106	118	118	102	107	120	102	112	116	109	101	106	101	117	106	100	108	104	118	107	113	100	111	119	104	102	111	109	119	112	114	118	114	110	102	
115	113	102	118	105	120	103	108	117	101	106	101	104	111	118	112	105	114	114	118	115	108	102	103	118	117	112	111	106	116	110	104	112	115	114	108	112	100	106	102	117	119	103	118	103	119	100	109	108	100	
107	110	115	111	117	109	117	106	109	106	101	104	111	118	107	107	102	116	112	103	105	104	100	108	116	107	107	117	102	106	113	110	116	107	107	106	102	104	101	103	115	114	112	108	113	120	112	103	120	114	
116	113	117	112	101	109	113	102	109	101	115	118	119	111	103	116	118	115	102	116	119	103	109	105	106	105	103	101	102	100	109	110	120	117	117	105	100	119	116	107	120	106	115	113	113	100	120	100	114	110	
119	112	102	104	106	104	117	114	113	107	118	116	120	107	112	104	114	106	113	111	101	110	103	113	103	120	115	103	116	116	120	107	117	104	110	116	111	104	106	110	105	105	110	106	120	120	117	105	109	103	
102	100	119	105	111	120	104	118	115	116	114	107	119	102	107	118	102	115	113	107	105	116	116	113	117	116	114	110	113	107	112	114	106	114	112	107	114	113	103	104	114	103	108	120	111	113	104	110	114	113	
119	104	119	109	119	108	113	119	117	103	110	105	111	106	119	119	116	101	101	108	116	104	116	116	120	113	120	115	115	116	117	104	102	115	108	119	109	108	107	114	104	106	115	111	118	117	109	102	100	115	
104	104	106	120	113	119	107	105	102	105	101	106	111	109	108	103	103	100	102	117	104	109	118	109	112	112	112	112	106	120	112	100	103	117	109	106	100	120	107	117	108	114	104	100	112	107	107	117	110	115	
118	120	109	116	103	101	101	109	106	104	100	104	101	111	109	115	102	113	107	111	117	107	116	108	118	112	102	106	113	110	107	103	105	120	111	101	110	107	106	108	105	111	119	104	106	113	120	112	107	105	
109	105	117	106	106	101	108	101	104	113	118	100	111	104	106	113	116	114	103	109	113	114	119	118	116	117	114	100	116	119	120	104	113	104	116	118	104	115	110	108	114	104	100	107	111	101	102	106	119	100	
118	105	101	100	106	102	101	119	113	112	101	100	111	120	113	119	112	113	115	119	111	110	102	104	107	113	113	118	109	115	120	106	100	109	117	117	102	105	117	111	104	116	111	110	101	109	105	116	101	104	
109	120	112	104	120	120	108	115	110	107	104	115	104	118	106	100	116	120	115	106	117	114	110	109	113	112	104	103	100	120	100	107	118	111	109	101	109	111	102	118	101	120	114	115	104	109	106	117	110	117	
104	115	114	106	109	113	120	101	119	100	116	114	104	104	108	117	114	101	116	118	111	106	110	100	115	108	103	102	118	117	107	110	101	118	105	105	109	119	116	101	106	112	111	108	104	118	118	106	105	112	
119	115	110	118	114	119	100	107	113	102	115	101	120	105	105	111	100	115	111	111	111	118	107	119	100	116	104	103	108	109	111	115	115	109	100	115	101	112	117	100	110	108	100	119	102	100	104	106	116	100	
106	111	118	114	102	107	106	113	102	108	103	106	117	114	117	110	113	115	102	119	116	110	110	111	101	108	108	105	102	111	111	102	115	120	110	106	107	117	109	111	107	120	108	112	107	112	102	105	115	112	
101	107	114	106	113	103	110	109	101	118	110	113	113	118	115	110	120	101	115	100	106	107	103	119	118	118	107	115	104	101	106	119	100	111	117	104	107	101	108	112	120	119	105	112	107	107	100	114	115	120	
106	118	113	108	120	109	104	118	120	100	102	107	119	109	119	100	113	108	119	100	105	118	111	120	102	107	120	107	115	118	101	120	115	114	110	112	103	104	118	104	105	101	118	101	117	106	100	119	101	106	
116	107	106	107	120	110	105	102	100	117	102	111	109	115	114	116	103	105	103	109	109	114	116	110	116	108	108	119	111	108	110	114	100	100	119	107	108	109	119	117	120	115	111	118	114	108	111	113	101	103	
105	111	111	102	116	107	102	115	106	100	111	107	111	113	103	106	115	100	117	110	109	115	104	105	111	103	103	104	118	110	107	118	105	101	108	104	111	112	107	108	113	114	110	118	116	101	120	103	116	111	
114	116	111	117	117	111	108	110	119	112	120	119	107	116	112	106	114	119	118	114	117	114	103	108	110	111	110	101	117	113	114	107	112	112	111	104	103	104	109	107	102	120	112	110	108	118	103	100	105	111	
120	105	100	118	103	117	108	119	106	120	106	100	100	108	117	104	110	102	110	119	103	120	101	116	117	116	119	109	119	119	119	109	108	107	119	105	108	120	113	113	120	106	104	114	103	120	118	110	115	104	
114	113	119	118	105	106	108	103	113	116	110	109	105	100	116	116	110	106	105	107	101	100	120	100	113	115	109	120	104	114	112	111	118	109	119	118	117	110	109	104	114	100	105	113	117	110	101	103	119	119	
108	110	101	117	120	113	110	102	105	110	120	114	111	117	101	105	111	117	108	104	117	110	104	104	115	113	108	112	113	105	109	113	103	112	118	114	114	106	102	101	104	120	111	114	107	106	118	115	104	120	
114	103	102	112	100	120	115	106	112	114	104	116	119	118	116	100	103	120	105	108	112	104	111	112	107	105	109	115	118	112	111	119	104	118	108	112	119	110	119	118	113	114	117	102	109	114	116	113	111	117	
109	109	115	104	106	117	102	114	114	110	115	103	104	113	110	106	113	103	113	101	118	104	101	114	116	119	101	116	110	111	115	103	103	118	104	108	114	119	112	101	102	108	120	115	100	111	104	120	106	109	
119	104	104	115	104	118	104	100	100	108	106	105	110	109	111	102	105	111	106	101	112	108	120	113	120	100	109	114	102	107	102	103	103	120	112	114	100	107	113	118	119	111	113	105	115	115	113	107	115	113	
104	119	107	100	110	108	109	103	109	113	111	116	110	105	119	101	114	104	103	113	108	104	116	104	110	110	119	120	119	108	113	118	119	105	101	105	114	104	115	115	106	114	118	116	119	106	111	109	120	100	
110	103	103	120	104	114	110	107	101	105	104	101	105	111	119	109	118	115	116	118	106	100	119	116	119	116	119	107	109	117	106	103	118	106	105	106	118	101	106	105	102	105	114	102	102	105	108	113	118	119	
116	119	114	105	111	114	119	118	118	104	112	100	108	108	107	118	103	103	120	120	107	108	119	106	113	120	110	115	118	100	105	113	119	101	108	104	105	104	100	112	120	113	103	111	107	103	118	102	111	101	
108	118	111	107	102	117	105	113	108	119	100	107	105	100	100	116	106	107	102	120	105	113	105	110	118	106	109	106	101	102	110	110	113	118	111	114	101	120	101	110	112	114	106	104	104	120	120	115	110	106	
114	118	114	113	111	103	106	112	108	100	115	117	102	112	101	108	120	103	119	109	109	104	102	119	107	101	118	107	114	117	103	115	108	111	113	107	115	111	117	118	105	115	108	101	118	113	118	100	106	114	
101	120	115	114	105	107	112	110	108	106	107	105	117	106	101	105	107	111	111	119	105	110	100	117	109	119	118	110	102	104	110	117	104	104	116	103	108	116	100	102	108	110	115	107	115	106	118	110	107	108	
110	113	120	103	120	116	111	101	103	115	114	110	114	115	104	117	101	107	115	118	113	114	114	108	101	115	111	108	114	118	101	114	119	105	100	106	109	106	105	106	106	118	104	120	101	119	110	108	106	104	
100	108	117	109	101	117	120	119	111	120	115	119	120	109	101	120	113	120	103	105	110	112	108	109	111	118	114	109	111	115	108	104	110	104	111	118	110	112	109	112	100	102	109	113	118	116	105	113	111	108	
110	110	116	102	108	115	117	108	106	104	103	109	120	118	115	102	108	101	103	118	106	102	118	103	108	109	110	111	116	115	111	114	110	116	108	104	101	100	120	117	120	117	104	110	101	110	115	114	113	114	
104	118	120	107	101	115	108	102	106	107	115	100	109	114	120	100	102	101	120	100	111	103	106	107	106	113	100	113	116	110	118	115	120	112	112	118	102	109	104	118	100	110	107	101	102	120	106	110	112	100	
120	104	104	117	118	107	100	111	101	113	107	101	105	115	106	108	101	116	111	101	107	100	109	105	111	120	108	111	119	100	112	115	104	109	105	109	105	111	118	110	112	113	106	107	116	119	103	111	112	106	
109	106	115	107	112	114	101	106	113	106	113	109	120	115	113	116	116	108	107	102	120	105	107	120	103	117	112	103	101	102	103	115	113	120	112	112	100	109	105	111	116	103	116	104	102	119	104	120	105	116	
100	103	107	107	109	102	109	112	117	115	119	109	113	115	116	108	109	117	104	104	119	107	105	118	107	107	119	110	109	118	110	108	118	100	100	110	104	115	114	101	108	102	116	105	106	101	112	110	103	116	
101	111	120	105	114	100	114	118	106	106	118	101	118	110	101	120	103	101	109	103	101	106	117	120	111	119	101	117	118	113	108	115	107	106	112	113	118	115	103	100	107	112	111	108	112	103	108	120	112	111	
109	110	119	119	110	108	113	116	100	106	106	115	109	112	120	110	112	107	105	112	120	101	101	111	113	104	113	119	116	101	106	111	113	109	117	111	100	112	120	109	115	106	112	107	113	104	104	102	106	112	
109	106	108	109	104	102	100	113	119	105	108	116	117	100	113	119	118	116	115	112	108	101	105	106	116	116	105	110	117	107	106	100	104	118	116	111	102	116	100	113	104	117	114	108	111	100	107	118	111	103	
112	109	103	118	119	102	100	104	116	106	110	100	102	109	118	119	105	113	101	106	107	100	114	116	110	113	112	116	106	115	111	104	113	104	107	107	102	103	108	103	106	120	114	111	110	101	120	116	102	112	
114	101	111	105	100	106	108	120	100	112	107	118	101	100	114	118	101	114	115	113	105	117	115	101	100	114	114	101	115	107	112	105	114	114	101	106	109	116	118	100	119	106	109	110	120	107	117	104	109	103	
120	120	107	106	109	111	117	105	108	108	104	101	105	110	100	100	106	113	107	107	102	116	103	106	101	109	118	112	114	107	116	117	108	109	107	102	100	109	113	110	114	102	120	116	107	106	101	107	106	102	
105	115	117	114	104	120	101	108	107	102	106	112	107	116	115	107	102	100	116	107	114	115	104	106	114	107	116	104	115	107	117	108	110	111	114	107	105	109	115	120	119	110	103	115	117	116	111	105	110	105	
110	113	107	116	105	112	108	105	112	100	107	118	115	104	118	116	115	108	105	119	102	120	111	103	110	102	120	106	108	111	111	106	112	106	103	111	107	119	111	105	106	111	110	111	115	106	116	107	115	116	
119	111	108	102	102	104	101	103	108	100	102	101	114	119	116	103	103	105	115	112	102	104	119	120	105	106	114	119	103	114	100	109	119	113	116	109	109	104	107	118	106	107	107	118	119	111	112	110	113	112	
113	118	107	108	100	106	116	120	102	119	107	100	117	102	115	102	109	110	107	116	115	116	120	119	107	107	102	104	101	111	108	101	116	118	111	105	119	107	101	101	101	112	119	102	109	119	117	114	117	104	
113	104	106	104	112	106	111	114	107	101	111	118	118	110	100	108	111	106	109	100	118	106	118	113	120	120	116	109	108	111	102	105	112	114	106	111	113	110	107	110	110	108	107	101	106	104	115	115	113	119	
113	120	111	102	106	117	100	111	106	107	100	100	120	120	113	110	102	101	118	101	120	120	102	104	107	100	109	111	101	104	102	118	112	103	120	103	101	120	108	107	116	103	115	102	103	115	110	115	108	100	
111	101	109	111	102	116	104	111	104	106	120	109	101	119	108	101	106	119	108	116	108	116	106	105	120	106	107	110	108	100	108	118	113	113	101	107	109	102	106	100	115	111	105	104	104	118	101	112	107	104	
114	102	117	111	110	106	110	104	105	104	105	109	117	111	109	111	120	108	105	106	110	107	120	110	110	108	102	120	109	103	107	100	116	103	101	103	109	103	117	106	118	101	102	108	102	103	109	110	116	110	
104	109	114	107	120	101	104	120	104	114	111	114	108	116	102	119	103	108	110	108	113	107	105	108	117	101	100	104	115	106	118	118	115	109	105	111	110	111	117	102	114	101	113	112	120	111	105	110	118	118	
100	116	118	120	119	100	118	105	103	100	114	101	106	101	100	112	116	114	107	113	116	106	111	111	116	103	107	100	110	103	112	108	102	105	116	105	106	107	107	112	115	105	107	117	107	108	100	104	107	101	
115	117	119	115	112	111	117	114	105	102	102	114	101	111	113	100	107	100	120	107	118	109	117	102	103	109	104	111	104	102	105	120	107	120	101	101	104	105	117	114	116	114	118	108	105	116	101	115	101	117	
100	113	101	118	101	112	115	114	120	104	120	109	115	116	104	101	106	101	116	111	106	100	111	105	102	111	116	102	115	104	101	104	102	108	115	115	106	119	101	115	112	119	107	102	114	113	104	105	106	114	
103	119	116	108	103	120	119	114	120	103	119	104	100	114	116	117	117	116	103	110	118	107	103	110	116	115	107	114	113	111	118	111	113	108	111	118	106	103	102	114	108	108	106	106	108	112	109	109	108	113	
113	120	119	115	116	109	109	111	112	108	103	105	118	103	110	102	107	101	108	108	101	119	107	110	103	112	114	108	118	115	117	105	117	101	117	114	115	101	120	100	113	117	117	116	109	118	105	112	103	107	
120	104	109	112	105	111	117	116	116	102	102	117	106	108	109	117	104	104	110	103	115	107	113	105	105	109	120	107	115	117	114	104	110	100	118	111	101	105	113	118	112	112	107	101	107	106	109	102	100	119	
112	117	116	117	110	108	106	101	106	119	105	116	102	114	113	101	116	103	119	101	104	111	109	112	107	105	107	114	102	104	101	117	101	103	110	111	113	119	108	112	103	105	111	115	118	105	118	120	119	107	
104	117	107	119	109	102	109	101	115	108	101	120	105	111	102	100	107	106	101	105	117	110	104	100	118	100	111	115	115	109	118	101	101	111	119	116	109	102	103	110	116	113	110	118	120	120	106	116	102	115	
101	102	101	112	114	111	105	116	106	120	107	111	107	102	104	116	100	103	115	120	115	109	111	105	114	109	120	108	118	110	108	115	120	107	103	118	115	101	109	102	116	117	107	115	115	102	111	109	111	101	
118	111	112	118	119	103	115	105	110	107	119	101	100	101	113	100	111	111	114	110	110	120	118	112	117	114	114	119	112	116	118	111	101	109	106	112	113	115	103	115	100	112	112	102	120	102	114	107	100	120	
109	119	114	105	113	112	107	101	111	109	111	116	100	112	100	120	100	120	113	116	102	108	113	103	118	106	120	104	119	116	115	114	106	105	116	112	116	113	120	115	111	100	120	109	108	111	109	105	112	108	
112	120	109	102	100	105	117	104	101	111	116	108	106	117	101	104	114	113	115	115	116	100	116	107	100	111	107	109	103	111	115	120	112	107	102	115	117	119	118	111	118	102	103	107	120	114	101	115	115	101	
111	118	114	111	111	113	106	118	116	120	105	110	100	110	120	102	116	112	106	120	114	108	104	106	118	112	104	115	115	119	106	111	107	116	119	108	117	104	113	118	100	107	114	106	107	114	100	115	105	103	
109	101	108	114	100	117	118	108	102	110	113	115	111	103	111	117	110	111	113	103	101	111	118	113	105	118	113	111	104	100	115	116	103	118	106	117	100	101	110	115	117	102	114	109	112	102	113	120	101	117	
103	105	100	120	102	107	113	105	100	103	120	105	114	112	112	102	109	102	101	114	106	105	114	109	102	112	100	120	116	103	110	120	120	102	118	118	111	120	110	115	100	108	103	120	104	109	111	102	105	116	
103	117	110	110	108	106	112	116	114	113	103	119	109	105	111	110	119	106	101	111	119	116	102	113	110	115	107	112	115	107	111	104	103	112	105	113	120	100	109	108	112	104	116	103	109	109	118	111	106	107	
117	120	108	104	105	114	100	113	117	108	100	106	118	101	110	102	110	117	114	118	112	113	119	106	116	108	111	100	108	110	110	104	103	103	101	100	106	115	118	117	117	119	104	109	102	110	113	111	119	109	
105	118	114	112	107	112	102	117	114	116	103	102	110	112	104	113	109	104	109	120	111	112	118	105	109	106	120	119	109	102	100	111	109	101	120	114	102	101	107	104	107	120	107	114	103	107	107	101	104	101	
105	101	103	120	102	111	104	101	102	110	118	120	115	115	118	105	117	109	120	118	107	111	102	109	104	103	108	118	109	101	114	105	114	106	111	105	110	108	112	100	116	114	113	117	107	117	107	112	115	120	
107	101	102	104	100	110	117	110	111	106	115	100	110	104	118	100	106	120	111	120	103	100	120	113	105	117	105	116	100	112	103	107	115	116	112	105	112	115	107	112	113	104	106	113	102	107	108	100	117	109	
115	118	100	100	116	108	110	101	106	103	104	113	118	112	103	102	111	106	119	118	107	101	110	120	119	117	105	119	117	103	101	108	112	102	108	120	106	116	104	112	115	104	105	114	104	109	116	106	108	120	
116	100	117	109	107	111	103	107	104	102	120	113	107	112	115	106	101	113	117	104	104	110	105	112	103	110	108	111	115	113	100	105	111	106	104	109	106	118	104	113	104	105	115	116	102	119	118	115	100	102	
120	106	118	116	118	116	113	118	102	117	108	112	112	115	101	117	109	120	118	103	117	103	107	113	112	115	116	117	114	118	119	110	103	120	117	104	119	107	103	102	107	105	114	111	113	114	111	101	110	117	
109	101	114	113	114	119	115	113	118	103	119	106	113	111	109	112	100	100	110	109	106	102	104	106	114	117	115	101	112	110	106	104	114	117	119	116	110	117	119	117	101	105	109	100	103	106	119	112	113	105	
110	116	115	108	113	107	112	115	106	106	110	115	105	110	119	109	116	102	100	102	119	106	107	105	104	115	115	115	110	118	102	101	120	116	104	113	116	111	109	112	102	112	116	115	107	117	117	101	120	107	
112	108	107	115	105	115	120	115	104	115	103	115	119	103	103	110	104	119	109	108	110	102	109	109	110	103	100	105	117	116	110	110	109	103	115	117	105	112	111	115	110	108	120	101	114	108	103	106	117	109	
117	112	103	118	109	104	115	111	108	101	101	104	115	108	114	100	110	100	113	102	100	102	115	100	111	103	106	117	105	106	110	103	117	110	112	114	105	101	103	115	110	102	115	102	106	117	115	117	103	108	
100	109	114	111	106	103	116	102	103	106	114	118	108	107	102	108	103	117	108	109	111	118	109	105	107	100	105	108	118	103	115	108	106	110	118	107	118	100	119	105	101	114	104	113	106	116	103	102	115	112	
112	105	102	114	117	104	110	110	118	114	120	112	108	114	105	117	113	102	100	106	109	111	116	107	118	120	101	107	106	111	110	107	119	116	113	110	120	101	113	110	105	107	115	110	118	117	102	105	115	118	
119	109	108	117	116	119	102	107	103	114	116	109	119	115	104	109	106	118	114	104	110	115	110	106	108	114	104	116	110	112	117	115	116	103	106	108	104	117	112	106	118	109	113	115	114	108	102	109	104	106	
100	110	101	111	115	116	114	119	101	120	113	110	113	120	114	109	117	100	104	112	120	118	108	116	108	116	105	118	105	112	108	103	115	109	109	120	104	101	118	104	103	105	113	102	118	120	104	110	105	110	
113	103	100	112	102	113	116	109	108	116	117	117	118	111	103	118	116	116	120	106	105	107	120	107	104	111	116	115	115	112	111	109	113	109	112	111	118	102	116	104	118	105	118	114	109	115	102	104	106	100	
111	100	101	108	102	103	113	119	104	104	100	104	108	100	116	101	107	110	119	103	110	107	118	119	118	106	107	109	112	110	115	102	101	108	101	101	103	120	104	114	111	104	102	101	115	106	107	109	101	106	
100	110	119	109	103	106	116	116	103	113	109	120	114	119	105	107	107	102	120	110	106	105	109	120	114	116	119	103	113	101	100	117	103	110	113	113	113	114	100	104	111	110	103	119	117	116	113	100	117	118	
100	104	104	114	111	100	111	105	120	117	104	113	119	104	103	103	102	108	117	114	107	112	107	115	120	105	112	111	114	101	115	103	106	113	110	117	119	105	119	116	108	103	105	116	117	113	116	119	110	114	
111	115	113	115	112	117	109	102	118	119	107	115	103	119	112	116	109	110	115	112	118	119	105	105	119	108	108	107	104	118	102	119	103	119	112	109	117	104	111	109	107	114	111	102	110	105	112	119	106	110	
115	110	114	112	116	119	116	106	109	116	107	110	102	101	114	110	109	116	105	109	116	110	106	102	100	115	120	102	112	100	117	108	120	115	110	106	102	119	100	105	114	113	118	106	114	114	111	102	108	116	
106	102	106	112	117	105	103	116	111	100	119	110	100	100	105	120	108	110	104	110	106	117	115	105	120	108	115	111	100	102	108	113	103	107	107	105	118	111	116	102	115	112	116	113	120	106	106	114	118	109	
109	114	104	106	120	113	112	102	104	103	102	105	103	109	118	102	119	110	107	100	101	118	117	113	101	109	107	114	113	107	102	113	119	110	118	110	119	113	109	100	111	117	101	113	105	103	119	117	107	100	
117	109	101	111	110	117	110	108	110	100	120	102	115	116	100	100	105	111	118	101	115	114	104	110	111	102	103	116	101	118	111	111	116	112	103	110	109	117	108	116	115	119	103	119	117	106	119	120	102	105	
100	100	115	102	116	102	109	100	108	113	102	116	106	113	119	116	105	118	112	110	113	101	113	110	118	100	119	114	103	114	113	106	110	120	103	105	120	101	106	103	104	106	114	113	113	103	108	111	108	112	