100
30
177	106	158	158	140	144	121	160	134	117	111	117	175	153	197	159	183	114	180	186	197	139	161	195	178	187	106	182	174	159	
118	108	163	158	190	178	199	198	140	177	183	165	149	159	182	140	152	112	182	109	106	190	144	108	149	103	155	138	169	168	
163	117	125	100	177	184	199	143	122	131	115	161	198	101	198	119	150	134	176	159	173	136	143	133	160	113	183	111	185	130	
148	179	143	184	103	120	113	144	146	149	152	191	102	142	187	107	170	149	198	136	165	118	155	114	156	168	130	176	196	195	
138	176	116	198	133	157	108	113	173	150	190	177	190	157	112	117	130	176	139	117	131	157	143	187	100	105	153	149	193	150	
162	194	100	146	177	101	170	192	136	131	119	123	103	166	188	173	127	154	119	197	127	100	133	154	102	199	188	184	185	158	
198	178	166	105	154	193	165	116	134	104	199	114	143	141	178	172	198	124	118	168	123	168	154	177	116	126	154	189	167	175	
144	195	141	126	164	116	140	154	151	100	148	121	157	138	107	129	155	179	139	154	148	133	117	191	195	125	139	186	114	111	
137	189	142	158	125	102	156	175	103	187	168	116	149	132	165	126	108	135	177	144	107	166	143	111	140	164	198	162	134	153	
152	163	115	112	196	137	175	155	170	105	173	138	170	192	197	145	193	183	175	144	132	110	156	197	181	155	174	172	172	110	
151	136	194	122	175	131	186	131	131	192	150	148	136	193	109	145	187	155	187	141	171	182	124	101	112	130	187	149	183	124	
176	189	140	151	157	180	119	190	119	125	104	194	199	150	170	114	115	154	100	139	120	184	180	163	111	118	160	114	177	108	
189	119	106	133	142	117	114	145	170	125	183	125	152	149	187	136	193	111	155	127	128	188	140	187	174	117	126	128	139	164	
143	113	109	140	183	100	136	122	123	132	152	104	186	149	172	164	152	170	112	134	186	152	114	123	135	119	145	174	199	167	
126	153	177	117	164	113	142	137	195	111	101	134	186	175	189	149	119	163	176	147	139	117	106	194	131	147	113	184	141	108	
125	111	189	116	147	181	165	124	148	148	123	196	104	127	170	122	192	139	131	119	157	140	163	186	171	128	118	193	190	146	
183	157	129	125	147	162	117	176	164	187	156	170	127	144	143	147	190	145	134	165	124	148	136	113	126	120	123	122	161	192	
154	161	182	151	162	184	173	110	114	172	181	141	143	190	172	143	184	109	149	180	167	194	124	153	189	190	114	119	165	101	
117	189	181	104	177	196	116	156	115	101	124	191	100	162	196	136	186	171	154	106	178	187	156	147	129	187	128	195	154	186	
186	100	161	192	166	124	146	139	184	182	168	162	109	143	182	157	103	197	136	169	184	134	188	166	160	158	131	197	145	199	
170	167	168	123	151	156	123	161	169	135	125	137	197	190	195	132	113	112	177	115	107	116	188	149	160	102	179	133	179	152	
128	135	150	185	167	126	164	153	138	195	160	186	180	113	129	173	168	152	103	174	157	172	199	129	148	111	123	177	174	179	
173	191	181	167	170	100	118	154	127	132	105	145	120	179	108	130	134	142	157	121	131	187	156	184	179	195	138	159	198	184	
180	173	113	167	187	139	123	172	153	158	190	157	198	113	102	165	102	145	126	134	126	140	129	183	181	137	112	175	124	106	
115	183	122	110	186	159	160	102	111	125	113	106	158	191	134	161	133	174	184	173	105	180	135	189	177	194	100	105	126	176	
131	132	128	163	163	102	197	160	114	106	148	171	149	143	118	158	181	146	165	165	181	138	129	140	176	168	183	128	146	127	
120	152	147	153	128	162	148	141	146	161	127	197	173	154	185	131	116	148	183	143	178	126	123	180	151	199	177	196	108	189	
186	184	151	175	140	105	172	125	176	156	144	147	177	127	106	134	122	185	129	198	108	114	160	101	182	160	166	117	173	110	
143	189	100	146	123	182	169	187	142	137	143	114	172	190	173	142	136	191	183	142	144	130	143	157	139	114	130	153	156	113	
102	166	135	152	137	183	191	196	156	168	131	172	150	131	189	153	155	100	197	137	173	144	138	140	174	125	144	185	132	104	
190	160	111	128	150	166	197	191	172	170	136	132	112	188	156	147	177	192	183	195	123	176	171	178	143	111	152	122	118	126	
163	159	144	189	199	176	192	191	107	196	182	148	184	138	124	175	137	111	181	180	113	197	140	180	174	136	170	140	152	135	
109	181	160	168	153	185	107	193	107	143	187	136	164	117	134	100	151	159	126	170	144	105	185	102	134	181	145	146	144	103	
120	133	161	106	146	114	194	115	100	176	144	190	190	134	199	158	136	148	157	102	143	121	132	106	126	152	124	195	100	109	
165	162	106	140	182	189	142	154	102	104	148	173	160	185	135	175	158	102	135	115	170	198	118	170	154	187	158	101	182	191	
100	168	184	112	187	120	176	106	151	190	162	112	152	140	162	198	122	185	138	117	191	177	183	198	166	163	125	166	191	162	
181	175	140	115	174	139	175	125	188	121	121	164	186	186	156	136	162	142	184	126	191	173	141	185	130	141	136	199	127	136	
115	159	187	176	176	147	103	159	174	182	148	114	193	172	166	122	116	123	164	141	124	126	129	171	130	181	149	193	114	143	
149	128	112	192	114	154	117	159	198	141	108	129	170	122	178	184	165	105	155	163	100	160	191	167	127	102	129	139	111	125	
172	149	190	143	143	108	141	194	199	179	124	165	157	132	121	183	145	182	179	107	115	172	166	149	180	195	102	131	113	192	
136	104	132	147	132	164	141	152	184	174	165	144	149	174	117	159	137	110	121	105	194	103	163	172	163	166	175	101	145	197	
130	139	132	192	161	189	184	192	152	112	179	188	191	156	156	144	155	196	187	171	190	130	100	105	162	129	154	125	193	190	
169	102	183	178	167	168	172	185	193	182	197	184	122	178	117	153	122	173	197	149	105	131	137	120	114	130	185	165	154	199	
125	164	110	190	102	135	106	188	143	101	112	132	131	160	117	110	104	199	179	158	169	143	153	112	169	195	163	150	125	154	
193	113	100	157	164	158	129	107	140	116	106	140	157	130	164	155	193	194	172	168	130	117	153	178	165	119	107	127	156	196	
180	168	187	177	113	176	194	117	186	102	180	136	143	159	163	149	191	174	105	104	199	130	120	186	199	154	147	125	118	152	
137	157	127	141	186	189	153	174	148	152	163	143	144	132	173	132	179	108	159	121	125	174	156	120	197	108	180	119	106	172	
122	111	109	100	130	151	107	100	191	166	156	183	145	176	156	152	117	133	193	176	138	128	173	194	148	195	180	160	112	176	
119	146	124	147	161	118	105	191	115	145	143	108	140	165	100	183	178	156	165	110	184	189	186	150	157	146	149	181	170	157	
135	126	152	145	183	109	145	178	176	105	185	178	126	108	105	114	100	105	171	164	145	185	173	174	136	116	125	192	191	188	
118	156	173	165	107	187	152	127	164	109	119	145	153	170	131	167	126	135	165	118	140	164	104	120	116	160	181	106	134	167	
185	108	138	133	186	156	114	102	150	163	167	178	113	126	151	184	114	156	152	104	194	165	140	128	110	162	188	126	163	112	
163	175	115	119	111	154	149	121	119	128	165	193	186	114	180	121	151	138	180	151	123	144	153	155	119	104	183	136	106	164	
147	150	187	155	101	135	116	130	196	142	153	124	142	131	104	181	110	122	106	151	149	116	138	196	105	144	197	188	117	156	
166	144	145	103	132	149	192	163	167	107	165	100	188	145	181	119	106	162	153	181	170	139	107	156	166	155	101	104	158	184	
141	100	143	123	120	196	102	128	164	156	145	193	118	170	105	141	184	144	192	189	179	121	193	125	105	154	123	134	178	123	
178	169	189	179	154	184	134	173	195	116	120	188	145	121	173	178	114	147	169	171	149	107	153	140	134	123	160	170	196	136	
133	124	122	149	128	122	163	100	142	190	116	149	136	145	145	199	139	146	113	119	124	150	182	184	151	104	185	168	134	141	
174	134	120	136	137	193	119	140	173	178	171	174	146	159	145	186	158	198	189	139	136	156	124	199	191	111	161	162	142	108	
174	194	177	175	148	175	195	189	133	109	157	196	179	143	176	142	134	104	143	119	105	193	189	164	197	101	107	193	143	137	
117	127	181	189	148	112	161	129	140	122	139	105	155	182	192	175	146	118	175	130	114	101	188	152	128	138	100	181	187	193	
113	143	151	117	134	151	136	165	195	197	100	190	147	117	174	189	131	171	148	115	121	116	148	120	185	183	119	130	136	158	
114	155	102	174	115	198	138	162	196	129	158	193	123	135	144	144	135	172	160	102	130	181	175	130	188	166	118	151	115	152	
149	196	150	177	128	123	112	182	160	104	186	152	137	143	198	167	159	126	153	160	184	174	160	148	134	113	155	104	182	124	
137	108	196	167	192	120	190	174	188	137	144	105	160	183	142	104	151	191	187	163	165	165	100	121	159	112	109	160	101	137	
164	130	163	142	189	192	151	179	127	162	119	131	127	131	178	150	199	123	168	188	189	164	111	102	123	192	178	197	161	155	
105	182	166	108	163	146	138	138	105	155	108	177	195	193	172	108	121	144	102	122	100	144	183	184	183	108	148	158	149	167	
161	138	100	158	190	196	168	184	154	121	135	123	137	113	125	105	148	159	137	157	109	167	131	189	108	196	148	118	131	145	
176	150	181	174	198	135	102	172	115	172	186	137	116	197	111	183	110	144	190	128	114	114	149	159	197	174	173	194	135	104	
175	195	155	163	146	138	123	137	132	133	158	190	196	103	138	109	132	119	125	118	103	176	107	147	115	138	111	166	109	180	
147	111	170	137	190	108	171	179	134	121	121	174	198	142	143	142	162	184	101	120	150	152	133	122	141	131	169	159	175	127	
105	149	181	191	102	123	122	154	108	135	103	154	101	197	124	185	168	122	119	193	165	171	137	160	151	186	155	159	104	176	
175	168	192	134	169	107	197	113	109	113	126	172	152	157	116	184	159	173	102	120	111	157	110	192	134	179	186	137	174	170	
180	131	190	124	118	157	199	136	145	154	141	178	113	189	159	158	122	196	187	175	186	115	119	192	183	187	153	126	136	142	
138	117	148	141	184	161	156	108	126	169	123	179	117	115	140	183	100	104	190	125	144	131	151	199	134	197	135	116	175	167	
125	129	195	155	194	109	189	170	161	107	147	131	167	160	133	166	115	133	168	195	146	198	158	110	145	104	113	133	184	182	
163	183	176	182	192	145	101	169	142	155	170	140	189	138	161	189	185	165	190	103	199	117	180	197	126	138	165	115	164	143	
136	102	168	123	137	118	106	194	104	115	117	144	142	113	113	128	137	106	122	153	170	161	137	183	118	156	178	184	198	143	
182	175	101	112	124	145	137	184	108	107	156	100	128	128	133	193	151	184	163	150	107	107	155	151	173	155	170	184	144	125	
117	124	185	179	145	116	103	179	127	192	159	168	178	136	110	181	120	129	142	104	162	162	191	170	139	102	152	161	169	184	
151	151	113	139	154	108	197	197	199	103	199	179	155	100	176	102	175	194	170	175	151	160	124	170	160	101	121	133	158	172	
196	114	151	116	111	163	100	112	141	129	181	151	110	131	143	135	155	112	107	191	140	169	150	117	175	162	197	126	126	137	
166	193	149	152	112	166	113	124	101	175	113	126	114	170	164	174	140	170	179	180	118	140	121	131	166	191	161	193	114	135	
168	177	193	131	141	139	131	119	114	190	125	133	133	105	105	123	107	136	178	145	132	147	145	109	185	147	148	145	180	188	
136	122	135	189	135	195	104	139	142	173	159	186	194	148	140	193	170	148	133	151	141	183	138	172	158	174	157	111	160	196	
185	127	181	182	118	121	163	181	153	160	163	170	110	171	110	123	164	184	117	184	150	129	184	121	125	113	179	187	197	162	
169	175	124	114	183	170	109	113	170	151	178	153	141	172	175	185	181	196	100	148	162	186	101	162	195	102	192	132	179	189	
147	145	192	142	109	197	129	172	176	122	111	196	178	187	124	157	165	189	109	191	167	186	158	184	106	108	196	198	177	138	
154	178	105	122	161	111	172	155	143	171	100	123	151	130	172	166	136	180	192	150	172	161	178	146	187	141	102	145	165	199	
126	159	184	127	103	147	155	163	145	149	109	187	109	121	102	121	134	198	177	188	141	168	134	158	138	171	143	149	156	168	
162	134	109	143	158	152	164	155	151	141	140	187	107	160	138	146	164	118	162	102	180	167	111	163	184	165	141	122	173	136	
177	197	193	106	100	141	190	133	160	147	101	122	180	133	110	158	175	128	120	197	137	168	143	132	150	196	150	106	124	172	
189	154	148	185	188	165	136	186	154	199	108	154	112	117	103	123	184	113	169	131	175	165	183	146	168	155	115	146	108	110	
143	174	111	163	153	175	195	187	105	170	197	132	107	184	153	155	103	180	155	168	111	109	144	171	196	140	118	127	197	125	
101	153	122	171	167	171	145	115	195	193	155	141	175	169	169	113	139	147	105	161	178	165	145	128	196	138	180	104	181	170	
105	157	118	106	113	106	126	110	131	133	148	178	178	106	144	111	191	150	112	175	110	154	117	199	144	143	183	150	155	104	
118	131	142	179	119	170	135	170	199	168	108	198	150	175	130	171	124	164	109	146	106	155	140	134	140	191	112	158	144	145	
169	154	159	118	145	162	123	148	138	132	161	193	135	101	144	184	167	118	160	170	169	125	129	116	100	107	156	147	155	138	
172	184	177	176	121	167	177	119	199	173	156	184	190	177	124	178	151	128	156	112	138	187	101	159	110	198	134	179	131	100	
143	190	123	114	145	166	181	114	114	104	106	164	179	105	138	104	184	198	159	131	123	128	148	129	133	181	109	184	154	115	