200
20
198	179	187	167	173	189	186	157	147	162	108	162	112	122	142	132	192	195	161	191	
142	112	170	164	167	192	135	183	171	148	111	185	100	171	199	151	160	199	129	110	
128	182	122	144	119	133	157	125	187	102	195	187	109	181	170	176	168	123	178	137	
192	106	146	113	162	105	156	164	139	124	100	122	147	102	135	116	127	199	145	184	
162	101	124	110	185	130	184	152	166	115	101	104	192	101	120	197	162	125	139	114	
125	104	155	199	192	164	147	130	103	109	138	119	196	191	113	145	179	165	117	116	
115	181	141	191	194	166	153	182	134	111	139	138	151	186	161	106	123	149	176	186	
108	142	108	192	197	146	130	114	162	151	131	183	145	119	174	170	191	113	165	104	
180	188	164	159	149	122	160	199	132	170	144	181	138	159	151	192	193	129	190	199	
123	127	199	106	131	198	166	105	183	145	148	175	192	166	199	193	119	133	143	117	
180	177	131	138	125	187	131	130	180	140	105	176	102	191	125	165	165	147	120	161	
157	118	198	115	136	182	136	120	172	131	149	142	154	156	120	162	100	103	131	180	
114	142	167	159	154	103	113	180	104	144	113	197	186	121	162	127	113	132	170	125	
116	119	188	120	149	169	135	179	179	170	193	128	176	105	125	174	112	152	199	122	
138	147	143	165	158	198	110	124	176	173	157	159	109	110	118	124	119	197	109	155	
196	121	115	131	108	136	147	152	128	117	143	121	177	174	170	186	112	108	140	130	
156	191	161	182	145	103	164	186	100	177	129	182	149	180	150	137	140	179	192	170	
133	183	172	135	123	159	132	131	173	128	189	153	165	188	168	167	185	135	142	149	
194	120	135	142	123	102	107	190	175	142	196	182	113	166	180	137	178	108	164	124	
137	125	121	120	111	114	195	133	196	197	148	162	102	145	136	181	157	199	144	177	
177	109	175	118	197	141	193	167	141	155	195	153	107	128	196	188	178	147	152	148	
187	118	186	166	141	102	127	162	184	160	174	191	107	120	158	174	128	176	133	176	
116	142	151	163	120	136	102	173	110	149	182	104	126	117	144	194	170	177	121	181	
128	181	117	188	167	127	113	100	140	172	194	181	100	195	124	145	135	150	143	139	
132	118	106	106	120	171	114	177	197	168	193	159	168	193	144	116	199	138	159	102	
149	101	169	166	135	109	196	155	118	105	151	170	163	176	135	109	106	199	147	169	
150	134	184	191	105	124	145	142	118	173	132	135	189	110	150	103	127	196	122	146	
162	182	146	101	162	109	169	141	136	170	173	112	133	191	161	141	147	132	167	127	
175	160	133	196	170	116	105	156	123	195	191	161	178	153	179	173	127	124	169	127	
121	171	146	112	183	178	192	174	113	114	129	175	153	195	121	175	108	122	106	104	
175	116	145	188	172	173	124	198	114	156	170	166	106	147	192	157	162	137	130	184	
128	133	133	134	121	143	196	162	176	129	165	132	103	186	108	103	125	138	187	160	
177	135	193	198	142	102	101	149	120	155	106	137	156	126	157	132	192	146	179	180	
154	140	118	180	171	145	139	103	172	161	134	114	105	144	181	127	135	131	118	150	
124	152	137	113	172	184	179	104	183	141	169	106	186	156	196	196	168	113	198	115	
179	146	171	126	151	118	127	126	143	199	123	137	110	156	134	198	113	196	117	199	
172	108	163	115	199	128	153	175	148	158	158	175	171	176	147	106	190	151	145	154	
114	157	104	194	162	187	181	190	127	133	112	113	121	192	152	127	102	113	111	135	
189	116	166	168	115	179	174	191	190	198	170	159	158	117	133	105	196	117	179	192	
145	193	172	150	185	115	161	178	151	134	104	178	138	191	190	180	189	181	196	116	
143	119	196	141	140	188	126	109	193	146	171	173	164	172	197	174	189	190	185	121	
121	104	130	136	187	123	139	134	110	135	133	183	109	118	159	149	171	198	158	195	
120	166	169	171	128	115	174	144	139	198	112	127	165	143	114	171	101	168	192	107	
165	107	184	114	148	107	159	182	157	102	123	195	148	105	162	168	144	133	113	165	
112	145	143	196	166	198	128	137	150	130	174	105	131	173	103	114	121	178	189	129	
195	101	172	137	139	195	190	136	185	195	197	137	169	145	153	188	190	189	168	156	
108	197	184	167	196	180	113	123	115	139	112	176	149	130	164	141	129	116	188	169	
127	149	153	175	193	136	126	100	170	133	174	106	141	153	199	113	143	109	121	144	
122	170	157	181	194	110	160	118	120	188	128	101	185	110	119	121	116	160	171	155	
193	146	190	171	195	174	166	139	117	112	109	194	190	139	147	127	107	172	153	117	
113	159	127	135	160	127	165	121	162	187	180	114	125	175	195	117	141	148	145	138	
142	103	167	177	139	182	111	143	175	145	141	126	177	154	172	164	155	119	152	152	
119	199	171	175	187	116	115	146	171	152	145	125	153	161	120	161	189	147	108	143	
195	117	113	165	139	131	143	106	107	134	168	162	152	107	199	104	154	103	132	107	
174	128	113	148	167	192	188	198	153	106	110	105	195	195	109	193	183	187	153	143	
112	194	182	162	119	154	157	160	180	133	156	140	192	125	113	196	148	104	183	131	
145	179	130	145	191	119	181	104	189	102	145	107	178	192	179	182	190	130	135	188	
130	173	145	189	127	151	174	128	123	198	149	106	111	123	155	137	174	198	112	172	
133	181	108	112	136	135	126	168	124	170	161	114	183	132	148	129	146	119	104	124	
121	162	138	121	110	124	198	195	176	156	108	105	199	146	189	172	119	140	198	197	
133	181	125	164	113	193	134	113	109	123	126	101	118	179	126	112	174	131	174	118	
175	156	148	145	188	107	136	174	182	178	151	104	181	149	114	118	173	133	149	117	
156	149	148	173	173	197	112	161	176	124	119	183	161	130	127	170	167	114	170	199	
166	111	104	151	136	157	169	150	110	163	118	113	139	111	154	126	143	170	122	102	
114	164	174	177	103	139	146	134	163	104	106	113	187	179	107	108	131	145	100	166	
133	125	104	189	130	187	153	144	140	127	126	124	158	145	154	128	140	139	186	131	
126	194	149	186	125	103	178	196	121	197	179	141	178	123	185	100	174	167	117	105	
107	154	158	115	170	132	100	148	197	169	189	181	140	130	178	149	191	154	119	131	
149	141	188	140	196	134	172	159	158	197	136	175	189	183	136	199	184	138	155	193	
190	162	132	198	143	110	114	107	133	149	164	172	109	141	194	173	108	157	148	170	
134	111	145	149	186	185	193	176	191	173	119	152	106	109	135	124	184	181	180	111	
181	132	190	137	117	109	126	126	142	181	159	141	162	175	125	188	173	197	173	185	
108	175	133	156	114	155	126	192	168	150	188	177	125	106	117	108	127	189	194	199	
161	134	163	135	146	139	126	150	119	174	196	143	101	122	148	114	110	159	149	170	
126	119	163	117	134	167	177	158	152	181	142	146	134	119	181	125	186	105	168	153	
195	197	170	146	120	148	117	152	145	162	104	170	142	143	160	156	163	188	102	175	
101	177	197	185	113	173	114	103	199	132	102	137	195	146	147	133	163	127	115	112	
172	183	154	187	112	157	103	125	137	133	111	198	193	181	111	107	137	167	116	173	
124	180	108	104	184	119	102	134	136	121	142	122	135	179	105	166	128	167	125	188	
184	153	198	160	196	157	192	157	183	113	160	127	112	128	114	172	125	143	173	127	
146	101	111	188	185	174	143	195	163	172	126	185	199	197	158	177	158	153	182	161	
119	129	186	168	113	134	173	188	188	164	158	113	189	106	146	172	175	147	166	162	
155	152	136	173	199	144	186	105	139	149	110	177	192	112	185	165	115	117	185	121	
150	162	139	171	134	158	177	161	137	102	152	146	138	114	142	119	104	179	155	104	
155	182	170	132	159	101	199	186	156	133	121	197	118	138	154	163	183	192	162	156	
146	140	178	189	111	144	117	195	169	105	170	145	119	154	145	111	164	173	179	151	
133	130	137	130	134	136	144	175	130	148	181	167	147	113	140	133	170	133	131	138	
195	123	193	141	174	102	168	145	110	155	144	123	135	132	150	147	183	151	118	172	
113	137	161	156	136	128	150	179	115	161	139	103	178	148	193	124	148	122	134	126	
122	185	160	192	157	163	139	129	152	184	198	118	146	157	130	138	152	194	148	190	
118	176	166	110	145	125	138	170	153	131	196	122	192	183	109	188	107	195	176	135	
139	162	137	117	101	187	161	146	160	150	190	196	136	166	167	120	181	198	140	110	
133	143	108	194	199	170	128	196	145	144	166	173	161	177	186	176	120	179	173	131	
111	152	199	143	116	131	127	195	181	118	139	110	160	104	197	197	176	101	105	151	
195	178	172	195	109	163	123	184	132	185	186	133	139	142	145	100	193	191	101	109	
159	173	162	136	107	196	152	155	170	193	169	155	161	177	111	166	156	117	167	161	
142	181	133	120	173	105	179	115	197	102	129	134	117	132	163	165	188	188	168	136	
198	170	157	170	152	165	162	125	110	198	125	123	120	111	170	101	156	136	108	163	
196	156	152	196	183	167	172	144	133	153	126	197	188	191	120	101	167	134	114	144	
170	167	131	121	136	199	195	107	110	176	117	162	132	134	133	173	106	109	187	175	
141	149	168	173	180	121	105	163	186	136	178	119	185	115	119	145	169	121	171	146	
164	168	134	110	114	150	109	108	106	154	134	140	156	110	153	197	137	103	116	150	
173	175	114	111	151	112	199	149	120	141	151	190	197	122	192	156	159	149	135	109	
155	179	158	136	126	175	178	103	100	101	116	108	140	176	199	119	172	170	153	194	
159	163	105	116	159	154	173	148	158	183	188	129	192	136	184	171	132	171	162	173	
184	124	115	146	111	173	196	100	199	162	122	107	107	147	116	187	131	197	130	189	
115	157	150	107	138	160	106	116	104	116	194	150	106	132	115	132	103	159	121	128	
100	151	102	174	133	142	149	187	112	114	154	192	110	193	128	163	128	128	101	157	
156	193	105	155	126	168	174	126	110	142	159	189	101	134	101	121	144	170	111	197	
136	150	139	185	183	116	147	154	199	151	181	108	155	153	151	130	160	125	118	147	
106	147	170	130	184	103	103	101	116	148	135	180	172	129	196	120	182	163	105	163	
199	130	193	186	113	102	117	109	159	138	160	188	190	100	153	180	149	193	155	170	
133	156	140	188	147	182	192	177	192	160	186	162	144	104	183	126	162	151	186	140	
108	108	136	161	110	139	152	178	101	176	171	151	175	119	126	101	170	190	173	167	
128	116	169	115	157	146	150	126	143	112	119	177	138	115	134	182	170	170	163	188	
160	194	129	106	147	159	146	132	105	196	125	195	101	144	178	195	195	155	197	172	
142	145	159	110	166	129	142	139	131	142	135	146	154	140	111	129	199	173	199	196	
103	124	146	161	117	102	166	145	117	112	153	193	197	113	198	134	192	105	196	103	
180	116	176	156	162	100	175	121	133	146	122	169	154	188	146	169	172	196	168	193	
128	161	123	161	163	182	117	154	119	197	139	135	144	155	136	183	125	190	170	105	
152	156	186	104	159	181	102	134	136	164	160	132	172	157	105	191	188	175	127	108	
144	105	141	155	141	118	182	114	131	113	141	195	144	125	192	176	157	181	106	190	
166	128	147	132	104	156	196	117	144	176	149	198	167	162	164	131	146	111	111	194	
167	186	110	153	169	151	182	193	114	172	106	195	171	107	185	135	101	103	160	101	
183	145	138	144	155	128	190	174	115	188	121	114	110	104	170	188	120	136	191	143	
138	178	194	138	106	168	172	117	115	118	193	120	146	122	186	164	153	142	169	101	
173	131	128	126	132	148	189	108	183	190	116	191	151	181	177	154	191	181	170	184	
102	188	131	193	159	187	198	160	125	181	102	160	150	115	167	118	176	118	126	153	
140	147	123	124	159	180	173	173	146	153	155	162	101	146	122	174	156	128	114	167	
198	164	153	111	192	147	178	158	175	160	167	134	154	149	180	142	130	193	161	181	
107	183	194	179	136	159	193	101	128	154	116	198	149	123	142	182	158	105	185	155	
172	185	115	160	141	182	170	142	182	156	156	179	147	177	191	117	173	155	114	139	
195	111	102	123	134	120	129	120	100	132	129	176	128	147	105	107	105	185	177	111	
121	162	167	147	180	158	171	106	138	112	119	152	121	196	104	180	152	124	122	126	
182	156	150	194	107	198	123	187	182	177	118	101	183	191	111	188	188	162	197	125	
151	175	126	160	183	141	101	172	172	190	117	192	128	141	159	187	121	195	191	155	
197	196	176	116	197	178	142	155	110	185	178	162	174	103	157	166	187	166	137	148	
126	139	177	138	103	119	172	165	165	106	122	117	144	141	147	129	131	135	113	145	
154	179	101	114	161	174	161	131	159	172	141	119	117	162	140	188	125	170	174	156	
120	158	124	119	177	192	180	115	109	155	160	119	148	140	118	104	180	176	138	163	
150	197	100	101	122	144	152	189	180	105	148	158	173	104	189	197	119	188	178	166	
130	166	135	156	128	196	198	136	196	178	156	106	184	162	150	118	156	136	194	146	
187	174	134	161	181	151	165	113	178	127	106	106	195	167	178	163	135	119	176	182	
157	195	183	187	181	184	132	199	177	140	187	183	182	160	161	128	188	199	180	173	
135	116	191	168	128	171	104	135	104	125	181	179	147	120	111	124	141	169	178	147	
191	176	121	191	105	100	141	147	173	186	138	115	148	147	142	139	172	125	159	169	
134	174	160	126	165	189	180	135	137	135	186	174	182	101	133	120	105	152	148	155	
137	149	118	113	166	176	150	184	124	134	137	117	195	146	117	139	184	145	157	105	
143	104	146	120	159	123	199	104	184	129	124	155	192	143	154	103	166	143	131	141	
131	173	136	106	131	197	117	155	108	116	120	109	149	130	150	166	170	121	123	116	
176	175	185	135	190	129	152	119	187	112	134	180	102	139	166	137	140	175	195	197	
156	167	175	197	174	199	145	175	143	131	145	140	108	178	122	160	114	114	102	163	
105	123	118	104	153	199	180	159	147	156	168	177	197	182	151	123	194	101	183	164	
173	178	196	135	196	106	119	169	160	104	170	132	104	164	143	190	180	182	139	165	
173	112	179	123	154	108	169	144	118	186	153	171	109	110	174	134	128	131	193	110	
134	119	189	162	121	151	106	140	122	155	121	122	129	136	132	136	109	134	183	172	
156	156	114	150	126	150	153	193	121	138	191	111	114	128	127	109	190	133	171	164	
148	151	131	165	195	194	144	127	187	135	162	170	170	146	163	100	197	131	131	100	
169	109	102	197	148	118	100	120	137	132	121	186	121	190	100	113	167	199	150	128	
183	195	170	171	170	139	199	130	154	164	154	115	126	105	184	194	138	170	180	108	
193	101	108	100	150	123	122	143	149	152	139	136	119	160	159	104	146	101	126	106	
189	138	175	193	175	115	176	181	166	144	123	109	158	180	152	184	171	198	164	135	
113	159	126	130	140	139	144	102	161	135	197	142	105	132	146	108	164	197	172	163	
176	115	101	143	124	129	150	109	156	148	177	144	188	153	151	122	109	167	155	148	
172	189	155	118	158	187	135	146	101	197	164	118	158	100	126	110	139	125	186	124	
152	177	195	160	193	163	175	184	167	102	115	161	105	198	153	124	146	178	142	151	
158	109	192	153	178	150	189	189	120	110	191	176	151	132	192	173	135	127	154	101	
194	132	179	184	161	196	186	158	123	138	123	105	183	158	157	168	156	161	164	177	
157	169	125	133	159	142	126	132	176	195	198	156	106	122	133	146	157	178	194	191	
186	195	170	138	125	177	171	108	197	186	189	166	196	167	184	103	150	158	115	109	
132	133	177	141	138	115	175	107	180	144	118	136	126	104	107	187	103	101	177	152	
169	157	181	124	172	198	193	146	157	125	140	163	173	175	143	196	111	184	114	130	
130	178	141	171	196	197	125	188	105	109	131	144	132	129	148	114	125	148	124	139	
199	122	109	155	116	112	151	130	188	121	162	105	199	196	188	182	152	123	102	101	
183	151	177	124	165	183	134	110	115	127	188	181	117	106	182	161	178	187	165	114	
166	189	179	166	195	166	186	169	153	154	144	125	153	185	120	129	137	126	155	154	
170	157	173	153	119	140	143	133	198	126	190	113	165	108	161	178	187	124	143	134	
140	141	172	166	119	181	152	110	148	115	175	154	171	136	144	174	176	125	107	163	
192	115	153	125	124	112	196	132	137	190	164	119	181	124	182	158	142	126	112	171	
189	154	114	140	141	154	128	135	137	160	188	102	160	188	154	184	128	122	160	186	
195	188	192	119	123	152	195	113	169	127	112	161	129	158	104	146	156	133	177	127	
170	158	181	171	194	136	174	145	181	100	104	122	184	118	164	131	175	153	121	177	
131	106	100	187	127	191	168	145	156	123	120	199	146	194	181	126	167	131	181	149	
198	182	122	193	104	132	191	133	113	106	184	188	142	110	170	153	124	110	116	133	
153	123	120	133	102	101	105	171	185	133	121	111	104	115	180	111	131	195	186	159	
176	132	158	120	102	159	127	103	196	146	142	190	163	149	146	152	170	155	194	126	
178	153	101	191	147	192	136	196	154	133	183	100	117	122	186	162	121	137	189	126	
195	152	192	160	187	136	181	137	109	159	130	142	185	109	182	149	130	192	128	167	
147	187	153	133	148	129	192	141	140	108	107	145	104	140	144	194	179	198	105	178	
196	157	174	164	142	116	146	158	194	152	185	177	160	169	101	161	104	120	171	172	
124	107	150	104	128	145	159	125	121	134	163	181	110	159	174	100	153	134	109	124	
163	163	127	150	184	172	114	144	142	172	101	150	148	192	173	131	146	152	181	141	
148	132	151	125	105	182	190	130	178	167	105	158	116	138	126	178	107	110	141	118	
185	125	156	196	152	182	112	159	147	176	110	149	108	108	199	155	186	168	194	133	
154	135	120	141	154	149	150	184	189	108	124	100	107	198	133	158	108	137	132	123	
139	150	190	199	137	117	105	178	144	161	137	190	152	110	146	163	133	147	135	174	
159	139	174	105	113	151	124	127	132	161	117	112	173	137	148	161	176	149	141	158	
157	140	137	161	159	148	138	199	164	144	181	102	199	153	168	193	110	113	169	185	
168	143	177	196	162	197	170	108	179	199	130	159	174	154	176	150	177	157	192	137	
176	141	115	104	163	176	161	144	132	192	124	126	125	181	174	161	150	156	163	180	