200
30
110	184	102	157	192	102	165	130	166	136	104	127	139	164	178	118	183	145	116	173	190	125	169	173	138	133	102	164	139	189	
139	110	143	100	142	100	103	125	152	196	143	140	154	169	138	106	181	118	163	179	178	157	148	134	142	178	112	192	101	183	
188	195	162	102	190	102	151	137	142	158	155	123	174	115	131	133	166	137	121	194	133	190	132	192	160	188	196	157	117	113	
149	169	148	195	124	195	149	127	122	152	177	125	198	137	107	149	154	143	163	166	142	196	199	149	137	198	106	174	168	141	
123	126	133	112	190	148	173	120	178	157	130	183	183	119	141	192	118	175	136	152	104	107	196	117	144	155	185	180	178	165	
175	184	113	168	105	103	147	102	121	134	148	173	192	148	133	144	136	124	148	167	104	191	106	164	186	109	156	114	133	117	
119	148	159	160	167	148	182	163	154	110	175	153	119	107	167	138	114	179	158	139	167	199	122	104	108	113	154	184	103	125	
160	185	193	136	169	155	129	196	135	143	141	184	121	140	171	128	147	142	175	156	105	115	157	185	131	155	155	140	131	141	
102	112	139	125	106	172	177	125	103	154	133	127	158	123	118	172	117	114	105	191	104	113	159	133	117	182	182	113	167	132	
128	190	191	159	129	172	148	125	106	176	181	192	187	123	177	148	109	118	159	122	184	161	136	147	133	133	187	119	104	161	
131	195	187	185	168	150	178	150	172	119	178	190	156	168	137	195	160	154	155	199	139	197	169	180	192	108	172	147	199	139	
160	103	145	197	126	158	164	116	195	123	161	189	104	172	179	148	140	188	105	157	113	146	120	153	127	112	108	192	182	107	
189	125	131	168	138	191	190	127	135	163	139	156	192	167	179	170	182	190	147	189	180	131	145	150	158	172	138	166	115	106	
176	176	198	175	140	126	197	141	143	178	185	130	175	176	141	102	157	188	149	180	143	183	154	165	132	114	177	160	195	117	
194	107	198	107	121	171	119	151	144	158	133	145	126	121	146	167	139	190	108	129	164	188	179	141	179	178	102	135	118	127	
142	114	121	198	143	120	193	103	189	143	187	162	176	157	195	160	108	194	107	174	146	135	195	153	187	167	175	156	119	189	
139	123	125	143	167	104	181	118	100	170	157	196	196	118	124	121	122	143	194	112	197	126	105	156	167	166	172	169	161	119	
103	115	150	190	102	182	173	149	171	163	193	195	163	172	193	154	153	140	105	131	172	117	116	104	138	117	103	129	121	127	
190	100	129	179	190	126	193	159	195	164	164	189	145	176	152	139	175	125	134	105	179	102	196	173	109	141	105	113	162	137	
135	106	121	130	179	187	135	125	149	188	148	161	114	181	154	132	188	139	177	196	129	129	152	117	104	181	112	123	130	197	
166	166	137	193	112	130	175	156	117	118	114	191	169	169	107	187	150	199	189	142	152	102	192	104	116	156	144	164	120	134	
104	154	147	111	159	101	184	180	199	157	164	176	197	115	106	183	184	102	139	165	129	111	128	164	141	137	108	151	155	174	
130	129	121	110	123	150	130	144	168	123	153	168	185	149	149	105	158	100	146	172	199	113	184	114	196	161	102	178	110	119	
129	191	198	161	128	137	139	142	161	156	114	159	166	155	146	192	134	159	118	148	107	135	165	197	149	164	157	186	128	125	
168	146	179	188	167	149	176	137	104	159	145	161	191	133	174	123	193	121	173	143	122	146	112	172	122	112	168	108	166	118	
107	151	105	181	128	160	154	174	155	168	189	197	169	117	190	185	197	180	145	184	121	104	105	187	160	154	184	126	110	142	
165	178	167	180	185	117	164	104	118	148	135	155	190	176	114	122	172	162	159	174	158	188	115	171	172	122	117	187	124	187	
126	110	148	190	196	127	136	192	156	166	137	122	125	194	191	172	175	131	133	157	140	144	145	195	106	103	198	172	182	157	
151	143	197	161	111	136	102	185	122	175	199	152	112	120	138	137	196	177	188	104	181	177	160	195	164	132	183	144	169	156	
187	137	128	194	102	166	160	175	129	178	164	119	114	125	126	107	144	167	161	143	106	106	159	199	167	191	177	115	149	170	
151	186	151	175	143	100	197	177	156	137	164	162	173	138	172	194	181	123	164	117	143	166	128	172	179	130	108	120	110	140	
144	130	120	132	172	142	120	178	103	151	122	130	121	189	172	142	126	186	106	163	141	115	141	198	158	102	183	127	181	162	
105	131	105	183	165	144	120	192	187	194	103	119	104	152	186	126	135	193	171	197	121	187	137	177	171	188	133	105	177	121	
176	152	193	108	127	197	126	154	112	195	121	153	194	113	143	132	105	123	121	145	111	135	177	192	123	178	133	166	133	119	
146	169	122	143	182	171	134	120	195	191	108	196	112	143	115	141	171	188	132	198	107	120	199	189	122	134	186	128	135	197	
100	195	129	142	104	187	173	193	159	121	171	158	164	110	154	152	119	124	151	120	172	127	131	136	190	142	114	164	148	109	
137	133	144	198	139	161	112	152	156	172	162	115	135	140	172	123	150	157	164	173	152	163	137	184	135	148	157	110	175	111	
123	178	148	135	165	166	192	102	115	133	125	125	169	138	150	157	100	189	196	184	165	140	109	134	171	187	157	111	139	177	
194	174	101	178	174	185	190	145	163	192	173	115	195	156	151	127	149	112	172	125	168	186	147	198	119	172	174	165	183	147	
132	196	166	166	180	131	145	176	103	186	117	103	189	166	198	165	125	129	112	177	103	123	115	104	172	190	182	138	178	158	
192	151	121	194	184	170	101	155	172	149	129	106	174	172	149	130	130	117	189	124	146	181	159	187	187	168	120	180	162	199	
114	150	113	155	153	199	108	135	108	183	151	186	143	167	177	147	148	126	179	170	175	196	132	124	191	192	102	155	166	100	
110	180	100	132	124	103	157	164	194	192	141	179	131	117	170	116	111	147	113	164	102	173	145	178	118	197	126	127	135	198	
154	111	151	144	158	142	166	150	152	152	109	122	104	106	130	184	133	153	175	129	150	190	177	175	114	177	124	197	145	100	
178	111	189	156	116	136	146	102	104	110	138	135	185	169	181	129	182	113	188	147	135	160	145	137	174	190	131	117	197	111	
164	139	159	148	166	171	114	168	134	112	129	198	100	157	128	167	167	105	165	186	184	137	109	117	191	153	168	147	182	151	
129	175	152	139	150	180	157	160	193	155	187	106	189	174	125	147	104	127	152	115	169	133	184	131	165	171	172	153	107	187	
123	150	174	107	191	114	136	126	143	152	172	197	197	198	140	102	194	184	182	107	106	130	137	132	169	181	148	123	149	122	
199	180	177	162	118	172	149	102	156	136	175	122	136	167	160	113	134	198	178	156	165	168	135	161	101	149	162	132	142	100	
128	108	153	100	100	143	121	169	128	159	113	156	138	131	141	185	160	143	176	178	161	132	110	157	181	159	190	111	175	111	
127	163	137	119	155	181	116	110	145	180	111	119	173	100	167	181	174	106	105	140	105	170	132	131	101	158	185	137	190	113	
129	154	150	179	158	147	143	165	151	118	196	133	110	141	151	163	187	122	140	195	107	180	128	170	126	185	105	104	115	191	
115	161	195	150	140	101	178	151	100	183	122	103	174	197	108	156	108	181	157	169	199	103	130	122	143	198	156	106	131	123	
131	156	184	138	154	182	104	112	156	132	162	138	183	106	129	171	191	181	182	133	121	143	119	142	153	139	125	163	137	127	
119	114	181	150	105	116	197	198	112	125	198	142	157	164	117	114	163	168	117	163	175	145	128	171	135	118	138	139	163	111	
106	143	184	110	181	195	182	186	172	150	186	152	102	145	121	128	145	119	152	132	159	132	129	180	101	117	191	144	191	105	
187	115	165	158	155	198	179	100	111	190	180	191	178	176	106	124	127	129	178	161	114	118	157	154	102	130	133	149	152	167	
169	175	130	111	197	160	187	111	146	100	197	115	125	184	113	189	112	173	137	177	172	181	179	186	140	186	141	163	123	172	
186	140	112	107	153	144	143	182	198	144	148	121	170	189	141	193	167	192	117	146	153	159	104	198	179	169	126	132	147	187	
179	144	197	186	140	166	195	108	194	135	118	158	115	137	184	144	150	178	107	101	157	128	146	115	130	168	135	151	179	132	
190	190	158	180	168	171	141	195	176	144	199	152	199	109	121	161	190	176	188	152	163	171	112	186	148	165	108	155	139	163	
161	185	119	164	159	165	184	115	115	176	144	193	100	187	166	159	112	133	136	177	194	114	124	123	190	170	155	125	132	176	
123	158	163	141	123	165	143	165	197	115	122	159	128	185	172	126	155	171	157	133	191	103	136	197	157	184	143	146	148	158	
150	114	186	135	196	154	125	133	157	155	106	102	174	181	194	101	128	160	110	171	140	140	141	186	111	119	104	107	186	143	
173	118	113	174	133	151	182	140	189	152	153	127	120	101	182	170	108	166	159	106	186	107	125	127	179	158	102	170	142	111	
197	124	104	184	149	174	167	173	111	185	111	198	160	178	147	104	156	118	141	162	162	199	156	120	112	102	186	175	117	149	
182	181	146	123	148	176	167	100	178	134	129	135	167	103	149	122	178	114	146	144	181	127	168	147	139	162	165	105	117	166	
113	169	185	184	191	142	121	171	150	195	103	165	142	123	142	187	141	194	166	120	154	137	160	176	149	182	189	132	131	147	
108	173	118	133	155	133	166	138	111	147	103	148	129	187	135	149	118	159	139	159	162	185	118	137	110	188	134	129	175	151	
140	178	195	161	142	129	195	139	112	151	170	181	161	141	106	128	172	157	109	145	147	123	187	169	131	180	191	149	194	135	
140	198	182	188	119	126	163	125	114	135	153	133	103	165	148	124	171	194	193	175	134	134	142	157	185	122	125	194	164	181	
197	100	122	158	119	114	106	121	177	102	128	101	181	163	197	135	141	105	115	184	166	126	189	194	199	105	164	189	192	110	
164	146	172	136	102	114	189	119	118	176	175	127	152	112	128	163	135	171	183	122	120	184	119	135	118	102	183	119	127	121	
124	173	183	119	195	156	115	107	117	161	134	100	189	168	167	144	170	199	163	149	111	125	195	166	175	134	182	108	153	176	
139	103	177	111	197	148	145	107	178	128	191	154	158	162	120	109	157	186	175	187	133	114	124	145	107	127	192	114	111	157	
125	163	175	182	170	160	102	144	166	177	135	194	191	119	186	100	127	179	117	110	138	189	135	120	170	123	146	119	112	189	
127	194	188	157	172	184	153	195	154	125	106	195	129	156	173	156	178	184	103	113	144	171	105	191	138	132	126	162	161	161	
157	193	189	169	141	116	142	185	149	173	102	122	166	116	130	127	161	184	182	128	155	107	150	194	130	150	147	191	135	110	
131	170	169	147	189	140	185	162	145	190	129	122	180	123	170	128	187	150	155	133	135	126	175	154	190	190	183	154	169	187	
150	103	117	105	133	102	167	121	127	179	136	182	162	150	102	132	145	167	107	134	179	105	152	180	128	197	125	124	182	107	
156	118	174	141	151	171	165	164	187	174	188	101	107	118	132	141	115	165	131	186	132	195	156	153	133	196	101	184	166	151	
172	132	196	130	123	133	136	159	129	183	134	142	135	134	104	106	148	130	135	114	141	136	102	180	124	100	138	136	199	103	
167	100	145	139	193	109	170	102	153	186	105	124	151	136	108	173	149	113	100	174	159	155	198	169	127	137	113	160	103	126	
137	175	165	134	185	118	131	193	102	137	178	107	145	167	117	170	172	194	127	179	136	117	165	148	134	174	185	195	196	131	
180	173	179	167	147	170	120	189	187	156	140	136	190	151	189	168	182	119	162	138	129	133	118	191	171	109	114	102	176	130	
166	174	126	132	126	115	115	143	198	194	175	192	147	157	102	121	105	114	189	102	158	140	176	199	189	135	140	170	161	173	
106	121	145	101	100	113	153	168	102	154	107	179	189	163	111	104	134	102	144	134	139	197	153	132	172	148	145	115	147	139	
164	123	129	121	142	171	133	143	149	153	104	166	182	118	180	135	153	159	157	102	124	108	122	147	147	127	152	121	141	157	
187	176	190	177	125	117	125	106	139	186	133	138	132	160	157	141	176	194	124	136	172	100	119	124	116	112	182	175	169	121	
127	170	101	149	127	114	168	118	129	156	150	133	149	131	191	108	138	144	182	159	121	190	163	112	134	134	159	183	161	110	
159	177	101	153	182	171	172	110	188	123	104	150	188	138	138	181	188	157	146	109	144	174	135	118	197	179	189	165	101	118	
101	156	101	184	192	172	111	100	160	169	133	117	137	184	178	124	112	103	156	171	158	190	128	158	191	166	131	125	120	134	
101	196	180	127	108	175	177	133	174	185	188	148	124	147	155	133	141	171	173	161	111	180	120	180	145	173	136	172	124	113	
119	149	188	189	101	105	112	149	150	181	137	175	123	142	189	134	176	138	108	103	195	180	128	157	181	187	131	146	146	119	
110	199	162	118	144	165	161	189	180	191	152	171	131	108	162	132	152	101	166	179	147	188	186	103	137	132	173	179	198	173	
130	116	163	125	145	168	154	100	143	168	113	101	147	137	132	177	176	192	120	105	110	140	182	138	105	138	107	141	128	159	
186	162	131	150	135	148	100	148	143	166	100	144	151	106	186	177	193	127	149	112	102	114	180	105	149	133	172	149	197	107	
173	188	151	125	141	161	191	126	166	186	102	143	119	155	129	190	151	132	184	168	150	111	126	151	116	101	124	125	196	133	
125	127	138	106	142	146	117	193	199	131	105	110	131	187	120	197	172	154	113	138	183	182	166	134	191	192	170	173	152	134	
160	141	168	116	174	193	126	197	155	103	123	166	151	148	106	194	104	120	171	194	131	163	113	187	105	192	190	150	194	197	
188	176	108	133	193	159	176	164	191	138	101	110	130	160	170	191	155	109	166	142	183	101	163	174	138	141	104	113	134	153	
148	133	192	164	177	193	145	139	149	185	145	109	145	150	101	181	100	160	127	162	151	106	112	191	111	188	170	166	127	121	
152	124	156	161	100	148	115	106	180	153	146	154	112	118	195	171	135	159	102	111	164	190	110	157	162	161	192	149	153	112	
145	189	172	172	177	108	124	149	124	107	101	125	101	188	104	149	110	130	177	129	132	148	148	161	116	193	140	199	130	145	
128	173	118	192	102	136	173	115	192	103	170	136	141	125	115	162	194	182	198	174	147	145	138	182	126	127	179	112	199	196	
181	152	129	155	126	182	181	132	198	194	169	111	165	122	100	168	104	130	124	133	108	147	105	159	120	150	102	197	110	162	
154	113	173	197	150	105	162	155	166	158	130	152	117	103	128	176	121	104	160	186	104	154	171	102	154	116	114	116	144	169	
182	193	147	121	186	133	194	175	102	160	164	195	171	187	178	104	167	194	129	185	183	191	105	198	120	110	171	168	147	144	
181	165	177	123	187	125	196	164	145	104	140	164	196	186	194	141	103	111	127	141	156	180	116	165	131	143	122	163	115	106	
105	154	139	191	163	135	149	108	155	166	175	138	183	139	130	185	167	159	152	122	123	179	177	161	153	155	147	142	113	121	
119	154	126	133	144	104	159	106	135	143	186	142	172	124	120	102	169	188	102	125	149	194	180	138	145	199	197	111	179	176	
150	177	159	146	168	154	195	133	145	162	178	134	119	149	197	114	157	112	174	168	195	194	187	172	117	130	156	111	103	187	
173	179	184	178	114	191	177	133	152	128	138	109	149	127	176	119	121	176	158	189	145	192	149	108	100	166	178	137	141	132	
164	120	179	172	128	192	141	143	106	194	167	167	173	150	185	153	122	148	131	102	169	173	122	125	118	197	154	150	164	169	
193	139	173	153	135	168	141	180	140	154	119	133	152	148	194	118	150	134	106	168	133	167	149	109	152	159	105	126	172	155	
110	125	139	143	180	116	176	125	155	197	150	171	144	129	108	145	174	100	151	166	194	170	111	145	163	180	183	113	153	114	
186	132	161	194	129	181	154	175	163	141	167	111	180	179	125	115	182	185	113	180	130	130	175	179	167	119	157	118	165	143	
175	163	144	167	196	142	145	184	151	151	106	130	164	102	150	177	110	131	141	191	125	166	184	126	149	183	158	198	131	196	
180	138	108	103	179	194	147	183	143	193	195	124	183	194	187	123	192	110	191	192	179	157	116	191	148	169	131	182	185	136	
144	157	120	142	142	191	169	143	175	121	128	143	141	117	196	187	111	189	109	134	183	108	115	182	142	102	180	176	135	171	
131	150	180	181	119	162	106	135	188	117	127	182	120	111	131	100	107	155	105	188	125	175	112	193	162	129	150	155	116	114	
140	160	100	192	124	136	115	143	152	167	131	140	112	196	131	160	116	163	135	177	135	161	161	132	112	176	106	156	112	122	
194	132	117	163	172	174	119	159	148	144	160	190	178	119	157	166	148	119	151	103	168	192	136	159	153	171	125	177	169	118	
141	192	160	197	156	184	191	136	169	169	188	126	130	137	137	156	118	121	196	100	110	192	143	122	153	118	125	108	177	159	
189	131	180	124	182	189	187	125	125	178	139	130	152	124	109	132	128	162	192	119	162	134	175	189	130	162	128	150	128	152	
165	152	112	119	154	114	130	178	160	116	111	189	184	130	167	199	195	123	148	145	175	142	175	185	147	155	155	188	121	132	
127	155	133	166	173	122	178	111	102	150	129	111	164	175	125	114	179	134	175	129	163	193	105	117	123	147	122	110	156	135	
175	123	190	100	133	158	133	184	176	174	186	157	163	112	188	133	133	121	153	130	196	143	195	118	132	149	118	165	104	118	
183	125	158	199	144	184	157	139	198	145	105	103	116	132	102	131	183	156	121	148	121	110	167	105	135	168	104	177	127	177	
173	147	191	173	143	128	178	138	125	155	141	125	152	107	194	126	162	190	109	138	156	153	102	143	153	175	139	175	120	177	
134	107	129	132	169	143	145	139	108	151	109	192	135	160	182	132	176	128	138	127	150	140	150	186	105	189	172	137	167	187	
120	117	117	106	124	130	107	139	121	135	137	114	116	147	147	122	190	148	123	102	120	123	139	159	104	118	133	187	117	150	
100	188	145	174	106	187	190	121	163	181	157	117	130	143	100	136	117	143	140	171	155	199	191	114	122	177	169	134	160	121	
176	175	128	138	158	183	162	137	102	141	155	129	180	191	194	100	131	130	109	187	173	163	124	143	150	132	137	152	181	129	
132	156	145	192	153	157	147	180	188	121	126	134	161	143	152	127	162	195	139	199	167	110	120	114	197	143	163	180	179	162	
161	127	177	164	131	117	142	193	157	181	197	162	160	111	140	123	137	120	134	100	194	145	160	164	186	187	151	175	172	191	
196	149	125	144	144	172	124	190	187	115	124	119	129	121	161	101	157	157	163	187	114	136	169	161	190	161	126	119	129	182	
122	157	104	168	163	177	197	108	111	162	184	141	162	185	171	106	118	144	146	189	139	118	117	166	120	106	175	162	108	120	
161	169	161	154	132	186	197	133	188	146	119	106	162	156	194	160	164	156	189	120	152	139	173	136	128	127	187	166	190	129	
101	172	189	191	114	194	146	185	183	184	100	155	190	146	123	156	117	134	124	143	167	144	132	107	155	170	110	195	154	123	
159	167	164	198	165	193	190	140	104	160	100	182	137	173	138	182	145	178	157	125	150	172	100	129	181	166	132	165	172	153	
109	126	182	153	106	107	154	106	156	145	181	178	144	164	169	112	132	181	139	156	109	172	147	194	155	115	147	194	189	166	
142	153	123	159	160	121	138	170	100	123	151	121	125	181	148	137	102	176	188	156	157	176	186	132	131	191	194	170	150	160	
196	196	151	116	162	153	179	144	164	131	150	147	107	132	144	152	147	169	157	187	194	167	187	192	127	120	193	156	108	158	
182	112	145	152	109	162	104	118	169	151	149	182	106	115	115	189	163	159	150	181	185	172	170	114	117	153	165	124	158	103	
152	186	192	103	186	121	157	158	135	144	185	192	129	132	109	190	101	149	164	133	176	152	119	181	180	137	195	180	143	132	
158	168	180	199	122	163	154	171	150	192	109	140	159	113	198	136	174	137	191	176	109	172	109	142	139	190	124	171	118	155	
185	180	124	138	198	113	122	190	190	114	122	138	131	186	111	104	194	178	195	159	191	198	125	111	130	163	156	184	181	169	
105	176	196	109	113	126	167	160	119	166	180	130	129	169	113	161	113	159	109	151	149	121	103	135	128	182	186	164	103	118	
173	143	104	150	179	190	105	179	147	151	161	112	144	144	181	116	195	114	134	128	186	193	183	187	104	170	174	141	118	128	
172	105	107	149	135	120	187	116	123	118	123	159	164	141	168	127	140	156	129	130	189	105	153	134	194	176	122	188	187	184	
161	179	130	189	162	162	114	180	187	118	128	114	164	172	137	139	119	168	159	108	199	146	137	129	199	186	174	117	157	109	
156	167	108	186	146	145	139	191	157	100	199	124	139	164	145	114	102	100	170	182	105	166	105	185	172	111	171	135	178	197	
169	141	127	134	185	100	196	158	122	120	133	174	108	162	181	179	121	185	165	179	175	112	151	158	146	161	105	129	117	151	
143	100	193	171	102	193	199	125	115	139	191	149	176	109	109	104	102	132	176	116	109	107	114	193	109	133	164	112	109	138	
114	186	117	167	183	144	132	189	107	125	104	108	186	162	112	177	103	147	162	175	129	152	182	134	118	138	138	102	117	160	
182	114	126	174	119	174	126	152	129	184	191	109	115	171	143	150	136	181	189	194	156	199	158	149	140	103	167	149	131	150	
199	189	190	148	199	161	178	144	185	183	161	191	155	156	127	109	174	194	152	175	160	154	109	184	129	183	103	185	182	153	
195	121	112	121	135	190	196	150	174	170	133	129	117	110	186	134	189	177	119	122	177	190	190	117	128	183	152	141	184	178	
126	103	192	110	169	170	163	183	114	173	198	175	175	129	151	149	140	123	177	192	133	114	189	166	178	137	166	180	189	129	
121	173	159	153	128	133	118	133	149	179	183	119	167	184	193	160	169	177	134	120	110	141	102	177	106	199	169	126	163	198	
177	125	188	126	146	113	163	111	171	102	186	190	107	147	161	121	176	186	118	148	107	128	165	138	104	141	151	197	157	174	
159	149	176	198	104	104	162	158	106	168	172	185	164	136	184	117	111	144	104	155	122	147	103	116	114	131	185	144	192	132	
150	187	185	146	158	143	177	197	120	137	141	191	169	181	156	181	169	125	102	132	197	123	185	135	119	194	120	125	179	162	
181	164	159	124	122	129	135	182	151	172	127	173	176	133	114	104	135	173	107	176	194	167	183	153	135	182	159	140	184	147	
155	173	158	157	168	161	153	101	179	193	163	125	172	106	182	145	134	104	156	180	184	133	150	161	109	154	121	174	125	189	
105	186	153	151	159	179	166	135	151	123	173	141	131	168	190	152	116	164	163	185	155	114	112	196	171	199	165	154	165	149	
103	174	121	158	185	114	141	126	112	113	144	130	111	106	189	101	161	184	106	133	151	141	144	155	153	158	104	161	185	137	
125	105	133	146	161	198	143	136	151	134	166	183	151	139	167	147	156	132	182	137	131	169	147	162	187	175	142	134	107	194	
183	134	140	140	130	129	160	158	171	129	121	183	197	102	193	193	139	117	100	173	164	175	140	131	188	121	133	147	112	184	
114	158	197	126	198	164	190	159	108	100	125	131	159	158	105	161	174	189	129	161	141	148	124	146	128	104	164	190	152	157	
197	196	189	183	136	197	148	147	190	109	146	185	164	100	105	133	128	180	145	151	166	176	136	109	136	103	116	111	168	169	
102	162	177	103	165	198	125	151	160	123	129	190	105	151	126	141	191	141	169	139	187	162	178	193	115	168	187	137	136	185	
180	105	154	142	199	140	110	113	146	119	148	107	168	106	135	154	133	122	170	126	137	159	168	178	173	126	108	106	127	144	
183	114	116	172	100	194	191	163	148	132	188	199	134	138	190	173	181	197	182	175	140	177	126	118	127	132	143	197	146	125	
132	117	159	193	107	184	180	124	165	109	146	170	198	121	176	158	179	136	198	189	162	179	187	144	143	171	133	156	180	108	
169	182	170	139	121	106	119	138	183	133	194	117	113	132	178	106	193	158	176	110	168	185	111	155	130	100	141	131	110	117	
152	167	121	181	126	130	160	166	139	117	151	166	178	103	156	121	131	185	185	153	172	115	196	150	146	163	181	114	199	124	
153	159	190	100	126	123	116	134	194	177	130	190	190	161	100	139	108	162	165	124	125	145	152	192	109	156	139	167	112	120	
130	165	147	163	104	101	160	126	115	152	108	166	154	110	107	108	116	130	153	111	143	161	127	193	135	156	152	169	158	175	
128	124	125	134	184	113	136	199	172	175	151	135	121	174	113	159	114	189	131	147	174	119	194	137	145	125	185	171	165	196	
102	154	143	176	152	132	135	120	152	130	173	147	120	147	174	116	116	113	167	166	148	114	117	142	155	152	154	117	191	133	
159	171	121	121	191	102	144	142	197	165	182	198	187	188	151	117	115	169	167	182	146	173	175	151	195	165	132	149	142	165	
108	163	143	186	153	172	107	136	140	172	194	155	183	143	126	140	176	136	151	120	106	160	152	140	149	115	187	139	106	146	
197	157	125	104	177	126	108	139	199	164	125	190	197	171	155	128	178	129	142	100	187	174	197	132	171	134	102	193	167	110	
189	125	163	101	137	136	136	147	128	165	111	189	170	149	135	152	130	150	195	121	157	169	187	138	108	126	117	154	156	110	
115	155	129	175	129	105	144	140	105	188	131	171	104	122	155	108	115	179	172	113	118	190	154	188	190	181	127	150	137	138	
129	176	133	112	174	152	133	153	111	191	176	153	183	157	188	169	165	183	127	159	133	184	102	158	188	192	121	186	197	119	
143	185	129	145	171	109	176	179	117	145	145	129	120	136	109	155	177	193	103	107	116	145	137	145	115	135	115	121	112	146	
168	182	176	102	179	124	122	133	106	165	128	117	143	126	138	102	133	145	122	166	190	107	133	197	163	186	189	143	100	128	
138	165	114	143	154	175	107	186	169	173	114	130	122	141	192	179	162	129	147	182	151	139	113	195	160	106	105	104	156	133	
194	180	192	122	177	146	199	199	118	190	105	120	190	130	143	154	165	195	179	109	119	103	164	174	177	183	102	140	125	130	
184	176	162	113	186	109	179	195	125	194	159	144	106	171	180	133	164	150	101	198	142	129	172	164	137	162	148	152	174	196	
148	162	173	126	107	175	183	191	101	141	198	176	123	188	119	121	102	130	163	162	120	188	119	194	168	173	139	187	101	141	
182	154	147	182	144	138	166	123	160	176	183	101	129	165	121	159	161	159	105	114	194	174	103	122	177	172	189	157	144	153	
157	110	107	109	148	131	152	192	133	120	105	195	197	143	158	192	113	131	187	112	193	141	104	143	133	127	137	113	137	178	
186	112	126	159	140	197	156	161	105	156	175	118	137	172	131	106	166	159	104	191	107	141	186	143	153	159	158	164	147	168	
186	162	120	164	196	113	167	143	131	140	167	185	153	145	117	188	109	192	183	169	137	132	175	177	196	192	145	187	115	159	
102	159	145	190	194	193	110	179	197	127	197	155	194	109	194	146	180	127	159	123	191	194	169	184	183	117	139	115	105	172	
127	130	115	106	171	169	192	191	112	166	145	132	137	155	127	119	183	152	159	180	116	144	137	195	175	118	181	109	107	145	