200
40
111	153	171	142	157	103	150	107	179	165	137	176	132	105	195	119	172	142	153	178	127	122	154	142	119	106	127	197	116	126	100	191	192	113	139	165	160	142	145	161	
176	197	107	118	171	199	110	163	180	140	171	158	177	115	195	131	157	141	114	192	125	160	175	147	167	159	184	166	155	119	120	196	179	108	152	194	147	110	106	191	
154	159	185	161	145	145	169	106	194	166	138	190	137	176	137	104	138	152	115	109	102	198	127	194	180	166	103	124	156	175	183	101	132	158	166	179	135	163	193	194	
116	159	102	165	107	121	138	177	123	126	119	184	124	100	158	141	151	112	133	137	141	112	153	118	133	104	122	109	107	126	172	121	134	133	178	184	160	171	158	147	
161	142	181	197	146	133	157	189	189	108	101	172	179	165	135	102	141	103	134	110	144	197	140	121	164	149	155	156	175	183	120	182	180	100	192	107	167	164	195	196	
124	156	191	161	185	130	195	161	172	182	161	166	194	145	198	116	138	177	136	116	186	101	138	177	140	161	172	103	152	193	122	112	106	170	184	136	140	197	144	166	
151	129	164	158	159	189	122	182	104	183	182	108	151	144	151	121	190	135	138	144	109	158	180	178	158	143	119	170	144	133	177	131	176	168	194	193	129	118	199	173	
154	133	144	180	106	181	194	135	120	187	125	122	157	188	198	178	148	172	125	178	180	160	128	198	117	163	195	147	165	104	167	103	145	165	166	172	185	187	172	108	
172	198	122	105	153	145	141	168	144	196	117	124	146	138	115	115	129	193	136	168	114	110	161	141	136	113	157	181	114	190	194	187	157	106	104	185	165	117	195	128	
178	174	184	185	175	100	183	148	196	104	184	185	121	176	112	131	131	127	136	178	193	152	126	199	195	193	167	171	132	139	105	109	187	120	169	107	166	166	112	167	
166	103	124	173	138	187	106	149	190	173	156	116	131	138	117	167	174	101	124	182	135	120	155	128	118	152	172	120	109	135	114	114	139	142	171	192	180	119	109	154	
133	117	140	114	128	171	111	188	159	104	143	179	158	155	136	105	170	136	198	164	188	199	129	158	156	177	161	167	152	163	183	128	116	198	104	108	104	173	104	178	
184	196	106	152	192	133	174	167	197	123	182	149	149	175	185	134	151	164	163	193	106	127	170	189	108	119	193	162	190	180	192	132	143	147	159	107	198	130	136	140	
174	172	112	193	158	167	198	149	186	108	141	138	197	181	135	114	132	138	182	100	151	177	142	168	115	167	122	136	164	161	137	146	198	197	177	144	100	154	131	178	
112	111	193	118	126	162	102	126	159	126	180	107	118	119	132	164	176	134	142	193	137	146	151	194	159	113	193	160	158	141	138	106	165	186	117	166	193	176	175	194	
123	127	114	178	125	143	180	101	162	103	123	128	198	158	196	184	127	184	190	199	193	187	185	169	117	105	117	173	113	171	125	143	124	176	124	110	129	117	132	182	
105	197	142	192	191	120	193	195	108	114	106	156	145	125	198	106	193	164	104	135	111	190	130	179	112	131	115	133	101	160	150	109	134	150	118	166	119	181	187	193	
180	170	193	107	173	170	167	179	119	132	194	112	123	158	133	126	160	107	122	129	135	124	135	100	135	181	143	168	187	109	136	156	146	182	122	149	150	139	173	174	
141	171	128	133	180	102	137	130	169	112	166	102	104	142	147	144	182	102	170	164	195	143	137	101	103	101	121	101	115	159	128	144	138	194	117	185	143	179	132	109	
154	162	126	170	155	170	190	113	130	189	142	129	154	124	149	103	141	175	103	111	194	183	148	113	186	190	137	185	123	173	104	148	163	181	127	171	169	155	128	199	
175	153	144	156	193	131	106	112	161	120	163	103	177	151	113	184	133	117	113	135	158	179	182	167	188	121	160	136	158	118	181	169	178	152	183	196	127	153	175	134	
160	184	138	142	156	189	131	118	115	148	140	169	157	149	147	134	149	190	121	177	110	174	125	184	197	181	148	169	182	149	168	146	141	195	115	143	193	136	146	187	
141	176	103	170	123	156	157	176	118	136	179	195	152	148	164	152	158	108	110	155	168	107	136	180	192	121	118	182	113	122	161	179	102	135	137	143	138	132	117	102	
180	179	197	193	184	115	161	125	199	165	133	143	169	153	169	127	141	171	140	176	155	103	102	106	117	127	175	191	111	148	114	144	118	127	155	167	148	140	178	191	
134	136	126	108	186	125	181	133	128	183	140	144	189	141	179	171	164	198	136	118	198	108	110	106	140	121	174	154	146	138	137	165	174	141	172	166	171	171	145	100	
146	118	103	186	188	169	118	108	154	114	164	124	150	101	180	135	134	155	122	156	127	134	147	164	111	104	131	197	192	172	129	129	157	196	108	162	120	133	161	135	
180	141	104	166	159	143	127	189	168	198	133	164	142	147	129	136	186	158	184	134	176	115	105	179	191	173	156	125	192	105	153	164	144	121	159	187	195	185	137	182	
154	134	169	163	128	178	125	177	185	193	139	180	136	141	133	108	131	122	105	154	121	160	102	137	168	109	110	179	192	132	100	131	165	136	186	199	125	163	148	190	
158	194	134	103	179	118	113	170	165	101	134	189	198	143	160	120	118	104	104	194	159	195	138	179	131	178	175	102	144	121	174	196	128	117	104	188	190	121	101	170	
121	123	132	131	132	149	135	122	168	140	153	181	115	127	185	116	106	185	188	191	138	148	158	187	191	146	186	174	145	182	152	164	152	165	185	183	139	127	127	199	
193	116	170	195	137	179	178	172	137	198	174	179	175	133	118	159	119	114	106	109	167	114	180	156	116	133	149	193	111	168	139	119	118	140	182	124	173	156	109	168	
104	191	144	108	150	164	117	159	172	171	128	173	149	137	188	197	103	160	187	117	127	197	169	101	181	168	102	161	123	173	122	132	156	114	159	185	108	124	166	121	
147	194	106	135	167	194	111	184	108	159	131	116	100	109	175	139	135	151	193	185	106	127	185	183	159	109	134	102	108	170	111	127	162	140	195	158	165	106	198	121	
155	164	134	165	149	113	107	191	113	175	103	180	110	158	150	162	107	182	177	152	144	197	134	190	179	163	104	114	130	180	133	152	104	177	147	164	191	117	131	121	
182	159	121	118	153	176	188	142	194	179	145	174	106	194	180	170	133	116	119	128	190	144	113	128	123	193	146	109	174	112	172	115	118	103	150	140	125	104	117	148	
126	126	109	116	146	124	185	166	128	188	116	127	151	136	108	151	145	147	136	157	181	102	174	115	121	187	183	129	115	140	147	175	126	125	126	198	153	160	178	135	
136	133	190	147	103	133	174	119	161	125	136	191	113	104	157	110	179	123	119	193	162	169	128	142	106	198	191	157	103	185	185	177	190	193	169	160	162	166	109	188	
190	149	159	108	150	158	173	132	101	163	122	165	111	134	146	188	187	112	100	152	180	196	158	184	156	142	161	135	110	141	148	172	110	185	176	186	111	119	114	157	
134	143	113	156	190	111	106	142	147	182	110	131	191	176	115	160	104	106	136	107	125	134	115	186	164	116	104	119	189	132	176	117	145	103	175	162	166	141	132	104	
156	162	132	171	125	126	179	164	157	120	103	172	135	194	105	157	189	190	146	106	132	164	163	155	152	187	117	103	156	156	104	137	137	119	155	131	165	157	153	169	
151	179	168	119	126	132	128	118	111	186	102	184	164	175	154	116	154	108	162	144	164	179	146	175	114	137	122	111	109	198	199	139	162	137	174	103	144	105	118	172	
172	158	181	172	172	195	115	100	172	152	151	196	173	103	106	180	163	151	145	103	159	149	115	174	190	113	106	176	109	133	184	185	166	177	122	114	160	193	160	174	
124	104	162	159	188	107	164	189	152	131	197	168	107	165	159	177	124	190	143	114	191	127	154	187	155	183	190	130	165	108	118	188	135	156	198	149	148	192	139	145	
170	120	102	177	130	198	101	150	194	190	173	126	136	183	157	183	194	160	160	117	179	161	149	192	118	177	132	155	159	109	145	110	143	130	130	118	148	181	114	171	
134	152	153	183	140	154	107	105	156	120	132	101	182	179	101	171	168	177	187	180	143	151	168	126	161	169	191	159	192	198	166	149	147	136	179	117	144	172	136	105	
179	191	195	149	197	156	150	128	165	189	112	181	152	142	146	106	179	129	161	109	104	100	129	187	157	126	105	156	176	152	114	170	144	125	152	178	101	180	136	177	
181	178	141	112	123	140	189	126	109	186	131	187	197	140	151	119	156	174	173	161	144	107	156	122	128	130	164	170	194	192	119	188	165	126	157	143	156	136	194	170	
176	108	181	182	166	157	188	115	177	167	199	191	147	132	153	119	194	122	138	140	187	199	167	146	167	154	133	181	155	164	177	121	142	123	164	148	133	192	111	196	
130	159	138	103	130	104	159	161	106	197	146	108	193	134	195	111	189	155	180	135	163	112	138	172	124	135	135	139	115	140	114	145	101	165	146	103	156	102	152	102	
164	123	133	179	192	129	185	131	198	107	167	176	125	145	169	187	135	112	178	154	123	190	187	148	117	165	108	197	123	191	130	184	104	152	106	107	199	155	111	121	
130	184	105	164	104	119	182	146	170	119	182	134	166	145	160	187	178	136	135	124	184	126	147	116	179	108	114	143	195	153	151	194	125	105	154	171	150	165	136	176	
165	166	111	194	160	186	155	135	152	132	176	109	198	124	100	162	195	136	156	108	171	170	131	146	175	149	135	198	128	116	117	179	100	118	119	110	172	120	149	180	
183	190	162	142	199	145	165	106	146	130	180	184	192	178	132	145	160	122	167	140	189	155	135	177	176	107	188	178	183	112	158	198	172	138	117	117	100	107	158	144	
187	123	167	162	146	175	190	139	117	102	174	133	135	139	132	171	187	194	118	179	133	150	182	176	158	136	178	118	192	153	119	155	102	163	152	174	101	130	197	159	
113	187	145	105	119	167	170	164	163	157	112	168	173	105	105	128	188	116	100	135	101	145	116	100	191	139	168	104	120	102	109	126	124	172	176	165	100	160	114	194	
107	181	122	129	176	173	119	188	172	134	144	110	140	159	160	127	163	141	194	133	184	116	194	184	122	153	170	184	175	141	196	127	159	139	177	142	118	195	160	176	
182	155	133	138	136	132	153	171	112	134	126	140	148	187	147	157	155	169	147	114	132	175	144	124	107	109	116	168	198	135	103	134	188	177	151	112	147	180	145	126	
128	119	137	166	173	145	146	196	183	154	195	172	150	149	170	105	147	129	116	102	125	112	122	116	139	189	163	115	194	178	162	186	142	182	118	125	163	146	154	162	
167	127	155	181	159	188	162	137	139	165	184	176	119	199	163	119	188	144	108	155	132	171	114	112	178	197	166	167	118	163	178	123	109	104	155	189	108	135	136	134	
172	143	112	167	111	139	188	163	134	172	139	112	114	178	154	179	108	174	192	196	145	171	139	147	103	193	122	108	172	127	144	158	125	177	117	162	190	105	171	108	
185	191	171	114	156	152	134	145	140	103	129	186	136	151	125	174	172	146	160	111	109	188	185	106	170	121	102	149	147	144	109	117	185	199	132	122	165	156	142	196	
111	139	156	167	105	175	101	115	172	175	198	145	187	157	189	129	143	157	192	132	128	109	162	172	106	162	167	199	122	163	154	109	112	185	137	146	138	194	181	187	
144	100	183	186	148	102	178	197	164	171	126	180	118	171	182	111	152	190	187	198	163	116	118	116	190	175	117	135	148	172	181	182	166	165	179	187	158	156	173	144	
173	106	100	188	152	175	125	190	132	197	101	121	135	116	126	197	107	188	115	147	102	134	195	148	160	150	135	135	161	179	123	151	171	193	103	152	144	180	167	115	
188	105	160	102	123	110	106	151	130	183	103	165	161	140	150	136	105	175	118	174	163	114	114	178	173	134	106	117	191	183	140	176	114	188	144	109	179	167	173	199	
144	198	170	105	121	125	134	144	140	124	165	140	130	114	175	120	114	192	194	130	161	127	119	175	149	148	182	120	154	159	117	141	171	124	168	196	117	178	150	118	
192	113	151	194	150	190	194	107	124	143	198	111	189	101	142	150	177	195	177	169	193	105	140	169	133	153	151	176	106	122	104	115	126	146	172	179	117	115	138	137	
151	174	170	156	120	173	127	137	167	196	146	171	180	149	131	119	164	184	138	111	136	198	102	110	179	152	193	167	189	124	197	163	101	115	175	130	193	110	199	138	
125	183	148	107	182	136	150	186	170	119	118	129	154	189	193	185	172	193	173	142	198	174	198	185	127	193	145	196	145	132	163	107	189	187	184	143	168	178	181	131	
126	105	197	136	149	148	174	138	191	142	141	117	197	120	120	118	190	128	118	198	140	157	185	173	102	166	137	113	113	158	116	142	169	170	114	130	133	126	119	186	
110	116	148	127	162	159	137	123	117	164	156	169	109	122	102	104	180	127	171	184	175	128	191	139	113	118	106	114	157	140	109	140	172	189	139	177	169	190	127	128	
176	117	107	196	102	157	134	120	131	118	143	177	104	166	118	137	167	141	104	157	170	154	192	118	169	134	125	193	133	106	191	149	151	135	134	159	108	174	101	144	
187	143	192	171	192	137	101	105	144	155	165	125	156	139	123	138	134	148	150	145	123	111	177	134	190	106	165	126	162	112	142	101	160	182	174	130	140	195	107	179	
127	124	132	152	110	107	136	189	165	181	147	172	187	132	109	102	141	130	117	130	166	156	187	115	159	175	158	106	168	188	130	119	116	112	197	110	165	167	114	139	
128	179	115	163	152	189	171	126	125	103	197	186	137	197	103	190	163	122	112	140	192	171	196	121	187	155	181	153	132	103	180	112	190	160	190	157	191	115	163	186	
129	197	121	106	138	172	105	193	184	151	158	171	191	117	167	120	136	170	103	143	192	126	120	171	167	162	189	142	103	142	141	182	105	161	110	102	118	152	174	174	
110	198	122	135	158	106	185	117	176	143	152	139	129	104	160	153	123	171	108	178	165	125	189	158	181	169	100	119	189	102	195	139	197	195	196	160	168	120	115	128	
169	147	111	186	135	166	157	114	118	177	166	114	105	141	122	197	173	138	185	132	122	190	142	109	197	138	139	163	198	126	137	149	133	114	105	118	161	116	123	174	
113	198	119	125	183	125	178	172	113	188	183	105	118	170	108	179	135	195	111	139	196	190	111	159	147	192	100	193	156	189	114	125	162	148	151	147	158	121	179	151	
186	184	162	123	157	165	113	115	149	106	117	100	170	156	173	151	107	122	111	159	191	170	114	146	195	110	171	196	103	135	187	193	170	148	105	181	162	169	157	147	
165	171	104	163	167	197	187	125	181	110	179	186	120	190	111	118	199	152	119	109	101	140	140	116	135	181	188	139	102	154	104	160	166	127	125	127	168	121	124	161	
102	122	158	152	124	194	149	153	106	113	113	185	105	151	107	118	116	140	184	114	153	197	161	126	176	168	175	108	144	151	114	123	108	180	148	128	150	133	152	127	
184	171	192	104	123	170	152	136	161	159	184	144	146	154	106	120	192	143	122	114	144	135	151	178	141	153	100	111	124	132	175	159	129	181	129	175	150	137	147	118	
138	163	157	123	134	164	170	112	172	161	115	118	116	155	197	107	176	102	186	179	127	127	180	118	166	191	174	129	199	181	196	123	192	149	114	103	137	192	100	100	
106	112	197	179	119	152	170	170	149	189	119	118	114	128	133	116	130	189	191	134	178	121	174	125	169	159	147	138	102	101	181	145	188	109	185	109	142	140	139	111	
152	144	138	147	126	114	199	169	140	179	178	114	191	198	159	114	195	179	169	190	102	132	106	154	160	185	198	145	181	119	148	130	185	145	147	143	131	131	127	161	
178	116	158	134	101	164	130	199	161	188	123	198	196	184	189	189	117	150	180	194	171	156	109	142	149	122	187	117	148	131	195	107	116	146	112	121	136	178	174	127	
131	109	126	167	174	122	155	192	184	186	148	164	173	196	106	144	147	146	126	113	187	139	160	196	152	148	110	135	126	168	192	104	185	184	133	107	166	129	132	184	
195	119	169	151	119	170	183	120	106	160	158	127	121	171	146	108	191	163	184	105	189	127	177	148	192	139	104	164	180	130	176	125	104	103	116	108	109	199	136	121	
188	114	129	112	161	142	144	167	194	157	129	118	117	183	167	136	126	120	140	154	125	180	118	106	149	164	100	182	166	135	188	161	136	191	179	163	157	157	108	124	
152	191	169	174	192	155	159	176	117	182	132	191	141	152	188	193	132	156	142	173	142	132	129	146	139	122	107	172	133	143	153	173	141	137	193	141	156	140	173	180	
164	133	141	181	112	193	137	152	120	102	108	114	198	157	117	129	123	109	185	171	131	193	106	196	113	167	192	192	169	121	161	119	159	140	146	179	197	136	120	140	
101	109	137	132	158	116	122	182	150	139	138	197	149	158	153	197	196	153	138	162	165	171	155	162	134	149	123	150	157	189	115	161	176	151	142	115	194	101	102	100	
158	136	125	185	119	166	140	106	142	167	108	111	189	161	190	113	137	151	185	168	123	159	172	102	127	107	189	119	161	177	146	133	197	168	143	187	127	131	133	117	
136	194	185	155	148	180	156	176	145	154	100	115	116	158	160	124	104	169	158	181	184	136	194	187	114	195	187	140	147	159	106	124	193	120	170	195	132	159	140	110	
112	190	194	146	176	120	151	127	173	168	180	164	147	173	150	195	186	165	161	123	147	102	112	153	121	158	118	114	194	135	197	172	108	139	101	126	175	106	181	195	
168	102	111	124	153	141	166	180	191	154	170	188	149	177	123	120	132	189	134	125	170	199	196	154	124	149	113	186	144	154	170	136	184	142	120	141	167	199	126	180	
138	146	193	176	195	147	199	187	106	135	189	194	135	160	118	100	176	184	129	126	191	164	162	165	158	196	174	136	141	100	174	101	128	177	151	197	193	149	183	156	
103	109	195	103	114	114	161	106	136	156	149	114	166	151	161	195	132	136	190	140	166	179	149	192	124	147	199	113	108	123	117	108	188	196	117	139	174	104	198	171	
105	141	174	119	139	168	155	198	124	186	114	158	111	124	181	109	166	148	113	120	172	176	148	107	191	146	122	179	173	106	149	184	101	175	187	136	155	178	135	178	
120	190	149	180	183	105	136	131	118	136	162	136	105	120	139	149	194	165	122	102	181	105	110	133	110	190	152	153	117	198	187	131	114	120	129	148	179	120	140	132	
140	187	153	135	198	188	128	129	196	163	166	184	170	129	132	122	135	114	194	166	138	187	133	104	149	124	154	153	159	157	163	138	117	109	127	156	112	152	193	152	
149	142	158	137	129	189	165	159	116	192	189	164	122	174	114	186	174	166	192	196	103	141	190	106	123	198	127	136	170	195	107	166	181	101	180	126	126	177	156	191	
149	190	195	134	164	163	155	165	159	150	196	127	106	115	189	183	104	183	121	165	102	178	114	135	141	179	150	162	121	163	104	179	171	125	183	177	177	177	114	149	
149	136	130	113	189	124	176	175	127	122	130	189	194	156	187	131	171	166	184	153	105	144	171	107	148	105	110	139	109	196	132	109	157	140	136	107	103	192	111	172	
104	148	125	127	106	150	135	177	157	193	121	159	158	170	151	167	182	115	162	122	139	165	161	198	182	143	129	162	157	126	114	103	183	150	127	112	115	147	141	146	
114	143	173	121	122	141	157	154	104	109	106	133	116	111	192	176	140	107	118	107	183	134	148	172	121	102	175	175	181	180	160	166	182	110	145	170	187	185	141	137	
154	185	179	125	196	172	147	163	175	109	193	133	120	121	127	106	164	149	197	196	179	124	144	193	121	153	160	182	162	124	195	112	156	133	100	145	174	125	197	107	
155	149	182	189	150	183	129	191	162	124	146	139	139	112	168	162	160	156	103	170	190	173	147	151	146	122	194	189	187	148	129	179	113	104	179	142	130	131	100	181	
142	165	146	161	138	195	138	134	197	142	145	185	108	142	165	142	172	173	196	137	179	181	137	116	131	164	159	120	147	185	158	173	164	130	191	105	135	150	176	157	
110	181	162	187	152	107	125	104	191	100	178	197	105	135	119	118	159	119	167	179	119	131	132	167	136	109	171	111	124	176	184	131	102	164	195	172	145	133	178	150	
134	113	105	166	146	139	192	169	176	167	197	127	198	138	162	150	170	176	138	120	186	114	120	172	169	111	147	157	192	131	126	184	169	167	192	151	118	128	168	120	
190	133	185	189	186	109	168	151	187	185	151	198	132	132	121	195	107	146	183	169	109	106	116	142	144	129	164	161	132	199	100	168	129	114	185	176	149	129	198	123	
154	178	110	183	171	193	179	193	132	109	110	160	147	122	115	155	155	197	156	123	197	175	125	101	126	112	144	145	104	157	128	103	142	114	184	171	179	146	174	182	
185	144	197	159	159	110	132	168	162	181	176	145	184	141	146	127	135	165	163	111	134	199	162	138	161	156	104	120	135	126	138	138	164	151	158	105	121	187	199	133	
174	147	145	167	126	124	198	106	190	108	144	197	132	187	159	154	150	170	110	152	164	153	146	160	139	134	196	126	116	180	112	102	133	198	154	101	135	145	105	169	
118	176	107	150	194	102	177	129	154	175	175	147	106	128	192	173	177	158	116	134	105	105	127	143	117	190	100	168	143	136	130	137	115	111	135	175	107	115	142	157	
163	195	115	159	132	127	111	193	166	145	152	178	196	196	108	103	137	142	194	123	125	100	103	170	189	176	116	102	112	155	180	126	135	153	188	126	123	193	122	100	
102	144	172	197	196	146	147	163	169	148	189	115	134	109	146	140	120	146	187	110	156	190	173	142	116	103	173	175	123	135	106	170	114	119	179	107	126	198	120	123	
154	167	127	146	121	136	137	102	185	151	135	140	165	123	178	187	112	132	139	150	191	108	188	102	152	130	105	168	194	141	174	171	154	143	135	170	135	121	154	162	
194	198	140	166	197	110	187	102	154	168	196	172	168	109	170	165	170	178	195	133	107	166	199	102	127	116	190	127	120	175	162	182	149	139	155	194	132	184	116	107	
107	171	180	176	166	118	173	199	119	173	124	145	138	119	125	162	192	158	170	171	168	174	101	195	157	117	195	135	151	121	117	122	181	101	181	118	100	169	161	104	
139	148	132	145	107	164	162	193	165	145	183	144	182	135	135	144	114	130	165	146	118	144	154	138	181	134	154	130	199	109	146	124	154	184	112	195	141	154	112	151	
158	113	184	129	111	170	120	175	160	137	176	142	173	162	103	137	116	170	196	177	175	112	104	138	112	163	124	109	145	196	168	178	127	198	169	162	114	146	128	122	
188	102	125	139	135	174	163	177	181	101	149	122	191	170	138	155	146	199	182	134	194	183	150	140	176	104	187	156	152	116	150	146	172	141	163	161	101	189	156	194	
164	151	197	137	164	172	146	131	166	106	188	103	150	175	110	179	138	159	169	106	189	139	144	143	162	186	190	117	107	106	124	146	177	192	170	171	157	190	182	162	
174	174	106	191	174	179	184	181	196	103	199	136	192	136	104	124	153	161	127	158	144	134	156	123	148	168	135	183	104	191	128	123	157	185	183	134	189	147	112	190	
118	104	174	143	134	186	104	126	189	126	173	148	173	144	149	126	194	156	105	197	119	183	158	119	111	109	199	156	129	177	158	116	108	119	186	122	127	154	178	158	
122	129	181	119	165	125	149	187	157	126	110	105	102	132	161	138	149	160	127	150	187	198	193	165	158	170	117	133	186	108	147	161	153	130	173	180	117	180	161	146	
175	103	174	172	178	131	158	116	105	148	162	183	102	140	123	178	108	170	122	184	116	167	179	146	156	133	188	170	149	106	193	170	103	115	100	197	167	134	123	108	
173	140	169	143	136	191	194	183	127	179	114	148	161	143	134	135	117	191	132	109	196	131	185	141	129	183	124	180	197	121	109	156	103	163	147	158	102	110	135	152	
181	130	147	139	144	113	116	134	123	154	145	194	108	178	100	105	141	177	126	182	147	167	115	126	193	127	144	169	135	102	123	196	132	149	104	128	122	133	125	121	
134	167	171	196	198	135	100	123	180	142	199	154	194	113	163	191	154	119	125	171	145	186	136	136	183	117	110	124	119	122	153	104	162	142	167	103	113	103	164	130	
100	187	123	196	169	182	128	182	138	190	161	192	177	183	195	176	186	187	124	137	126	160	107	141	111	184	133	159	139	158	111	119	175	114	165	104	137	103	198	137	
122	150	177	165	154	105	176	148	105	117	199	138	196	148	177	194	193	135	136	197	137	123	107	103	136	189	125	179	166	164	124	198	132	150	132	173	169	174	107	104	
149	109	122	199	177	166	145	132	145	136	196	124	150	167	174	108	123	166	100	128	135	176	175	190	146	194	186	184	122	197	111	151	144	101	157	145	164	153	173	123	
174	156	117	156	159	125	141	182	180	151	149	187	186	199	184	133	159	114	136	178	184	192	158	162	180	175	197	167	134	106	191	127	160	161	128	138	100	114	140	183	
127	110	192	172	140	134	165	118	139	190	101	192	136	103	166	181	168	165	193	101	191	120	164	172	127	149	181	121	180	145	195	145	165	181	130	164	188	148	107	195	
118	130	182	113	114	107	137	164	192	181	150	187	198	148	104	193	171	174	143	189	104	179	110	117	184	171	167	162	120	171	190	154	128	190	154	101	173	184	101	110	
176	182	111	174	180	189	115	139	172	118	150	118	152	163	149	123	110	155	157	123	192	152	134	180	162	158	193	145	190	173	128	128	173	167	192	149	148	104	137	146	
147	103	115	105	175	130	104	151	106	123	146	181	186	181	167	149	162	182	100	108	145	166	192	138	137	162	114	192	196	120	154	197	135	175	185	109	170	167	126	176	
108	110	138	190	188	166	177	140	182	150	178	106	117	169	178	120	182	182	176	124	189	138	178	166	144	108	160	142	153	147	133	187	137	135	104	137	135	110	127	150	
137	126	116	107	111	195	178	138	123	179	195	196	194	198	136	175	158	160	109	193	179	138	115	108	147	188	172	115	158	146	115	115	163	138	165	100	171	102	160	159	
144	168	170	124	125	199	118	125	157	102	191	157	137	107	198	139	152	136	111	171	110	145	135	139	180	107	106	100	108	186	172	164	121	103	114	108	119	157	150	187	
169	157	183	122	183	126	184	120	166	115	180	141	123	156	193	122	101	143	142	131	147	130	125	133	154	155	117	141	131	185	165	131	110	167	164	176	136	116	194	166	
107	129	148	173	164	118	175	163	100	135	173	169	136	107	173	130	196	160	126	114	111	123	160	139	125	147	191	144	181	169	116	190	146	122	102	192	174	188	102	199	
127	191	104	131	134	141	198	174	161	166	146	115	196	198	133	188	145	125	198	137	126	188	126	140	195	177	186	192	140	193	158	162	185	132	110	184	110	114	110	191	
175	137	123	152	133	166	125	190	114	193	136	139	158	145	120	115	155	132	149	164	108	178	147	136	150	140	175	161	104	193	143	111	149	133	189	194	124	100	184	113	
184	170	114	190	174	153	186	153	188	158	130	177	124	190	177	181	142	156	192	188	175	196	174	143	135	110	139	172	198	108	178	168	159	174	111	127	137	108	124	156	
160	171	138	129	180	118	156	140	114	177	136	119	196	123	188	110	133	132	125	147	150	185	142	160	136	112	172	157	124	145	149	117	110	112	160	135	182	138	136	146	
168	109	192	177	130	191	191	186	164	179	172	197	117	104	114	169	157	144	123	189	147	169	159	156	134	131	160	119	107	141	120	179	106	170	167	163	174	116	160	105	
130	175	175	124	167	148	113	127	100	190	183	157	198	143	124	188	196	121	159	122	198	179	138	130	150	190	146	120	116	109	123	188	117	120	106	160	115	122	194	149	
104	178	129	143	148	156	193	115	104	194	140	194	105	193	120	137	194	183	144	148	112	178	151	114	120	170	162	159	166	101	166	197	133	180	124	198	146	192	175	195	
163	146	176	170	145	151	127	198	182	127	189	103	173	120	170	181	163	150	163	143	140	110	114	141	195	180	137	151	131	177	180	129	191	129	186	103	162	172	112	126	
112	160	114	170	100	139	167	195	190	186	143	111	192	109	140	118	130	198	127	128	185	154	197	189	122	112	130	151	123	165	113	129	125	105	114	184	144	102	153	109	
158	143	153	131	103	189	173	175	103	135	170	160	113	149	118	142	115	189	157	177	149	153	111	118	110	165	174	177	118	154	105	139	185	129	138	124	101	174	137	126	
177	121	159	140	166	118	159	145	134	129	102	181	127	105	134	107	102	118	165	157	158	150	128	177	169	133	192	185	181	193	128	121	135	141	137	177	114	126	171	106	
119	132	158	159	170	104	106	182	132	191	151	141	168	119	156	186	109	149	130	154	144	110	110	145	139	167	149	104	190	169	108	189	199	163	104	100	158	187	102	112	
139	179	169	136	115	156	146	135	124	146	133	167	114	108	130	130	180	152	134	112	125	174	117	166	152	148	132	139	159	101	168	136	128	116	118	194	107	102	138	168	
109	189	128	105	110	191	134	135	103	198	140	110	100	117	193	124	124	161	155	117	152	187	155	180	128	145	175	132	138	192	104	113	161	176	164	131	129	156	105	106	
106	126	128	105	155	163	126	132	114	148	109	192	182	148	146	162	160	198	159	129	134	191	176	134	105	197	144	173	119	155	162	173	187	173	133	153	125	108	182	130	
150	107	172	154	132	169	155	175	198	107	138	173	192	111	118	162	194	158	100	188	187	183	174	121	125	189	132	138	187	159	138	102	112	164	190	143	171	182	196	143	
144	152	185	144	119	195	165	166	143	121	121	171	142	177	134	117	151	163	120	160	197	161	162	119	196	181	171	165	151	138	130	125	197	125	147	163	148	103	151	170	
152	196	118	110	156	168	196	111	168	108	125	112	143	109	178	159	135	124	174	182	163	165	145	187	125	118	193	189	171	160	170	194	153	193	196	181	136	149	189	165	
145	198	100	161	104	112	142	104	103	175	179	165	120	144	101	115	197	103	178	154	183	182	168	189	110	127	122	173	143	159	117	124	167	139	144	120	108	189	146	103	
130	173	151	102	138	107	110	146	199	168	158	179	109	156	119	169	123	189	144	165	168	171	108	100	123	145	198	176	109	173	174	179	103	181	169	110	188	165	136	147	
189	105	194	155	177	110	128	160	101	173	147	189	149	192	141	173	167	122	129	144	137	184	109	142	110	113	118	144	195	146	175	168	105	146	153	150	186	113	123	158	
186	198	166	142	135	171	162	114	141	181	189	111	108	160	125	178	196	140	140	112	127	180	158	115	173	199	188	112	121	153	124	117	136	120	154	171	161	132	102	124	
176	197	195	166	136	140	172	136	147	114	146	103	116	184	135	133	132	148	126	126	194	137	147	107	170	102	174	116	165	154	164	139	136	104	103	135	182	114	120	112	
185	150	130	147	101	128	176	134	183	189	187	195	104	190	192	149	172	154	163	137	148	117	114	123	198	181	147	125	197	130	187	173	152	114	112	150	102	192	159	194	
128	186	148	123	164	111	107	195	107	119	179	187	150	106	146	139	136	119	169	189	131	105	106	152	186	133	168	176	120	111	170	192	177	100	189	162	142	137	135	125	
121	169	113	109	162	185	109	149	120	100	125	113	125	195	105	130	106	119	195	119	135	134	146	121	136	153	104	105	185	195	110	171	152	112	118	199	140	121	191	115	
185	135	154	131	143	143	108	112	180	180	113	197	135	169	135	149	115	174	127	111	134	138	150	172	139	112	124	138	122	130	172	129	159	160	104	110	120	102	111	173	
153	128	140	193	127	187	173	128	129	100	170	117	140	106	177	137	186	105	167	181	190	170	184	121	114	119	120	195	109	195	114	188	155	135	183	140	164	112	104	121	
114	181	188	177	173	110	125	174	105	179	142	120	189	114	199	109	126	136	157	197	190	130	192	108	116	185	123	121	154	181	168	138	171	182	193	197	107	122	167	118	
192	118	181	159	130	164	161	155	195	118	187	184	170	113	167	114	131	114	170	176	116	125	165	161	142	100	158	196	126	155	147	195	191	138	153	107	162	192	102	145	
154	115	127	116	114	117	110	134	156	158	136	189	179	169	138	139	121	113	170	103	199	112	165	167	183	103	193	183	133	185	193	139	198	146	189	118	153	197	164	191	
119	177	143	108	147	121	149	143	115	143	154	141	166	187	125	183	119	181	129	191	142	104	152	195	183	135	119	113	172	195	130	182	112	103	182	146	171	120	116	119	
120	124	165	194	199	109	183	195	122	164	126	111	166	141	165	139	145	122	176	101	187	183	133	116	140	105	182	150	144	119	185	193	196	114	199	158	129	116	166	122	
146	145	156	148	153	118	157	188	160	128	153	174	138	162	135	199	101	165	137	157	149	121	114	146	131	160	165	178	137	100	128	165	151	110	169	161	143	158	117	118	
108	135	168	189	180	131	105	171	137	100	111	177	171	122	156	190	181	161	130	121	174	148	179	124	155	176	140	190	119	103	127	153	154	188	116	133	182	119	167	194	
111	174	119	156	170	196	147	188	143	151	118	175	185	189	169	147	196	147	162	116	173	161	164	180	148	155	190	142	191	150	157	186	183	152	109	154	170	124	179	109	
132	161	150	144	162	198	124	134	108	124	137	130	115	197	168	188	180	100	153	197	136	199	162	160	189	164	118	121	106	132	100	154	180	190	170	129	112	108	137	188	
181	121	188	108	115	103	158	105	117	127	174	153	145	142	116	108	166	199	169	143	183	116	138	172	163	188	109	173	141	162	137	111	114	139	172	123	129	154	140	131	
187	129	196	170	125	116	134	193	164	154	198	107	100	180	196	102	189	178	163	112	158	101	174	181	195	115	148	193	142	106	133	114	186	160	183	136	134	125	135	185	
165	119	126	158	182	154	136	199	106	136	128	155	150	160	160	162	168	191	185	140	178	180	168	113	155	165	160	100	161	144	124	190	144	180	152	182	125	137	124	146	
127	122	113	149	167	120	185	168	130	133	126	108	157	124	139	173	165	185	198	177	185	129	106	105	121	127	149	161	157	103	110	132	191	155	158	114	182	124	144	189	
123	179	187	147	194	113	172	126	163	150	170	135	144	186	107	190	124	158	124	106	157	192	132	189	157	161	130	194	122	125	133	138	185	167	125	127	110	156	160	192	
103	126	103	195	106	160	168	164	177	179	137	126	181	177	199	172	115	147	177	154	156	119	143	199	119	139	127	151	125	192	155	122	112	139	125	100	173	158	117	140	
109	144	189	128	167	130	139	163	128	189	159	145	116	153	164	196	117	149	174	192	118	134	134	198	198	187	145	118	131	117	150	174	182	199	196	120	173	154	188	172	
153	175	177	135	165	163	146	124	131	180	125	192	178	189	158	106	162	100	143	161	137	156	187	182	146	162	104	134	164	141	146	184	192	101	191	133	160	151	166	189	
126	155	128	189	157	166	134	162	114	136	109	122	174	125	148	104	104	112	148	187	127	196	157	194	111	147	140	130	113	170	105	165	164	196	108	135	162	172	129	196	
132	113	153	192	199	156	192	123	164	100	117	194	115	155	173	160	101	193	124	162	175	118	177	156	131	126	156	108	170	140	119	102	155	129	191	135	112	138	193	121	
103	140	189	151	108	189	138	192	150	192	132	161	143	139	179	184	130	152	125	170	108	106	139	157	115	182	118	160	156	102	109	103	195	155	127	106	113	183	199	175	
106	190	143	128	181	112	119	175	177	192	114	148	173	149	143	121	168	118	150	138	108	185	154	100	130	161	180	188	107	132	146	129	165	108	177	122	104	174	192	167	
168	113	108	131	165	141	189	130	102	116	156	161	143	143	150	151	130	106	187	136	162	169	121	130	127	158	155	187	101	112	176	129	139	127	102	137	196	115	123	148	
150	184	111	105	175	107	186	143	165	186	165	142	109	157	161	137	193	180	164	111	191	103	110	144	151	194	100	132	169	139	147	134	171	161	179	139	130	177	130	157	
162	136	181	183	185	109	166	187	178	167	105	135	140	158	157	143	106	142	174	183	105	192	126	141	104	141	133	130	116	170	102	157	149	186	147	122	126	192	136	120	
161	101	145	118	102	122	111	125	170	179	158	103	103	130	128	173	179	159	192	142	147	186	186	175	175	131	188	139	131	127	187	196	160	127	137	117	113	134	106	167	
102	121	161	103	168	171	165	113	139	139	145	135	168	192	146	110	142	143	135	151	185	106	199	178	123	154	120	178	138	183	191	157	178	136	149	199	136	132	109	175	