500
20
131	148	136	120	154	158	195	114	160	171	105	135	133	175	103	117	157	180	178	104	
195	113	179	149	140	125	104	156	196	153	172	146	173	100	188	136	105	124	130	183	
141	135	183	149	180	194	142	122	172	107	108	152	170	106	115	153	161	192	163	130	
189	171	163	134	163	158	133	149	128	165	101	139	164	179	196	177	172	140	138	113	
179	158	109	195	150	131	129	157	147	152	182	193	169	198	157	118	167	154	112	191	
186	193	104	104	125	109	180	135	112	130	115	184	177	128	106	130	172	134	170	137	
136	150	182	100	115	107	122	115	123	132	124	147	112	155	150	131	104	158	141	171	
197	151	189	109	158	123	131	171	183	144	196	144	150	100	179	111	144	134	122	165	
189	113	145	172	198	135	185	148	109	115	145	158	175	156	108	169	130	118	171	120	
156	100	184	143	116	167	139	110	124	190	157	160	121	187	192	146	156	166	100	102	
181	190	124	123	178	140	144	151	185	109	170	109	179	124	198	106	178	152	121	158	
182	167	183	188	153	199	129	189	169	104	154	107	139	113	117	167	101	184	144	133	
123	183	148	184	199	140	106	129	157	197	162	194	123	118	167	148	166	133	195	166	
169	132	169	125	122	170	164	132	168	183	122	189	133	114	198	139	109	177	120	195	
159	192	176	182	131	191	147	129	141	122	182	180	198	115	135	181	124	198	166	188	
193	186	152	144	165	149	136	149	121	186	128	170	170	179	143	187	193	173	109	167	
197	104	162	183	142	192	105	135	189	166	186	155	146	165	123	194	113	196	117	123	
182	104	137	180	124	144	137	100	194	101	170	106	142	161	121	164	154	168	183	138	
123	153	148	187	100	199	180	115	156	119	141	123	150	187	189	102	159	125	173	101	
138	138	138	197	188	115	192	146	101	138	161	131	195	126	101	170	182	108	129	158	
134	130	140	119	186	122	102	104	114	120	124	166	100	137	125	149	119	136	101	173	
156	111	191	179	194	115	180	195	173	121	135	104	148	181	163	131	169	177	106	157	
197	167	164	108	189	149	171	110	199	166	115	101	147	166	121	171	103	170	154	170	
153	110	122	189	188	168	106	161	173	129	199	118	105	164	189	114	100	115	144	112	
121	111	139	135	153	128	151	122	114	125	154	148	157	150	181	165	144	175	120	199	
166	114	146	195	196	170	193	172	183	186	188	135	128	137	116	198	183	192	108	150	
199	167	185	100	102	109	170	183	135	126	185	168	134	115	155	124	192	133	147	195	
175	143	103	142	159	146	146	178	177	183	142	197	154	164	182	142	172	157	164	176	
172	189	146	161	151	129	130	101	116	160	160	166	139	138	168	130	156	101	134	136	
134	176	191	149	168	143	141	119	106	187	166	196	106	176	166	144	145	155	123	181	
148	165	158	101	185	186	145	103	167	173	123	191	143	184	117	154	115	162	147	189	
121	138	166	171	178	152	153	171	117	182	186	145	196	155	101	180	158	131	180	165	
146	152	198	135	107	167	106	154	109	156	171	166	169	159	138	141	129	195	144	105	
127	181	159	117	168	138	184	136	109	102	139	175	190	125	170	100	192	144	155	187	
137	173	174	158	121	177	160	137	112	146	158	191	151	149	117	109	153	178	171	112	
184	163	180	183	112	151	152	175	168	148	196	130	163	105	167	107	166	105	162	132	
145	185	124	164	112	165	134	160	109	167	187	192	136	185	120	163	163	132	194	159	
103	122	185	155	103	112	194	199	116	114	149	122	190	129	113	172	115	146	188	164	
174	153	187	145	120	112	183	100	131	115	119	180	135	106	158	162	165	190	116	109	
166	186	149	103	154	156	190	171	124	159	193	131	115	172	111	117	158	118	189	105	
144	132	157	142	161	117	159	190	174	195	100	158	181	133	134	107	174	171	198	110	
122	185	171	181	148	192	136	119	167	188	190	188	150	191	104	182	132	115	147	104	
101	199	182	168	189	144	183	141	172	119	129	136	178	152	135	196	170	165	125	156	
142	100	169	163	101	136	156	115	198	183	100	148	129	154	183	133	177	106	142	142	
197	154	144	165	151	139	197	182	135	179	187	138	168	122	172	107	110	175	174	186	
108	114	117	142	176	188	135	121	162	152	186	122	190	126	126	141	139	186	197	141	
161	186	161	188	157	121	122	160	172	164	189	109	186	183	105	178	110	109	165	154	
164	114	150	188	166	133	139	137	155	154	135	115	166	118	176	150	164	190	130	161	
191	111	154	106	119	115	181	171	101	197	145	126	102	183	128	158	153	161	116	128	
182	139	111	184	148	171	179	160	166	117	142	191	135	140	172	104	104	145	102	106	
190	196	152	124	137	104	150	130	119	104	133	159	186	148	168	138	190	149	142	195	
123	128	164	150	152	131	108	156	104	170	138	187	182	151	137	165	188	132	105	121	
160	100	100	144	188	117	108	139	104	161	142	182	170	158	145	186	190	152	117	132	
152	190	198	134	100	128	148	119	164	183	153	199	149	100	164	149	179	104	141	176	
151	121	146	161	116	137	133	107	154	131	171	150	112	196	106	182	184	104	126	100	
137	123	151	123	108	163	126	109	177	110	161	105	157	130	154	193	185	189	180	148	
198	168	187	194	148	152	106	189	122	183	146	152	151	169	116	103	131	179	184	129	
171	134	166	170	108	180	123	145	116	155	170	175	176	136	116	138	199	163	169	165	
150	162	185	141	181	140	167	145	109	167	130	175	120	109	153	182	163	196	157	181	
158	151	107	186	147	121	187	176	161	189	153	146	180	147	186	153	100	193	179	122	
186	194	126	145	186	154	147	154	134	120	175	186	111	160	167	157	111	148	191	175	
120	153	197	130	185	108	145	183	171	167	168	193	170	138	135	175	110	134	102	110	
165	110	193	174	118	122	117	130	109	105	196	148	138	131	104	123	168	183	147	152	
143	128	165	176	173	158	134	171	191	168	107	198	120	140	103	155	116	155	195	191	
163	145	127	114	112	164	147	151	196	137	115	198	148	100	192	177	136	102	173	155	
142	138	101	110	139	128	130	181	169	188	195	149	127	134	147	157	161	160	135	104	
163	191	126	191	138	168	191	185	122	138	172	102	159	168	186	141	191	180	170	122	
116	187	187	156	103	189	193	173	154	150	138	182	161	123	183	146	152	199	104	116	
190	166	113	153	161	143	113	128	143	150	193	112	110	148	169	176	165	107	116	138	
199	183	169	111	180	155	143	132	170	186	197	113	110	150	175	126	193	146	153	119	
187	148	118	158	111	182	170	177	160	114	176	193	183	102	148	121	185	174	117	144	
118	133	199	150	122	178	199	199	111	182	152	158	123	160	170	101	166	102	182	154	
109	196	134	149	135	136	151	121	157	123	109	130	178	135	178	105	168	114	119	148	
114	175	116	124	103	176	195	171	168	167	129	108	190	159	165	179	119	104	126	131	
199	160	100	154	127	104	174	175	153	146	155	123	167	108	182	178	139	126	169	134	
168	194	131	147	177	141	102	153	150	191	189	199	183	188	149	133	124	117	187	156	
134	142	118	182	166	130	115	144	100	129	103	158	148	183	108	106	140	164	160	185	
109	196	171	136	141	110	144	118	114	174	104	171	182	162	152	132	106	100	137	130	
101	133	145	105	117	128	111	147	169	158	131	163	176	180	102	139	113	140	138	177	
145	186	147	173	125	158	161	166	176	102	105	120	165	185	191	189	190	140	154	156	
107	146	176	181	186	103	104	120	176	109	111	130	140	102	195	126	127	146	191	134	
112	114	195	181	170	143	182	181	189	173	127	122	150	103	175	169	144	168	111	127	
172	165	117	150	100	177	179	118	176	158	179	154	133	109	182	138	144	114	146	150	
107	103	196	144	111	115	174	114	178	175	193	135	103	167	191	196	189	152	120	121	
112	159	131	149	124	150	112	191	117	166	198	162	171	103	107	188	104	165	147	197	
123	161	179	158	192	177	146	124	102	174	127	198	184	115	106	168	169	154	136	172	
186	191	194	151	195	173	149	176	183	173	198	192	140	138	173	190	107	198	152	175	
152	164	118	138	175	107	113	154	159	136	185	140	192	189	155	136	144	144	147	185	
158	154	134	109	193	161	147	120	184	150	128	140	187	137	178	125	165	103	131	179	
119	186	189	157	146	192	120	134	197	137	139	127	167	102	123	131	145	111	113	175	
135	109	155	163	154	170	143	179	118	180	105	127	101	120	154	165	124	164	177	160	
144	127	102	134	118	112	130	151	149	135	151	133	165	163	112	161	158	175	105	191	
134	140	181	107	136	179	193	189	106	137	103	118	150	182	167	121	137	144	174	108	
192	177	164	120	169	100	160	120	174	151	184	183	109	141	194	102	181	174	182	176	
100	131	193	132	166	156	148	117	197	182	179	162	156	199	114	169	194	156	186	186	
196	158	151	101	184	121	189	196	103	154	190	136	146	162	148	123	173	130	108	114	
107	166	194	181	118	134	144	112	134	187	170	171	174	177	152	178	101	129	129	197	
151	163	150	111	145	114	139	166	151	143	102	180	193	140	139	154	181	165	161	104	
177	161	193	181	128	168	169	161	178	198	111	186	137	104	121	170	196	127	107	149	
123	160	116	150	189	156	140	172	131	141	158	163	193	175	126	150	159	182	112	124	
154	134	161	150	141	170	102	120	187	177	111	168	122	108	152	178	142	146	188	143	
121	101	175	123	127	131	110	165	199	171	119	153	173	191	170	106	130	120	169	135	
190	128	175	116	128	125	184	166	129	166	176	111	198	179	113	101	184	146	112	150	
184	192	155	133	183	164	175	104	149	102	157	165	137	141	192	100	189	171	166	151	
152	192	118	161	152	151	182	145	199	132	185	110	177	113	173	144	129	172	139	174	
121	105	152	111	176	174	197	169	108	151	171	124	124	188	193	140	148	186	163	130	
132	126	179	168	179	165	147	101	153	149	107	187	131	185	192	161	104	168	190	173	
157	188	183	103	102	183	174	156	137	167	139	185	171	166	141	160	153	101	150	174	
197	178	118	176	163	125	127	119	103	115	136	102	126	175	102	190	149	171	180	138	
149	139	148	130	168	129	180	187	132	140	134	137	156	190	144	167	113	182	179	144	
187	156	139	139	117	172	156	190	149	113	112	129	113	158	149	137	195	180	190	108	
108	127	150	151	174	155	142	174	168	191	165	189	159	157	198	181	102	178	156	143	
194	113	165	197	120	119	117	142	113	153	107	151	101	117	156	175	123	128	119	145	
105	181	181	114	167	188	109	167	122	193	168	136	136	160	167	162	199	147	162	140	
173	153	118	176	194	139	159	115	148	193	124	118	103	140	131	155	183	159	180	137	
181	131	146	179	108	116	111	165	190	161	186	104	174	117	111	172	112	172	186	141	
187	170	188	199	135	130	175	112	180	159	176	191	199	185	140	142	140	198	140	129	
128	141	115	182	118	103	155	134	130	165	194	154	134	106	103	183	109	130	129	144	
173	169	125	125	159	169	140	186	174	143	139	114	191	137	139	106	101	105	165	174	
137	154	120	170	116	187	198	199	148	146	120	180	169	156	113	176	106	111	131	174	
105	117	183	193	176	118	123	151	157	129	149	149	157	126	150	188	149	184	148	145	
173	114	158	144	170	159	139	191	192	158	102	140	173	154	189	193	126	154	107	195	
155	141	152	125	189	141	129	154	137	117	186	167	112	183	101	184	147	196	192	195	
172	151	123	150	194	152	115	102	111	169	135	168	176	148	170	168	154	136	173	174	
116	154	187	157	120	161	139	123	156	169	166	199	147	137	143	197	177	137	172	172	
155	147	107	163	199	169	157	114	160	103	134	145	119	131	175	133	182	115	178	126	
126	188	133	155	121	189	138	153	124	131	185	112	100	162	194	199	132	122	131	161	
171	177	164	198	120	100	135	185	110	182	139	117	147	132	192	179	177	171	139	154	
197	160	112	181	180	189	182	122	135	186	180	151	142	131	183	171	105	157	151	112	
187	173	102	160	137	148	195	151	188	181	104	191	187	182	113	187	143	106	126	170	
136	160	195	168	121	140	194	118	129	199	101	123	154	192	123	123	175	134	142	172	
101	106	116	129	102	191	167	167	147	185	121	120	164	142	152	174	146	180	199	108	
124	188	131	120	127	157	142	125	197	137	150	133	129	116	194	136	190	110	166	128	
194	143	168	112	141	119	112	163	183	109	172	133	130	125	189	197	137	117	159	167	
151	165	199	163	152	103	172	144	183	170	191	118	172	152	124	193	161	175	174	114	
140	180	179	125	100	118	166	101	125	195	166	121	157	146	188	124	150	100	116	112	
170	161	141	173	118	135	195	188	187	186	143	187	179	188	142	179	128	155	174	101	
115	164	134	123	176	108	185	194	142	179	147	178	153	154	136	182	112	164	142	150	
155	116	106	139	154	183	118	184	180	125	178	112	150	139	105	141	134	107	127	153	
189	151	185	156	110	193	109	112	102	132	113	120	125	105	127	129	193	109	171	152	
107	146	189	186	151	117	145	146	129	162	157	123	170	141	186	174	188	105	199	179	
163	135	176	197	125	145	183	189	177	115	141	111	133	191	191	159	145	189	107	155	
196	163	183	110	130	156	126	126	123	112	115	167	172	184	151	188	140	124	181	187	
126	132	124	160	190	117	121	160	150	129	140	176	195	109	154	117	169	172	109	174	
192	169	132	141	153	128	133	164	105	138	130	144	156	197	144	117	194	146	111	172	
184	113	118	172	150	145	118	156	118	191	179	148	141	156	163	164	185	186	156	182	
183	163	101	123	194	126	181	128	142	148	167	163	107	134	122	145	142	157	129	120	
194	142	155	194	123	197	167	197	173	159	158	138	108	179	146	188	105	118	146	190	
140	125	147	165	160	160	120	105	121	170	173	100	173	156	123	144	119	124	176	158	
168	158	189	131	140	174	170	100	193	141	121	122	106	147	115	183	127	126	124	149	
165	180	162	196	187	146	141	176	188	181	159	185	195	140	111	166	161	152	156	142	
129	184	120	150	155	136	194	180	124	140	182	197	113	195	195	125	147	159	111	100	
118	116	163	121	138	120	197	128	176	137	137	114	190	179	184	132	159	114	168	161	
198	191	193	188	137	195	164	106	189	117	167	109	125	161	180	119	173	199	120	126	
194	117	164	164	115	161	158	113	183	135	122	128	102	115	123	111	145	188	150	199	
111	140	118	171	122	100	103	137	123	104	190	175	178	145	113	197	110	127	172	173	
145	185	107	183	171	159	130	162	126	179	132	172	191	173	156	198	139	134	144	177	
189	156	140	138	156	119	173	156	176	104	127	171	123	175	176	101	198	112	192	197	
110	154	119	126	185	123	141	129	138	125	194	123	186	191	137	198	132	124	167	137	
144	152	179	128	155	128	184	151	135	117	151	128	135	106	161	139	107	107	133	145	
106	186	117	129	171	112	123	168	178	105	172	133	124	125	124	177	103	150	151	195	
106	131	152	142	176	136	133	130	155	161	188	138	151	105	149	149	192	151	165	156	
138	148	195	199	161	120	129	199	118	152	102	115	198	129	155	177	129	150	181	168	
101	116	186	160	125	174	163	118	129	153	118	169	113	150	128	107	170	196	184	101	
101	126	156	195	111	132	136	163	162	118	153	131	167	173	143	127	196	122	175	181	
153	166	132	133	162	180	192	165	100	111	124	158	170	179	106	157	191	175	111	168	
155	142	145	106	103	155	174	114	161	135	152	105	136	113	149	154	124	196	103	182	
199	185	124	197	186	109	131	119	196	131	108	186	176	139	130	157	125	154	177	146	
138	122	146	170	160	179	151	129	117	108	195	141	155	151	102	119	122	191	119	100	
187	100	147	183	146	106	188	165	190	103	166	171	161	100	157	168	191	155	192	110	
101	114	162	118	179	148	132	180	133	149	163	185	119	193	188	116	168	134	194	189	
170	198	146	153	109	195	162	131	110	154	185	116	158	116	188	165	128	173	171	127	
143	111	110	116	169	178	114	121	114	186	140	173	137	138	169	119	126	161	145	132	
184	103	186	100	169	157	116	139	153	130	171	110	120	129	145	171	173	116	147	142	
180	120	110	145	138	172	127	103	180	100	137	106	162	195	155	110	175	152	106	187	
155	166	192	155	160	131	167	170	174	131	101	142	130	146	109	162	122	167	192	123	
107	118	102	146	168	157	132	150	139	195	167	182	198	129	194	155	124	197	116	167	
113	150	153	119	176	106	181	123	165	168	188	159	164	169	133	111	193	130	196	152	
113	160	178	162	185	153	129	105	118	171	125	192	146	173	167	135	187	195	129	108	
198	191	103	185	142	135	145	124	162	193	177	131	185	157	159	181	117	139	189	151	
196	185	133	156	180	141	136	158	134	160	129	130	134	155	141	111	157	158	186	176	
175	163	102	156	143	129	155	146	122	117	157	187	197	127	169	148	188	154	198	174	
116	143	153	188	180	104	161	122	133	144	129	108	195	103	190	163	116	132	166	178	
187	119	107	126	133	113	100	130	106	195	113	189	131	191	175	162	185	103	153	150	
178	120	149	118	151	166	150	116	114	198	114	112	177	168	145	152	100	164	195	192	
101	173	195	181	115	160	132	196	189	131	107	151	156	174	123	133	131	180	167	179	
187	186	150	100	128	165	177	101	123	182	156	117	158	139	183	119	170	146	142	119	
108	109	117	117	128	185	106	110	146	128	175	171	138	138	127	130	191	129	189	184	
156	124	126	158	169	150	109	194	137	157	144	170	105	109	117	135	164	195	198	155	
189	118	187	145	135	185	131	131	107	121	122	178	141	142	134	162	165	197	172	165	
189	108	167	193	165	150	128	102	158	115	180	170	115	104	119	141	166	179	182	101	
116	132	160	115	169	157	155	185	151	117	122	155	157	109	178	144	103	189	162	106	
177	117	184	158	198	131	147	159	131	144	130	171	157	155	191	123	132	187	174	171	
106	194	101	189	157	123	177	168	152	185	143	178	101	145	128	168	127	145	119	174	
111	156	129	122	103	182	119	193	194	197	137	185	112	171	186	107	177	178	153	144	
172	103	143	176	150	154	166	147	133	126	170	147	181	175	151	128	190	156	104	127	
160	176	199	174	142	108	105	168	169	130	170	133	118	170	129	114	161	118	174	127	
190	129	102	150	136	121	131	180	117	121	142	115	180	174	101	102	179	118	186	106	
161	100	170	109	167	134	131	133	144	100	187	172	199	199	193	175	194	150	153	110	
197	130	152	153	184	101	162	197	133	129	185	147	158	150	111	146	131	101	148	177	
129	168	169	107	108	155	129	154	159	114	170	195	141	179	108	179	198	159	175	144	
145	120	106	192	179	181	109	120	174	161	163	141	167	166	157	115	100	182	140	126	
173	138	106	133	135	175	124	196	128	150	195	150	155	103	145	169	120	193	111	133	
179	198	174	191	146	102	170	196	132	151	123	104	165	104	191	155	176	102	194	135	
126	104	114	120	118	167	118	177	109	174	105	147	118	149	167	197	122	188	125	174	
131	107	126	192	104	185	191	142	195	153	180	137	178	191	129	120	179	168	120	173	
142	136	132	133	117	121	199	196	179	169	105	146	194	106	145	102	185	121	122	164	
114	136	143	165	145	114	155	192	121	133	121	142	155	132	171	147	162	179	182	107	
174	187	178	179	193	143	164	173	172	128	182	152	130	142	199	173	132	108	121	131	
121	159	187	149	117	192	179	106	129	182	144	136	130	131	181	105	136	134	183	187	
133	131	194	118	159	168	188	111	146	199	122	154	187	181	147	197	178	113	103	189	
136	155	153	129	118	141	181	157	190	172	142	138	172	104	115	118	184	173	138	164	
166	158	194	115	198	128	170	149	136	164	107	108	117	186	133	155	128	185	135	174	
152	141	105	154	105	148	143	165	133	146	137	176	159	196	150	192	136	195	194	156	
190	179	108	127	116	162	132	162	176	136	102	164	177	104	107	157	145	176	146	186	
196	162	144	183	110	191	193	157	198	171	128	167	128	139	125	127	127	160	113	141	
108	124	154	159	162	113	138	193	155	174	143	158	171	198	121	124	128	178	123	140	
127	111	192	169	154	193	162	199	180	195	194	169	137	154	164	128	191	181	116	136	
130	180	154	119	163	182	190	173	146	177	149	127	105	128	126	184	137	175	116	187	
115	179	169	159	132	183	159	114	175	160	130	175	104	140	148	103	151	165	117	164	
122	196	119	177	172	174	157	126	155	163	151	128	194	194	168	197	128	101	172	157	
159	113	193	117	165	124	116	166	160	155	168	137	102	199	112	199	106	183	163	172	
170	111	190	157	102	125	169	171	145	109	198	110	127	129	111	169	147	122	186	122	
106	149	156	178	125	174	164	139	169	134	151	158	181	169	145	190	114	154	121	159	
135	120	117	160	166	167	149	146	155	156	179	129	133	106	141	121	131	105	136	123	
138	185	152	160	168	180	112	163	104	117	192	135	126	156	150	199	181	164	127	153	
194	113	135	182	192	127	175	164	133	132	119	163	128	140	147	121	163	167	128	145	
193	170	166	144	194	191	184	175	176	163	129	194	119	192	176	149	143	132	114	120	
173	183	189	161	164	121	133	163	115	152	129	199	125	163	115	158	100	115	148	165	
182	153	178	153	134	195	132	179	116	172	110	100	105	190	199	155	186	117	112	128	
178	198	142	133	151	135	179	172	186	122	189	116	136	141	100	101	119	105	163	147	
181	176	171	139	107	129	164	176	153	122	125	125	138	156	187	152	108	112	153	164	
134	135	111	116	186	164	133	183	170	105	140	153	182	187	161	168	153	124	133	165	
102	108	156	141	122	164	133	175	155	162	115	120	103	177	103	130	171	198	119	175	
128	125	155	138	193	122	159	124	102	151	161	152	125	158	117	118	146	117	123	174	
197	174	123	181	169	182	188	105	192	162	172	109	151	132	173	136	100	152	111	127	
163	150	164	191	157	101	184	138	186	123	185	185	174	143	171	110	129	189	115	113	
153	160	150	152	145	166	153	197	159	150	147	104	182	118	127	161	107	160	188	118	
146	146	108	109	174	159	165	177	181	181	111	194	141	169	155	114	177	139	176	145	
144	183	124	125	137	141	134	163	122	144	171	133	199	178	187	165	132	159	162	160	
163	156	181	193	181	105	104	129	187	143	141	198	161	100	102	192	106	176	163	148	
156	100	180	181	167	190	159	173	185	105	123	120	102	105	172	101	125	163	169	126	
159	150	152	154	190	164	137	194	123	147	104	128	119	129	194	120	184	140	131	134	
176	157	110	141	186	196	172	126	172	111	134	148	121	163	194	100	121	100	161	199	
155	131	133	127	187	134	142	127	193	167	167	103	106	154	144	143	195	189	194	144	
163	159	122	177	154	100	142	113	160	119	122	126	166	190	161	110	133	100	177	106	
126	167	168	192	175	133	108	109	109	100	181	104	117	192	199	151	185	189	101	168	
195	110	124	160	141	186	148	100	121	159	169	109	115	176	138	173	199	113	188	180	
156	193	189	165	132	129	184	195	145	192	138	153	123	169	163	166	106	101	179	125	
135	114	143	183	197	186	123	179	145	199	115	184	161	120	159	116	193	183	188	137	
152	194	145	132	148	179	118	181	167	105	109	161	194	125	135	165	138	158	125	169	
141	134	104	157	167	141	107	191	171	109	181	184	102	115	143	113	122	140	147	144	
171	136	135	101	175	101	193	199	156	150	176	163	173	171	105	111	118	148	195	140	
148	100	153	146	161	143	155	125	164	101	164	137	158	120	107	156	169	126	100	157	
162	195	107	161	123	109	104	145	162	113	197	134	181	159	125	153	138	134	194	135	
139	182	155	194	132	103	148	139	182	171	186	138	148	149	110	132	183	173	142	104	
155	132	169	182	138	196	105	142	170	184	155	136	195	154	150	189	105	171	192	152	
127	185	118	160	106	180	158	175	139	134	116	180	109	157	162	182	162	175	133	112	
140	134	114	162	107	110	134	118	134	190	179	189	171	151	179	129	125	137	158	142	
173	101	100	193	165	172	116	181	133	193	129	117	156	158	196	151	196	189	183	155	
165	134	193	173	108	158	119	166	171	198	127	134	110	170	191	146	113	101	128	168	
137	125	177	179	110	129	148	103	149	148	165	182	124	174	183	189	183	149	192	146	
170	164	128	194	109	140	153	144	171	160	149	180	136	124	161	159	194	100	127	144	
107	130	140	164	174	145	177	151	115	109	187	151	193	120	193	142	159	179	182	123	
162	146	116	146	155	154	137	145	160	189	192	156	110	188	104	149	151	117	141	137	
157	129	120	135	152	188	175	107	127	116	181	167	178	165	104	165	157	182	164	117	
129	125	155	142	106	145	192	149	131	149	186	179	193	190	127	103	115	161	133	123	
151	123	112	176	100	154	161	122	147	133	112	170	135	165	109	107	126	118	130	147	
122	157	189	123	143	147	176	151	114	172	151	160	125	135	137	121	118	133	132	196	
109	130	131	145	184	127	142	133	114	174	181	109	137	189	156	191	150	125	171	166	
177	143	178	106	197	108	142	195	154	159	188	163	111	129	154	110	135	149	180	174	
176	102	156	189	183	133	167	198	162	103	128	153	105	172	166	159	117	104	121	102	
106	154	114	167	160	191	150	165	109	165	181	173	182	118	112	199	147	148	161	137	
109	174	198	149	117	185	170	153	167	120	163	110	140	188	105	104	176	152	113	189	
104	165	145	175	137	180	161	197	191	132	178	126	129	198	107	171	153	164	186	187	
155	103	121	114	175	187	145	187	149	179	168	156	153	195	179	199	112	147	168	109	
139	152	178	147	166	102	185	178	177	192	142	122	166	194	125	187	156	141	171	127	
173	185	139	164	181	113	123	153	140	181	167	168	121	160	162	120	146	110	134	173	
105	152	183	148	180	172	172	129	161	196	110	197	168	154	137	106	103	186	150	169	
169	111	114	122	134	188	118	115	155	151	104	191	129	106	101	159	133	166	122	196	
159	186	151	148	180	100	192	153	171	185	195	168	122	136	147	119	123	156	133	134	
150	189	192	197	194	133	119	155	136	167	162	148	147	157	193	119	103	182	159	131	
169	168	130	157	188	124	141	179	199	181	171	152	182	143	130	123	158	188	177	142	
130	177	182	112	192	175	113	161	149	182	137	142	161	122	128	196	151	124	132	157	
190	133	121	114	180	138	134	108	187	157	152	130	110	172	117	169	138	175	138	171	
184	120	136	191	156	183	193	157	198	156	107	158	144	141	198	190	171	177	124	162	
120	135	183	150	170	141	138	155	133	152	108	167	198	109	170	173	168	118	196	197	
186	119	140	122	149	121	186	106	149	145	180	159	185	134	154	183	131	120	187	186	
121	196	119	172	159	153	112	190	171	197	133	115	111	130	137	156	137	165	166	109	
172	153	122	108	191	186	150	123	136	136	138	189	195	198	137	131	197	195	183	136	
192	199	128	139	104	188	111	178	105	186	189	108	180	194	189	104	152	166	190	180	
175	133	104	126	118	113	191	182	113	143	197	116	163	136	114	146	122	146	147	158	
132	154	100	170	127	199	131	169	150	116	139	117	177	184	185	163	153	111	163	179	
186	154	179	134	116	148	151	191	169	180	111	125	197	146	130	131	170	105	198	141	
124	175	120	195	133	129	145	121	174	107	176	197	174	100	113	118	167	119	177	190	
116	156	124	183	110	142	160	159	156	115	152	137	158	119	125	189	100	171	184	143	
168	185	151	101	146	124	194	191	153	161	163	116	184	149	181	167	131	167	193	179	
139	134	163	161	128	168	187	159	106	179	106	127	128	117	191	154	150	155	164	115	
165	170	162	171	197	157	168	126	194	143	153	154	152	182	144	149	162	130	122	109	
103	160	103	135	136	111	105	112	189	192	102	100	122	150	148	149	190	160	184	148	
100	196	101	192	163	138	111	104	160	129	100	132	186	183	198	112	134	111	156	143	
160	100	103	102	102	169	137	166	176	143	105	145	142	100	192	189	183	122	124	155	
159	166	139	195	183	123	181	181	188	121	180	168	194	190	161	195	152	115	135	116	
139	194	170	149	143	137	198	198	161	191	171	134	130	115	111	178	128	113	102	108	
196	181	198	106	105	191	174	141	169	196	197	129	118	124	193	159	195	153	188	150	
168	137	116	197	108	141	139	138	143	144	187	171	121	175	197	169	134	166	179	137	
199	137	180	120	122	169	192	197	198	114	130	186	145	183	150	127	112	172	151	165	
117	157	122	171	180	187	145	161	116	116	196	179	156	164	178	154	198	103	164	168	
108	122	118	104	108	198	107	142	179	128	116	101	133	159	192	196	115	129	179	151	
133	140	149	107	119	110	199	105	163	183	109	135	130	167	143	114	189	105	178	116	
114	162	193	162	196	187	181	158	111	133	187	174	146	167	194	117	148	123	166	171	
193	119	111	181	162	100	158	183	127	148	186	154	190	100	123	190	166	197	145	196	
189	199	143	198	110	101	187	112	163	168	171	155	180	107	166	157	158	140	137	180	
147	169	120	151	161	147	117	111	174	140	144	160	160	180	106	120	106	137	104	113	
108	175	190	122	147	102	154	152	117	101	119	183	132	177	172	193	181	156	187	168	
105	140	186	192	152	146	109	175	178	191	141	108	123	189	161	187	187	193	179	154	
155	198	197	194	195	187	139	178	185	137	138	162	123	190	135	152	129	194	162	171	
126	160	173	164	101	155	117	138	187	184	193	187	152	131	154	117	184	196	123	155	
177	195	101	152	143	138	135	194	167	164	113	152	101	124	150	179	100	147	188	175	
148	101	183	126	165	199	179	130	186	143	189	116	177	111	156	150	158	167	193	116	
147	149	144	179	155	142	146	191	194	163	105	191	130	131	151	156	148	124	179	199	
178	182	192	160	130	131	164	144	111	102	183	127	147	103	150	171	162	199	182	185	
130	141	117	117	101	128	199	149	163	181	194	163	108	157	146	161	110	129	101	118	
116	158	155	147	185	131	184	196	116	126	183	196	165	135	127	105	104	140	116	177	
149	122	137	163	140	137	114	157	111	111	162	113	139	127	158	100	132	122	104	199	
162	188	175	118	169	123	115	136	171	116	159	160	198	159	184	197	113	142	135	197	
164	183	159	177	104	191	192	105	184	122	130	187	167	136	183	165	163	187	106	164	
184	184	142	197	122	140	105	127	179	199	187	144	185	180	164	156	136	179	145	160	
109	189	125	104	104	183	131	170	104	153	164	168	193	103	182	109	137	137	186	145	
152	172	128	164	170	141	198	180	159	114	121	163	144	193	185	158	189	184	114	157	
163	111	163	109	103	185	175	100	136	178	191	141	118	178	171	191	116	168	185	188	
185	186	164	190	123	112	174	194	165	100	198	174	160	196	130	192	181	199	192	110	
173	131	119	157	129	177	145	146	169	108	168	180	117	159	110	107	112	196	113	159	
165	122	122	132	135	104	166	126	152	137	123	178	102	100	198	168	111	148	116	185	
119	172	115	140	184	138	127	132	162	103	126	121	105	107	141	136	176	110	165	143	
184	122	167	118	106	157	128	143	118	140	137	175	173	198	143	117	146	190	158	179	
165	136	144	133	100	138	125	162	124	176	162	109	108	107	167	196	185	135	107	104	
198	104	120	186	151	129	151	122	122	172	137	166	149	150	151	190	119	100	136	150	
149	113	158	162	129	191	169	161	111	124	152	117	181	157	100	184	145	137	199	100	
197	192	146	197	162	139	152	188	174	129	107	184	105	121	152	173	171	123	199	188	
109	117	169	101	165	174	131	194	123	118	144	198	198	145	119	154	149	198	126	131	
172	108	123	171	187	100	137	186	101	198	127	183	105	102	141	145	110	112	100	128	
102	191	145	127	158	151	174	119	104	151	197	180	126	109	134	132	179	129	144	146	
164	161	199	120	185	168	149	144	153	106	194	121	124	106	167	166	173	171	144	149	
141	141	154	198	115	138	125	139	165	174	161	184	120	115	196	164	140	141	140	174	
182	161	187	130	103	150	113	140	178	109	185	192	119	134	125	153	149	184	115	184	
109	146	105	160	100	157	170	134	166	110	110	155	149	108	113	147	110	127	131	115	
159	196	137	104	194	189	100	105	106	113	126	130	112	157	151	154	177	190	157	128	
131	108	136	192	169	192	113	172	133	185	106	114	105	125	100	140	130	134	173	151	
190	109	113	190	133	115	136	111	142	107	120	148	131	129	126	104	175	105	184	109	
196	156	186	181	139	155	177	165	168	125	124	106	146	191	116	164	139	180	199	194	
149	192	153	139	199	134	126	139	111	173	176	105	124	148	181	185	119	155	190	139	
130	198	108	187	118	148	154	116	176	197	104	131	108	164	131	181	121	112	175	173	
104	103	122	125	127	105	197	121	102	100	178	158	162	101	101	152	130	175	192	122	
103	124	120	175	163	119	169	138	103	181	130	191	159	133	189	125	143	164	166	133	
103	183	148	125	119	126	100	167	153	161	135	145	153	190	190	165	107	118	121	161	
196	167	153	152	167	128	175	181	191	131	127	154	167	163	162	190	141	173	180	143	
148	157	129	178	164	139	195	181	128	177	137	155	112	157	179	145	177	199	175	157	
163	151	160	115	114	125	194	151	108	114	190	145	154	184	151	125	190	183	194	171	
106	107	174	140	148	114	181	172	145	158	136	104	111	104	154	156	107	144	161	181	
161	121	125	171	124	198	101	194	162	150	151	112	176	153	144	136	118	156	118	175	
199	195	148	103	112	139	188	173	159	101	103	167	178	170	185	120	182	138	171	176	
148	157	107	135	155	174	136	127	132	113	139	133	114	187	109	186	148	186	151	119	
194	140	180	131	169	154	151	141	132	112	185	184	108	162	117	100	122	179	159	168	
176	159	107	107	115	100	129	156	113	158	162	160	147	148	148	151	101	147	198	159	
161	137	155	194	138	134	198	128	122	159	168	116	100	177	198	111	145	194	110	187	
101	179	141	131	187	177	167	120	154	154	134	131	162	109	108	126	182	186	185	182	
127	175	170	135	103	191	149	127	197	180	113	117	126	194	173	161	102	108	105	114	
136	115	176	136	154	127	186	184	157	180	103	150	149	126	177	149	121	188	187	147	
127	111	110	171	140	125	165	108	171	149	189	168	119	171	136	147	166	103	112	195	
157	170	190	140	183	189	132	165	131	198	173	193	114	119	105	185	105	194	122	135	
167	147	117	156	179	136	109	163	162	110	177	144	180	130	193	169	150	135	173	180	
127	124	102	199	107	131	106	198	138	135	190	198	110	183	191	192	165	119	127	116	
189	136	194	115	117	194	101	160	153	117	138	118	135	178	186	180	182	167	161	104	
104	194	184	126	115	196	165	149	168	109	139	154	120	116	175	172	172	188	132	137	
197	135	189	151	106	156	134	197	170	104	141	125	122	157	114	134	107	150	197	198	
176	116	136	145	103	163	185	107	198	190	170	136	178	112	128	103	116	134	173	192	
100	153	148	126	172	110	120	178	117	139	172	117	165	106	134	146	173	144	190	171	
153	158	126	102	159	116	116	129	177	148	112	115	112	163	148	174	130	131	146	162	
139	108	186	168	187	101	154	104	155	192	162	117	187	198	148	106	197	184	193	182	
193	134	134	146	186	166	111	127	184	130	162	115	122	100	143	188	190	107	127	124	
197	114	123	185	187	161	153	149	192	132	139	114	169	176	155	115	145	145	147	163	
190	142	185	132	141	137	171	117	143	134	162	109	126	147	120	194	149	162	112	185	
128	183	162	137	123	134	152	112	169	133	113	199	105	186	101	185	170	143	142	110	
177	104	122	123	143	186	121	130	173	175	138	188	104	173	153	154	105	108	145	176	
140	193	165	147	103	184	133	191	110	147	155	117	139	107	199	126	152	188	185	187	
135	127	158	121	152	128	174	127	162	114	108	168	124	121	123	151	146	123	198	161	
173	180	156	120	127	169	146	178	148	181	138	150	159	193	108	169	134	113	168	170	
162	196	143	174	169	199	151	122	145	147	135	195	178	151	131	164	109	157	166	176	
116	148	126	199	186	139	193	159	184	107	194	131	109	122	126	160	172	100	177	105	
156	188	196	113	114	160	150	181	143	170	140	199	136	125	198	129	103	192	136	199	
134	103	153	196	180	185	196	189	109	143	133	140	172	161	178	184	124	150	155	142	
130	110	135	176	139	121	194	162	182	128	113	165	130	132	110	139	145	199	153	138	
140	165	146	191	111	128	104	187	109	193	163	136	111	168	184	145	166	152	151	168	
115	147	133	178	122	151	123	186	102	169	126	198	116	197	198	193	195	148	155	122	
177	166	187	107	149	168	106	160	145	133	146	168	198	137	176	116	118	119	125	123	
102	184	146	197	194	129	171	111	159	157	142	197	180	109	169	167	156	169	149	180	
159	112	194	169	147	138	156	142	191	190	100	174	197	182	157	171	106	145	175	101	
127	195	186	185	165	165	178	172	108	113	106	186	181	199	174	161	139	114	132	161	
149	124	120	189	123	160	164	169	119	162	156	151	103	182	137	181	172	167	165	125	
197	135	120	165	110	163	162	198	108	145	133	171	184	178	121	110	132	187	186	130	
198	115	147	169	115	178	102	190	179	110	140	132	188	191	115	105	156	166	149	197	
180	183	141	123	147	179	186	130	157	109	132	106	186	161	180	138	167	127	102	118	
128	191	158	154	183	161	108	138	101	192	173	130	174	160	140	165	183	196	133	185	
129	128	133	169	121	116	103	196	112	169	152	147	148	109	110	102	120	185	190	177	
133	109	168	164	114	108	172	178	128	117	100	111	103	106	158	144	140	171	160	160	
105	157	109	157	118	189	106	163	118	163	150	145	129	135	136	197	181	123	104	168	
109	117	125	151	189	197	134	142	186	150	175	169	149	181	155	166	135	194	184	136	
149	159	123	114	145	185	183	111	117	129	145	154	127	133	138	182	166	155	129	156	
105	175	191	154	182	114	185	108	183	173	157	158	121	133	106	176	157	177	134	159	
164	115	153	125	125	184	196	128	139	170	116	112	122	175	166	194	172	188	184	142	
189	193	118	177	122	125	126	128	116	155	165	152	173	107	160	175	149	126	128	149	
138	176	194	144	144	184	134	158	169	111	167	108	154	115	157	149	189	156	167	185	
103	188	144	164	167	146	149	179	128	149	108	129	189	143	124	107	113	194	165	198	
182	112	195	123	154	191	187	109	124	152	130	151	145	123	111	113	165	189	152	125	
169	198	173	111	171	194	137	166	138	112	133	162	148	165	119	122	160	168	196	162	
109	122	134	143	123	117	158	160	120	186	106	150	166	184	134	156	187	141	105	139	
106	183	143	157	162	163	179	133	149	158	100	184	191	106	180	100	157	178	192	105	
133	174	158	128	104	104	197	148	131	159	189	152	175	142	123	140	124	143	160	188	
177	110	166	151	118	132	159	186	174	181	115	172	105	138	148	165	102	141	133	151	
107	178	128	149	138	114	101	115	186	191	173	152	167	156	196	135	175	149	171	117	
107	146	169	112	126	100	193	189	189	137	142	188	109	161	175	112	146	162	173	186	
164	177	163	100	152	147	172	159	132	195	145	146	168	191	156	138	122	174	168	154	
121	184	179	160	187	196	129	147	108	155	139	133	159	119	185	176	160	184	128	140	
123	183	164	128	165	181	122	130	140	142	186	142	178	155	173	179	135	127	146	125	
112	121	131	151	177	191	155	165	194	170	110	138	171	186	101	115	125	126	124	116	
136	198	138	161	103	129	105	161	175	102	107	175	137	123	173	137	124	103	130	122	
123	158	179	113	183	186	143	100	184	122	198	175	103	168	141	165	185	183	117	118	
178	156	155	107	132	133	172	115	191	181	189	127	162	183	108	188	177	173	182	114	
128	172	104	185	147	150	153	156	111	153	158	157	160	171	155	123	157	100	134	193	
162	199	177	100	109	134	191	136	197	137	111	113	119	113	106	156	170	166	193	109	
170	122	136	199	174	146	118	199	195	104	125	158	133	179	169	186	174	146	181	165	
113	116	113	117	117	124	192	136	127	146	170	180	142	146	167	176	190	121	124	173	
191	116	158	123	125	100	113	104	121	156	178	167	127	160	169	151	168	194	146	155	
150	177	187	138	110	170	135	124	150	153	102	147	133	120	110	188	108	101	146	154	
135	167	189	130	149	107	150	162	122	107	156	159	159	162	125	182	135	158	180	186	
108	136	127	140	188	190	119	113	160	164	119	157	120	168	144	117	133	135	141	158	
151	138	125	174	174	131	170	128	193	161	169	171	138	183	128	113	121	151	174	154	
192	132	125	196	164	174	182	129	182	198	184	184	121	139	183	182	159	183	189	133	
155	184	196	123	171	106	128	136	160	137	178	158	172	149	155	127	134	174	186	118	
120	119	170	143	110	167	112	187	187	178	147	135	122	158	179	134	116	193	124	187	
108	152	101	186	128	107	129	158	143	136	166	184	168	158	128	107	102	189	117	195	
181	180	171	140	166	108	132	184	103	188	174	137	142	187	198	178	128	145	152	194	
138	179	160	179	144	174	180	104	179	115	134	168	153	188	186	120	138	165	165	164	
150	144	149	167	110	195	189	142	109	113	131	194	176	151	129	138	142	177	146	111	
199	170	187	123	107	128	147	141	143	134	139	127	123	127	106	124	115	112	133	101	
177	190	135	194	149	177	165	130	133	170	189	179	118	124	196	172	111	155	198	185	
153	102	142	129	156	186	180	152	106	100	176	121	142	108	151	107	113	153	144	171	
185	169	101	184	177	101	157	171	193	101	176	183	123	158	130	138	100	170	128	123	
187	122	140	108	195	139	192	116	167	114	154	104	158	138	191	182	176	124	158	119	
110	174	188	184	178	142	107	190	119	133	160	138	153	192	134	174	108	135	152	105	
175	113	195	167	180	124	130	170	191	186	187	110	128	178	127	199	190	109	125	108	
190	120	171	124	133	170	110	121	125	136	158	102	151	101	175	102	139	185	106	123	
133	110	135	170	145	169	188	128	198	195	107	125	135	120	154	197	110	109	184	115	
191	166	167	172	165	179	129	162	188	144	164	150	147	113	152	111	152	103	195	115	
155	157	159	169	156	195	104	193	109	169	108	198	196	117	118	142	142	102	103	103	
154	141	180	133	132	194	188	179	105	149	137	120	176	139	132	188	152	107	126	193	
186	173	158	140	130	106	124	140	161	103	147	184	132	128	160	114	138	142	185	152	
185	117	117	140	159	172	145	157	155	134	123	168	117	173	170	181	192	167	115	190	
199	173	123	102	189	193	111	196	158	108	105	139	146	156	156	138	197	176	155	109	
125	106	123	131	173	130	188	159	114	193	138	141	144	153	177	122	158	180	110	112	
135	185	169	172	134	142	165	163	133	160	115	116	170	130	119	144	187	124	119	116	
136	128	130	132	115	178	174	197	188	146	175	165	155	128	121	167	164	103	124	189	
193	176	107	122	102	169	118	153	126	102	145	105	102	184	122	107	189	161	198	146	
132	161	150	103	131	118	105	111	187	148	174	102	170	155	104	186	118	177	164	145	
179	149	192	186	197	194	163	127	118	198	113	156	144	142	125	102	102	159	165	170	
126	187	106	130	168	122	198	190	149	180	126	165	182	140	154	187	108	192	104	191	
149	168	135	198	178	177	186	130	121	182	125	130	102	105	129	187	170	168	113	136	
159	120	148	139	135	132	177	187	190	191	181	195	151	119	180	117	149	194	197	124	
176	179	164	108	136	111	138	131	152	166	192	113	144	176	177	157	153	112	106	107	
185	128	147	188	124	192	156	136	161	166	189	103	127	183	188	187	169	115	150	137	
128	199	117	116	132	124	133	123	141	101	121	159	161	149	137	100	171	175	139	141	
162	139	122	132	149	146	103	181	191	167	179	178	140	112	131	127	195	160	140	195	
166	174	150	163	188	124	156	189	121	195	192	158	189	190	177	138	131	103	171	120	
168	161	160	152	161	184	165	132	198	103	167	171	173	160	133	127	111	155	187	199	
142	157	117	185	152	128	121	161	172	127	170	169	107	130	186	117	178	140	173	180	
111	139	138	130	142	179	181	182	187	100	122	184	153	192	160	107	121	115	155	165	
193	181	137	159	176	143	104	180	116	168	153	111	180	115	168	197	188	102	116	197	
163	145	178	102	151	129	174	123	183	112	190	190	150	117	180	100	164	179	171	126	
131	115	182	120	180	135	145	154	160	141	149	136	147	104	102	120	120	167	163	132	
150	124	163	101	106	153	199	126	137	113	177	178	119	165	144	101	191	115	158	171	
174	125	163	187	199	195	199	143	147	163	167	153	118	121	160	129	150	154	142	106	
101	151	117	180	135	183	111	132	122	127	158	140	149	150	127	113	171	112	136	145	
181	176	182	163	184	165	188	127	182	103	165	176	143	139	180	156	119	181	179	170	
163	115	121	115	178	163	194	147	155	174	145	176	161	183	180	142	146	158	164	198	
101	114	124	164	135	143	101	155	141	158	148	103	144	135	192	126	145	116	106	161	
104	144	147	188	164	191	149	145	150	198	146	138	144	179	178	121	129	106	117	116	
151	179	162	118	128	127	126	184	133	174	180	199	144	116	185	163	178	125	185	198	
159	104	174	123	131	131	173	140	137	152	139	167	149	199	188	148	171	159	120	170	
191	117	172	121	157	137	196	175	159	112	119	151	101	155	159	189	125	165	183	193	
183	104	175	156	161	186	156	113	129	100	141	142	159	156	170	198	114	155	147	195	
142	145	137	105	148	141	137	161	135	142	126	196	120	124	134	196	173	106	196	133	
118	168	133	114	128	156	126	199	175	173	198	188	156	144	169	167	152	129	121	178	
137	186	100	153	171	163	155	154	141	136	178	176	182	164	185	173	111	104	119	100	
197	157	130	104	184	172	153	107	106	190	194	169	134	124	142	111	144	197	142	158	
199	143	152	181	150	168	169	172	176	193	199	141	190	198	154	101	163	185	143	151	
157	102	140	116	199	136	152	163	163	170	112	189	185	193	135	129	161	169	131	174	
158	198	157	177	196	144	199	114	113	124	196	124	100	100	188	137	187	107	190	157	
124	166	149	194	175	190	103	124	130	125	133	155	134	176	140	106	170	171	148	120	
174	129	168	138	117	152	189	179	188	169	180	185	175	105	124	141	139	123	136	122	