500
30
161	154	174	174	180	128	169	196	186	101	199	153	171	133	149	147	163	178	104	146	189	131	113	147	182	115	194	178	186	159	
126	128	183	154	146	150	127	142	128	129	143	129	173	199	174	140	124	180	190	161	186	110	172	128	177	103	171	102	129	144	
135	157	149	152	133	172	127	131	182	111	107	109	166	145	174	151	174	138	172	143	157	144	151	101	184	125	127	147	117	114	
128	131	195	140	163	132	133	124	138	125	156	171	146	186	163	107	158	189	190	124	153	138	151	122	136	152	142	100	140	139	
114	144	168	162	193	117	148	149	181	110	178	109	138	117	108	109	146	192	119	125	143	173	123	111	104	153	105	173	185	130	
154	178	188	166	137	173	150	172	196	171	163	111	131	142	144	129	103	114	115	161	123	120	165	146	138	127	184	184	181	178	
186	110	146	197	194	117	129	188	154	128	195	182	175	193	182	124	166	160	154	164	115	152	162	197	140	106	190	173	151	143	
160	171	149	186	140	140	112	134	191	168	160	153	149	122	151	193	179	103	139	190	160	105	129	187	199	109	175	166	110	183	
193	109	178	138	101	166	124	191	107	107	120	116	121	136	141	158	136	143	157	136	151	190	147	195	128	156	158	126	170	165	
152	155	187	168	104	117	123	123	198	185	149	186	198	176	173	173	181	155	135	188	120	134	168	181	121	159	150	108	144	194	
171	152	150	198	143	183	142	147	179	120	142	144	196	189	185	197	123	115	195	141	159	194	104	113	156	166	163	133	187	148	
128	133	156	171	157	156	179	198	155	161	132	114	131	130	166	182	195	178	136	175	100	112	168	183	183	194	168	178	169	148	
169	143	110	105	154	133	158	165	150	165	199	153	172	141	171	196	197	151	199	107	164	196	120	135	182	173	182	188	179	100	
131	133	141	164	123	112	168	198	147	192	196	108	190	197	144	136	172	118	140	106	138	140	130	187	139	199	169	154	143	199	
182	145	173	169	184	157	102	133	119	103	197	110	174	199	113	121	135	179	156	127	175	109	118	178	119	107	185	192	177	136	
145	199	141	160	119	105	185	152	128	168	183	184	152	199	142	114	116	151	131	115	185	104	183	142	175	160	102	173	126	198	
147	121	181	169	131	190	109	192	104	127	104	130	159	152	187	171	174	133	118	161	180	164	192	149	122	112	111	138	125	120	
174	113	194	119	190	128	173	126	174	192	141	117	175	158	188	115	148	197	137	136	171	126	156	157	125	142	174	127	161	153	
129	133	149	176	129	152	176	168	123	193	132	151	136	162	172	104	190	199	122	146	194	111	164	147	137	147	180	147	134	114	
118	176	197	124	170	180	182	103	172	118	120	130	145	175	182	165	103	157	108	113	180	118	172	154	160	118	119	157	121	139	
170	179	148	175	171	132	147	129	105	187	197	125	145	130	123	144	117	176	177	183	119	132	144	197	188	122	183	125	175	156	
176	191	138	173	167	194	136	185	194	195	112	142	136	125	161	141	100	192	135	186	153	116	195	193	180	199	183	149	194	179	
161	115	113	175	154	112	138	190	103	168	197	161	128	115	108	154	158	186	141	165	119	107	136	196	103	131	126	187	114	100	
104	141	101	187	111	115	131	184	105	150	182	149	158	121	158	197	146	117	186	162	158	108	185	111	105	161	124	175	180	130	
123	135	194	162	186	127	148	126	115	169	185	110	110	179	190	153	149	174	132	197	113	192	143	177	165	146	176	157	186	180	
127	188	152	115	147	182	101	128	130	142	140	159	141	147	186	186	181	154	157	197	137	158	133	152	144	112	147	120	142	127	
108	168	191	177	104	126	160	153	146	109	151	117	133	154	177	187	136	196	127	115	182	158	199	116	119	111	165	160	100	197	
174	176	143	107	152	161	172	141	112	188	160	159	133	191	186	142	150	181	197	102	116	138	164	193	134	168	102	149	145	154	
195	185	168	170	167	106	105	195	150	137	147	154	176	174	149	166	180	159	119	186	144	158	135	189	103	186	122	165	132	169	
154	122	183	124	169	163	131	180	128	176	167	168	138	103	181	169	183	136	169	197	197	124	154	120	190	161	132	193	120	192	
166	164	191	124	166	146	145	143	124	106	196	188	160	184	152	131	161	180	159	155	127	112	139	198	199	155	184	174	118	134	
115	115	196	101	183	112	148	175	119	164	158	124	192	174	156	107	189	119	137	128	125	125	148	160	154	184	150	116	160	103	
153	141	132	176	197	177	127	117	107	123	179	164	196	137	134	196	195	103	182	166	152	177	141	106	166	125	185	130	112	163	
116	137	157	134	158	130	162	151	116	108	148	122	126	194	115	178	136	164	133	162	175	105	104	170	122	172	112	155	108	121	
197	166	122	188	194	133	106	126	162	164	176	181	160	173	195	183	158	142	127	167	110	178	102	146	102	191	154	133	106	171	
164	160	136	100	155	136	184	178	187	186	154	112	184	112	106	106	134	189	170	197	175	105	103	174	102	167	141	102	195	194	
137	163	156	127	162	163	199	177	124	169	141	196	182	158	192	156	126	130	192	122	175	181	157	185	110	137	128	127	155	128	
151	135	115	160	172	187	127	103	154	150	172	146	173	120	110	186	180	151	180	189	172	182	177	191	122	177	105	157	190	115	
157	104	140	140	170	158	177	119	170	197	120	137	138	130	126	124	185	197	179	103	132	188	139	155	175	190	181	107	123	153	
108	149	150	103	195	116	177	190	191	163	136	157	125	164	165	175	141	154	123	151	163	104	134	141	180	159	134	139	169	188	
116	168	184	135	148	108	137	192	120	170	113	144	101	186	185	199	185	126	129	149	198	187	195	168	167	154	107	189	161	145	
118	171	112	112	137	185	108	152	132	164	175	192	155	180	136	140	115	184	195	115	186	150	164	157	122	185	198	105	125	170	
169	154	143	134	107	184	152	189	153	190	189	168	158	130	157	193	174	125	117	173	181	143	141	168	130	142	121	125	126	111	
145	160	166	186	158	155	134	192	159	169	192	100	183	152	121	158	120	111	183	126	161	103	121	140	109	139	139	154	165	182	
185	113	144	165	192	130	165	111	116	124	118	160	169	162	164	115	101	158	116	144	170	113	153	118	105	147	103	131	136	188	
104	128	119	165	185	192	182	117	122	110	180	160	163	175	171	137	191	122	105	168	107	178	120	158	195	182	111	153	150	148	
133	169	195	117	190	129	149	170	132	128	131	155	132	112	133	172	171	188	159	113	169	146	120	132	185	164	176	183	198	184	
162	123	173	184	154	175	139	152	183	166	192	155	109	196	104	172	105	177	165	116	198	176	109	186	144	127	168	136	164	140	
163	138	108	123	109	110	129	167	139	137	143	108	180	149	136	195	146	176	145	122	152	105	162	106	145	106	157	181	182	101	
171	146	176	145	183	185	185	134	148	133	101	178	118	104	121	194	120	141	183	140	129	137	117	158	148	188	177	116	179	160	
110	148	121	113	107	187	152	163	116	117	163	149	157	114	191	135	190	191	141	194	156	132	132	112	132	160	193	186	174	187	
125	148	174	161	142	192	194	130	174	159	191	146	161	174	127	100	190	168	104	188	182	197	128	164	122	154	180	114	103	104	
107	123	159	183	191	138	161	173	103	124	153	121	110	138	192	109	135	122	164	103	199	152	121	187	139	164	147	164	106	116	
135	142	175	147	113	119	144	198	184	130	113	112	170	155	196	117	150	134	118	139	153	156	198	144	105	176	169	124	149	120	
110	160	121	191	144	153	112	175	139	171	145	160	172	113	189	123	194	162	161	181	182	139	139	160	166	107	149	112	190	124	
137	124	187	155	112	112	186	140	196	140	157	173	182	174	109	109	148	156	100	165	103	117	109	137	189	146	187	122	118	139	
186	185	141	199	166	112	186	109	143	192	196	104	133	169	157	170	162	151	133	187	165	115	169	112	114	159	168	146	148	192	
177	104	166	193	108	154	183	156	142	122	136	173	196	189	101	127	155	106	177	179	168	162	182	188	139	180	169	136	158	101	
158	102	112	192	181	161	147	104	193	122	123	134	142	115	161	114	158	150	145	115	160	152	144	163	167	115	181	190	178	184	
198	162	181	103	192	147	195	101	109	157	149	184	131	103	168	102	186	116	171	195	133	125	169	160	173	121	139	169	155	113	
181	179	109	141	136	164	197	161	164	198	159	149	143	154	152	163	150	106	175	182	190	189	120	144	180	166	128	181	123	101	
161	187	175	177	118	135	164	101	123	161	100	122	187	197	158	133	155	155	144	131	189	156	100	160	121	131	167	154	152	154	
190	167	182	102	111	146	198	130	192	181	114	165	163	167	128	160	171	100	168	150	194	133	111	166	128	134	106	115	199	196	
149	172	170	157	116	123	152	162	160	128	178	148	117	127	182	163	191	154	121	192	136	150	136	176	198	145	103	184	150	156	
149	184	116	103	148	196	114	130	120	185	116	113	144	119	178	104	143	115	167	191	101	145	176	137	183	156	193	144	109	145	
128	198	171	122	129	184	147	167	147	182	147	151	103	123	146	118	131	175	120	128	193	156	123	174	143	104	106	181	161	191	
189	194	122	168	187	142	186	182	189	135	188	161	107	133	148	184	137	108	158	114	124	136	195	116	187	144	100	126	129	167	
109	134	104	182	130	176	144	112	162	125	123	115	117	141	113	129	168	195	161	125	177	167	127	193	132	120	184	142	191	117	
172	174	161	178	130	187	190	136	135	140	146	105	156	185	187	127	194	108	118	148	178	166	149	187	129	198	165	122	151	168	
187	127	179	123	182	162	119	113	180	113	186	166	108	111	198	117	180	123	185	146	147	136	139	107	183	190	175	142	149	156	
111	167	174	117	118	196	187	171	194	181	165	190	150	126	151	158	150	100	149	128	142	112	169	170	193	195	173	139	135	187	
177	121	117	167	198	103	126	118	116	103	159	138	173	189	188	145	128	130	107	145	121	147	125	184	151	198	119	167	172	112	
127	164	108	182	181	187	129	177	129	129	190	168	144	161	172	176	171	109	158	104	111	133	138	196	166	143	194	141	118	134	
176	159	142	112	186	121	187	124	177	146	157	178	133	173	111	114	166	136	111	147	146	123	111	176	123	155	177	174	188	190	
126	193	148	169	184	117	112	104	126	177	107	179	181	107	172	103	148	152	150	149	192	139	159	123	182	181	183	124	123	135	
177	173	111	171	106	105	145	118	141	111	143	143	123	156	185	122	195	153	124	155	194	154	118	162	161	108	149	153	164	186	
123	175	128	150	164	173	197	125	150	195	190	108	141	146	149	105	141	177	166	171	191	117	112	177	130	178	137	107	164	147	
128	102	156	183	161	186	190	178	188	127	133	172	166	105	185	144	185	174	182	125	118	189	177	139	182	120	138	168	138	147	
130	151	113	128	112	185	149	156	100	183	144	144	196	168	197	157	187	124	191	134	147	167	111	139	177	139	182	180	120	149	
125	108	109	127	137	116	147	155	111	120	131	100	170	188	186	101	120	165	134	164	106	142	127	106	119	162	172	125	197	124	
175	115	153	143	150	120	161	125	159	139	135	191	119	140	136	122	103	138	170	115	123	132	160	106	176	129	149	117	154	176	
176	106	107	112	183	119	148	192	173	121	145	111	150	107	139	159	179	108	191	151	108	101	126	173	147	126	121	114	158	157	
186	185	169	164	108	142	133	132	149	119	185	142	130	138	152	166	100	198	175	188	150	132	101	123	198	107	105	189	190	187	
120	181	189	163	161	135	175	115	186	146	109	101	177	101	149	171	155	152	158	169	192	111	129	197	173	179	140	169	100	132	
152	142	151	193	143	151	180	143	162	137	151	154	170	136	160	149	122	120	101	115	141	139	114	112	186	146	125	139	144	132	
121	167	197	106	154	173	179	157	117	144	143	134	178	159	118	195	172	128	141	168	118	121	128	117	157	153	151	179	165	102	
181	151	140	162	195	186	197	181	174	123	106	101	137	132	135	121	129	152	136	176	178	130	141	138	199	190	128	120	187	113	
163	141	144	190	105	193	157	152	160	102	143	100	170	171	140	197	177	193	197	199	179	194	114	184	110	120	152	154	153	182	
146	142	117	126	117	135	168	155	199	191	156	183	183	134	128	130	100	140	128	110	112	125	138	150	187	105	110	125	157	139	
182	191	100	163	187	143	107	175	101	189	173	151	117	113	114	149	126	122	117	196	161	120	178	146	174	187	123	137	124	144	
102	198	129	147	198	192	144	135	195	125	184	115	151	176	162	182	172	182	158	134	152	115	187	159	152	189	109	186	125	116	
109	177	181	130	172	185	142	181	140	131	109	118	128	133	126	166	187	112	196	113	129	144	199	196	194	132	198	186	136	168	
185	190	164	173	100	153	136	186	166	159	140	170	108	137	191	135	104	161	125	127	179	181	111	122	184	119	151	138	108	158	
191	158	179	187	121	199	103	191	169	174	105	132	171	140	141	167	159	180	131	176	171	169	192	147	176	112	118	167	189	185	
117	197	198	147	111	107	101	159	139	133	103	149	179	133	193	177	123	143	121	133	106	113	101	116	136	166	120	132	117	170	
181	161	130	110	141	146	114	150	107	101	120	122	142	142	176	139	131	170	124	199	122	170	161	147	196	115	179	126	139	188	
142	163	166	199	195	114	195	146	175	192	104	198	158	111	178	171	132	104	121	126	182	131	148	174	156	155	144	178	184	153	
177	114	195	110	197	142	195	104	182	140	173	105	147	161	196	192	175	190	176	194	185	197	133	116	148	135	120	119	107	110	
160	164	165	168	189	139	125	191	139	173	148	112	170	169	116	182	123	164	136	168	158	163	157	167	154	170	182	167	159	128	
187	178	191	138	165	114	185	194	138	124	106	180	107	169	174	188	120	154	127	195	151	112	156	105	189	149	137	132	102	175	
131	198	176	126	125	152	171	118	174	147	181	191	149	102	101	188	163	198	102	152	183	194	102	188	157	174	108	182	162	186	
120	107	107	125	117	119	157	125	141	194	104	182	133	115	152	130	191	130	114	159	167	136	176	125	162	118	161	136	162	103	
104	101	155	138	159	133	158	192	163	167	117	103	199	183	182	145	147	153	106	152	116	119	106	126	125	163	124	119	129	101	
160	118	104	113	113	109	155	194	144	129	149	146	132	189	100	146	125	191	181	102	172	125	172	195	139	107	168	165	170	103	
139	175	197	185	105	125	140	124	156	133	186	190	161	171	174	104	125	100	150	123	139	114	198	128	114	165	171	170	110	122	
121	181	137	101	126	107	160	198	134	171	128	124	137	176	187	121	195	191	188	143	128	105	132	149	147	128	114	154	197	115	
138	126	117	178	193	150	118	137	101	159	153	194	157	104	151	181	133	101	123	199	140	192	119	183	177	106	113	182	124	163	
130	111	194	123	194	151	165	180	117	185	140	109	130	184	130	138	123	148	105	199	186	196	165	147	171	167	190	113	175	102	
176	190	129	141	107	118	131	165	112	126	192	145	172	135	169	187	115	152	175	186	139	102	104	174	103	124	125	156	191	131	
172	115	131	116	142	125	140	186	182	175	103	108	110	121	157	178	110	113	116	152	199	129	193	139	145	105	174	144	129	127	
143	188	142	131	160	198	118	127	106	165	118	164	144	133	128	127	173	153	189	166	161	140	147	120	109	121	184	176	139	189	
198	191	178	147	131	196	186	154	109	180	129	171	110	135	184	199	157	177	166	185	118	188	130	189	108	155	159	136	195	192	
140	136	192	180	102	145	189	115	115	102	197	195	181	141	124	117	156	157	121	146	149	182	117	109	164	124	198	155	164	181	
132	193	103	174	179	154	113	133	146	156	115	176	188	196	125	182	114	118	187	159	117	151	145	123	154	114	154	116	128	127	
184	176	100	143	159	121	124	125	136	108	107	126	180	166	138	195	130	171	109	145	181	181	104	166	159	160	184	171	120	128	
146	183	131	104	111	189	112	131	103	110	102	137	132	114	175	167	130	165	123	156	161	164	102	179	195	169	163	102	117	128	
118	130	156	175	156	118	137	189	158	118	159	148	180	113	197	180	181	166	172	141	137	140	186	141	154	101	129	136	160	133	
159	108	136	152	143	148	180	145	134	157	121	116	124	196	126	123	170	196	165	181	129	136	192	187	112	165	166	163	198	101	
147	196	151	137	170	124	195	105	111	102	130	121	162	163	175	145	131	196	174	174	195	182	164	100	151	111	175	139	132	149	
199	126	164	179	129	113	141	185	115	142	168	145	173	171	184	197	171	162	124	143	139	173	143	131	125	155	139	161	107	181	
194	151	199	122	110	119	118	104	124	146	151	192	172	193	195	149	175	120	120	190	133	185	108	118	185	135	157	192	168	119	
103	173	103	125	167	190	154	124	156	160	198	121	103	102	102	146	139	128	155	114	167	190	149	153	132	165	102	134	124	128	
133	133	101	120	139	119	118	164	104	197	163	111	193	141	141	196	135	149	151	144	180	198	119	136	153	124	108	158	176	196	
124	154	151	162	195	118	182	150	141	170	103	179	125	171	193	158	154	186	103	117	129	169	178	156	149	151	189	118	129	105	
133	188	188	194	142	147	127	123	101	176	114	191	172	173	165	161	112	132	128	129	182	119	195	171	138	135	120	196	140	118	
137	133	124	168	173	168	189	111	199	134	106	126	116	188	111	192	115	136	115	191	134	100	151	187	171	133	114	197	104	145	
183	100	133	163	113	195	173	153	185	135	112	124	163	132	132	136	167	147	178	127	107	138	193	195	175	120	178	100	156	197	
162	176	169	194	165	115	108	161	188	151	130	190	190	181	191	107	149	171	117	159	132	145	123	127	176	134	165	107	192	176	
191	159	174	188	132	133	169	137	189	198	196	165	139	113	161	109	130	181	180	141	136	160	151	119	183	137	151	142	110	155	
161	172	127	183	170	182	133	119	161	104	129	194	107	160	173	100	133	131	104	135	159	171	154	197	112	197	151	112	135	134	
134	197	197	138	124	156	168	177	135	196	196	101	159	141	149	154	116	166	142	149	182	194	197	180	164	106	151	166	167	148	
140	171	128	128	115	140	171	188	180	129	112	195	124	128	186	151	185	146	179	179	112	109	198	148	147	120	125	184	168	144	
103	110	160	147	109	188	157	183	138	142	189	198	121	101	175	173	112	132	183	188	103	140	106	131	130	167	104	115	187	103	
103	161	128	124	173	156	149	127	102	191	135	102	167	113	134	137	151	124	133	104	196	193	135	101	102	185	112	125	101	162	
195	150	112	178	181	115	119	170	176	151	117	151	197	136	167	173	166	152	110	188	143	168	160	103	105	133	190	126	114	100	
197	144	101	109	147	151	146	111	197	187	157	168	152	177	168	192	196	158	122	145	141	162	187	102	177	153	130	104	192	189	
128	170	196	146	192	105	196	163	151	104	191	185	104	151	157	111	168	182	115	188	137	149	144	190	118	131	101	100	161	199	
114	139	180	113	175	190	149	186	138	175	148	114	114	163	103	155	113	114	153	115	167	160	180	176	183	192	167	159	148	142	
160	130	173	127	139	100	185	174	163	139	143	132	197	170	177	165	156	157	172	149	172	105	140	161	107	133	118	175	158	186	
172	158	172	108	157	147	182	150	111	117	123	185	189	123	107	182	177	108	123	144	110	122	100	133	103	199	122	164	145	157	
171	173	128	120	125	110	186	165	196	133	160	176	117	191	173	191	172	199	165	139	114	173	107	195	168	191	171	107	104	102	
104	120	142	102	153	100	178	139	132	134	108	124	196	149	160	130	100	199	102	146	177	142	163	132	167	169	146	159	105	120	
118	183	175	100	179	190	197	147	147	140	191	134	193	158	120	174	190	109	156	158	168	181	106	125	142	124	122	180	186	186	
140	170	155	186	173	139	199	178	140	132	118	152	190	197	100	193	187	103	120	185	158	145	146	177	115	117	121	198	139	171	
186	190	180	113	108	191	176	111	133	192	173	192	105	136	123	122	178	108	165	146	169	101	102	135	136	171	164	125	122	105	
196	135	175	176	142	166	121	199	162	142	152	178	152	181	185	116	156	107	148	131	135	189	111	162	160	146	167	113	118	169	
145	153	111	117	146	113	161	124	173	118	180	117	186	146	146	121	125	139	111	118	132	190	189	103	138	180	107	108	145	101	
169	174	116	144	158	139	174	123	142	143	149	171	123	119	123	146	106	160	102	193	126	191	144	181	158	173	192	113	181	174	
112	177	184	179	156	179	159	145	179	139	116	108	125	127	189	135	121	108	188	120	140	195	142	172	103	136	190	177	115	120	
113	164	167	135	131	164	180	132	131	177	177	130	103	198	148	185	199	120	157	110	145	131	163	104	167	171	145	147	122	141	
172	155	166	158	150	134	122	141	118	139	114	189	172	126	136	109	195	134	185	191	180	151	117	120	102	173	157	166	191	122	
137	185	186	134	169	159	169	113	126	167	111	164	132	166	180	129	122	105	106	181	111	116	101	166	190	151	125	194	140	118	
103	173	115	191	190	147	179	165	157	134	119	157	183	133	105	132	114	121	126	147	104	147	192	115	140	193	166	133	118	194	
148	198	171	128	169	177	156	119	174	154	164	156	136	135	129	125	189	150	176	192	187	170	190	123	106	199	157	171	189	157	
179	146	133	165	161	115	142	126	183	188	123	187	140	190	165	130	190	158	155	126	128	133	117	170	180	150	107	121	188	151	
134	159	188	101	163	130	111	182	175	139	112	138	162	163	184	150	103	153	197	116	165	134	117	187	129	176	149	172	169	173	
130	187	101	172	167	192	193	130	196	185	175	170	147	168	163	148	196	111	185	128	135	116	181	171	119	132	126	167	142	184	
146	175	109	194	179	194	118	122	197	145	109	160	122	157	155	147	122	164	152	133	147	199	184	133	157	164	195	103	157	107	
179	178	196	130	159	112	163	187	169	156	197	170	192	112	125	131	181	138	110	128	116	136	142	151	192	109	179	111	171	199	
153	188	159	135	189	160	135	169	186	115	182	117	110	115	179	143	160	101	128	114	157	127	185	188	149	139	110	145	188	134	
173	146	143	179	199	187	122	115	189	137	155	188	111	170	164	174	116	146	157	142	114	190	130	131	165	148	197	183	107	175	
197	142	176	171	154	143	143	153	107	108	117	132	150	164	152	162	147	148	173	137	170	154	129	151	172	138	190	114	197	152	
170	147	132	191	188	190	174	188	150	193	132	174	179	109	192	150	167	158	183	129	113	101	103	109	185	148	152	177	163	141	
181	125	104	100	134	173	161	131	172	138	133	169	188	199	144	102	156	155	150	129	132	116	152	120	159	180	111	122	119	112	
188	197	178	154	181	179	182	115	163	186	111	110	147	134	165	193	199	167	155	150	185	128	162	142	151	188	194	166	135	177	
103	171	133	102	188	163	193	131	158	114	126	103	131	199	134	179	126	113	135	110	184	127	141	183	105	136	116	131	161	183	
121	152	101	189	135	196	161	197	155	145	105	106	187	138	169	130	187	113	186	179	154	168	119	178	186	169	132	151	197	127	
143	103	176	151	185	151	168	152	167	195	199	168	118	163	117	115	197	145	101	139	131	106	196	129	129	187	164	142	105	114	
149	134	125	131	181	143	151	117	174	148	170	165	179	109	131	181	196	102	153	158	142	166	127	120	175	109	101	135	142	119	
162	103	136	158	109	198	139	132	186	131	100	153	189	107	109	147	130	167	176	155	191	124	115	125	139	135	172	156	172	141	
101	152	169	160	186	141	182	157	140	173	100	132	138	123	124	106	173	139	172	182	177	174	163	140	192	114	127	180	152	122	
121	170	109	104	100	135	115	125	106	110	133	159	140	138	188	134	164	185	117	156	178	194	135	175	176	112	144	101	151	162	
190	160	172	140	133	124	196	104	132	100	161	155	141	137	137	115	111	107	100	140	135	123	110	115	131	118	146	155	127	151	
155	155	198	176	166	133	138	167	153	141	155	168	135	147	118	112	153	160	113	160	137	120	188	156	117	100	107	115	150	134	
183	111	115	105	132	135	170	109	179	174	123	136	142	192	185	103	141	115	162	136	116	186	146	132	175	194	123	118	141	182	
135	182	126	178	119	177	168	190	181	162	117	128	106	126	100	171	123	185	169	175	141	177	151	134	179	176	145	101	100	137	
188	180	198	128	105	116	191	159	198	131	154	110	132	190	158	143	125	191	151	131	107	139	150	197	102	194	161	165	181	118	
191	181	124	191	130	195	167	156	114	151	199	163	113	148	120	199	130	147	161	143	132	149	155	164	137	129	125	199	103	137	
101	193	158	154	134	188	119	192	117	155	154	180	169	187	175	193	128	104	184	133	100	139	159	173	161	137	142	153	100	182	
189	130	143	149	175	139	120	147	150	142	139	172	113	183	146	169	116	143	120	164	123	183	199	183	114	117	108	175	101	108	
115	117	136	152	163	138	156	109	184	133	106	129	133	167	188	180	129	119	106	136	142	176	170	139	173	131	169	112	144	173	
182	111	195	130	128	145	179	138	179	160	156	148	192	109	134	165	180	191	143	199	171	163	160	172	194	161	129	126	159	175	
171	192	192	175	143	135	160	143	101	166	185	160	110	198	135	162	110	130	123	179	106	191	131	173	195	138	143	115	161	162	
196	156	147	124	133	105	147	154	188	109	185	157	143	176	125	109	167	141	159	169	194	110	127	141	181	109	142	129	178	147	
137	162	112	141	112	144	167	108	135	190	152	132	116	104	155	153	174	187	181	113	199	147	133	138	127	179	161	111	122	115	
137	130	199	146	100	106	140	136	192	151	191	190	129	138	198	146	106	135	171	154	176	115	182	164	135	124	169	148	100	103	
179	189	196	104	156	178	148	197	189	145	174	145	195	104	155	125	195	136	108	178	189	132	177	134	154	110	162	175	129	159	
161	170	104	134	173	177	145	178	159	152	140	123	126	139	144	111	109	157	114	153	160	162	141	115	171	197	113	184	181	105	
115	178	104	135	154	158	143	145	165	163	125	142	132	137	168	121	100	122	147	120	148	143	128	190	114	185	103	159	195	124	
151	172	135	104	198	142	105	166	190	191	104	127	171	176	150	116	112	186	157	103	174	156	164	102	135	135	196	101	160	137	
102	158	166	157	154	157	159	159	144	146	177	172	182	179	168	148	185	187	190	172	138	177	177	152	136	139	104	133	183	150	
178	177	116	183	128	131	150	192	134	199	188	177	158	136	115	131	112	120	159	167	150	193	119	156	188	153	177	126	137	168	
135	170	137	146	117	139	114	140	177	135	103	133	109	176	131	162	131	183	112	183	174	163	152	106	169	132	168	129	190	142	
184	147	121	164	119	141	159	125	161	186	154	181	138	173	122	186	121	152	139	164	111	110	118	180	131	118	126	156	112	178	
177	191	198	120	140	167	121	172	123	161	159	190	121	118	136	140	136	188	125	172	134	180	150	144	161	117	145	175	156	150	
125	119	151	118	179	105	111	185	109	165	184	132	181	144	170	182	181	145	171	182	145	115	179	152	132	105	140	195	168	107	
150	157	138	173	151	107	151	143	168	133	102	147	112	150	107	160	153	109	195	180	166	182	198	101	180	164	106	157	190	165	
194	175	148	157	163	191	182	153	146	101	126	159	125	179	148	162	104	177	195	127	149	194	134	115	183	153	101	113	123	189	
169	188	145	103	106	146	109	177	196	141	148	121	114	163	157	196	124	157	190	117	143	160	160	189	147	147	106	116	148	105	
107	140	174	108	190	195	180	116	188	183	125	150	153	117	170	189	191	134	135	118	136	130	180	156	122	167	100	142	146	138	
154	158	179	198	105	188	121	146	170	139	122	114	156	189	152	150	196	133	182	153	142	146	189	160	168	187	139	160	186	125	
175	103	108	102	178	111	109	140	130	185	177	128	149	169	125	129	151	171	186	111	126	126	196	156	159	137	194	157	117	150	
121	188	140	127	193	191	160	144	187	185	101	152	192	129	169	164	182	163	144	134	126	139	164	192	147	141	124	147	159	150	
123	111	196	166	171	105	165	103	198	148	182	131	110	183	186	191	101	108	181	162	157	125	131	193	167	191	176	140	113	163	
173	187	134	114	184	171	170	123	112	100	176	104	155	137	172	197	178	190	125	155	103	151	140	109	182	153	199	171	134	150	
198	177	186	146	132	196	104	173	126	150	130	136	160	106	166	120	105	164	165	158	130	175	191	137	198	150	197	199	157	105	
123	114	167	137	165	176	177	163	109	181	151	141	136	177	137	124	151	159	144	166	172	168	155	124	166	117	159	104	197	183	
145	148	140	133	160	155	122	105	100	161	127	173	193	123	196	150	108	101	113	170	176	188	164	182	133	140	168	171	127	110	
111	149	125	192	180	135	121	166	149	138	169	197	114	181	132	103	196	122	163	142	101	131	158	109	187	105	127	121	172	142	
174	186	106	198	148	182	188	103	130	187	114	161	196	160	165	196	140	150	131	115	169	125	198	143	174	115	159	150	121	182	
171	198	136	102	190	164	159	101	128	161	199	110	105	135	115	145	161	167	181	180	125	112	107	108	109	181	161	172	187	147	
152	160	145	144	113	110	115	120	136	181	188	166	179	122	115	181	175	188	189	114	123	165	126	197	112	171	106	166	133	197	
111	189	135	174	141	156	101	164	161	194	163	194	107	178	168	101	170	169	126	145	158	147	137	192	127	109	137	128	196	169	
131	174	199	101	114	144	196	149	119	178	117	131	114	193	105	196	184	133	124	101	139	181	160	193	169	166	174	182	169	197	
104	140	190	150	156	193	166	186	157	152	165	141	145	145	144	101	124	105	176	151	164	127	111	107	147	114	129	191	137	107	
132	121	126	131	176	115	180	111	191	124	158	140	181	165	195	121	130	102	142	104	185	166	103	181	153	171	158	170	170	143	
127	124	199	121	142	131	156	179	101	145	136	151	145	177	164	126	194	188	110	125	100	134	137	152	131	137	173	118	145	150	
185	146	164	133	154	179	119	148	145	127	146	101	109	127	138	185	126	155	198	136	148	165	125	186	157	167	141	177	180	162	
158	166	184	171	160	142	147	105	101	101	157	126	195	122	106	178	114	193	131	134	103	191	171	122	110	125	137	100	138	195	
138	126	135	189	188	127	135	143	100	151	102	166	146	102	116	119	128	170	169	132	123	197	134	147	191	124	107	170	148	191	
193	109	133	107	185	143	109	110	154	144	185	183	176	128	185	165	138	182	139	194	143	168	194	176	177	122	156	192	155	114	
100	124	198	198	164	174	183	185	106	124	155	161	109	127	151	135	123	176	111	154	138	166	135	153	144	153	114	166	183	117	
147	184	132	150	169	158	172	104	130	195	113	176	132	154	184	106	193	158	166	135	181	158	161	146	178	140	117	122	116	101	
156	123	171	189	119	130	186	184	147	161	130	152	129	120	180	111	194	101	164	154	107	177	179	104	153	171	104	108	144	141	
119	154	174	127	122	128	159	164	194	114	184	159	166	129	121	162	167	153	193	110	120	150	178	196	165	119	109	156	108	190	
159	128	103	172	109	156	169	166	102	120	183	103	112	140	155	105	167	115	149	110	158	131	123	143	126	194	123	171	193	158	
171	178	156	155	128	145	106	150	132	123	137	174	183	103	114	151	145	121	137	126	143	135	175	135	159	104	145	148	185	172	
130	100	176	119	197	180	163	136	108	165	142	190	165	193	133	182	131	116	191	176	109	185	187	184	167	119	144	150	118	182	
140	161	159	185	124	141	184	177	194	193	155	178	192	103	116	166	169	199	158	172	186	187	193	110	135	126	167	154	127	140	
196	155	118	120	185	192	143	185	106	155	183	147	172	136	161	192	163	193	195	160	155	114	102	185	106	130	158	139	134	152	
176	159	121	112	177	188	171	158	160	187	179	182	157	116	131	195	167	190	181	114	151	180	127	170	146	111	144	184	100	160	
144	129	183	182	111	145	152	177	129	181	117	130	115	186	196	119	130	175	156	111	156	196	134	135	197	100	179	172	199	154	
137	198	110	102	115	118	107	118	103	111	176	168	171	167	158	118	152	164	187	137	172	111	123	124	103	169	162	149	140	181	
102	138	133	127	148	114	173	127	114	159	190	102	100	167	129	181	159	143	170	195	114	124	104	181	114	174	145	178	185	184	
195	154	183	193	153	152	112	101	173	119	158	103	186	110	171	163	189	181	152	137	132	196	110	149	104	198	100	106	186	159	
122	105	182	102	157	119	179	170	173	183	138	101	152	115	161	187	107	175	116	190	104	176	112	131	111	170	168	165	162	156	
173	194	182	101	177	173	147	116	177	119	124	109	125	163	115	163	177	146	176	135	193	157	158	103	157	168	134	177	155	135	
185	199	195	132	128	151	177	196	127	131	114	157	183	162	137	146	101	199	137	173	157	180	197	177	124	120	151	195	138	105	
118	131	155	116	110	117	109	147	130	175	127	181	186	115	145	167	103	193	129	123	185	165	182	105	188	111	196	193	146	180	
116	115	104	170	153	103	196	109	124	105	192	157	148	154	186	112	163	174	171	164	130	190	181	110	112	126	137	138	159	119	
103	115	123	109	142	160	195	124	132	104	133	186	186	147	162	154	184	138	184	185	121	153	194	189	122	181	106	179	177	151	
145	181	140	152	131	198	188	100	153	186	134	151	141	165	125	116	126	117	162	155	109	103	140	165	175	128	182	144	193	117	
112	118	166	101	171	116	101	119	194	130	139	186	134	196	123	162	152	109	129	154	138	129	169	125	133	194	159	198	199	156	
100	174	121	110	138	125	123	137	156	185	151	155	121	144	156	164	188	118	140	161	122	194	106	155	112	165	135	148	180	177	
179	105	163	105	125	183	145	122	108	132	112	109	180	175	142	136	136	184	167	176	193	185	116	185	173	121	119	165	191	198	
199	159	108	160	195	135	184	178	199	156	166	169	158	186	180	153	172	186	143	146	197	124	175	148	195	151	195	198	117	141	
173	117	196	101	126	123	151	170	109	175	171	174	125	121	186	169	128	129	178	149	191	144	136	126	145	159	186	107	181	112	
131	151	184	121	147	119	139	168	188	185	165	113	175	158	121	162	191	101	148	164	147	106	106	160	123	119	196	133	115	170	
121	174	184	173	117	181	196	108	180	185	120	168	176	165	189	154	135	157	109	166	107	102	116	197	171	144	195	158	171	127	
180	148	197	112	124	142	100	129	139	122	182	100	190	136	129	190	107	171	142	175	113	132	114	138	173	158	194	198	178	115	
123	157	163	165	132	158	168	183	128	114	155	159	104	127	104	152	129	168	131	140	182	162	126	143	161	117	123	157	144	144	
184	130	108	182	198	149	182	128	155	182	110	127	118	172	122	104	106	140	147	137	114	199	143	184	160	104	143	142	136	141	
111	144	156	124	117	110	138	131	107	170	170	185	126	165	182	176	172	117	160	128	137	138	124	142	109	131	144	162	157	102	
152	171	137	116	146	196	143	182	179	148	167	188	136	180	156	168	113	145	166	100	160	137	116	126	109	146	112	181	129	142	
135	168	117	155	161	199	131	143	186	186	125	196	187	146	173	173	143	191	129	129	196	124	123	110	187	147	193	103	173	184	
160	175	152	153	174	140	147	140	102	179	190	121	112	199	117	152	170	190	143	151	111	133	115	104	135	187	172	109	160	132	
139	162	144	169	165	144	195	112	123	173	112	146	134	119	127	180	103	158	175	170	126	155	199	121	113	122	139	109	176	149	
137	115	129	117	181	136	102	198	151	165	109	189	136	195	182	162	136	189	100	156	150	130	162	159	161	197	168	189	132	127	
175	102	106	174	133	155	196	108	190	111	196	160	181	195	122	199	148	179	154	132	144	170	105	136	115	169	173	100	183	185	
193	193	176	153	105	154	171	179	124	106	114	190	124	101	152	193	199	149	178	185	172	121	123	160	172	134	110	138	131	163	
158	186	134	139	108	190	120	107	113	136	194	105	162	115	132	131	181	170	126	121	128	113	183	162	110	179	174	191	163	181	
103	170	198	123	116	114	170	156	161	128	136	148	125	138	133	195	176	128	140	114	127	171	132	102	160	113	131	109	195	192	
186	147	116	105	193	126	146	185	131	131	137	102	121	126	130	111	156	158	173	130	117	157	123	172	140	173	129	148	100	187	
120	152	198	187	160	123	105	142	141	152	183	172	165	173	183	182	156	154	103	151	192	190	180	175	170	154	120	169	107	161	
160	198	144	135	180	171	189	129	161	103	124	139	166	151	195	169	194	183	147	174	169	162	152	107	125	168	166	104	173	136	
122	152	151	136	187	125	108	183	149	179	149	109	128	195	139	163	124	174	110	127	104	104	147	149	196	179	121	160	170	159	
143	138	150	199	117	170	194	183	149	148	186	173	145	104	139	155	158	153	139	179	111	129	142	199	168	101	128	128	150	111	
171	161	122	104	147	196	134	197	136	172	184	173	185	191	165	136	152	124	177	136	150	150	110	181	169	175	142	104	183	155	
114	121	175	117	121	185	180	144	163	159	186	128	136	195	158	112	161	141	196	124	190	101	128	108	129	163	146	108	107	186	
151	124	104	166	158	103	161	102	163	151	183	118	103	123	131	182	133	118	142	123	150	161	178	143	188	144	126	183	124	163	
127	163	182	106	140	106	102	176	114	139	134	137	153	104	196	194	158	129	106	186	191	155	107	107	188	103	180	185	164	113	
112	135	159	117	106	123	107	105	190	190	111	147	155	193	107	151	192	124	180	184	105	139	195	115	185	180	197	164	186	186	
163	157	177	172	107	195	173	185	111	135	107	124	161	139	188	104	156	161	175	142	115	149	149	136	140	172	191	130	185	163	
191	148	147	175	164	162	155	155	108	137	178	137	143	131	135	178	130	166	149	180	146	122	184	153	180	112	154	122	122	192	
135	167	108	195	176	171	108	154	178	189	155	150	195	153	182	193	111	128	170	127	172	110	192	162	190	138	132	196	111	189	
177	190	164	197	163	127	179	190	109	127	189	134	162	114	197	104	115	181	122	143	154	163	123	153	126	185	195	116	131	168	
156	194	157	153	128	133	125	131	162	150	160	121	163	113	109	131	163	191	154	187	187	152	195	129	113	180	143	148	188	178	
127	112	122	103	169	172	198	106	142	176	115	160	168	193	137	175	188	106	130	112	116	172	124	106	152	158	189	107	147	165	
140	165	105	183	168	121	121	151	151	128	158	170	165	120	150	134	107	128	178	143	187	124	152	142	154	162	135	118	105	129	
131	174	117	172	145	154	114	113	178	118	111	108	172	177	196	138	109	132	132	115	105	186	195	192	110	147	148	167	139	121	
133	160	138	191	172	144	183	149	100	145	195	134	185	106	142	121	197	147	133	175	141	132	103	166	104	178	131	175	195	195	
140	198	199	155	141	134	192	128	139	116	190	135	169	190	150	157	162	145	102	141	147	164	106	133	130	192	124	100	130	148	
127	130	141	122	101	162	111	157	170	189	193	183	145	109	127	158	190	114	190	142	169	141	194	106	155	191	148	100	194	108	
116	132	108	153	127	193	189	141	144	143	146	115	129	153	143	169	161	111	172	136	164	160	161	100	163	169	103	128	190	134	
170	172	140	131	189	159	147	119	153	176	173	197	119	137	131	155	178	161	172	104	149	108	189	167	137	188	177	130	178	120	
184	109	165	114	147	107	111	105	127	172	100	146	109	113	162	163	174	197	185	103	147	133	180	197	106	198	127	143	124	160	
126	106	194	143	117	132	127	182	193	171	156	135	138	137	141	189	179	190	104	187	164	181	195	194	119	192	181	106	103	123	
105	119	133	179	100	106	116	164	199	163	160	148	154	109	128	172	168	117	105	102	131	124	131	193	123	124	144	140	159	139	
171	186	175	195	191	134	170	110	121	124	188	102	188	156	153	126	160	167	126	155	197	146	180	149	143	150	171	186	147	154	
188	193	137	126	195	193	194	132	176	121	184	183	165	176	176	124	117	178	112	131	156	141	123	186	148	198	118	139	132	104	
161	121	187	172	123	129	184	152	100	149	162	125	105	156	151	156	109	156	186	136	130	110	161	194	190	144	109	131	146	154	
173	119	194	130	114	115	163	185	135	136	153	116	199	156	140	185	132	138	147	111	131	137	144	189	158	187	167	105	100	116	
110	110	167	106	102	160	144	167	196	176	162	106	103	197	141	168	165	149	131	127	165	110	162	177	157	160	174	110	146	171	
184	176	114	135	101	169	184	172	112	180	194	165	188	193	124	177	114	189	165	148	141	117	172	116	133	104	162	107	170	129	
158	130	103	108	182	121	147	136	197	174	140	174	146	160	138	165	160	163	175	177	191	154	173	186	172	146	102	122	129	182	
180	115	120	121	148	104	146	115	130	136	144	129	190	173	198	136	142	102	113	117	128	146	151	178	156	186	196	139	131	106	
140	106	167	157	136	157	183	184	167	191	185	164	146	101	167	108	176	175	140	101	129	128	173	181	101	126	101	131	149	116	
157	105	177	129	188	178	121	194	179	147	131	164	125	112	131	187	155	100	159	172	131	141	156	146	174	126	129	197	128	163	
119	196	144	135	106	192	142	158	100	174	154	143	100	162	141	105	147	171	198	129	127	191	199	138	147	183	131	133	139	127	
162	129	185	108	196	188	178	104	114	165	173	160	166	182	125	169	166	102	149	188	160	166	112	160	117	108	122	166	144	109	
180	136	154	162	156	100	173	128	157	187	154	116	183	126	120	188	154	157	122	131	169	103	129	193	138	154	172	160	141	100	
133	160	174	112	113	121	108	147	195	134	196	118	109	154	127	148	180	139	163	154	128	164	101	139	109	104	137	119	184	153	
163	140	177	148	183	147	158	162	188	109	117	143	197	130	136	139	116	119	130	133	145	184	149	186	111	137	103	164	130	126	
150	136	141	187	186	177	182	157	197	197	129	143	137	155	158	145	158	199	111	191	110	120	102	143	188	148	128	148	181	113	
120	183	150	195	146	148	118	101	115	175	119	122	178	145	170	154	134	189	168	131	176	147	144	126	196	172	142	170	151	169	
129	146	142	114	110	144	112	124	151	118	171	139	187	182	185	166	147	111	129	180	121	126	151	159	176	171	114	145	133	176	
137	115	113	116	159	195	173	110	180	194	183	113	168	190	198	140	103	154	109	171	135	136	161	185	183	172	174	177	184	147	
160	127	118	111	139	152	124	174	160	122	197	191	191	118	180	160	199	173	155	114	157	126	104	176	157	170	149	114	177	138	
110	190	132	190	117	196	100	139	158	120	149	135	177	174	183	153	170	141	170	187	151	102	173	152	156	127	108	183	112	188	
119	119	152	198	108	101	131	191	116	180	154	179	152	117	113	136	183	121	189	122	112	108	180	117	154	108	156	131	106	191	
137	103	182	104	187	100	177	117	192	120	151	122	170	104	195	172	192	161	127	124	124	105	136	176	166	112	120	136	123	106	
188	119	176	166	184	161	150	170	150	157	143	194	137	148	168	139	160	160	127	168	191	140	132	127	195	125	108	126	143	158	
161	198	174	145	177	130	107	117	152	185	179	189	157	165	110	183	195	172	115	174	126	153	122	142	170	117	180	145	126	136	
122	199	126	162	199	167	155	142	188	109	163	154	145	106	102	182	174	138	191	148	167	101	133	113	102	181	139	109	116	159	
182	193	107	150	114	102	187	117	183	143	123	169	135	159	179	186	113	161	197	155	156	109	156	134	171	128	181	103	141	149	
197	144	178	170	125	101	133	110	174	137	104	140	160	109	186	114	138	103	163	165	162	172	139	180	163	192	137	121	173	186	
174	183	138	122	115	142	147	114	188	161	161	173	151	114	123	133	121	137	125	125	124	195	143	171	130	182	107	123	102	121	
172	195	137	112	136	131	116	190	187	170	161	113	156	164	160	189	171	188	169	154	164	146	135	146	174	173	183	105	165	155	
171	103	143	129	150	133	146	174	102	166	111	105	114	141	130	111	110	108	190	167	117	139	108	128	125	123	160	133	189	146	
180	108	196	199	186	138	122	165	153	196	197	101	128	174	110	197	131	132	178	115	155	122	117	102	116	102	118	109	165	162	
124	114	133	191	100	115	157	192	147	191	127	140	169	123	166	147	169	101	132	193	172	139	141	193	141	173	157	197	157	113	
157	163	160	187	118	139	192	116	116	168	171	129	119	130	161	149	105	130	108	149	168	150	163	132	161	199	113	118	130	127	
115	154	120	149	134	159	118	173	160	105	199	174	189	157	174	138	109	111	109	180	141	165	119	177	156	113	128	153	165	192	
107	146	107	133	126	104	140	116	126	172	195	120	154	166	137	181	155	169	151	140	162	197	126	101	142	192	167	118	108	115	
194	154	117	118	154	145	175	151	144	108	152	180	146	145	192	191	147	196	131	186	109	193	100	136	126	149	124	158	119	108	
102	129	186	110	119	101	104	163	191	144	133	170	140	125	101	165	179	146	127	198	117	197	119	177	194	114	197	153	198	160	
161	171	162	115	147	127	182	109	125	126	141	169	123	153	125	159	111	191	161	123	149	134	129	194	107	184	198	103	123	110	
183	136	153	190	136	124	136	141	165	165	188	155	111	135	138	139	175	139	181	156	104	122	186	162	100	102	175	108	174	179	
148	186	139	180	158	162	152	105	161	103	180	150	162	150	147	113	194	143	147	144	143	132	154	135	141	133	157	156	147	118	
184	130	112	186	183	183	133	174	169	190	187	139	180	138	138	178	159	153	160	152	136	111	128	142	120	169	162	191	152	116	
153	185	134	183	100	110	171	154	198	175	189	131	148	160	108	175	173	159	189	169	171	116	142	186	137	134	126	137	177	108	
114	111	171	151	109	167	123	131	109	184	104	160	159	107	174	198	177	152	115	154	146	142	174	110	182	119	173	169	172	167	
154	164	151	144	145	140	173	190	128	199	119	185	104	122	150	104	164	185	182	154	196	139	102	196	115	106	151	149	134	171	
190	195	165	127	118	103	121	193	194	136	133	183	121	177	197	125	183	124	133	137	164	124	155	165	137	135	165	108	110	189	
102	111	184	132	199	173	195	121	153	165	112	145	138	120	138	137	141	164	167	104	164	110	109	194	185	141	131	110	141	156	
194	166	137	186	178	159	118	158	122	188	129	105	111	112	165	160	166	164	182	119	184	107	106	108	180	168	145	126	183	138	
161	194	104	140	140	143	147	184	112	130	104	174	170	165	179	154	135	129	114	198	196	159	195	147	196	195	194	103	164	141	
175	167	195	145	139	151	163	187	109	195	188	189	157	199	100	152	143	107	153	113	189	191	120	199	192	118	139	115	154	114	
146	117	170	121	149	159	183	124	162	193	186	116	130	143	188	153	127	110	181	198	190	137	191	160	118	188	171	193	130	128	
125	129	178	191	195	112	197	124	149	150	132	150	188	154	183	156	165	182	150	112	103	125	178	198	121	172	146	102	187	131	
164	151	157	145	129	126	132	123	142	182	176	153	182	153	117	166	137	196	164	113	154	122	167	178	189	191	159	164	111	196	
154	198	123	142	113	148	115	119	167	195	180	122	128	161	107	187	186	156	174	180	166	195	187	159	115	130	147	151	156	146	
178	179	159	140	191	122	130	152	187	154	109	120	152	180	102	159	144	148	123	132	181	150	163	126	184	196	184	185	105	140	
192	144	154	194	169	146	126	179	199	165	194	133	122	145	116	156	186	110	197	115	168	153	197	119	182	160	170	112	106	170	
157	180	167	177	184	166	130	144	189	190	121	141	188	191	158	160	146	190	119	150	102	160	161	104	117	143	115	188	100	103	
109	147	185	149	170	106	176	106	164	126	177	193	175	138	112	106	177	151	181	162	113	108	122	152	150	181	178	195	111	191	
147	127	169	118	160	122	165	137	178	195	100	131	117	145	129	103	115	142	163	155	145	145	172	139	114	194	102	160	109	129	
121	196	111	105	174	160	198	111	190	193	145	160	130	141	129	139	156	157	145	164	100	168	194	129	169	191	193	172	103	193	
111	159	173	171	172	120	119	128	179	111	184	131	193	122	146	194	133	181	175	159	149	172	131	133	148	115	172	180	104	171	
107	175	198	147	132	144	129	166	126	160	143	104	108	136	116	168	180	102	121	137	179	181	124	181	110	132	124	155	132	107	
107	109	132	143	112	134	185	152	138	143	137	198	167	105	112	101	112	171	136	135	138	105	167	151	170	168	183	163	156	178	
121	171	193	150	148	185	120	121	185	118	161	152	186	191	122	102	188	101	146	170	102	171	178	199	111	154	126	144	120	171	
198	158	163	180	195	149	104	145	114	126	159	158	180	132	103	143	148	179	114	185	113	146	101	107	123	121	192	160	177	106	
167	123	177	177	155	115	169	119	112	182	103	127	112	165	120	164	125	129	121	100	153	164	174	111	111	179	104	117	157	108	
103	133	165	161	125	109	185	123	150	107	160	178	153	187	155	113	140	100	160	147	185	181	170	133	125	144	182	195	125	121	
111	171	167	126	122	115	118	164	112	140	151	138	192	191	170	105	140	165	185	163	148	147	164	138	119	127	105	193	120	190	
122	115	153	159	162	108	162	106	185	108	112	170	188	187	104	166	137	183	108	170	135	117	129	102	110	199	136	103	103	127	
175	182	112	198	123	123	163	192	173	198	120	183	190	150	136	147	116	194	190	152	186	126	189	176	151	103	116	120	120	171	
111	186	176	193	173	153	194	139	168	105	179	171	129	151	157	127	108	193	155	169	149	147	158	103	148	173	142	136	117	141	
151	146	104	185	195	143	159	102	193	143	186	132	167	124	127	142	133	113	180	134	119	141	126	162	185	136	160	150	174	183	
161	154	110	149	143	153	148	146	141	164	105	100	140	156	199	138	198	183	143	169	183	110	150	131	105	176	150	174	124	135	
130	129	112	123	176	126	136	125	159	112	199	187	133	117	100	122	145	157	186	169	126	186	134	176	138	139	103	193	146	123	
125	183	180	118	130	197	177	163	166	186	192	138	177	130	145	191	139	110	179	101	183	130	183	120	137	188	177	144	175	152	
136	198	195	191	138	166	127	182	130	187	110	191	171	132	187	147	146	161	156	159	147	173	102	161	101	123	135	127	164	180	
125	127	169	183	129	142	197	188	104	115	110	135	140	161	119	170	194	141	199	182	133	169	186	119	133	133	156	172	165	105	
199	125	109	165	108	127	176	169	137	125	108	184	138	186	119	103	114	148	172	168	153	109	119	106	113	117	106	108	105	134	
123	185	114	127	131	170	113	121	168	187	110	181	171	158	181	148	164	182	126	121	171	152	163	103	117	155	174	123	136	161	
176	141	180	119	165	104	191	150	105	197	140	165	156	108	137	111	112	149	110	193	185	134	134	105	154	154	181	106	118	111	
191	176	135	113	109	105	156	107	178	133	151	107	129	103	131	161	146	100	154	154	159	185	141	119	125	163	149	161	144	195	
156	191	143	109	137	167	114	104	163	179	198	103	100	184	179	192	131	154	110	102	115	170	136	162	199	163	180	110	120	177	
169	145	182	149	101	156	131	126	166	186	101	113	173	156	155	131	149	100	168	161	162	131	180	185	176	195	183	136	136	146	
160	140	173	177	199	143	191	137	195	135	142	187	192	121	110	132	164	128	100	172	149	191	184	149	112	191	161	196	193	168	
155	171	188	148	176	134	106	181	135	108	184	112	121	174	162	130	181	167	172	136	128	168	112	163	110	170	183	189	144	142	
181	116	135	113	160	152	129	165	121	173	144	157	115	155	196	152	104	110	151	102	178	114	120	159	135	131	163	180	166	134	
129	101	171	164	175	133	177	181	153	161	186	173	178	104	147	139	119	109	167	167	186	179	155	162	165	157	140	177	155	193	
189	111	119	168	107	111	171	113	182	162	124	115	162	130	133	177	109	113	178	103	149	170	136	103	182	116	130	119	161	142	
186	123	162	198	143	148	172	102	199	142	116	123	105	187	170	172	118	136	136	196	148	149	187	198	171	122	183	137	100	161	
131	146	149	109	171	105	140	156	168	182	119	160	166	100	137	180	160	135	127	177	156	116	142	141	185	165	121	177	143	160	
171	118	110	168	182	162	132	167	119	164	141	112	188	104	165	170	164	174	121	142	198	136	150	153	115	163	135	121	153	122	
141	149	119	107	130	138	179	168	116	145	124	154	172	151	117	176	136	183	169	186	189	166	109	125	177	119	176	104	100	123	
188	118	150	193	163	127	119	178	191	130	195	189	186	119	122	181	161	157	131	186	109	115	128	103	174	157	198	147	157	112	
114	135	188	150	105	123	168	127	145	145	150	171	190	110	182	194	185	132	146	188	131	188	140	127	165	161	113	122	168	160	
129	126	156	152	159	104	103	163	117	194	151	158	128	185	160	105	108	197	106	174	171	143	171	199	109	127	102	136	128	125	
107	163	141	174	137	108	131	125	199	105	143	125	195	135	106	139	178	111	136	180	181	163	101	188	144	146	121	109	165	127	
164	151	160	147	193	142	123	137	106	190	121	118	134	164	184	138	190	133	199	145	165	136	149	125	142	165	169	185	132	109	
112	155	154	134	162	180	189	151	156	188	171	105	106	173	126	161	117	176	194	199	179	114	171	192	116	110	148	164	182	101	
165	118	145	120	109	143	122	162	168	167	105	185	102	112	165	114	190	171	135	109	101	173	119	143	100	189	197	151	114	123	
168	145	149	113	101	190	101	183	139	146	170	110	150	147	116	141	142	141	194	100	198	120	103	139	118	195	178	135	107	164	
103	128	130	173	144	189	141	172	178	156	193	142	177	195	103	143	199	198	166	183	168	100	139	127	176	157	157	109	170	141	
124	161	158	113	125	165	169	171	159	124	176	196	125	140	139	179	188	113	185	158	160	195	134	124	108	108	112	111	119	112	
119	179	138	129	136	180	180	142	125	106	112	108	123	105	174	152	136	141	105	121	153	196	181	126	105	152	105	196	156	145	
177	157	130	138	183	134	146	172	119	167	127	147	100	152	172	121	129	125	154	106	142	139	143	178	136	126	128	103	148	110	
146	111	185	162	151	138	197	102	161	104	179	140	125	137	114	138	130	174	117	183	159	162	182	134	119	175	146	189	160	114	
148	104	196	149	198	162	197	134	121	113	195	106	179	142	136	141	112	148	184	190	162	182	143	124	111	160	109	134	194	190	
141	132	121	168	149	159	101	122	121	111	171	165	162	161	132	152	159	115	177	196	112	176	193	150	152	128	155	151	165	109	
192	194	134	158	182	187	165	165	160	160	159	140	155	168	105	121	113	174	104	106	172	151	126	139	194	184	144	139	124	147	
104	111	169	160	132	175	149	161	172	151	191	170	154	114	105	156	172	109	166	136	120	198	187	120	160	173	175	179	183	172	
104	106	197	168	140	196	163	192	132	174	115	181	181	127	127	144	160	199	176	107	164	155	111	132	160	102	111	137	194	172	
155	132	132	170	156	180	121	166	170	124	108	169	164	124	194	116	137	187	170	133	119	166	114	110	156	168	100	156	152	127	
119	169	166	183	124	180	125	171	133	115	154	180	198	191	161	142	139	164	102	198	177	120	131	158	169	133	143	141	143	103	
142	186	113	184	184	108	188	192	152	125	164	125	163	135	140	168	189	168	143	187	124	182	147	122	167	163	164	129	178	127	
101	119	125	148	160	100	142	124	104	190	173	142	157	195	112	118	183	172	168	139	158	189	159	150	114	156	102	181	184	144	
159	191	182	135	177	128	105	162	136	122	168	157	177	150	144	102	154	144	150	110	190	177	169	183	188	127	123	146	151	132	
152	108	147	165	134	165	130	150	187	181	194	163	104	134	134	109	153	144	160	178	143	192	159	135	180	152	151	165	135	191	
183	132	120	141	189	156	181	139	188	162	186	117	187	110	111	145	150	123	109	112	176	128	149	100	132	182	157	196	164	119	
144	153	147	125	133	177	174	173	190	178	104	136	163	126	156	104	163	106	140	172	160	174	120	105	144	155	176	188	151	108	
198	121	191	142	128	159	142	154	122	143	155	110	109	128	122	197	136	188	134	149	172	116	157	111	116	161	167	100	194	123	
171	186	174	160	191	131	116	134	119	168	128	151	166	178	115	190	157	133	145	103	145	129	191	175	148	166	117	193	120	141	
108	101	183	192	175	164	122	128	141	155	177	185	197	196	181	152	198	110	114	130	116	160	189	151	195	173	125	175	155	185	
129	136	129	120	182	170	183	192	111	148	110	188	115	199	101	143	174	122	106	164	157	120	104	120	192	135	106	154	190	126	
194	108	115	186	142	167	113	130	179	128	182	169	152	130	198	153	152	152	178	145	183	128	125	128	171	190	195	177	194	171	
120	156	153	103	198	163	137	105	179	182	114	190	110	141	137	185	181	139	153	106	121	132	162	158	170	153	106	151	114	124	
129	186	169	148	181	181	122	194	100	196	141	141	138	163	144	193	170	194	149	106	132	109	127	129	153	178	169	139	128	131	
189	190	110	164	180	198	157	111	111	108	197	179	166	132	120	182	113	136	144	179	137	125	143	186	100	138	182	189	109	191	
115	169	187	121	102	154	174	171	134	112	141	138	118	137	158	158	107	132	163	144	194	197	101	196	132	109	188	144	104	197	
175	184	160	125	162	169	103	122	182	113	168	129	160	113	122	108	190	135	176	172	183	171	112	133	154	183	103	109	195	171	
119	131	178	182	174	128	125	156	191	177	192	170	135	185	148	152	174	183	165	119	143	103	157	118	130	185	163	111	178	130	
181	142	168	168	154	137	191	166	195	192	164	152	169	166	178	153	144	194	108	118	128	162	184	116	153	125	148	122	145	179	
154	173	141	131	177	118	112	154	140	122	125	151	188	105	112	108	154	148	118	110	165	149	174	109	138	149	187	155	187	125	
155	135	126	150	189	100	192	178	179	180	112	109	128	131	138	150	146	183	154	155	184	109	162	155	131	127	169	142	175	169	
121	168	121	172	136	120	111	150	131	105	156	119	140	170	142	176	170	109	150	178	171	162	131	195	130	174	100	121	107	180	
168	188	168	177	140	193	189	160	168	196	128	133	182	112	180	113	104	100	121	164	125	166	149	127	144	147	189	161	184	122	
130	138	120	181	179	175	103	130	109	161	144	196	146	143	185	146	191	148	150	153	165	114	134	141	119	185	121	138	151	172	
196	182	154	186	125	163	138	197	135	139	151	144	163	168	198	148	110	129	150	140	124	140	108	158	145	162	122	138	167	125	
184	115	179	177	109	197	109	161	141	121	163	113	108	160	109	109	110	134	136	193	125	196	130	141	137	110	143	145	126	111	
146	178	185	142	153	127	193	157	178	174	193	138	159	139	116	182	142	155	156	135	148	159	151	102	116	140	104	104	195	163	
115	155	181	141	144	109	155	165	150	138	181	175	112	187	152	109	118	137	118	121	150	106	165	194	129	186	121	124	129	158	
125	187	132	186	166	172	163	160	177	166	114	119	118	144	196	166	165	160	111	154	149	169	118	166	188	114	199	193	107	134	
160	175	158	149	145	189	160	105	137	196	137	151	163	117	109	144	192	166	171	151	106	181	198	125	127	101	112	180	156	190	
184	158	125	183	162	198	112	104	146	169	178	163	105	122	101	107	126	185	128	198	177	146	140	153	159	134	117	142	141	151	
185	118	130	116	101	150	159	108	115	130	190	160	195	174	153	149	150	177	133	165	156	156	127	173	169	178	138	168	125	188	
167	127	134	181	167	183	127	195	151	189	110	156	150	113	118	153	160	168	168	161	118	117	196	147	182	133	129	177	153	166	
145	173	132	144	170	186	112	101	135	148	134	113	179	113	171	142	148	108	150	173	135	137	100	124	101	119	169	197	139	146	
190	141	179	160	169	111	102	173	145	108	165	112	107	118	196	154	166	133	130	124	188	154	145	129	189	144	113	116	153	189	
152	116	142	193	181	181	124	187	154	127	150	109	117	103	102	154	169	195	153	183	199	195	185	102	131	166	139	191	150	174	
133	122	107	187	133	158	181	123	100	132	197	148	119	143	119	105	116	140	119	102	137	164	171	174	189	109	100	143	184	194	
127	133	162	159	137	112	179	164	123	144	146	174	188	155	188	164	124	110	160	105	198	130	106	127	134	106	173	152	138	137	
154	109	164	145	139	180	110	103	104	114	197	179	153	190	110	129	176	154	162	154	111	164	190	197	107	173	153	169	144	102	
138	131	170	184	173	166	120	129	189	183	159	129	124	136	146	127	120	157	113	150	143	193	132	169	106	175	146	127	110	181	
187	131	132	190	132	162	179	128	114	107	171	169	182	177	125	139	100	134	102	164	166	168	138	151	147	180	111	169	170	106	
115	180	145	104	107	190	176	120	184	183	132	101	152	196	192	142	110	192	183	165	132	185	154	127	127	168	133	173	137	147	
166	177	155	192	147	179	188	106	174	194	146	103	178	167	112	169	156	144	149	111	136	158	133	185	174	165	135	145	105	133	
131	164	196	178	149	159	164	186	170	155	150	192	164	144	101	129	166	167	184	154	189	112	166	192	158	119	199	120	104	132	
148	199	106	196	142	135	124	115	136	149	198	140	107	193	130	151	124	100	170	155	118	145	143	163	133	192	154	176	139	149	
140	118	101	124	101	161	153	150	197	118	156	162	184	149	159	151	176	134	152	115	158	117	143	193	189	116	166	149	106	136	
183	156	161	159	172	183	158	192	189	131	173	170	115	159	124	171	152	100	190	158	184	174	192	148	111	122	108	127	145	107	
114	141	151	112	145	151	198	172	158	167	114	148	189	118	194	143	149	194	180	133	141	127	177	122	112	144	178	139	197	117	
124	178	142	190	119	182	175	111	115	135	116	170	196	163	196	161	172	171	176	125	165	149	148	130	194	106	172	126	160	165	
131	128	186	130	169	149	122	146	116	129	197	172	102	172	151	109	174	173	161	166	108	117	132	102	190	197	123	150	194	102	
181	168	170	105	156	144	188	166	110	176	118	154	106	116	101	190	151	134	167	149	198	108	154	133	114	114	185	170	121	187	
106	159	125	116	194	128	172	140	170	187	186	160	127	175	134	146	104	164	160	138	143	177	154	125	126	186	129	102	156	163	
163	119	194	197	199	157	147	134	114	176	180	185	113	181	177	102	132	127	105	164	197	172	198	108	122	145	143	124	109	178	
196	153	106	128	180	149	117	118	146	169	120	190	198	170	132	132	154	189	180	173	109	109	136	158	169	172	149	169	114	157	
140	185	191	161	117	170	180	191	141	156	145	138	177	169	147	118	168	153	173	154	175	154	199	185	151	138	126	136	107	176	
131	176	153	133	107	149	128	167	135	114	133	107	146	146	154	137	124	132	175	148	134	199	124	105	121	144	128	152	111	144	
173	167	182	127	124	164	127	127	180	177	161	127	135	119	184	155	193	139	141	133	190	168	102	162	155	143	176	179	117	118	
175	128	166	109	134	182	140	151	106	110	112	179	126	145	184	187	107	123	146	197	169	196	173	127	139	133	141	187	131	174	
183	150	178	132	111	174	135	194	111	193	182	189	189	118	161	157	140	136	107	192	184	105	138	178	132	139	139	199	161	173	
175	164	126	170	125	100	171	162	135	163	187	144	139	166	110	116	175	150	159	182	121	188	139	179	141	142	167	137	101	191	
156	137	120	145	170	179	114	140	142	113	160	152	101	182	187	175	167	111	168	189	149	109	143	193	115	130	145	105	185	100	
101	187	165	140	113	126	191	132	151	164	157	196	182	114	154	108	152	194	101	195	195	113	134	157	163	137	101	130	116	114	
176	138	115	138	189	101	171	179	160	180	130	168	119	186	135	172	196	146	168	130	159	122	177	143	169	101	196	182	181	163	
126	122	175	157	175	159	163	120	170	147	119	194	113	160	101	124	157	198	148	167	125	139	190	198	169	147	100	126	106	198	
150	193	152	101	113	190	193	108	179	193	193	147	175	183	168	156	194	168	148	162	150	113	146	144	109	162	160	120	189	132	
125	136	144	157	138	194	139	181	158	156	182	173	105	110	179	175	185	105	147	168	198	113	129	190	191	107	176	151	154	122	
110	155	193	159	112	126	104	173	154	101	193	115	171	191	114	189	132	101	197	137	102	188	184	138	179	127	153	159	168	171	
151	182	149	110	115	169	145	145	177	127	100	191	154	101	199	128	171	151	199	183	193	149	166	146	137	110	131	199	182	152	
189	144	186	108	123	151	177	153	119	132	198	192	118	171	133	190	109	146	165	173	126	183	123	153	124	112	163	100	152	148	
148	106	149	106	116	155	121	196	137	183	123	173	135	135	160	133	190	186	153	115	188	142	106	162	137	162	198	161	103	185	
188	128	133	157	122	131	148	119	177	130	170	107	113	103	179	116	182	165	157	164	192	142	107	183	199	180	146	142	100	141	
153	176	161	120	107	189	108	125	127	174	159	168	184	164	195	107	179	157	100	126	103	122	197	172	199	167	145	120	106	106	
105	101	136	127	136	196	149	142	146	175	161	133	113	192	104	112	195	132	159	135	173	178	182	176	104	103	152	143	140	111	
190	119	157	172	129	178	137	148	176	108	120	117	113	114	118	152	112	114	153	142	138	188	155	115	108	140	198	157	117	179	
151	157	120	191	117	162	164	126	120	187	138	163	171	128	172	165	118	101	161	198	124	173	185	152	104	137	124	179	139	158	
191	142	140	122	102	140	100	164	180	171	105	150	173	111	190	167	146	113	152	171	148	176	112	126	191	134	186	190	174	169	
102	184	145	196	189	174	163	184	163	116	182	152	164	165	151	104	181	102	123	155	170	145	156	124	126	180	125	195	159	184	
175	186	195	177	161	130	164	180	135	113	117	128	117	101	121	188	166	142	105	190	174	175	174	188	109	134	197	107	135	111	
180	181	121	118	155	196	156	192	199	118	106	181	106	164	118	191	100	155	137	102	178	121	159	115	117	140	191	122	118	195	
153	176	182	114	102	141	141	122	189	117	119	182	148	182	147	178	169	142	140	169	165	162	114	185	128	166	184	141	135	165	
160	117	110	169	147	134	152	124	153	177	142	118	117	156	178	199	191	180	138	141	115	199	108	151	127	162	127	102	197	111	
167	125	111	168	103	172	196	176	157	189	136	143	172	198	171	190	194	119	102	133	172	149	199	189	107	133	113	146	140	147	
189	109	129	119	124	152	123	181	144	139	196	113	133	172	111	102	138	170	190	112	101	186	119	181	162	170	127	165	139	135	
109	186	176	169	104	127	190	158	187	161	125	180	194	181	105	114	126	165	121	121	197	177	120	146	169	174	198	156	187	109	
189	180	164	195	165	169	116	141	102	137	163	184	142	131	105	119	147	199	110	116	162	191	147	177	134	121	196	183	128	129	
139	154	140	158	141	137	154	121	137	190	194	177	126	125	126	187	155	100	191	154	166	122	104	104	176	154	103	127	145	149	
104	162	107	193	143	152	166	104	106	187	163	176	105	166	194	184	187	186	118	117	186	151	107	192	195	115	192	199	131	188	
159	111	114	127	135	156	167	102	125	185	136	133	159	128	177	177	188	119	147	186	160	168	167	131	129	165	198	130	136	180	
147	109	147	130	162	139	188	109	155	176	186	188	106	100	159	119	178	109	139	191	136	108	196	127	119	197	131	110	150	171	
195	117	187	105	161	114	183	144	168	150	123	191	123	176	198	144	141	187	113	166	149	194	172	152	174	128	101	161	102	171	
128	198	172	158	166	141	136	102	131	196	145	129	168	129	141	106	125	141	108	189	149	161	162	184	140	141	147	117	142	188	
178	147	190	153	169	155	196	128	105	142	169	156	178	148	149	177	143	197	188	162	148	158	130	169	148	188	160	100	173	124	
137	188	199	102	117	142	190	108	181	122	136	143	112	199	167	165	147	180	111	186	113	177	189	116	173	130	169	171	108	137	
190	123	150	140	132	181	145	130	185	133	131	163	172	161	190	147	140	195	197	116	110	116	177	160	139	177	185	160	130	180	
172	128	121	177	146	117	113	176	110	193	171	102	127	127	163	111	105	194	130	181	135	172	176	176	184	128	123	127	115	124	
110	192	163	193	118	193	160	125	144	126	180	183	169	135	127	179	182	153	194	161	167	129	130	156	172	141	117	140	104	116	
182	109	174	103	119	187	125	169	140	146	191	139	103	135	130	180	114	158	151	180	121	152	133	114	177	165	167	100	178	174	
150	111	178	191	162	196	139	131	114	176	199	171	174	149	194	147	130	105	133	145	146	156	190	182	175	108	121	105	196	169	
130	108	185	111	168	143	109	171	130	145	189	106	177	197	135	113	183	197	153	146	119	158	103	156	109	169	157	194	105	106	
184	127	108	187	181	138	143	148	156	161	197	129	159	134	160	126	148	186	152	134	191	187	168	151	105	177	114	115	115	150	
177	184	111	118	190	154	198	175	124	154	122	125	117	199	139	170	111	165	109	149	139	121	176	125	157	176	137	130	197	137	