500
40
185	175	165	172	151	181	148	181	153	187	131	158	122	187	129	145	166	176	159	164	177	132	180	152	137	184	141	155	186	160	162	117	146	143	105	131	114	100	195	155	
114	123	137	120	129	109	160	189	198	198	173	152	163	125	169	157	131	139	132	118	171	170	185	177	153	145	158	168	197	133	174	198	145	194	178	168	169	176	116	161	
136	109	139	199	179	119	187	180	160	184	116	172	103	118	127	106	100	118	177	127	148	152	121	140	158	184	125	106	154	117	129	167	150	116	124	101	113	189	131	116	
126	125	136	155	193	167	172	151	141	160	181	174	122	174	152	103	177	138	139	151	127	182	175	136	191	170	160	191	153	112	166	199	184	147	136	182	114	137	152	161	
183	140	131	171	168	143	115	171	143	102	191	154	161	131	181	160	155	101	196	160	194	151	182	159	138	167	173	150	133	121	198	104	162	198	130	173	133	142	129	110	
166	150	177	159	195	116	157	167	162	144	195	156	180	159	116	198	192	199	198	118	100	191	156	167	182	175	142	105	182	183	128	174	112	116	122	138	126	119	190	144	
121	183	162	160	105	139	124	112	106	189	160	142	189	126	193	123	176	141	168	146	103	100	126	144	108	137	145	144	110	187	195	101	110	130	120	171	183	192	109	115	
120	175	138	170	124	191	100	153	106	169	119	148	183	150	108	176	166	102	195	112	166	110	166	112	163	117	137	193	187	190	109	165	127	151	136	126	131	149	134	106	
118	180	144	171	131	171	135	190	182	174	195	162	172	152	105	153	183	135	130	190	112	136	199	111	158	143	115	139	156	100	140	117	123	140	114	147	115	155	177	122	
156	176	178	163	129	138	145	198	150	130	110	191	143	198	186	117	181	185	182	184	155	170	160	145	169	199	161	105	102	185	103	155	129	170	119	141	136	120	182	113	
180	189	190	163	156	177	176	119	152	107	118	118	189	172	103	177	116	199	118	120	141	154	101	138	140	162	186	198	123	113	180	180	193	188	101	142	178	197	131	120	
127	139	106	144	186	165	161	118	137	106	117	101	176	125	162	199	120	146	192	126	154	165	123	140	130	143	183	121	166	189	105	182	134	108	114	174	146	191	170	120	
162	146	184	174	138	147	192	121	187	181	168	179	191	133	175	184	161	106	149	147	104	189	168	147	106	101	123	136	100	106	146	162	165	149	153	161	120	192	130	118	
168	182	182	107	100	157	164	171	128	118	187	176	179	183	149	144	162	196	140	102	165	183	172	174	149	181	112	118	178	103	151	184	160	195	191	126	158	176	157	112	
146	101	167	152	100	108	128	144	109	120	178	193	108	173	122	146	194	164	124	143	167	128	173	144	177	115	123	198	128	103	108	112	151	180	183	172	167	158	141	100	
157	157	172	128	131	181	102	143	132	177	189	170	160	144	150	150	157	166	148	177	135	141	107	119	155	175	139	135	135	161	143	105	114	130	198	120	151	187	130	100	
131	111	168	174	185	122	171	169	110	104	188	186	171	151	148	120	107	114	170	173	101	172	172	169	178	113	137	143	135	158	184	187	188	152	100	192	109	191	141	191	
110	184	111	121	187	116	133	161	149	138	108	122	165	120	127	168	110	125	136	171	165	186	109	126	145	111	189	138	145	191	114	114	184	160	100	183	184	109	127	156	
179	173	198	131	106	168	199	172	183	122	168	180	130	124	105	146	172	128	188	114	189	169	171	147	101	143	123	139	117	149	178	110	164	124	195	135	125	153	106	127	
172	152	148	148	193	140	148	199	160	195	124	115	180	162	191	161	151	137	129	113	112	117	118	103	156	116	151	195	157	171	198	118	125	103	129	117	127	181	166	193	
121	131	102	194	167	133	116	126	179	194	129	197	151	125	135	170	167	131	107	137	152	121	104	117	170	139	114	102	180	104	127	199	176	126	141	146	173	139	113	168	
114	186	120	164	106	199	125	192	137	102	166	163	167	143	101	168	147	160	103	191	112	196	143	122	127	159	178	179	164	147	122	112	123	153	129	121	103	122	168	157	
111	166	101	108	149	138	119	122	144	194	197	197	158	194	194	198	132	114	168	141	186	197	118	126	150	167	168	128	171	156	179	197	108	145	175	165	148	102	179	192	
142	181	139	119	166	125	199	143	153	175	147	129	187	139	199	181	115	121	194	166	189	173	144	160	111	109	189	169	137	154	120	158	108	137	121	145	110	186	176	105	
160	166	136	118	124	187	175	135	186	181	126	162	155	191	165	177	198	120	114	184	124	146	144	104	126	195	116	184	120	116	131	135	156	187	114	156	197	197	103	190	
176	168	141	108	154	131	148	134	120	136	138	166	144	183	154	149	144	133	176	150	145	152	197	182	169	130	177	195	150	194	119	187	151	154	102	196	114	127	151	153	
194	107	134	112	169	105	117	107	126	136	115	134	140	165	159	162	108	176	178	124	182	197	107	113	129	183	178	147	126	111	175	130	142	151	169	141	177	159	123	184	
124	148	107	109	174	188	103	171	171	111	185	198	114	123	123	134	129	104	187	144	191	166	124	179	182	131	180	161	102	194	150	185	183	182	160	193	159	129	182	156	
148	196	184	165	193	144	199	160	151	135	148	123	160	181	126	178	172	194	106	128	193	141	196	169	193	196	101	132	114	175	144	170	150	103	146	182	184	179	163	132	
131	141	186	165	198	179	109	132	110	106	187	127	193	173	163	186	104	183	158	189	140	166	112	117	137	120	128	196	135	196	126	186	110	187	103	141	161	177	177	181	
135	190	100	149	191	193	188	106	103	144	144	169	189	127	144	149	193	168	116	103	173	128	102	134	130	155	115	155	169	122	181	121	128	114	128	186	183	142	151	138	
194	193	170	186	180	174	195	157	122	181	126	115	139	103	174	131	145	190	177	155	117	179	195	179	111	182	176	191	161	115	176	178	182	164	133	159	162	146	100	199	
105	148	192	173	185	108	101	162	106	105	153	182	170	123	193	197	165	177	183	183	164	169	147	149	133	115	180	180	194	100	113	129	128	182	145	104	175	100	136	159	
177	170	168	131	139	135	133	117	135	109	169	170	196	100	116	140	129	160	127	178	106	119	120	164	113	125	150	168	152	154	163	178	154	115	177	158	117	171	125	179	
144	109	171	140	175	158	194	108	184	141	183	120	156	164	150	100	139	158	197	178	140	158	163	170	165	151	104	103	168	170	122	125	104	117	136	190	123	138	127	194	
120	164	107	162	108	162	163	120	190	190	142	133	173	146	174	125	199	105	130	151	179	116	188	101	191	105	185	191	161	158	189	101	104	147	184	124	147	182	152	197	
114	175	152	177	161	175	112	121	191	107	150	109	143	190	147	176	109	153	181	179	136	199	130	196	184	176	117	183	133	195	139	135	148	147	167	178	128	152	171	126	
140	151	181	122	116	188	195	158	167	173	196	151	193	148	180	146	157	154	106	170	174	118	164	118	154	160	147	141	148	135	170	102	188	167	186	164	129	109	152	131	
152	101	191	170	100	157	120	152	161	132	196	145	181	150	169	178	182	152	138	117	127	196	153	156	186	138	118	113	135	130	134	127	107	161	177	124	148	131	186	174	
162	132	126	137	195	188	137	142	131	166	177	118	117	124	123	187	111	152	196	132	170	130	197	125	162	117	131	161	166	154	166	115	119	181	145	189	183	183	175	135	
141	133	130	125	108	194	186	100	117	112	132	118	134	177	120	190	120	142	176	110	154	185	168	193	184	151	196	177	111	132	125	165	184	139	136	177	138	123	112	190	
170	184	123	178	182	193	193	186	190	118	149	134	191	149	168	142	137	113	131	153	193	199	165	160	192	119	116	150	111	179	130	115	160	191	196	192	118	127	150	124	
118	170	104	125	150	185	166	103	102	101	199	182	117	139	161	143	174	156	121	176	165	101	124	133	197	157	180	196	123	186	176	194	141	106	160	175	134	150	125	115	
148	170	136	115	192	188	135	164	120	168	199	112	150	109	171	161	112	142	110	191	113	195	171	114	172	159	194	189	149	183	155	124	173	176	164	172	166	103	192	149	
104	118	107	161	158	164	121	131	146	126	130	199	188	125	119	133	198	135	173	174	105	101	118	140	135	155	129	129	174	180	180	131	169	134	121	131	110	194	170	183	
145	133	161	167	171	198	156	102	127	199	122	123	182	196	164	184	133	119	135	143	158	170	127	185	155	104	123	102	102	194	104	184	178	155	126	180	131	122	186	119	
139	140	191	170	173	126	111	176	163	100	137	177	111	110	133	145	162	120	163	187	150	101	182	116	102	172	142	124	196	190	105	178	191	152	119	153	130	122	140	184	
178	114	111	136	152	163	142	173	167	145	153	177	145	118	175	189	148	116	160	162	141	153	113	124	117	100	171	127	197	194	147	107	196	165	102	190	115	182	197	170	
116	153	184	149	116	166	109	143	136	131	184	142	183	176	197	113	199	113	134	193	189	146	144	102	186	181	141	193	161	162	104	187	163	111	136	121	190	108	174	156	
106	173	131	185	146	103	191	181	164	193	193	150	167	143	179	121	145	182	124	180	185	176	101	110	143	139	150	191	125	129	160	134	174	122	160	153	165	117	109	115	
104	118	167	122	190	181	104	180	192	129	188	116	120	199	158	169	100	194	141	138	166	192	157	190	109	162	120	141	145	147	165	140	143	111	152	189	196	167	150	126	
123	116	189	180	138	128	117	113	138	194	138	103	104	158	134	172	125	190	186	198	173	120	149	196	105	131	101	132	126	102	123	169	118	176	157	196	154	118	119	194	
169	180	144	136	189	175	171	140	104	136	182	178	158	176	150	191	182	156	149	182	195	165	133	171	114	193	134	148	185	166	180	196	150	172	147	131	194	129	184	158	
133	109	141	124	168	169	144	193	159	180	172	139	153	109	162	121	125	128	124	189	191	188	184	198	172	110	180	100	102	171	197	105	116	121	194	116	183	112	107	145	
195	141	103	179	189	153	148	138	145	187	166	190	183	163	139	190	106	186	182	109	171	155	146	178	149	109	158	114	170	188	107	116	142	170	166	155	190	190	124	168	
125	175	140	179	130	187	153	174	186	116	138	156	178	197	150	101	141	103	128	119	102	146	176	134	188	187	128	166	165	187	122	125	189	173	183	180	144	141	158	126	
192	101	131	136	114	150	111	177	166	144	108	166	110	101	145	195	177	191	117	176	198	153	110	198	197	199	190	174	144	157	113	128	190	119	141	122	125	190	159	196	
174	193	167	140	171	131	124	166	165	160	157	158	160	151	176	179	113	127	126	116	199	118	172	162	161	127	117	169	164	136	144	144	104	136	176	135	193	116	144	100	
133	153	125	175	101	122	176	191	189	191	170	146	177	197	137	197	178	130	174	145	158	165	180	106	176	187	152	169	116	149	168	101	103	154	157	199	190	157	174	196	
102	121	178	117	141	117	174	101	148	198	173	130	160	172	172	121	186	132	114	150	175	161	161	165	165	179	140	110	194	185	166	184	103	179	171	148	152	183	189	178	
171	177	129	180	186	114	148	199	114	173	135	148	126	177	187	136	134	132	166	133	163	106	127	176	176	195	140	187	113	198	159	171	179	181	102	128	119	150	176	114	
145	113	134	125	191	145	135	129	142	157	196	107	189	175	199	127	157	127	130	138	114	167	148	126	112	132	109	197	112	185	184	119	118	195	139	104	140	184	119	193	
194	198	141	132	178	108	160	155	198	161	100	106	124	193	164	189	182	180	177	140	157	186	116	158	108	177	151	101	166	114	151	140	168	107	117	129	192	130	167	122	
115	140	190	110	154	149	195	156	190	167	155	187	193	158	152	167	193	154	137	125	156	104	105	186	178	160	117	185	163	129	101	181	169	171	133	110	170	102	193	161	
118	131	182	148	137	148	184	129	148	129	197	191	171	142	124	122	127	165	136	188	125	112	108	152	123	128	124	151	173	101	102	162	172	146	162	147	109	105	143	141	
194	184	144	179	195	131	152	190	170	126	131	198	104	132	121	170	196	182	160	112	111	121	197	117	155	110	184	110	168	173	111	119	137	134	134	126	143	116	188	100	
182	167	173	196	140	140	168	153	146	149	172	193	143	127	100	152	191	109	147	103	151	127	126	155	115	131	165	166	136	160	162	173	120	144	106	121	163	185	196	115	
181	100	104	150	170	151	153	183	185	178	152	113	122	107	145	173	118	178	140	189	130	136	156	136	145	118	171	189	103	170	155	113	103	185	141	148	183	156	145	180	
163	149	134	133	120	146	136	144	192	161	116	199	108	195	167	151	146	119	195	160	160	152	176	199	149	135	135	134	199	146	129	153	171	197	102	121	118	120	131	145	
192	103	107	102	139	194	140	192	105	188	107	163	183	170	178	116	108	166	168	132	154	167	159	167	196	156	187	199	135	172	106	112	123	100	144	192	151	124	177	184	
140	182	154	189	188	157	163	197	167	102	146	183	191	164	144	126	138	149	189	102	109	154	169	105	103	100	100	100	195	186	175	138	166	115	105	127	123	120	173	126	
138	131	141	174	104	115	116	162	173	180	133	159	162	120	136	163	133	183	122	119	112	160	142	108	195	128	195	135	167	156	161	163	197	153	124	173	118	172	147	102	
193	193	174	149	186	163	111	123	154	197	175	167	114	173	173	184	156	130	164	147	189	109	115	140	112	104	131	172	140	198	156	167	154	196	112	168	134	189	193	121	
121	158	198	118	164	177	182	163	139	167	137	154	125	182	135	196	143	116	111	116	180	186	153	157	149	141	104	140	150	194	148	153	134	190	111	132	195	113	172	113	
134	121	197	133	178	107	173	160	155	149	103	120	103	127	117	192	125	188	138	166	122	117	158	139	113	165	107	175	158	181	170	194	172	130	192	155	129	173	177	156	
127	135	131	132	104	194	159	195	154	153	196	129	185	199	133	134	182	120	165	117	118	148	154	193	173	144	143	172	129	148	147	168	131	119	120	140	156	130	148	156	
168	100	100	149	176	132	147	139	174	109	162	161	167	126	182	107	189	145	142	196	143	167	191	112	107	151	190	149	179	116	141	113	155	129	182	178	150	190	141	102	
103	153	117	184	153	120	179	136	156	107	128	116	175	171	192	123	167	172	167	186	192	164	176	151	139	136	173	189	152	124	195	151	179	172	123	184	115	154	161	140	
147	124	133	183	145	143	136	122	135	158	125	151	180	116	146	173	101	181	137	173	138	172	125	177	161	142	102	131	186	119	128	131	124	114	189	101	164	119	137	161	
112	114	140	101	195	119	107	129	127	184	183	130	108	186	191	125	165	160	169	157	149	140	140	100	197	112	197	186	141	133	185	163	140	150	127	147	168	127	179	137	
171	109	190	193	141	183	133	183	159	192	141	172	162	180	161	128	137	166	177	119	183	122	182	110	137	179	190	197	116	164	194	142	140	149	183	125	138	103	130	155	
172	132	144	118	142	100	135	159	184	191	111	123	111	149	149	192	174	118	166	152	147	139	155	176	166	186	169	186	174	145	108	121	118	186	134	122	120	107	130	193	
114	173	146	194	125	112	142	126	175	197	146	130	116	136	124	102	190	101	164	168	190	161	193	100	159	127	106	125	186	166	181	109	107	115	143	145	160	171	105	184	
112	121	187	185	188	102	112	118	102	163	149	164	122	177	171	109	122	124	164	133	173	149	166	176	164	149	180	143	109	175	162	181	186	155	176	165	123	150	122	190	
112	174	191	145	141	170	116	184	139	123	193	156	128	178	163	138	188	187	141	140	136	143	136	183	175	145	169	164	108	183	191	187	174	131	119	167	144	126	141	185	
126	182	184	113	116	188	121	187	146	137	176	172	197	104	197	116	177	129	127	120	184	162	148	152	122	195	196	151	171	149	130	164	155	135	141	177	173	169	177	115	
160	158	148	156	143	186	104	157	199	110	185	132	122	102	131	179	187	148	154	176	189	106	159	168	131	172	133	191	174	153	121	189	130	128	118	159	126	116	104	161	
197	183	184	153	108	160	129	126	162	168	134	110	127	118	176	126	197	144	100	163	117	129	170	130	114	198	172	169	192	170	154	178	139	198	139	133	104	159	166	170	
189	129	159	193	173	196	165	186	112	122	192	197	151	121	140	142	125	169	146	131	103	185	131	110	170	121	114	194	194	100	134	163	170	109	150	114	119	113	162	195	
150	120	147	142	155	136	198	157	156	103	127	184	191	161	157	102	124	134	150	156	195	146	140	120	171	150	106	140	172	117	158	111	114	121	141	121	183	159	122	178	
178	197	167	168	114	133	141	170	175	108	110	141	191	118	178	179	118	162	116	179	152	198	151	164	185	192	189	194	147	185	179	131	131	195	171	179	126	150	155	170	
114	159	119	139	150	151	143	158	182	156	162	164	176	191	147	167	165	163	175	101	117	163	188	126	167	177	134	106	187	187	139	157	153	146	160	129	159	102	182	154	
151	171	127	102	108	110	196	148	136	129	160	171	159	132	167	171	106	115	120	184	167	189	157	168	136	151	141	188	183	191	141	155	154	193	108	105	108	195	132	190	
140	170	143	115	157	104	130	148	124	113	186	165	187	195	104	167	107	177	155	142	149	169	186	112	149	157	195	185	195	191	196	119	167	138	137	113	137	109	199	135	
170	132	127	193	166	146	126	150	131	148	134	105	114	192	134	138	138	143	180	179	150	162	180	101	196	169	193	150	149	109	188	198	111	162	152	185	194	109	146	108	
186	180	100	160	142	110	193	129	183	114	190	182	153	163	120	173	172	175	163	101	181	100	134	127	143	168	156	172	112	101	147	122	102	193	179	136	113	152	175	145	
154	132	113	170	187	191	184	198	125	132	128	198	155	123	125	134	106	163	172	163	180	125	166	188	166	147	139	108	154	148	112	162	114	172	194	187	185	137	172	186	
104	112	143	102	105	165	125	113	192	193	187	148	185	146	136	194	182	118	191	116	153	190	192	199	108	134	112	194	107	126	120	111	194	175	181	175	163	163	121	146	
165	179	169	173	104	144	139	120	146	158	135	104	192	113	111	161	174	166	176	110	136	101	199	170	126	133	193	127	166	153	187	118	126	154	171	181	140	142	180	185	
119	179	112	101	189	134	129	148	110	108	172	108	173	146	115	107	140	182	139	182	146	170	138	145	185	152	144	141	175	180	195	186	119	181	129	102	197	112	149	132	
174	160	171	190	193	163	186	181	148	162	156	126	163	146	189	107	136	155	112	152	195	195	128	155	164	104	114	131	143	100	105	113	120	182	171	194	197	170	190	126	
182	177	155	141	136	166	174	171	130	125	128	162	116	103	122	176	133	176	192	160	168	185	107	178	183	154	120	195	193	115	177	172	199	195	177	158	190	146	199	102	
155	168	188	183	119	143	155	177	126	114	179	190	132	152	120	100	196	152	118	162	141	167	156	160	177	116	193	194	156	197	157	100	171	115	102	120	196	171	138	117	
139	160	153	108	178	109	129	127	149	136	142	161	104	153	151	117	106	153	191	107	100	100	196	109	135	177	160	164	119	109	170	101	193	135	157	199	107	111	144	127	
195	154	164	147	159	138	174	113	177	192	100	151	188	114	181	181	193	104	122	183	131	194	157	189	130	191	144	189	183	162	190	159	191	106	126	113	149	106	169	134	
174	178	183	185	196	104	105	191	123	175	127	145	144	152	169	149	156	193	136	136	197	171	147	156	120	133	179	128	167	156	176	105	197	100	149	126	101	185	115	116	
164	157	111	127	180	147	131	184	158	119	128	147	142	113	110	194	170	153	100	185	113	184	118	150	147	120	149	173	107	158	174	168	168	164	147	140	189	159	199	151	
160	167	173	167	162	158	109	101	189	183	147	171	182	163	105	112	198	159	171	110	165	102	126	175	199	119	110	176	180	102	105	186	158	127	186	163	124	111	147	165	
141	155	188	115	148	145	147	129	120	110	164	193	121	194	174	132	174	102	129	100	184	111	153	125	148	196	132	195	173	114	135	133	143	158	153	108	100	189	114	191	
140	115	132	115	156	165	196	100	119	116	151	199	114	120	179	168	178	115	122	143	149	147	179	162	197	186	193	138	145	147	128	123	162	116	189	131	117	160	118	111	
124	159	124	169	166	149	159	174	141	154	192	103	191	165	177	152	161	169	161	105	157	129	118	189	126	183	181	141	178	130	134	189	144	130	133	114	163	107	132	192	
188	171	155	192	152	169	130	135	158	185	199	153	128	108	156	124	108	146	156	178	136	160	182	110	163	193	133	155	102	129	132	146	103	145	166	181	160	102	130	190	
128	127	127	127	196	135	134	101	185	167	153	188	154	150	115	185	157	160	109	111	119	184	114	128	130	167	174	131	118	113	134	126	171	192	123	146	195	175	156	145	
116	172	196	129	185	179	137	195	150	195	140	110	177	192	105	113	101	191	182	153	123	161	135	187	180	126	194	167	146	111	146	153	152	144	154	101	177	100	164	128	
191	146	147	145	185	168	146	178	196	123	194	131	166	103	116	125	149	139	189	133	176	105	140	132	119	114	158	106	125	192	164	172	162	117	184	163	199	161	153	199	
192	105	123	117	192	178	192	128	148	138	142	143	162	137	121	140	160	140	176	146	162	103	124	122	113	188	186	128	130	158	182	180	171	164	128	123	105	107	147	143	
124	162	149	152	112	116	151	135	164	137	153	173	116	154	198	187	171	104	170	180	151	179	193	185	103	112	130	106	177	106	140	195	181	141	101	113	125	141	108	171	
149	149	113	141	134	173	161	159	180	195	126	180	174	198	190	197	171	108	180	145	199	102	141	140	167	118	186	184	186	193	194	140	141	163	106	136	117	151	116	178	
172	154	114	179	186	184	193	165	159	182	127	153	136	131	148	122	102	180	125	124	122	140	167	184	142	185	195	161	109	121	108	116	104	181	117	173	136	192	190	145	
112	161	137	128	139	162	143	168	131	117	173	126	123	165	192	161	198	138	165	184	109	158	170	160	138	112	131	154	148	167	184	169	172	145	197	164	185	171	160	184	
172	120	178	112	111	144	157	180	120	174	134	178	138	163	144	151	132	100	153	191	125	136	101	116	125	166	188	125	194	145	148	180	171	125	185	124	154	122	110	109	
141	121	186	170	172	108	183	137	125	159	106	127	128	125	151	152	146	132	176	177	118	120	123	113	115	139	193	141	165	119	127	156	123	135	191	152	130	111	171	122	
133	106	150	195	153	110	156	127	103	183	141	162	152	161	109	194	176	112	135	132	128	138	176	136	167	180	120	168	181	183	172	178	192	190	150	137	187	196	174	141	
144	167	106	199	133	116	110	121	198	195	178	108	191	112	181	151	158	132	182	147	113	102	106	160	106	105	170	127	139	130	186	116	193	112	115	148	192	180	138	176	
118	132	119	117	161	196	177	103	159	147	111	184	161	156	156	141	144	165	112	168	168	133	140	190	122	102	157	186	146	162	104	192	146	151	145	155	171	147	154	172	
114	197	171	191	138	162	192	121	192	112	110	181	112	125	100	165	160	133	135	156	111	173	130	137	104	144	172	191	125	196	114	192	127	194	116	133	151	108	116	184	
168	164	144	121	144	121	154	115	174	105	149	170	134	166	110	174	139	119	189	172	166	172	142	161	154	106	117	173	110	169	158	173	159	111	113	188	187	109	186	124	
156	178	148	197	160	100	102	132	143	168	187	194	107	154	115	136	180	122	183	131	197	145	120	157	101	171	137	158	163	163	136	166	122	141	160	196	113	196	168	148	
152	103	107	113	191	179	155	185	151	164	124	175	112	130	163	172	131	142	121	116	189	128	135	159	112	132	143	179	152	122	185	183	135	188	143	198	139	178	123	176	
149	145	184	142	176	185	156	142	151	154	176	105	168	186	149	184	102	128	164	186	118	185	125	148	174	171	142	180	127	124	175	140	157	165	122	187	181	120	125	138	
151	134	171	177	110	113	108	105	181	177	140	118	175	169	184	157	151	129	110	115	182	101	131	107	179	113	122	102	123	107	195	170	177	109	193	164	116	196	121	162	
179	196	161	149	158	163	186	100	137	180	171	172	134	128	178	115	159	155	144	128	133	149	137	196	199	173	174	151	197	152	177	174	158	179	134	102	168	119	199	167	
160	121	193	182	168	173	134	149	130	124	149	136	132	107	129	129	192	185	191	153	123	104	110	158	105	163	100	122	165	148	159	122	140	108	141	177	135	113	178	160	
178	109	173	182	175	112	138	120	108	104	171	170	191	165	177	198	144	197	170	191	164	150	161	115	177	122	163	185	117	128	105	137	189	168	183	102	143	129	132	167	
168	188	127	183	112	119	182	146	103	167	181	144	170	186	171	136	115	121	114	111	103	189	161	137	102	123	103	133	160	178	178	112	122	124	150	167	151	156	121	162	
187	199	148	153	135	188	131	122	163	150	182	122	156	197	172	110	149	112	158	146	141	190	153	116	108	188	168	118	172	183	165	149	154	183	147	131	134	179	103	193	
184	118	183	178	161	155	163	116	102	169	159	133	160	177	134	171	129	168	130	180	198	106	176	160	126	197	123	189	120	132	101	153	102	123	146	160	154	144	198	165	
149	120	170	106	154	136	111	128	189	196	143	194	194	197	152	111	170	107	115	131	101	198	166	110	125	123	103	191	114	167	177	183	147	107	176	174	114	110	145	133	
144	112	192	135	172	149	103	166	166	143	104	193	144	186	174	111	121	180	149	111	174	117	108	139	126	121	149	104	122	197	168	164	194	144	164	143	151	142	167	116	
178	168	145	160	150	175	125	113	126	116	124	144	114	113	151	125	140	165	199	113	158	106	196	130	132	192	191	171	156	107	102	102	131	125	106	147	154	154	143	196	
101	181	193	119	129	148	134	181	124	189	120	175	128	163	137	115	140	148	166	186	107	108	106	168	191	124	144	142	114	110	144	115	173	137	139	123	152	153	128	166	
118	180	196	172	114	160	195	146	196	188	168	192	103	119	132	198	168	196	134	118	187	192	196	120	114	110	182	168	111	133	159	197	179	197	166	167	197	116	189	160	
179	196	158	137	165	153	128	100	113	153	161	114	128	124	174	177	116	150	151	195	121	128	113	162	197	150	118	101	184	168	109	109	181	160	135	122	137	160	194	177	
186	102	168	170	167	133	160	187	159	156	153	131	115	161	100	165	150	126	161	117	144	131	133	161	106	197	172	166	166	112	110	174	171	177	112	194	157	143	148	145	
199	119	153	136	129	104	142	178	156	153	190	135	161	186	131	164	143	105	104	185	101	104	151	135	116	173	103	183	145	119	139	193	176	133	146	106	150	106	172	148	
177	179	142	167	146	184	145	153	134	193	143	131	158	113	171	116	114	178	156	164	169	137	122	113	139	101	105	114	171	183	170	148	164	172	160	146	116	190	140	137	
129	177	154	185	140	103	196	168	199	184	172	149	182	144	139	122	167	135	108	155	192	146	196	130	145	175	136	158	174	127	180	108	119	130	196	118	104	180	160	137	
109	191	189	110	147	108	199	164	136	191	142	181	184	111	170	129	177	130	195	174	166	164	141	198	156	114	137	103	118	127	113	109	199	123	167	112	110	154	114	175	
118	188	192	144	156	123	184	111	110	144	100	183	182	168	127	151	128	142	134	146	149	166	132	193	165	196	157	174	132	174	152	170	177	188	193	125	135	102	186	138	
142	157	116	191	142	132	146	138	132	127	166	161	174	181	194	136	175	114	167	181	184	187	184	142	150	178	138	119	186	187	127	159	132	126	126	101	168	128	178	148	
118	163	110	127	192	121	133	188	162	145	158	127	111	126	172	103	115	178	189	103	105	135	173	130	176	149	122	169	185	123	194	113	156	160	101	137	176	114	142	187	
124	125	101	110	125	178	147	153	170	168	137	171	152	137	102	142	134	159	145	108	184	189	180	152	140	168	192	106	174	175	145	102	135	166	132	150	177	128	112	107	
162	164	171	101	106	102	111	161	190	188	190	172	135	119	110	135	108	157	102	154	190	148	109	144	166	164	148	125	144	175	164	175	199	166	198	128	108	174	193	197	
169	100	118	136	175	177	121	164	148	109	199	137	131	110	184	179	197	128	109	169	154	108	160	199	125	174	175	101	125	127	126	187	193	195	132	189	104	110	190	152	
130	190	192	184	114	177	121	121	124	152	121	181	162	187	166	188	196	112	129	106	163	184	159	131	188	182	164	153	125	195	155	143	115	151	196	102	106	168	187	115	
188	109	151	117	181	135	111	141	137	121	104	122	179	191	132	160	189	179	119	147	187	111	145	172	188	199	100	191	120	168	195	165	179	199	144	170	111	152	151	112	
155	163	185	126	120	112	141	131	184	167	124	167	145	167	160	109	176	112	115	115	180	160	130	179	111	195	130	199	107	131	158	135	117	135	151	147	188	112	113	192	
109	146	108	141	164	178	152	192	134	153	133	123	162	185	190	180	175	159	104	192	166	180	112	107	105	113	119	174	180	167	106	179	193	121	114	170	112	197	196	126	
169	137	111	106	149	142	184	177	130	112	159	121	144	118	104	116	166	142	140	150	139	172	163	132	190	190	146	149	189	127	130	118	134	162	196	132	149	112	140	150	
191	171	170	195	136	177	168	165	193	152	158	112	190	115	163	138	162	143	157	163	190	101	137	110	198	111	161	114	188	102	158	147	171	162	126	189	199	114	163	124	
164	180	170	143	145	157	120	154	168	174	171	198	108	102	120	116	158	104	101	127	124	197	138	140	139	191	106	179	121	177	168	195	101	115	131	107	119	174	104	148	
172	173	178	164	170	135	145	113	104	197	104	187	110	157	144	100	184	124	106	106	149	101	100	115	135	199	182	184	185	145	192	164	134	186	136	157	173	132	170	149	
186	178	143	134	157	169	147	136	197	167	111	145	164	143	140	191	197	101	162	106	151	123	132	125	170	139	145	127	133	140	136	143	195	187	157	145	134	165	165	184	
186	162	176	192	194	146	166	105	170	198	187	190	133	199	124	149	117	150	148	112	145	167	199	113	123	100	195	119	109	134	152	176	135	135	178	175	194	155	167	183	
195	168	182	111	178	114	176	194	141	137	193	107	114	110	175	173	155	109	128	168	189	100	110	155	188	161	100	167	161	193	151	178	165	157	154	178	170	111	132	173	
152	119	153	104	184	157	120	188	129	118	116	121	147	182	149	171	173	171	138	175	106	157	126	190	113	159	192	162	107	127	104	157	101	163	151	112	186	159	174	185	
139	159	112	129	151	140	102	118	111	195	165	191	175	162	199	131	125	196	151	102	151	178	151	148	136	143	104	118	105	128	105	110	151	152	107	148	124	155	113	148	
136	120	196	164	117	109	128	136	115	131	151	189	186	138	199	108	138	110	122	198	145	110	148	157	107	125	178	102	163	119	154	111	198	106	144	173	199	162	144	110	
122	179	125	160	182	114	102	198	177	144	124	145	118	126	149	143	194	126	152	192	180	123	133	161	188	112	120	186	131	116	130	185	102	106	169	177	144	156	110	114	
191	124	148	185	131	190	102	140	153	147	137	173	110	176	122	135	198	180	105	127	174	167	184	149	168	103	109	167	155	156	161	163	174	168	198	104	100	110	157	120	
114	132	142	193	194	137	137	145	193	121	129	193	168	196	108	137	162	117	107	143	133	115	196	106	108	187	166	134	174	189	104	150	151	118	115	124	112	147	173	115	
107	111	195	119	132	107	103	159	114	122	127	135	123	109	191	184	144	169	109	173	105	132	176	147	118	139	102	183	107	169	152	109	150	110	160	173	146	187	137	125	
151	153	108	113	185	189	154	154	114	134	191	135	101	139	145	187	169	116	129	125	112	136	172	186	169	106	190	148	108	164	170	151	189	166	134	164	186	104	149	183	
171	198	110	131	121	109	171	122	143	174	136	179	102	100	119	115	120	155	149	199	148	148	194	187	164	105	118	193	195	161	188	118	181	169	145	166	106	190	102	199	
188	183	194	127	155	128	179	196	199	105	192	106	143	144	181	155	164	138	179	107	100	140	186	174	158	155	181	127	144	115	170	152	109	172	119	191	101	128	113	196	
126	180	103	145	176	130	111	105	185	100	137	110	100	199	105	136	113	156	176	146	122	163	103	119	136	178	176	142	108	189	145	161	105	180	143	141	108	190	188	107	
136	157	189	178	192	111	136	168	110	156	170	139	117	187	164	105	139	119	180	149	169	130	187	113	169	189	115	157	131	107	199	137	140	128	175	148	127	115	130	121	
165	155	157	170	177	167	123	161	141	189	124	111	140	149	199	193	197	179	167	141	180	178	158	153	157	133	101	191	146	121	132	152	150	161	184	112	181	142	190	105	
138	130	163	132	141	159	173	137	144	138	112	141	152	123	135	177	167	136	170	191	157	161	151	126	186	155	124	152	186	157	135	127	178	148	189	104	139	178	116	132	
120	139	158	178	103	120	135	154	182	126	163	156	132	132	121	133	127	119	155	159	127	147	192	104	129	122	139	168	195	166	142	135	133	188	187	107	173	196	155	176	
150	189	170	159	142	113	167	141	111	158	109	111	181	176	166	132	107	179	192	163	164	154	169	146	189	158	130	108	129	125	177	171	148	110	194	179	168	157	165	176	
125	160	157	110	188	122	185	102	161	109	180	197	147	167	135	193	102	149	184	138	187	191	166	170	162	185	176	184	145	192	127	156	197	106	195	108	136	110	121	139	
150	187	116	178	172	152	142	144	110	190	139	196	109	171	134	138	174	146	167	135	186	145	116	182	171	122	136	139	112	142	194	196	174	152	168	191	122	162	199	110	
155	115	194	110	117	101	164	123	167	197	156	135	139	120	126	178	172	137	179	101	161	186	132	150	129	126	139	159	115	188	187	141	172	137	170	137	199	196	106	177	
125	175	146	148	163	174	112	163	182	124	112	193	162	198	186	120	123	188	173	134	108	159	144	143	121	129	174	175	164	188	123	140	192	162	101	142	112	123	129	159	
199	137	152	152	104	104	194	169	192	114	162	181	176	138	162	100	158	117	115	102	196	154	114	199	193	119	178	190	159	138	106	116	154	158	130	144	187	127	190	128	
177	196	191	131	193	122	143	186	180	191	160	166	159	142	189	119	115	187	172	115	195	103	104	103	107	169	139	167	131	165	184	122	181	129	120	184	148	154	138	187	
161	189	193	101	104	119	118	184	117	140	116	181	170	148	193	192	166	140	142	140	139	110	154	155	163	195	164	148	116	179	179	192	115	197	115	153	172	158	186	154	
145	124	185	141	192	174	150	106	175	193	195	168	187	175	137	142	153	149	119	144	102	169	137	161	157	137	157	137	143	118	165	112	162	177	191	114	147	188	175	198	
163	178	179	182	113	168	133	117	190	103	117	163	114	183	114	122	123	131	172	126	144	156	196	108	192	153	115	124	189	155	172	196	188	133	130	166	167	104	182	118	
147	169	131	197	127	161	164	118	153	170	183	198	100	167	140	128	148	122	101	179	179	118	105	132	176	100	154	152	142	131	176	110	122	147	173	119	102	193	152	135	
136	173	190	115	179	180	136	184	132	122	131	108	148	135	126	146	150	170	174	101	137	150	139	144	177	121	170	180	131	160	191	167	146	138	154	193	152	170	131	130	
106	183	103	170	129	130	170	161	174	194	115	112	165	173	143	130	175	147	106	100	145	124	103	126	113	164	194	158	140	162	161	132	129	111	157	189	142	180	167	135	
113	126	127	197	138	191	184	158	116	110	134	139	153	181	141	178	132	158	175	108	106	184	157	119	141	192	196	174	186	132	123	133	173	113	125	108	199	141	105	193	
156	108	133	166	115	198	105	129	187	138	196	146	119	183	161	191	142	100	184	176	138	135	180	142	108	183	154	170	185	114	124	107	175	114	123	140	190	140	162	193	
138	147	130	125	139	147	107	116	156	134	174	159	193	137	136	137	100	184	185	102	176	171	103	132	101	120	145	197	135	162	158	191	117	169	100	111	170	157	101	170	
180	150	165	159	193	157	188	181	159	152	155	164	187	143	135	107	199	194	110	153	189	185	184	102	121	172	122	154	107	113	145	172	137	131	181	141	116	163	148	171	
188	146	139	141	191	147	160	193	136	185	167	113	110	116	195	141	128	176	116	197	135	126	140	115	110	199	191	156	114	128	172	119	135	156	193	184	180	194	158	194	
179	171	175	188	144	172	105	127	116	117	160	169	117	104	126	183	109	157	102	136	185	148	112	197	157	133	170	161	165	185	117	114	122	185	119	175	151	160	120	141	
136	139	183	125	154	169	131	123	101	177	123	157	138	178	192	128	192	133	125	149	167	128	169	152	129	156	102	148	108	121	189	167	152	158	119	121	114	122	175	153	
147	135	129	116	152	183	147	125	182	184	139	142	174	121	122	134	114	134	148	149	123	155	104	132	144	182	151	141	188	121	190	119	161	163	181	192	153	114	139	140	
142	134	163	106	173	131	144	146	102	101	186	101	124	129	169	166	193	143	152	150	125	178	119	142	141	173	142	174	114	144	126	193	112	152	153	133	125	164	190	145	
166	179	123	173	158	123	164	163	113	169	133	151	185	104	152	158	145	129	156	104	159	120	134	124	124	108	134	109	117	140	102	158	169	110	163	108	114	138	177	176	
114	100	175	120	168	128	103	110	151	103	132	160	127	147	101	180	198	131	165	128	166	169	174	195	171	116	179	198	163	198	124	153	183	160	120	146	121	170	170	172	
126	179	177	137	127	164	144	158	107	125	163	161	192	108	108	114	192	167	143	151	119	178	161	101	172	145	107	103	168	124	195	130	150	181	123	124	162	116	152	150	
149	158	139	173	195	103	138	100	148	117	141	176	111	107	111	150	101	124	102	161	159	109	199	145	124	161	191	184	161	170	171	180	122	130	153	158	154	186	177	141	
176	112	100	108	130	160	192	142	162	167	177	196	152	127	118	116	178	151	169	169	100	111	102	103	129	154	162	110	130	104	105	120	138	183	105	127	186	126	154	173	
132	127	148	130	111	174	116	189	150	135	168	103	147	151	124	197	198	104	197	160	134	178	106	106	188	101	138	149	196	196	123	109	102	145	140	129	138	135	145	154	
131	125	180	130	153	161	183	144	181	193	183	109	156	123	164	103	133	136	171	163	131	103	105	141	159	175	173	164	167	106	137	192	165	110	137	195	194	105	198	196	
115	126	135	168	101	148	107	163	109	159	118	132	128	166	145	188	177	118	165	100	194	118	192	159	188	116	172	193	140	120	188	147	114	141	106	149	108	188	142	190	
192	146	146	164	131	138	199	183	168	115	178	136	177	131	145	122	196	180	133	137	197	126	175	139	168	168	138	160	195	140	111	115	139	152	184	128	140	110	191	186	
138	188	112	116	162	175	138	131	170	191	106	150	186	186	197	154	192	173	150	106	103	195	177	172	140	103	122	135	186	119	117	152	168	111	190	172	169	167	153	144	
172	191	150	132	154	169	156	102	150	138	195	142	119	170	175	179	125	182	164	185	117	168	112	174	175	150	152	197	135	133	160	134	148	189	158	147	114	174	158	123	
102	101	120	124	196	189	162	125	169	169	196	110	159	186	162	169	162	167	191	177	196	145	193	100	109	106	160	127	110	190	108	127	176	188	158	121	198	115	162	121	
144	180	185	191	138	109	194	146	145	172	182	199	168	146	161	176	115	100	192	109	121	104	194	192	109	177	191	175	184	172	164	196	150	119	164	175	131	196	143	132	
184	183	118	104	182	137	156	160	178	145	153	184	148	189	112	103	103	186	170	121	192	181	126	111	151	166	183	102	169	183	123	198	163	155	146	186	119	161	134	169	
131	143	143	173	159	108	198	152	108	122	100	100	139	122	124	112	167	173	170	153	125	151	188	111	190	147	178	128	195	107	163	167	116	120	114	123	153	174	187	187	
183	152	132	182	132	122	108	167	131	120	156	187	159	180	127	152	110	133	139	178	133	131	171	137	171	174	128	126	115	194	133	143	156	166	163	145	133	114	153	186	
162	111	129	156	134	193	196	129	193	116	169	164	110	115	170	113	159	151	106	162	185	121	115	109	188	159	148	104	106	173	111	147	184	178	142	172	107	111	163	121	
145	111	110	155	121	122	139	185	180	158	102	163	178	123	136	101	129	154	131	184	105	119	169	151	169	181	102	136	169	161	116	122	101	136	164	162	175	182	172	118	
186	182	111	142	163	118	181	175	161	181	173	167	128	102	157	162	145	173	197	119	186	184	123	106	193	146	123	126	108	199	131	144	113	129	138	162	196	193	147	114	
106	167	145	172	147	155	101	103	153	192	136	165	116	107	196	150	134	197	170	198	132	178	177	170	182	166	134	148	160	158	136	184	158	176	183	155	140	173	138	132	
199	191	102	142	183	115	114	173	134	197	197	105	190	151	107	113	159	193	111	110	112	102	137	115	136	136	160	197	117	157	117	195	125	182	124	163	149	127	119	133	
103	182	172	186	107	117	143	189	194	109	182	194	124	144	154	116	112	115	100	101	102	154	112	101	122	110	161	159	100	128	181	192	100	188	141	110	102	101	114	134	
150	172	199	199	151	156	119	106	147	145	118	155	129	198	140	158	138	157	114	107	172	105	125	139	137	139	129	103	172	110	168	188	175	133	136	126	186	115	168	127	
167	130	174	179	136	173	112	149	113	120	137	137	166	143	156	130	154	135	162	160	165	164	121	102	117	176	147	134	128	101	144	169	146	174	112	130	195	184	158	179	
187	172	141	175	162	118	192	137	139	108	195	186	152	185	156	105	121	137	152	135	107	129	161	197	163	125	197	127	127	150	129	129	181	131	124	112	116	197	118	163	
116	178	185	151	114	182	147	157	173	168	198	197	112	152	189	171	138	131	125	198	156	168	169	144	125	191	118	129	119	100	166	165	194	173	171	157	103	174	133	150	
179	133	165	133	122	109	118	162	183	144	167	120	146	114	185	163	185	130	107	121	176	108	104	151	156	193	182	127	123	198	121	192	142	160	122	138	103	113	130	196	
170	160	119	120	132	199	103	128	196	106	140	148	194	181	168	117	189	158	120	110	153	101	136	106	166	153	104	136	148	195	146	195	128	159	153	114	175	172	149	157	
198	157	104	134	162	174	109	126	191	188	112	137	117	121	151	101	167	120	172	159	180	172	147	184	111	146	146	178	178	164	156	176	119	161	152	176	116	171	153	172	
110	156	188	112	157	194	108	153	102	185	137	176	161	176	103	138	185	119	198	141	107	195	140	161	176	189	167	117	104	162	110	181	168	192	180	119	107	125	188	166	
169	176	195	126	152	150	135	179	129	111	176	198	172	171	125	122	151	104	174	125	141	124	142	154	126	101	192	115	159	101	155	143	154	113	151	149	180	166	186	125	
171	150	112	177	193	125	107	113	150	188	136	188	112	124	191	190	177	184	153	186	139	191	189	185	120	145	160	142	119	169	174	145	139	137	167	155	139	164	178	131	
140	180	145	107	156	199	158	103	164	119	123	127	173	179	122	196	135	194	167	152	114	107	142	199	130	190	144	123	170	117	106	184	161	163	158	109	114	172	151	175	
155	199	140	155	153	184	145	128	187	177	195	171	164	171	117	143	106	131	175	117	105	175	107	104	165	155	122	114	198	144	178	147	126	133	194	196	169	174	172	113	
188	194	104	115	170	165	133	132	105	162	157	137	186	180	116	182	133	147	134	115	167	114	199	195	141	139	141	125	103	107	166	150	126	106	187	181	128	122	140	163	
130	132	153	136	114	116	119	140	171	147	105	115	191	188	198	150	121	175	132	118	175	148	138	180	154	159	171	104	133	166	164	136	105	126	160	193	192	148	134	180	
133	175	155	174	159	102	187	146	184	191	187	144	187	159	197	155	103	103	193	112	134	152	147	191	106	155	125	108	142	111	130	114	122	111	109	164	186	197	154	113	
124	125	155	138	100	132	180	159	169	128	100	134	147	173	118	115	105	190	125	137	105	138	168	140	166	139	170	146	146	197	122	112	132	175	179	176	197	126	169	199	
104	119	124	189	132	180	101	150	147	153	166	193	144	157	166	120	121	103	107	131	119	141	117	190	180	155	116	182	152	162	105	128	176	121	106	193	160	126	180	130	
190	178	135	127	116	107	105	123	111	151	155	175	175	133	141	149	168	187	197	129	186	103	188	174	141	164	121	146	147	174	155	144	164	103	157	100	197	132	133	173	
133	143	135	123	188	126	147	123	177	129	179	136	187	182	154	141	188	174	162	129	191	165	185	135	120	119	175	110	178	165	125	190	193	155	193	166	106	176	187	117	
173	120	108	147	170	155	162	133	192	114	168	133	110	119	196	145	114	145	134	175	164	190	151	170	129	139	104	196	171	138	146	175	138	180	127	155	148	140	146	141	
124	163	123	102	144	186	155	124	111	135	168	126	199	182	114	176	196	175	185	193	157	145	106	176	187	124	169	167	132	168	177	106	158	163	144	113	163	137	117	133	
105	184	112	176	174	130	193	177	142	139	186	102	132	196	143	142	164	130	112	111	199	117	190	144	150	108	178	153	157	138	143	188	118	116	119	180	190	161	126	165	
151	159	195	174	190	195	159	199	185	161	184	131	105	143	135	143	158	168	106	190	126	133	182	172	168	151	124	122	143	168	147	155	128	132	199	121	181	168	185	116	
198	197	148	128	190	199	110	178	131	118	199	112	183	155	184	130	197	124	192	114	196	118	182	157	135	188	182	183	145	185	185	192	184	138	100	129	137	173	104	107	
146	178	174	132	188	144	114	130	192	141	106	145	146	144	129	133	194	112	113	141	179	106	126	165	197	140	169	166	191	184	113	152	166	180	166	109	169	131	164	156	
157	193	126	193	117	193	113	152	124	156	131	106	195	160	190	133	183	187	190	176	107	193	193	194	123	179	183	167	125	105	194	120	169	148	113	125	108	106	118	102	
145	165	164	155	185	190	155	129	173	187	107	113	114	123	160	152	149	113	146	106	157	177	195	109	146	162	138	166	152	187	132	142	173	145	101	186	108	157	186	169	
187	124	157	127	168	142	122	152	192	125	198	199	125	123	169	197	198	163	190	154	193	103	194	153	180	150	142	173	141	180	115	113	185	110	187	158	165	156	107	144	
125	155	143	117	140	109	119	190	136	147	108	120	110	114	194	187	147	186	193	144	168	160	106	128	188	149	158	144	136	154	115	169	142	199	182	165	143	180	128	180	
112	154	152	148	180	177	107	124	117	114	116	145	140	133	195	119	102	169	157	103	117	135	129	107	197	125	147	137	101	199	194	161	174	157	159	115	174	108	100	156	
165	159	155	150	122	134	118	134	153	138	185	171	146	124	199	177	133	161	144	167	139	115	139	119	154	178	184	196	126	194	127	190	105	108	105	190	133	184	127	113	
180	172	117	110	165	168	115	136	142	183	155	170	169	179	132	196	153	122	128	171	130	199	130	196	116	176	130	125	174	154	114	159	135	111	197	182	182	177	178	108	
188	143	184	131	163	105	145	189	181	181	198	188	114	168	138	184	191	109	179	100	117	196	102	174	194	192	134	190	119	183	153	121	139	129	110	145	100	161	110	113	
180	155	154	120	163	141	119	198	176	105	159	186	106	199	193	152	133	101	191	182	110	119	106	123	168	173	105	196	109	132	171	143	161	153	145	186	133	145	181	124	
193	170	151	199	136	107	153	194	145	147	132	123	116	188	142	113	121	184	186	156	161	177	172	134	168	101	130	118	120	165	128	132	148	187	122	115	196	183	183	115	
181	146	154	180	164	171	173	197	140	192	192	193	133	133	157	167	105	184	118	189	167	172	156	155	187	175	108	111	177	100	132	197	152	199	137	125	159	164	122	137	
124	158	152	164	169	116	138	162	193	155	124	125	111	143	125	145	153	176	126	138	108	157	158	118	180	140	107	110	168	106	119	165	117	194	153	124	189	197	186	170	
142	104	181	112	195	197	143	154	183	153	123	196	149	135	170	171	105	199	195	192	193	198	195	175	160	157	183	162	116	193	151	149	102	160	152	198	156	151	193	165	
191	130	136	166	151	114	156	184	113	194	190	186	196	195	189	197	107	137	107	157	106	127	183	157	120	164	181	149	198	109	129	135	107	103	116	103	107	145	136	152	
169	119	142	188	169	197	179	152	100	139	156	145	177	107	135	159	144	194	164	131	116	161	189	132	117	180	119	147	133	124	149	193	154	156	166	147	166	121	115	108	
173	148	115	130	155	171	132	190	110	192	123	112	188	126	159	140	111	144	178	174	104	180	121	141	111	123	139	118	109	111	170	165	160	130	179	100	161	188	112	112	
102	181	151	186	111	190	121	119	172	197	160	133	190	156	179	137	103	106	196	177	178	118	160	154	168	147	140	176	114	161	188	107	129	116	102	155	188	101	184	168	
136	122	130	167	100	193	118	152	141	171	126	144	170	103	110	113	122	113	107	109	143	139	172	156	109	163	159	102	177	104	180	192	131	139	183	160	125	195	187	196	
182	156	164	188	177	185	113	176	164	198	195	148	140	117	176	131	168	128	199	119	194	131	185	135	194	168	103	141	119	157	127	163	143	163	179	176	151	157	168	172	
184	116	157	116	184	136	131	108	149	185	169	151	153	193	143	161	164	133	175	137	110	136	104	122	125	107	117	112	127	163	162	116	152	149	136	117	116	111	127	122	
148	189	186	121	128	199	157	141	104	183	122	104	192	155	171	141	166	120	137	117	186	130	191	145	110	123	145	127	156	116	118	186	186	144	129	181	172	160	137	153	
104	152	105	150	103	174	124	191	112	125	184	102	187	174	166	144	157	104	182	178	155	143	150	180	169	169	102	104	108	153	142	135	151	129	183	176	155	103	119	106	
118	152	136	127	164	112	165	111	113	151	174	143	118	189	113	128	158	146	162	180	165	117	115	196	190	174	113	181	161	127	136	108	192	132	125	152	162	119	106	186	
171	195	142	121	165	182	197	146	130	126	184	119	199	116	145	123	147	135	134	157	193	149	174	142	175	121	162	194	196	124	183	151	161	122	148	165	171	105	196	157	
128	177	128	157	189	188	141	166	152	133	146	177	195	102	179	180	177	159	123	184	116	151	170	136	173	123	140	157	129	166	151	190	172	123	163	108	148	151	197	155	
159	166	186	107	174	165	186	181	104	122	109	174	123	159	128	118	102	166	185	139	114	102	178	109	146	188	157	130	191	145	182	195	182	199	137	157	159	184	178	162	
195	146	175	129	136	129	137	157	147	111	131	170	100	125	173	146	111	176	121	190	160	143	140	101	108	192	131	111	170	187	144	191	157	127	101	144	100	124	177	193	
143	121	103	111	176	126	119	188	125	199	127	129	117	132	135	199	149	166	101	199	118	183	193	188	101	129	100	187	167	188	192	113	187	110	108	169	145	198	122	112	
102	153	115	130	154	133	115	175	110	199	114	163	108	119	175	133	116	148	187	146	129	183	150	130	144	117	107	180	189	172	173	114	133	142	182	105	157	118	195	198	
189	193	103	171	123	152	119	149	175	176	147	198	113	106	126	100	167	190	122	104	177	129	163	162	118	190	112	154	123	182	129	172	152	174	183	165	125	154	169	129	
147	189	183	182	167	116	142	187	171	145	112	186	145	168	142	152	193	101	132	113	119	105	191	177	194	168	123	147	108	104	169	101	150	179	136	166	193	151	180	154	
187	166	135	105	116	114	116	179	162	123	122	131	163	128	107	180	115	141	138	140	192	150	182	185	186	102	133	138	185	183	198	135	169	157	191	185	199	150	146	136	
150	188	186	155	108	155	135	138	183	135	192	152	122	157	190	165	166	126	146	159	112	121	166	156	125	158	148	122	149	125	144	135	183	173	129	126	198	173	140	183	
118	120	142	144	138	181	112	188	115	104	140	188	157	120	165	134	149	177	127	157	147	170	102	116	143	136	147	171	120	115	139	123	160	174	147	123	159	173	123	111	
199	174	122	157	193	117	147	156	191	147	192	185	121	130	176	102	177	154	139	149	195	116	170	198	166	140	160	169	103	178	153	114	163	109	192	147	180	111	104	104	
165	170	193	170	167	133	114	170	101	115	157	159	194	129	186	195	167	157	124	162	135	131	152	129	128	181	187	125	129	167	120	168	153	111	177	165	156	138	168	157	
103	188	182	182	110	117	190	163	127	127	143	167	138	117	157	183	125	171	123	107	153	121	155	121	190	170	169	101	152	145	174	172	188	103	161	156	139	185	120	142	
162	101	154	127	158	139	176	197	134	161	134	186	136	108	125	163	188	108	147	166	185	139	195	162	170	125	142	164	133	156	183	188	196	135	136	130	136	130	117	103	
175	193	167	116	169	189	173	177	119	135	199	176	133	124	137	169	119	167	138	171	103	147	195	124	137	144	174	113	151	181	192	169	160	193	159	123	177	195	161	181	
164	176	179	112	145	191	146	150	186	151	180	175	146	109	175	171	146	162	191	199	148	113	149	198	158	143	180	179	107	186	127	149	165	192	138	173	196	113	199	185	
143	167	145	190	173	135	184	109	149	140	195	116	103	114	144	172	115	105	166	130	197	112	157	110	164	105	185	107	119	177	193	186	158	173	144	159	105	152	107	178	
128	106	147	112	143	123	148	125	137	133	135	166	161	186	161	119	188	168	182	175	122	120	182	169	171	103	158	191	134	177	158	146	186	188	198	188	197	176	123	166	
167	149	142	126	163	190	172	122	161	110	105	156	168	153	103	113	119	196	106	137	127	154	118	128	187	110	125	183	105	198	143	178	101	119	168	191	156	148	106	129	
115	173	140	162	174	165	196	175	140	199	196	173	177	162	175	117	132	164	163	173	102	161	194	167	127	157	131	187	188	160	139	117	199	159	126	189	148	151	128	199	
108	146	113	191	128	198	177	105	143	130	172	131	161	136	194	131	150	105	131	196	199	156	131	134	151	134	140	130	177	136	153	136	170	184	192	188	191	173	172	192	
162	180	101	144	170	111	124	187	108	110	182	146	180	191	190	192	149	148	100	164	106	143	162	156	118	160	133	159	199	155	160	113	176	118	189	184	156	148	152	167	
167	111	127	151	168	131	172	166	112	120	166	111	171	105	146	113	188	184	189	100	148	109	136	158	124	180	157	159	100	160	130	123	194	146	199	185	147	160	120	165	
172	141	145	120	187	117	187	156	105	199	196	147	122	183	194	161	133	171	100	138	150	193	138	190	125	102	192	159	192	147	100	173	169	141	153	170	155	128	195	153	
179	189	188	197	112	148	176	190	172	177	110	128	169	147	136	177	160	171	166	166	128	123	198	158	191	163	175	145	199	174	155	139	100	197	151	197	162	129	116	147	
146	163	152	173	178	169	132	144	195	185	100	192	166	170	195	103	107	154	142	133	138	118	196	104	123	169	109	119	157	145	104	162	160	177	110	190	161	192	193	175	
131	136	114	199	163	113	148	101	179	180	142	155	189	165	124	138	152	156	189	116	109	189	181	169	108	143	158	193	169	128	177	181	174	116	109	166	151	190	127	169	
189	140	104	190	196	126	140	158	171	110	179	147	102	160	195	198	100	190	194	100	175	179	110	199	170	160	180	146	105	125	129	188	116	106	179	102	138	173	104	167	
121	175	128	184	151	143	106	129	111	188	178	175	123	176	138	170	114	162	103	146	119	145	198	157	196	174	168	171	188	195	195	131	168	115	163	152	189	142	194	144	
146	127	153	144	144	109	155	147	158	165	151	166	162	195	158	162	190	168	118	110	165	180	167	128	130	106	105	145	188	148	111	177	155	161	179	121	163	126	130	129	
130	198	171	154	169	126	160	169	160	183	114	130	107	155	195	183	138	104	169	117	163	177	192	153	159	191	129	142	147	112	103	126	167	143	140	187	138	119	150	140	
128	121	167	112	191	157	122	120	148	173	191	148	175	186	167	136	159	110	146	141	190	115	162	116	151	129	101	148	162	161	135	107	176	197	129	110	164	161	198	186	
196	197	108	104	164	151	163	182	122	192	191	180	105	118	167	192	104	168	155	141	192	189	174	124	190	107	141	170	172	176	105	167	158	101	199	111	169	135	171	110	
196	187	122	130	147	185	182	189	101	112	149	103	153	122	188	133	129	123	138	131	156	161	144	101	147	195	133	104	131	166	160	101	193	117	122	111	134	145	118	122	
170	161	107	196	113	145	166	155	157	186	121	178	187	113	163	153	113	196	189	128	141	146	131	151	121	124	177	164	111	134	189	162	131	175	114	110	195	113	194	138	
107	122	169	146	183	160	102	174	130	164	115	181	176	180	186	116	173	119	167	196	157	151	198	122	116	159	149	173	100	195	157	190	109	164	162	163	197	181	133	178	
193	111	132	173	104	182	146	136	143	181	188	119	133	157	168	198	122	187	164	143	160	159	179	166	109	112	157	149	192	148	144	199	146	122	156	188	105	104	111	146	
145	116	185	173	179	191	156	182	192	152	108	154	110	132	112	191	182	166	121	152	154	118	155	170	121	107	161	128	146	181	129	107	174	199	138	135	195	174	126	133	
141	111	101	177	155	170	100	173	104	166	154	149	164	163	158	183	163	180	193	199	176	114	115	131	174	198	133	196	124	193	187	104	167	190	157	113	171	178	138	172	
119	121	193	164	185	146	108	114	150	179	148	156	130	114	115	122	165	112	101	152	175	161	137	103	173	159	107	177	177	152	128	112	135	153	190	167	186	135	163	182	
176	149	189	191	185	122	132	127	159	151	147	156	187	101	105	134	104	140	160	169	142	179	149	116	117	119	116	192	139	123	109	132	108	199	168	149	105	162	193	175	
197	134	129	163	189	134	162	185	142	106	126	197	102	199	144	169	167	136	107	126	163	166	191	140	198	175	158	153	106	105	168	194	114	153	135	105	153	116	186	155	
161	110	177	178	160	178	130	191	191	122	175	117	128	187	129	194	150	119	182	191	135	167	151	120	133	148	120	114	182	170	176	153	180	183	103	138	157	129	100	134	
116	107	109	118	159	155	180	105	176	109	128	148	100	117	123	117	140	107	136	111	113	104	135	159	134	140	183	156	124	127	104	197	142	145	141	127	107	177	106	179	
193	183	101	130	179	178	184	108	135	158	151	139	134	103	105	145	117	151	178	181	199	197	139	101	121	109	114	182	150	102	172	190	119	164	152	132	178	184	178	106	
192	113	154	134	164	139	152	162	145	150	198	111	119	190	109	106	154	136	148	147	192	101	193	146	132	111	198	103	102	172	161	151	136	112	105	181	124	179	125	191	
124	179	147	157	199	107	130	116	199	189	120	189	171	163	183	161	143	110	182	161	142	136	145	107	112	183	183	131	198	167	109	144	140	109	179	135	169	187	177	135	
190	187	145	128	161	147	145	129	148	192	109	184	171	128	106	121	147	126	116	148	177	180	182	105	183	147	141	118	150	108	164	106	186	100	199	192	150	122	190	136	
151	120	118	175	161	195	131	174	129	137	157	192	174	122	149	194	163	143	174	156	138	102	162	158	107	194	115	165	152	104	136	136	157	120	149	103	143	126	190	147	
138	136	105	124	145	140	110	138	199	188	156	123	128	118	114	195	173	123	124	192	193	124	161	177	184	131	143	126	198	156	165	197	122	147	160	119	193	131	100	118	
143	194	195	159	161	168	126	109	172	186	147	160	133	158	134	165	142	185	111	199	146	194	138	187	173	187	175	185	123	110	129	102	152	121	162	139	128	107	108	164	
173	151	195	110	173	123	168	182	106	106	162	194	158	171	175	159	128	142	197	199	183	186	136	122	120	157	141	163	118	103	193	111	118	105	125	152	129	195	133	121	
124	178	146	168	127	176	101	143	182	113	159	187	160	186	140	189	173	117	153	103	139	137	109	147	129	138	143	124	101	137	150	146	132	133	154	136	137	148	100	136	
151	193	136	143	151	135	163	137	113	143	197	167	195	105	116	112	125	125	124	161	164	158	146	169	115	151	180	102	167	112	184	121	195	164	189	167	100	105	143	168	
182	114	177	136	161	126	166	197	154	146	169	128	143	121	191	121	147	104	132	182	198	159	197	169	178	187	145	197	102	134	117	122	132	110	186	153	169	173	107	136	
196	197	133	100	166	186	132	176	118	100	130	197	110	134	187	111	152	195	124	191	126	101	158	193	189	147	175	199	165	109	171	131	120	178	189	133	104	155	173	168	
151	147	183	102	138	169	114	156	122	134	159	105	155	100	116	175	106	198	189	156	107	179	118	191	172	189	119	139	182	197	153	173	114	101	147	129	187	159	169	124	
174	122	193	145	158	119	172	162	144	145	127	166	116	178	131	104	162	150	134	103	183	183	113	173	151	126	137	183	104	152	134	187	162	177	150	181	195	187	185	156	
185	121	174	188	123	107	156	101	129	169	123	192	113	190	166	138	174	174	149	131	178	165	159	152	181	141	199	152	134	104	129	149	179	182	161	167	169	121	107	127	
109	146	181	182	125	125	146	189	188	141	144	165	125	170	166	116	107	112	164	106	106	137	139	167	133	148	188	138	102	101	141	135	126	161	161	153	146	110	174	182	
123	131	137	141	117	166	137	171	136	160	127	128	188	131	110	156	124	151	180	125	173	182	198	190	100	166	174	106	150	145	194	173	157	165	160	148	197	154	113	169	
117	175	167	137	151	105	172	161	102	156	112	124	183	137	139	167	164	153	132	112	114	179	182	197	185	125	166	161	122	157	134	133	104	183	189	193	140	172	191	198	
120	197	100	132	180	182	118	129	141	110	172	111	137	147	166	144	191	160	158	104	199	148	196	141	187	143	155	160	143	195	169	143	111	183	133	159	151	136	196	119	
110	129	197	116	164	134	126	176	159	119	177	126	122	110	135	147	109	170	148	135	164	111	148	135	126	103	151	156	173	195	148	178	101	143	160	102	119	152	105	110	
178	144	186	158	156	120	191	132	194	190	177	129	178	163	129	195	137	127	120	188	150	164	148	166	194	154	116	105	134	128	149	133	154	108	189	192	168	149	195	183	
170	158	181	106	193	172	148	147	192	148	175	145	113	151	143	174	191	103	161	153	148	119	161	139	157	132	191	164	124	194	181	110	106	118	117	151	143	173	145	167	
175	199	169	118	155	127	128	135	197	179	148	159	141	192	164	194	130	118	119	175	189	126	123	139	188	182	148	115	170	111	116	127	143	138	168	115	184	136	153	174	
185	160	176	150	159	115	163	119	113	172	118	128	122	122	111	135	158	138	103	198	175	129	145	118	146	155	156	133	103	184	156	196	130	155	118	146	144	174	146	153	
158	108	191	163	120	110	127	170	199	178	108	128	125	176	163	177	182	168	159	111	113	164	106	136	172	177	121	152	173	198	174	198	197	168	107	104	103	141	124	144	
131	165	194	110	189	104	104	132	186	135	156	113	141	123	167	137	187	156	189	155	153	166	125	124	143	126	121	140	130	143	162	124	194	121	130	159	191	176	174	143	
150	131	104	135	197	110	163	170	163	198	139	171	121	111	131	168	198	140	153	182	111	181	137	135	104	137	130	135	170	144	119	185	134	111	177	158	139	156	122	164	
104	173	198	156	157	112	158	134	104	101	172	111	135	159	113	149	190	165	178	191	175	153	109	171	199	165	155	133	135	155	112	175	151	147	167	115	128	138	125	142	
192	168	193	125	117	184	150	194	158	186	149	166	114	127	177	141	187	196	148	128	194	159	169	126	198	110	165	119	127	124	132	191	118	171	100	102	199	108	108	105	
130	102	183	172	134	185	115	119	176	179	183	140	100	137	109	179	151	128	164	172	122	188	118	198	170	129	142	113	109	193	155	103	157	166	136	141	104	192	119	137	
169	172	125	164	145	192	127	120	129	104	145	155	104	106	125	107	185	146	187	123	109	100	130	148	127	118	182	186	180	183	109	102	174	130	108	144	128	185	141	106	
192	153	120	191	114	111	143	138	193	165	189	171	105	199	107	184	124	118	194	118	177	167	133	103	111	133	160	132	134	176	117	144	133	197	163	136	132	147	125	147	
140	116	163	181	173	110	108	111	189	190	190	169	124	167	107	108	148	117	160	109	118	132	145	176	126	167	140	142	169	157	111	161	121	154	122	189	159	104	166	136	
192	111	149	144	165	132	178	133	190	122	180	126	141	177	127	192	153	126	147	186	174	121	129	157	140	139	164	168	157	194	145	112	139	155	124	193	155	189	184	129	
175	187	177	111	159	172	192	157	185	104	139	123	138	180	171	187	145	135	196	108	199	136	149	199	161	131	154	198	147	111	123	170	137	158	182	145	148	105	112	111	
138	132	180	165	111	154	125	159	165	170	179	152	103	165	198	169	114	192	155	163	172	181	133	158	159	158	139	190	191	171	187	186	180	182	147	184	107	110	191	160	
154	172	128	129	175	189	136	178	174	164	120	154	164	120	132	150	157	103	137	104	164	139	141	185	115	162	115	181	142	153	157	143	114	173	128	193	151	185	163	181	
157	164	193	177	124	160	145	181	111	145	151	155	161	120	130	145	131	132	128	119	157	134	102	152	128	193	150	123	104	176	199	171	152	137	140	184	139	180	128	169	
154	101	110	105	132	139	121	162	105	148	199	107	156	186	108	147	136	128	142	159	126	175	147	160	149	169	176	105	171	144	197	160	124	105	141	116	110	131	176	168	
132	182	176	167	187	148	153	188	194	178	169	110	149	126	133	171	134	134	102	142	121	189	116	107	123	170	185	160	186	141	105	163	164	106	157	165	153	197	123	110	
106	123	162	155	144	128	167	142	122	110	124	114	105	183	197	197	138	196	125	111	101	180	182	178	165	196	125	116	103	160	180	114	129	140	146	198	136	122	123	123	
197	175	125	109	190	113	155	104	113	187	161	187	167	157	165	186	183	180	101	117	196	118	117	180	129	179	148	179	112	179	151	195	108	127	158	120	125	156	160	138	
184	191	178	115	191	107	199	115	134	134	147	147	157	162	126	112	148	165	141	135	162	123	180	190	117	192	110	194	105	179	114	120	179	137	159	163	162	191	160	188	
103	154	186	178	106	137	179	157	141	114	139	121	164	164	166	155	142	185	126	147	139	166	175	118	123	119	168	192	124	145	180	175	108	176	195	190	123	119	144	144	
136	131	105	173	142	171	193	100	161	181	101	191	151	191	177	188	183	114	190	101	100	108	179	118	135	185	141	123	183	151	101	157	177	106	156	136	137	158	133	163	
172	130	191	151	124	175	193	133	114	143	117	126	175	192	105	134	179	103	193	170	195	157	197	124	157	168	154	192	181	197	146	129	186	119	149	122	156	101	107	135	
118	128	132	115	109	130	150	167	156	135	154	135	186	106	158	141	162	166	131	135	185	100	139	109	148	156	146	104	132	119	187	172	190	182	195	153	129	118	161	124	
179	137	176	172	153	126	126	155	158	106	194	153	151	141	126	117	192	129	107	174	111	105	185	176	171	146	122	127	136	183	144	179	198	182	120	135	120	128	111	199	
108	186	123	117	176	171	129	163	103	137	167	191	139	104	161	145	139	122	110	165	142	106	193	138	111	108	161	107	134	121	175	169	108	164	103	126	187	196	190	192	
194	118	174	143	173	179	107	109	188	136	167	108	134	106	166	130	172	120	112	144	196	128	115	157	158	138	189	139	174	184	135	192	160	119	197	166	128	119	127	161	
148	146	183	163	153	135	157	115	195	167	140	163	114	118	191	187	126	158	197	181	194	144	129	194	113	132	103	161	189	100	180	117	161	102	105	110	159	139	187	160	
187	155	197	158	143	166	195	138	121	194	112	182	126	136	145	152	149	121	145	183	100	197	136	121	178	183	154	189	159	111	100	134	177	122	144	143	108	165	171	187	
141	133	181	193	159	179	165	136	172	106	126	172	196	114	161	108	108	172	144	185	122	146	196	125	187	126	137	118	141	182	127	134	196	194	153	130	109	177	109	143	
183	103	174	121	142	148	144	160	177	159	195	157	107	154	191	121	138	137	158	146	129	194	187	190	101	179	139	146	139	119	191	149	152	100	186	121	158	131	117	187	
139	127	146	137	171	131	125	162	155	166	169	115	109	128	143	105	180	103	112	180	146	141	138	173	153	153	182	192	119	154	121	141	116	171	173	154	150	158	109	163	
141	180	102	113	169	193	154	105	105	197	159	180	150	194	150	108	161	122	188	106	190	118	194	152	118	161	136	167	116	186	113	157	124	161	196	136	112	136	186	171	
157	195	188	179	122	187	178	186	176	120	122	188	155	170	116	198	196	164	148	156	156	164	124	196	160	151	175	101	119	182	185	179	138	152	148	103	127	151	188	123	
178	189	108	101	129	111	153	168	142	180	173	197	179	136	113	140	102	184	136	147	174	111	132	124	134	136	170	114	133	143	130	103	164	118	197	117	193	144	112	114	
101	129	122	139	140	193	189	192	192	115	122	151	132	122	139	172	172	139	195	124	183	102	109	177	196	175	113	177	126	190	157	184	139	198	171	101	100	103	177	178	
160	180	177	163	114	175	186	121	168	101	186	135	126	141	162	170	100	109	109	175	126	148	119	198	126	153	141	179	151	179	151	168	132	146	134	173	128	116	133	148	
134	121	187	181	154	155	167	190	175	198	148	145	143	119	140	111	168	145	155	142	117	129	188	190	178	163	120	144	129	150	172	196	163	117	199	105	114	125	137	185	
185	159	186	155	117	122	190	116	159	142	125	149	181	196	132	198	193	182	100	109	158	175	135	103	133	132	113	112	175	150	175	134	178	145	188	115	165	138	114	129	
134	100	104	184	188	129	127	171	122	187	145	159	154	119	194	187	178	174	146	105	101	111	119	163	135	102	150	147	199	179	192	113	186	155	159	167	117	155	196	160	
115	146	188	130	107	113	192	185	145	128	109	100	199	152	196	130	142	175	138	155	139	136	172	198	181	123	127	155	141	163	165	182	198	119	140	142	179	122	155	185	
146	180	106	157	118	180	170	180	145	129	158	165	132	169	106	170	197	145	135	187	184	152	164	160	153	186	157	176	174	189	145	162	117	111	122	108	165	159	156	128	
130	134	166	171	143	111	102	122	164	107	192	127	189	187	123	196	158	183	176	143	121	159	160	162	158	137	100	154	126	195	164	128	127	164	117	184	119	166	168	178	
112	158	113	127	177	163	156	100	160	162	176	131	148	107	138	147	134	118	141	178	167	133	164	178	148	174	127	152	154	121	132	149	124	138	110	160	100	141	129	109	
192	151	177	152	179	102	192	166	111	150	156	165	120	187	181	135	195	191	189	132	145	156	189	144	164	167	104	169	161	184	180	195	168	154	108	183	121	104	154	154	
143	114	133	166	110	133	115	147	153	129	122	171	199	173	161	104	141	130	158	162	117	117	102	122	189	171	117	115	123	176	192	113	161	160	169	129	113	190	190	177	
111	150	123	153	166	197	182	134	153	141	144	168	144	176	195	149	172	139	147	184	124	166	102	149	193	149	147	166	109	107	170	103	100	188	199	198	139	186	129	109	
122	145	175	146	177	192	135	170	120	132	102	159	121	195	116	107	147	121	196	137	165	195	111	191	167	130	198	131	121	132	191	191	155	143	107	180	145	121	138	103	
145	171	182	123	178	187	177	119	184	185	183	183	158	107	185	166	131	184	181	187	157	175	134	154	192	161	167	119	152	100	159	124	115	108	160	112	162	173	135	168	
126	123	144	111	187	118	180	103	101	153	179	166	195	173	155	172	193	188	155	197	145	189	196	139	106	120	168	170	154	169	120	156	135	129	156	182	165	109	119	108	
138	175	101	105	155	121	158	129	146	169	171	168	173	103	100	106	175	113	136	102	154	172	122	165	114	189	131	102	104	131	128	115	191	141	126	139	112	141	167	131	
124	106	164	196	132	131	162	198	148	140	147	167	198	154	155	108	163	125	103	177	135	101	145	133	142	183	142	148	166	141	169	180	117	113	190	123	125	184	107	163	
175	154	114	117	173	198	172	117	142	167	154	146	172	155	187	166	161	113	126	100	167	126	146	125	195	132	119	195	117	199	144	117	187	133	155	149	155	141	125	127	
163	125	172	102	140	184	123	109	159	191	109	100	193	175	129	162	161	165	190	167	132	143	199	199	144	171	182	126	130	130	118	163	139	109	132	184	126	100	131	136	
192	137	140	155	140	153	137	143	139	195	104	192	161	189	133	159	114	134	122	120	188	102	151	142	172	149	190	140	176	168	132	161	169	147	138	157	182	188	159	115	
141	133	135	120	165	164	158	183	102	120	175	143	105	176	168	185	100	192	187	194	118	104	150	189	108	153	195	151	173	159	100	160	168	169	115	129	171	125	138	131	
114	103	142	180	163	173	145	191	174	121	146	107	146	163	184	183	159	199	196	184	126	131	126	100	142	170	187	135	125	135	108	101	160	121	182	150	180	184	161	194	
142	154	163	146	194	142	184	189	156	149	164	160	136	143	178	156	189	151	139	112	196	119	182	199	103	140	155	141	144	134	142	176	128	178	123	159	107	152	173	161	
101	123	116	199	188	107	184	195	180	146	151	142	167	152	131	195	135	130	194	126	105	179	118	187	105	157	150	198	196	129	166	188	121	101	135	158	181	113	180	154	
171	138	184	160	192	143	166	170	164	150	194	128	117	146	195	151	163	110	106	104	122	195	157	102	145	124	162	108	117	126	190	110	182	147	106	131	144	144	161	131	
170	107	148	183	148	135	167	150	180	147	106	128	125	167	176	155	183	134	103	129	106	161	113	141	193	173	184	181	158	106	190	181	114	123	191	107	136	135	171	162	
175	199	191	131	180	180	188	186	149	192	101	114	192	183	163	107	189	159	118	164	180	113	190	167	126	113	199	145	146	102	135	100	132	138	111	155	116	171	158	128	
197	178	177	113	109	143	131	146	124	195	157	112	163	106	125	158	108	189	141	132	145	163	127	112	191	196	117	190	177	159	128	121	153	141	190	124	174	191	128	132	
144	144	196	135	122	189	127	106	183	107	181	188	175	147	191	162	109	189	122	147	170	186	155	141	192	163	149	199	134	115	159	138	108	118	131	163	163	129	128	183	
135	162	141	177	137	145	183	121	148	165	105	115	156	124	187	119	142	121	120	148	159	128	197	124	176	161	195	167	191	135	136	120	196	160	163	148	171	145	155	170	
134	172	147	168	166	134	199	189	112	100	114	129	110	149	160	121	160	153	176	135	101	174	143	178	155	180	131	172	100	129	170	125	182	150	107	164	170	107	121	173	
140	142	176	110	119	159	145	159	121	150	132	128	118	131	169	189	182	186	184	142	181	122	178	190	192	135	125	159	105	172	124	180	188	137	117	129	105	194	128	160	
185	157	109	185	198	185	113	149	107	118	102	104	157	147	177	145	128	143	174	115	186	193	155	161	147	115	118	132	181	153	161	141	114	132	163	114	108	105	117	153	
193	176	130	148	110	193	125	137	150	118	178	166	151	105	124	174	173	182	106	194	154	156	187	102	139	132	157	172	185	142	183	183	128	192	115	177	133	167	180	175	
186	165	183	143	137	133	189	149	154	184	101	175	177	117	196	178	148	129	135	141	109	193	132	121	180	198	194	100	197	139	115	119	109	114	107	135	156	112	143	163	
114	179	152	172	134	197	111	171	129	111	170	195	159	121	136	128	182	118	182	100	124	125	102	173	150	166	174	128	195	194	106	120	117	162	134	188	169	198	103	127	
186	131	129	150	192	191	104	195	100	121	179	149	127	130	149	132	113	101	130	172	119	137	114	187	180	196	119	195	165	132	142	179	152	167	169	116	196	163	150	164	
108	185	162	147	133	149	180	122	138	192	106	171	187	194	107	145	190	131	140	129	159	154	186	162	153	188	192	127	110	140	195	161	185	183	138	171	195	163	167	185	
161	173	151	115	184	152	169	183	159	190	161	179	158	105	136	130	159	174	141	126	179	102	122	107	171	127	164	195	121	112	197	141	106	141	167	166	162	172	132	150	
163	196	121	192	139	108	188	193	109	158	154	178	139	162	101	138	142	129	147	158	143	171	192	164	102	161	162	111	189	117	152	129	190	111	128	128	198	164	158	112	
179	106	199	182	193	172	163	153	142	178	171	105	164	181	162	132	160	111	107	194	120	149	172	151	136	166	146	196	138	109	154	107	122	172	128	174	114	107	159	182	
195	172	165	110	184	133	125	127	176	177	154	172	172	104	154	119	162	149	124	119	112	161	104	129	156	154	158	162	170	196	123	107	166	128	176	168	169	147	187	115	
170	141	172	120	108	127	132	194	139	188	106	141	188	107	144	103	127	106	169	111	108	170	185	125	150	195	197	143	125	149	109	104	166	165	132	126	197	149	108	132	
110	155	199	114	126	197	117	114	149	162	124	167	105	170	170	107	163	191	111	124	181	160	127	184	176	171	110	111	171	175	148	180	101	190	163	123	193	135	177	171	
152	168	127	169	177	167	150	199	117	190	114	105	124	134	153	165	177	117	103	186	149	101	137	180	132	113	171	191	113	198	138	133	135	118	134	102	139	142	153	119	
136	190	171	137	103	119	187	132	131	113	187	167	176	198	179	118	121	152	178	166	128	126	158	199	175	154	146	148	120	174	151	144	156	185	197	109	118	123	109	185	
112	101	116	190	120	134	138	151	117	103	152	113	172	146	147	136	146	115	131	162	199	100	188	146	134	101	121	183	180	128	135	136	167	192	104	148	136	150	106	122	
157	170	194	107	129	191	110	165	110	152	148	108	146	171	108	116	169	104	130	126	122	177	132	148	176	101	183	195	133	182	142	189	192	125	147	140	149	116	179	170	
193	107	173	175	143	136	151	192	140	113	136	194	160	176	134	190	119	182	104	142	111	181	144	102	158	148	140	100	170	129	166	190	189	127	178	177	118	166	156	164	
118	179	176	147	173	169	135	130	177	178	183	178	110	132	183	102	163	195	140	132	140	184	111	111	169	160	185	120	180	162	193	145	164	144	141	182	178	169	141	180	
124	121	109	117	109	126	122	173	147	194	127	139	173	142	186	139	137	198	195	168	189	112	180	163	191	179	188	146	159	172	110	135	146	171	109	170	156	172	174	126	
142	105	134	121	199	197	131	163	166	176	198	148	149	199	107	121	191	127	168	156	111	169	195	185	110	140	140	101	101	165	160	127	173	181	141	131	110	145	161	102	
114	144	133	104	119	199	120	172	109	138	158	162	187	152	168	100	176	187	109	123	173	106	158	154	175	180	106	147	199	158	110	146	135	117	109	120	159	109	168	120	
112	111	181	162	186	158	101	177	168	182	196	131	159	154	129	124	159	123	155	139	194	166	160	125	167	167	101	164	139	157	179	137	152	122	109	199	178	103	138	143	
115	136	142	169	153	146	113	117	123	115	176	159	127	152	101	180	140	106	113	149	137	162	173	143	149	155	147	134	149	162	151	152	175	113	142	185	196	102	154	120	
183	154	196	181	105	186	119	107	153	118	134	146	190	165	162	169	139	185	122	130	175	152	120	170	170	141	153	176	164	137	156	159	129	113	171	115	169	124	175	150	
195	175	136	176	145	105	154	120	199	158	190	159	101	128	116	194	191	172	162	117	172	171	150	104	162	189	190	105	151	159	101	168	120	129	173	169	167	127	112	184	
151	145	140	105	159	163	169	180	182	143	157	112	137	173	154	119	167	144	140	117	166	179	101	114	170	196	183	127	116	186	198	117	141	194	196	149	157	124	153	199	
199	152	171	126	159	135	198	186	195	120	149	109	115	179	163	116	191	165	182	165	127	115	158	199	112	173	180	158	170	136	125	189	162	184	127	138	157	156	132	100	
190	111	186	184	145	171	111	134	129	146	101	160	129	109	134	169	108	150	178	128	139	198	118	148	127	175	146	188	176	108	154	168	128	199	191	186	105	120	193	179	
175	192	192	119	114	165	188	196	141	154	162	171	111	171	162	181	127	157	115	188	139	128	165	167	153	127	147	160	191	198	196	125	109	119	100	110	122	187	177	168	
163	139	163	140	159	194	106	108	177	142	114	171	131	124	154	152	122	126	150	129	171	136	198	114	184	143	116	121	192	193	121	149	171	182	141	158	139	196	146	148	
169	143	112	152	184	115	159	133	133	110	164	165	192	199	197	199	118	165	145	105	104	106	192	190	100	167	133	101	107	197	178	138	107	198	156	191	178	186	145	136	
188	190	126	140	175	126	122	159	161	167	106	137	136	172	106	100	117	158	170	162	146	156	161	158	163	136	139	169	188	176	119	150	126	133	184	119	155	130	186	136	
100	174	199	133	138	119	103	179	192	119	185	184	141	165	125	108	137	194	164	193	127	178	167	151	187	181	120	121	177	146	159	160	179	167	193	137	146	112	111	175	
168	115	141	155	123	117	153	184	114	122	183	135	118	123	164	163	195	153	149	134	165	139	174	164	146	144	191	182	166	127	197	116	170	152	194	199	101	196	136	137	
165	134	129	139	190	132	109	181	135	173	156	151	150	112	183	100	133	119	169	191	119	175	155	137	140	171	137	117	167	129	160	180	194	116	122	126	143	197	152	167	
193	124	175	103	177	166	165	155	105	190	184	136	132	149	199	123	192	157	105	156	136	101	175	129	137	110	124	107	113	172	115	123	131	192	182	102	178	185	102	159	
120	199	104	118	131	176	171	110	125	104	195	104	169	103	186	104	198	114	177	178	151	112	132	193	132	156	179	160	104	140	197	122	104	176	116	148	129	129	153	110	
150	170	122	158	130	132	117	136	193	114	161	159	177	155	165	123	136	136	137	146	188	139	161	113	164	163	152	162	130	111	158	166	186	113	186	109	150	107	176	163	
175	164	159	143	181	157	195	147	187	104	161	111	174	151	164	135	132	118	196	144	193	131	122	103	118	166	108	197	158	177	115	131	118	166	195	125	185	183	102	131	
121	172	165	135	198	144	112	166	104	107	193	163	151	156	125	129	127	166	191	198	118	161	190	145	148	143	110	126	182	169	194	112	131	100	169	159	107	133	127	112	
100	129	167	126	176	119	195	116	122	100	116	177	197	128	157	128	156	146	119	124	123	126	195	105	135	108	104	150	193	182	143	178	161	119	169	105	183	199	164	188	
105	155	114	157	128	101	163	162	170	189	110	181	169	151	177	161	171	172	106	156	138	152	133	196	134	143	183	165	109	181	159	152	178	157	118	174	191	145	198	193	
130	187	184	184	112	159	195	127	114	189	136	141	120	119	181	169	191	116	186	173	157	172	122	161	188	148	190	141	125	115	160	142	129	119	105	174	199	167	127	184	
160	189	117	162	167	170	127	123	172	102	189	109	120	133	132	195	175	190	141	193	139	136	155	145	141	183	168	146	119	106	159	148	173	189	189	110	140	146	147	128	
125	165	192	113	186	116	148	198	184	130	160	150	121	176	101	105	112	134	177	192	108	104	121	134	154	169	125	117	119	198	156	125	170	132	124	166	103	112	115	153	
193	184	186	196	154	114	159	115	169	124	128	148	161	103	187	124	101	173	120	172	128	123	168	130	107	153	196	123	130	169	186	114	168	127	160	104	159	146	193	132	
152	149	106	143	159	181	198	180	140	194	187	177	106	144	157	174	137	127	185	180	160	113	143	159	160	113	140	193	156	146	175	149	177	165	187	108	102	118	174	183	
126	122	189	154	170	150	177	182	151	134	174	134	164	125	103	117	145	177	121	147	168	195	137	145	157	184	165	183	109	123	139	161	187	186	159	163	168	141	134	158	
161	186	143	183	159	151	118	195	147	195	156	182	156	179	123	139	150	178	167	180	181	191	125	189	179	115	164	158	179	124	185	118	155	111	157	173	113	139	156	167	
110	171	184	143	115	166	177	182	130	119	102	192	126	119	160	128	186	159	172	109	108	115	123	154	109	121	192	168	197	128	176	119	102	113	158	173	139	171	130	179	
128	167	144	118	183	127	171	186	133	180	132	160	166	199	166	101	140	120	118	130	196	107	188	128	164	101	176	105	118	179	184	182	188	158	113	178	129	158	172	175	
130	164	131	105	107	192	135	124	146	184	185	189	170	119	106	158	107	143	185	113	160	193	133	198	158	184	163	101	139	156	166	183	199	109	113	194	188	161	149	107	
129	186	189	185	143	153	132	108	167	131	147	115	170	130	186	136	138	161	145	178	194	106	144	145	179	157	111	114	144	138	110	114	148	136	153	120	174	160	136	115	
152	109	166	114	112	125	188	177	160	113	112	125	126	112	131	175	190	126	105	105	189	112	173	157	111	127	105	100	151	177	120	127	122	113	114	183	198	151	169	110	
133	177	102	138	155	133	140	147	157	138	181	176	172	147	182	131	194	199	182	196	100	112	178	192	113	179	104	161	183	196	110	106	108	123	119	154	148	110	121	149	
182	171	178	186	120	126	168	161	105	188	115	128	135	128	123	134	102	195	188	188	148	187	135	156	121	152	170	128	186	150	159	179	111	184	173	171	119	194	148	155	
169	159	137	117	156	121	187	112	199	145	120	128	108	196	108	135	104	168	191	136	192	150	190	191	162	160	176	103	158	102	123	184	148	174	199	182	161	168	126	100	
162	193	187	110	164	192	124	112	117	148	190	167	132	173	190	122	161	153	182	183	140	159	111	154	112	138	177	183	188	116	136	172	106	152	158	144	160	191	141	195	
100	118	144	175	103	172	190	156	167	130	152	170	107	192	149	167	172	144	140	104	113	167	192	168	191	144	131	153	159	132	110	147	194	164	117	195	116	174	132	193	
152	111	113	144	192	154	185	116	104	118	103	174	118	138	144	138	181	146	150	190	106	171	190	134	198	188	124	180	109	136	119	196	145	175	150	198	182	144	111	165	
121	138	130	176	165	155	127	116	101	139	193	149	165	189	182	134	120	128	169	180	147	129	130	111	168	152	154	175	110	119	155	181	149	198	190	154	110	102	180	171	
170	173	159	141	192	122	179	104	132	190	141	102	165	146	127	176	179	177	145	183	144	138	181	138	166	140	163	105	150	178	148	123	143	149	105	150	182	101	175	164	
166	108	155	122	192	190	160	115	157	194	100	146	163	174	152	162	162	182	176	172	169	120	168	164	186	112	109	189	163	167	171	177	106	132	127	116	112	162	142	154	
118	155	111	137	100	163	138	170	183	118	161	107	131	131	142	170	186	104	147	160	145	195	175	192	133	168	146	173	116	106	141	123	138	132	192	155	195	136	145	145	
152	166	146	151	131	180	159	116	195	199	109	158	174	150	179	161	149	154	152	184	142	149	113	135	177	173	185	164	115	125	191	189	198	128	100	126	190	146	147	123	
198	175	114	164	150	191	115	136	128	152	139	165	135	180	150	114	124	162	182	101	109	104	142	128	127	107	115	158	196	194	166	159	113	178	159	152	191	155	171	137	
177	153	149	153	178	198	108	176	149	175	117	189	153	198	111	147	184	126	106	187	104	139	183	115	150	126	142	169	107	113	174	147	168	168	102	123	117	143	159	113	
174	100	185	148	142	149	102	114	138	175	185	119	179	146	108	109	144	101	135	143	174	126	158	191	165	179	153	103	168	176	170	104	174	153	151	130	185	169	127	181	
144	137	157	136	184	123	128	151	183	130	101	158	130	130	181	169	181	105	198	102	117	113	167	150	141	134	113	164	114	173	166	155	174	196	189	165	132	176	126	114	
179	156	184	199	101	192	133	137	194	154	154	162	146	157	152	155	167	160	195	197	176	194	139	109	176	195	153	126	167	188	100	157	124	101	181	121	111	176	144	151	
122	182	172	117	111	181	123	166	189	121	128	161	180	171	138	131	178	196	190	172	169	197	148	182	143	152	135	197	122	123	175	182	104	132	109	187	142	144	146	169	
129	114	188	185	166	177	170	113	121	102	147	182	129	140	171	131	131	120	126	173	152	117	130	171	124	134	144	186	145	135	126	154	113	159	172	123	101	115	145	122	
120	197	189	180	156	152	177	145	127	151	163	115	121	185	173	150	146	191	173	144	120	185	135	154	148	177	143	101	126	110	125	171	170	177	183	103	149	141	170	144	
189	100	186	106	146	159	124	183	171	159	113	108	193	143	173	132	198	166	153	103	185	153	144	104	177	150	105	158	105	160	182	124	104	139	121	187	187	161	139	189	
121	178	143	171	162	109	108	194	123	131	183	131	165	165	164	105	180	140	160	113	148	141	129	176	129	196	182	197	148	184	129	153	178	156	140	184	139	138	192	122	
103	121	173	179	167	150	154	102	192	103	104	100	109	147	119	117	186	143	189	108	148	183	172	175	165	121	147	135	133	126	137	101	143	142	109	151	166	163	118	146	
199	195	191	128	134	135	152	199	141	172	177	168	124	127	143	139	190	105	120	128	160	170	198	179	142	120	102	189	179	120	140	150	123	104	103	164	100	168	139	130	
172	159	174	166	167	131	145	173	153	145	172	111	148	138	153	196	147	105	177	143	162	138	116	194	118	134	140	188	114	163	134	173	177	108	117	129	139	188	143	108	
134	139	134	113	124	181	120	155	100	191	100	100	163	149	118	182	174	154	185	148	146	111	131	146	175	155	189	177	161	189	130	185	105	108	179	177	145	107	157	125	
124	176	114	164	149	140	101	174	170	146	106	101	160	105	171	115	142	136	135	114	148	192	140	124	103	184	102	156	102	130	174	114	132	178	128	168	153	140	119	169	
186	175	112	194	158	141	166	133	195	171	122	185	114	121	174	181	179	155	107	105	185	195	180	134	182	108	141	119	190	116	194	116	195	145	142	192	198	102	137	167	
156	112	158	145	152	121	184	107	117	110	163	128	100	180	159	149	168	129	122	185	177	169	160	119	175	193	125	193	148	136	110	179	167	147	196	174	117	147	198	116	
189	167	113	133	159	161	155	194	192	195	162	150	150	138	139	174	124	105	112	131	150	120	125	139	183	189	131	141	110	152	187	138	147	107	198	128	183	109	164	134	
168	153	137	119	157	104	192	100	197	178	179	121	162	106	132	192	168	100	159	149	119	148	137	141	175	195	141	142	100	165	158	153	131	138	148	151	173	110	123	198	
174	109	119	152	140	149	154	158	118	109	169	110	120	102	159	187	190	101	135	118	185	124	184	175	162	184	106	130	127	129	193	164	175	108	119	110	118	141	111	192	
185	120	169	168	180	119	180	198	163	126	150	145	172	151	100	151	143	118	168	117	146	176	171	170	196	117	111	149	182	199	126	172	138	106	190	184	112	110	109	112	
174	103	101	161	118	134	108	114	136	120	149	183	123	148	184	148	134	130	144	109	108	175	113	192	151	185	112	197	199	183	123	102	183	154	157	184	150	128	154	176	
155	178	137	192	102	100	127	149	195	185	126	192	138	164	162	185	158	162	187	140	102	143	156	139	162	105	144	133	194	153	104	177	186	152	149	196	174	133	164	114	
193	196	196	188	161	143	158	118	126	170	161	163	149	198	133	106	167	171	178	105	143	158	111	113	168	174	176	188	152	191	118	139	167	109	110	176	188	199	189	141	
171	191	107	196	107	155	198	102	167	155	174	151	116	194	131	143	129	176	111	119	108	145	183	180	141	154	108	169	181	177	143	116	121	187	119	198	125	123	139	120	
148	191	156	171	198	183	136	180	106	186	137	113	173	163	173	100	127	117	151	165	125	152	144	120	169	180	132	117	127	130	152	148	144	173	193	141	173	190	102	112	
141	112	142	115	124	154	105	188	141	157	175	106	168	189	124	197	105	128	195	154	152	102	104	142	178	143	128	114	136	137	157	199	116	194	131	164	157	190	108	144	
176	189	123	176	181	127	139	103	151	182	183	196	129	142	197	181	134	108	174	101	104	124	173	164	189	132	184	164	119	106	172	160	187	127	159	185	193	131	113	105	