1000
10
178	180	182	137	120	170	113	150	118	156	
180	199	131	176	182	146	143	173	164	145	
174	161	173	125	198	137	178	108	163	141	
107	198	183	144	106	148	107	113	176	148	
167	116	154	197	122	158	125	102	179	135	
138	101	104	174	198	178	140	168	173	135	
132	175	110	106	154	126	155	113	114	118	
191	119	110	155	187	197	114	145	113	162	
101	110	144	128	160	112	136	129	181	129	
157	121	152	159	196	115	137	135	106	104	
137	185	186	129	159	145	134	119	143	138	
166	132	191	165	149	166	182	122	156	181	
175	110	137	188	158	116	153	188	142	125	
106	147	127	187	181	176	150	107	148	120	
176	191	156	113	152	199	189	176	158	173	
159	104	189	160	177	151	103	110	193	114	
188	149	148	148	145	156	136	192	188	143	
148	179	118	148	106	165	100	114	177	105	
195	164	119	144	195	196	110	155	190	162	
167	141	183	163	123	138	150	199	134	131	
199	167	134	192	104	173	178	152	123	109	
192	189	157	108	169	103	173	156	167	127	
117	148	157	160	107	156	195	142	127	128	
129	107	133	177	139	123	175	100	175	133	
114	100	111	133	158	148	113	109	159	194	
137	127	150	183	118	184	121	178	117	127	
140	109	115	101	145	162	154	189	139	152	
176	126	183	171	145	184	140	113	110	136	
181	140	143	139	177	156	137	114	127	162	
156	161	108	115	113	193	139	191	196	177	
123	131	199	137	156	106	142	130	164	175	
114	134	176	160	189	151	132	126	171	147	
115	173	177	104	180	180	124	163	107	139	
116	191	125	189	178	110	184	180	163	199	
117	125	116	180	123	132	148	184	129	177	
125	102	196	145	123	164	172	172	114	187	
149	169	187	108	162	123	178	115	147	147	
123	164	180	199	199	190	142	122	183	101	
100	147	105	198	174	184	150	134	195	182	
152	120	114	171	172	150	113	141	139	198	
125	142	135	120	137	146	149	136	105	128	
147	159	186	141	188	122	125	120	131	181	
110	191	142	159	109	159	187	143	144	142	
125	197	102	117	194	111	171	122	116	189	
184	124	103	109	103	198	146	151	138	135	
182	186	173	134	135	120	181	159	149	183	
159	138	176	149	191	196	160	166	159	118	
150	163	183	117	147	179	143	112	195	193	
119	199	129	131	187	112	113	198	128	102	
101	116	112	134	160	169	190	119	114	152	
109	110	169	176	159	150	100	101	189	127	
143	119	126	126	106	122	169	129	143	103	
113	199	175	108	177	198	129	164	129	195	
132	181	132	160	158	125	123	193	113	131	
114	188	113	175	146	190	113	183	111	196	
180	157	117	128	152	123	187	181	122	133	
111	150	164	177	177	109	109	117	174	193	
199	158	141	194	135	151	107	105	173	160	
152	101	186	197	102	148	188	107	121	184	
121	197	120	189	104	153	188	191	130	181	
118	190	101	149	100	182	175	144	141	122	
110	167	113	149	111	107	158	175	189	126	
176	134	104	152	172	148	100	148	112	194	
196	118	119	187	159	189	176	144	159	157	
120	136	109	139	122	171	148	182	155	189	
121	147	172	196	105	161	128	195	143	174	
154	129	133	174	139	122	122	116	168	143	
189	100	153	173	149	157	106	136	162	160	
127	149	196	138	144	185	126	186	142	103	
129	127	174	101	124	189	155	166	113	144	
198	195	186	171	106	104	170	103	138	104	
123	171	125	149	101	160	181	138	188	125	
136	150	171	188	119	133	100	137	164	147	
137	169	195	109	134	155	125	173	121	191	
186	170	132	196	146	168	116	164	186	178	
147	163	105	185	196	120	162	158	135	140	
121	125	149	173	174	141	197	196	125	196	
133	148	165	159	196	194	112	158	106	142	
141	110	155	128	137	197	140	180	118	196	
183	147	110	128	146	130	112	158	147	118	
114	104	167	143	156	198	193	167	108	103	
154	142	132	154	120	139	136	172	128	130	
169	146	137	122	151	140	183	175	121	165	
156	192	101	179	158	171	122	136	178	197	
155	135	185	113	151	132	122	101	138	175	
103	184	120	188	190	185	184	113	112	188	
177	133	192	159	144	176	167	168	121	120	
191	101	128	138	166	174	140	195	173	142	
188	107	194	121	110	139	148	139	153	159	
102	114	191	111	151	163	105	127	173	194	
103	194	159	167	175	108	193	129	160	109	
184	126	169	182	116	162	149	147	116	185	
147	138	164	160	143	170	172	120	158	156	
196	190	124	104	140	166	132	146	127	187	
122	182	137	161	132	102	130	150	166	107	
165	123	157	106	118	102	143	131	197	198	
141	103	149	151	153	128	108	192	187	154	
139	127	116	196	138	166	123	181	131	137	
137	131	197	185	183	176	165	173	165	141	
168	160	189	164	155	129	110	178	144	111	
181	169	166	181	175	172	105	155	173	117	
175	151	173	172	111	166	109	134	149	139	
106	173	106	139	154	111	162	116	115	111	
112	112	164	167	187	109	123	168	164	150	
135	180	167	189	170	190	130	196	183	157	
128	127	129	170	140	171	189	137	183	165	
103	158	128	154	142	168	143	132	167	180	
192	183	171	140	114	102	198	188	108	125	
149	109	176	174	115	161	160	156	132	168	
154	179	127	184	192	115	178	185	184	113	
120	179	117	132	195	140	141	162	179	147	
143	130	152	155	105	146	192	190	127	121	
125	189	125	134	134	137	180	145	128	128	
161	152	105	178	107	179	121	191	139	173	
110	174	109	174	186	141	162	165	107	104	
101	179	183	172	199	103	189	196	124	157	
132	190	191	122	167	152	130	101	107	155	
156	144	138	182	184	195	117	168	139	154	
141	187	173	182	186	197	117	173	100	165	
147	135	151	188	176	118	142	154	142	150	
156	131	177	170	164	110	145	131	144	189	
177	110	182	192	133	158	178	149	153	160	
154	149	175	127	143	192	132	104	194	143	
142	166	169	143	105	191	152	107	168	139	
143	142	119	115	189	187	168	102	147	158	
119	136	112	128	115	152	190	115	178	112	
162	136	172	144	152	135	169	172	114	112	
177	147	107	173	102	196	119	151	101	164	
150	145	153	174	102	173	102	195	179	170	
194	103	163	136	170	182	170	110	188	136	
169	154	108	190	134	128	165	125	131	113	
182	162	113	179	194	165	176	105	177	108	
110	159	177	172	172	180	118	158	156	126	
166	175	109	185	181	197	150	193	124	199	
167	152	145	117	102	198	123	125	109	191	
112	159	175	172	110	155	142	120	106	128	
133	198	188	141	192	191	171	101	165	162	
148	181	109	161	131	109	148	107	198	143	
173	151	136	143	106	112	101	156	161	111	
123	130	165	182	197	175	188	187	152	147	
109	125	160	155	189	131	112	129	139	163	
155	126	102	123	139	114	100	134	127	152	
144	145	125	138	188	142	122	124	174	135	
178	178	157	168	109	149	176	175	101	150	
135	112	145	114	166	108	197	154	108	172	
127	122	164	135	132	133	122	186	186	132	
105	148	187	173	129	169	130	132	166	188	
100	148	197	148	196	147	149	177	172	167	
193	156	122	175	125	145	148	115	148	182	
129	136	194	177	157	103	194	111	151	155	
111	147	129	163	159	129	164	182	197	196	
151	127	181	188	187	117	198	170	105	140	
185	102	188	167	133	110	109	149	118	153	
157	134	174	183	170	119	103	121	151	162	
196	169	110	189	103	195	191	194	192	163	
183	192	104	194	150	117	193	132	195	127	
107	157	183	130	148	117	102	107	116	123	
198	159	122	193	184	180	176	149	125	173	
151	167	114	186	183	170	184	114	135	127	
159	192	160	170	126	102	112	196	132	160	
182	114	187	106	161	147	167	157	154	113	
181	175	139	138	105	103	169	187	105	103	
155	146	181	178	181	120	137	122	104	101	
110	110	125	148	181	174	143	120	133	163	
147	197	140	179	183	122	182	155	123	191	
146	191	176	126	165	179	150	110	184	122	
162	112	178	105	181	116	125	143	172	188	
107	124	109	100	121	149	167	120	123	133	
155	151	169	198	127	158	135	120	107	190	
180	123	154	172	174	156	175	137	158	193	
146	182	189	198	110	102	101	101	156	127	
157	183	166	151	157	172	175	127	146	160	
137	111	193	172	125	145	144	145	165	193	
112	101	179	142	116	138	109	199	119	144	
102	128	196	119	141	180	151	158	138	132	
104	141	162	153	173	153	167	144	181	150	
101	199	144	126	179	129	162	188	167	187	
127	132	157	142	128	162	195	132	194	183	
154	186	167	157	120	116	106	102	115	105	
165	144	154	159	182	160	199	103	103	188	
166	142	166	136	144	175	113	111	172	196	
191	140	175	153	141	189	194	148	140	156	
167	143	124	170	156	173	116	155	111	127	
157	177	115	184	179	185	140	191	171	156	
192	161	180	199	186	195	108	149	128	157	
130	194	128	151	110	166	199	121	160	116	
127	134	123	149	167	109	163	101	141	171	
134	103	160	149	192	158	179	179	121	181	
119	159	112	169	137	120	171	122	164	146	
150	166	126	147	172	154	153	141	105	107	
190	142	134	197	114	193	140	116	146	187	
144	188	193	190	191	179	100	167	170	155	
149	170	153	146	193	103	182	152	153	196	
149	195	136	173	102	170	144	114	167	158	
106	115	177	111	179	146	118	138	110	179	
177	108	124	196	129	162	111	149	103	121	
119	190	160	162	183	140	120	122	145	190	
174	183	180	112	104	126	142	191	117	169	
150	105	110	147	192	164	115	136	150	142	
137	107	191	135	153	174	110	142	158	128	
181	111	192	159	147	134	117	193	125	118	
157	109	145	180	171	154	125	127	118	151	
127	149	102	179	114	135	133	166	114	156	
138	137	156	132	145	130	165	132	151	191	
104	173	130	193	167	185	142	166	103	183	
171	136	109	163	187	137	134	187	147	103	
142	189	170	141	174	184	114	137	155	179	
116	190	195	133	162	125	139	195	160	159	
130	181	137	157	178	196	116	117	177	153	
135	191	103	189	167	184	123	101	126	187	
116	158	138	148	127	154	195	157	186	155	
141	165	107	185	164	104	147	126	189	191	
118	154	166	153	137	150	133	154	132	101	
193	196	194	110	111	174	118	149	141	190	
140	117	125	143	173	155	161	173	143	136	
178	178	117	142	151	129	192	157	128	134	
116	190	152	184	122	122	157	147	158	108	
103	119	136	172	140	199	111	143	143	138	
172	188	123	143	182	130	199	127	167	149	
168	177	187	195	179	184	195	183	133	197	
166	148	177	136	123	156	158	179	163	193	
127	189	175	182	155	166	130	104	157	172	
163	107	177	119	145	160	157	199	178	192	
111	106	134	150	180	101	101	178	143	183	
181	178	188	145	103	147	188	182	107	193	
129	151	155	162	194	152	114	140	178	133	
175	170	103	111	194	160	139	119	181	178	
182	101	103	172	102	183	170	107	172	197	
195	174	144	193	168	140	193	107	118	105	
146	179	181	120	149	136	138	108	103	101	
132	123	121	155	146	112	122	146	109	117	
141	141	113	185	141	104	158	101	165	197	
182	130	110	152	174	107	157	116	106	120	
151	163	130	106	158	178	167	111	115	166	
127	170	141	127	169	120	109	106	129	194	
153	110	164	103	150	108	107	130	159	153	
167	146	135	182	146	154	159	194	169	135	
114	171	117	149	165	154	107	125	147	187	
128	194	198	106	154	172	193	187	143	102	
115	165	124	152	188	169	165	100	186	187	
104	198	102	149	191	195	193	168	107	146	
112	129	135	146	152	129	171	153	131	114	
176	187	176	125	165	100	157	100	110	159	
184	112	108	122	167	193	180	171	141	115	
114	114	115	138	196	154	196	122	103	134	
177	148	102	144	116	176	134	116	167	139	
155	132	137	163	185	113	110	118	197	126	
101	104	131	172	132	161	169	117	192	142	
175	187	110	105	191	169	101	104	155	130	
141	135	105	146	125	106	167	137	146	149	
198	191	129	159	153	118	168	122	187	127	
156	197	133	124	110	138	121	195	184	119	
164	161	111	123	111	182	124	149	131	184	
172	172	190	179	129	132	138	115	198	166	
129	145	122	171	175	153	198	158	144	102	
190	106	154	180	194	171	147	195	174	162	
187	120	131	133	118	165	121	198	189	118	
142	124	112	191	105	111	184	106	193	101	
130	173	177	145	176	197	129	152	110	150	
163	171	181	135	183	124	182	114	120	190	
171	185	133	132	132	124	117	143	159	187	
192	163	133	165	186	163	141	155	117	117	
168	174	166	186	112	163	129	115	181	118	
148	124	134	143	107	103	164	181	141	193	
171	104	114	137	137	117	169	154	103	174	
193	110	144	116	169	117	104	162	196	156	
100	176	139	184	168	192	198	135	157	101	
191	182	133	173	143	158	124	142	193	188	
178	157	165	115	115	116	122	140	166	175	
109	194	151	188	106	166	171	155	197	114	
187	105	189	113	162	151	184	118	176	195	
192	158	176	170	138	105	104	185	138	121	
188	170	187	110	181	175	177	145	105	178	
165	164	125	180	136	160	115	196	120	185	
149	109	133	132	106	192	188	171	112	151	
194	194	136	134	127	190	127	133	148	178	
193	168	112	151	180	151	125	185	198	105	
152	180	168	139	183	105	129	115	133	153	
171	164	128	184	173	153	108	108	176	109	
163	117	120	189	137	105	176	105	126	189	
153	175	147	106	113	158	188	134	160	119	
115	100	124	109	189	131	131	178	130	187	
146	135	166	166	136	137	173	177	168	171	
100	135	187	136	158	112	120	145	150	123	
103	136	198	131	169	136	153	183	122	173	
182	172	187	185	101	148	130	128	195	156	
105	189	127	113	196	133	156	132	196	105	
134	172	122	138	161	182	195	193	144	127	
182	122	179	190	135	188	116	100	143	166	
192	192	115	126	182	177	157	107	173	168	
154	166	196	133	133	109	188	189	177	123	
189	104	119	109	145	169	135	138	106	102	
178	167	143	127	133	106	167	176	168	116	
134	155	130	199	112	105	104	117	100	125	
197	135	162	138	182	190	113	137	131	179	
189	170	143	123	156	109	168	126	177	102	
175	138	178	150	179	136	114	101	160	190	
100	165	156	164	162	137	182	109	103	143	
171	146	159	128	126	162	124	180	155	118	
135	179	177	139	113	124	198	146	190	165	
100	104	188	149	133	107	128	152	159	198	
189	142	102	148	190	111	167	165	178	166	
151	117	175	182	166	121	132	173	198	157	
132	129	116	180	173	133	193	167	161	177	
169	169	193	110	129	129	180	136	131	146	
155	158	144	179	119	180	174	110	195	129	
120	144	196	137	180	180	115	130	160	157	
106	142	136	154	191	131	139	195	194	151	
112	178	194	153	134	141	104	133	117	148	
129	133	196	124	125	140	192	133	128	147	
153	161	149	100	120	105	178	198	105	165	
148	104	160	165	108	197	172	183	126	177	
164	129	146	116	186	188	165	199	164	187	
146	100	125	121	183	150	142	178	182	150	
175	169	150	150	182	191	147	188	151	188	
157	148	121	103	174	198	137	104	154	190	
101	199	193	146	192	116	120	134	144	113	
132	115	141	187	108	122	142	149	110	178	
178	105	101	181	154	169	162	187	110	126	
150	192	149	163	104	168	113	164	148	174	
136	130	187	138	182	192	114	128	172	177	
162	113	191	149	106	133	194	171	138	144	
116	135	139	123	186	108	151	190	133	177	
115	115	185	158	152	174	111	168	103	176	
157	177	121	115	191	117	120	164	145	100	
196	100	132	182	130	193	151	147	143	101	
100	148	104	109	195	191	126	155	163	130	
121	178	191	139	147	115	193	180	115	110	
155	198	147	139	182	117	171	167	140	186	
159	139	161	161	161	131	179	110	173	129	
151	182	166	169	156	108	199	142	143	151	
186	178	184	156	180	190	121	100	158	145	
109	190	140	110	129	103	181	115	163	168	
122	125	187	138	100	110	167	149	145	170	
166	178	179	185	169	126	153	180	118	148	
123	154	143	116	117	150	172	155	167	199	
193	171	104	182	122	135	181	117	192	192	
190	109	177	147	144	115	153	172	134	185	
129	140	149	156	112	130	102	117	189	172	
156	148	115	160	108	100	145	155	166	154	
195	103	109	110	153	181	162	124	199	186	
117	109	146	137	126	101	166	170	108	145	
141	147	185	189	167	172	121	184	192	130	
131	117	100	164	190	106	154	190	154	100	
133	187	117	113	172	187	185	166	164	175	
186	161	119	103	104	180	184	137	151	121	
126	183	160	173	168	133	190	136	179	166	
106	138	167	149	199	144	111	165	109	198	
174	108	145	178	193	145	174	123	123	173	
171	171	136	127	157	151	158	173	101	132	
158	126	127	123	123	151	161	194	169	179	
139	163	184	159	176	138	113	172	199	171	
198	170	148	102	126	141	126	135	149	191	
125	106	188	114	141	199	186	150	155	148	
128	170	148	163	159	178	179	179	155	189	
199	180	131	102	147	151	156	102	119	188	
195	117	160	139	140	185	179	122	181	144	
144	113	192	138	106	119	165	151	127	133	
136	147	173	109	124	191	119	125	157	190	
159	108	179	182	198	178	168	196	131	143	
107	102	112	133	147	190	130	115	164	141	
131	198	196	139	107	108	139	159	165	148	
137	159	128	157	122	137	130	183	148	158	
140	128	152	120	196	188	135	179	152	195	
187	184	168	132	115	196	152	151	143	109	
175	101	145	140	172	108	174	124	112	170	
114	156	105	103	112	158	139	127	152	116	
136	190	146	195	125	162	148	159	107	167	
172	148	108	119	197	123	189	173	165	182	
149	132	104	105	132	120	111	104	153	133	
124	162	114	193	141	136	126	193	184	160	
190	104	163	170	189	178	149	108	113	159	
197	159	124	180	174	121	123	145	185	106	
147	134	172	108	169	104	124	178	132	159	
134	194	131	157	134	146	140	182	128	180	
149	144	128	119	102	158	142	114	100	112	
199	197	184	130	175	171	179	135	132	189	
151	114	139	193	127	119	163	124	193	136	
131	119	101	130	153	134	138	167	146	166	
185	131	140	183	137	178	191	134	115	129	
115	117	137	117	107	163	166	190	180	107	
119	195	158	136	177	166	145	184	192	166	
118	117	119	160	188	109	125	181	185	154	
160	195	183	182	156	193	118	169	152	118	
191	145	114	171	164	108	129	159	118	141	
113	151	184	192	114	119	163	112	113	196	
145	106	103	141	159	144	168	157	107	165	
109	199	147	121	179	120	122	142	133	151	
113	113	176	139	138	130	154	138	101	138	
124	197	146	163	193	199	191	143	136	113	
122	187	181	104	185	123	153	107	172	159	
121	120	107	120	186	172	128	164	158	111	
162	140	118	198	153	137	132	173	171	191	
168	149	113	154	168	166	195	123	173	127	
149	178	160	155	183	166	130	120	111	198	
184	123	151	115	152	130	121	123	145	186	
120	124	117	174	174	147	198	101	131	121	
149	165	150	191	108	172	193	123	108	103	
195	175	187	118	134	193	125	190	184	157	
104	123	112	166	110	143	186	169	190	125	
115	145	188	115	162	140	195	130	157	135	
101	179	176	159	186	136	177	128	129	141	
136	108	189	132	137	101	199	172	116	149	
106	114	169	127	176	187	198	163	111	147	
135	194	180	190	165	103	167	136	151	146	
133	163	165	100	187	197	194	129	145	101	
149	126	192	163	104	139	105	112	134	112	
182	117	108	188	142	199	183	167	196	107	
172	185	157	192	124	120	124	178	167	183	
100	135	193	177	197	129	181	145	131	195	
110	184	141	129	186	161	178	147	109	142	
134	197	184	148	191	181	181	140	171	194	
184	141	190	145	199	126	158	184	186	157	
187	166	117	174	148	186	199	114	196	188	
173	121	105	142	140	198	161	157	148	142	
139	190	114	148	102	136	176	180	177	192	
160	167	113	184	124	195	155	166	186	189	
105	160	105	151	150	106	126	117	175	100	
156	199	198	106	143	108	149	122	108	175	
147	148	112	199	123	166	118	151	106	147	
179	127	104	182	153	165	150	112	128	196	
112	126	169	153	198	162	137	118	169	197	
114	184	156	197	181	150	140	197	192	105	
141	122	138	141	138	167	122	190	144	169	
193	198	124	132	109	168	144	197	139	172	
177	124	115	122	171	159	119	170	129	106	
106	137	195	167	132	149	114	186	148	107	
191	193	193	165	140	145	190	152	180	188	
193	164	146	188	143	139	198	138	194	196	
132	108	167	196	142	161	103	108	120	131	
174	111	143	108	108	124	103	141	185	131	
130	115	119	164	127	128	157	140	172	126	
194	152	121	184	169	182	164	106	145	183	
165	146	142	127	115	181	139	143	118	153	
101	136	150	102	145	173	173	108	154	111	
148	162	168	111	126	113	177	190	107	136	
121	108	117	140	185	114	149	125	144	149	
112	176	179	117	132	105	151	128	191	192	
178	148	172	123	106	127	154	199	134	184	
133	104	127	113	118	120	162	125	195	160	
105	188	169	182	151	106	112	127	126	115	
165	140	128	106	194	157	158	122	126	138	
198	170	107	186	195	124	190	118	159	155	
127	170	173	191	118	143	132	144	101	193	
169	148	168	117	133	118	127	128	151	146	
152	106	109	149	101	153	105	171	117	127	
145	109	119	135	188	138	162	176	115	186	
157	131	120	190	115	122	137	143	123	127	
181	144	132	160	153	128	155	198	190	136	
178	189	163	191	168	194	134	133	194	172	
192	101	167	117	183	144	179	176	131	118	
163	159	112	153	176	159	124	164	137	150	
177	149	145	182	146	164	174	136	103	116	
149	119	138	133	142	198	158	112	183	178	
144	182	112	148	101	131	131	132	107	156	
139	142	133	133	195	166	186	149	161	189	
112	195	124	102	126	113	171	199	149	180	
167	188	163	196	189	194	122	140	194	182	
197	174	113	141	116	187	163	183	126	169	
153	117	127	110	193	132	136	182	170	124	
113	194	132	154	129	187	197	181	177	163	
199	188	147	126	170	153	149	169	137	147	
147	152	109	115	178	113	119	129	111	199	
199	141	168	125	133	180	110	196	116	120	
197	199	102	173	101	141	164	164	113	122	
134	114	189	179	103	132	188	149	111	165	
156	140	182	106	180	105	187	183	182	139	
157	140	182	174	110	138	146	154	105	184	
170	154	106	170	163	118	142	120	193	176	
151	165	175	115	191	126	176	197	157	142	
108	175	146	125	136	199	179	177	107	134	
199	149	198	196	191	161	142	132	165	123	
133	159	195	172	107	109	170	106	196	163	
152	194	177	100	197	139	127	169	158	101	
167	149	152	117	155	178	140	134	146	110	
157	137	121	138	182	162	153	181	143	186	
197	194	110	101	120	131	112	145	116	106	
190	199	124	174	141	154	107	127	190	181	
162	107	151	109	139	173	172	135	145	148	
193	122	193	138	194	145	154	116	101	133	
193	121	159	117	160	105	118	145	133	183	
159	135	199	144	197	124	113	129	182	144	
106	105	146	185	186	107	113	162	139	102	
197	113	176	146	154	101	115	191	155	178	
142	194	143	107	129	137	152	102	114	104	
103	108	169	166	108	125	187	113	125	170	
179	157	104	182	136	116	134	114	130	180	
104	105	180	160	176	157	123	184	172	199	
142	187	183	160	110	131	113	152	100	140	
106	147	125	170	190	123	181	145	132	193	
169	195	121	121	188	133	105	129	162	156	
193	123	125	131	167	122	152	165	175	158	
161	156	127	128	174	189	163	134	151	172	
135	149	168	113	166	184	195	145	167	136	
150	123	167	149	111	106	115	184	192	195	
199	193	150	189	136	117	177	137	143	125	
183	113	160	110	130	165	122	184	168	148	
180	133	186	141	161	190	125	142	129	193	
193	114	153	199	187	159	142	171	127	191	
153	145	143	108	170	180	192	164	135	125	
159	190	152	176	119	183	185	130	113	129	
147	198	193	138	185	162	117	130	116	189	
116	198	187	158	165	173	169	120	110	185	
115	189	136	135	181	106	188	173	193	109	
157	109	109	162	177	110	123	176	171	194	
130	179	183	147	167	199	168	192	130	101	
147	173	163	166	175	191	194	190	191	198	
119	118	120	128	186	121	136	134	191	121	
169	191	169	130	165	193	131	157	168	101	
192	175	128	111	176	169	141	163	112	136	
158	158	125	142	114	192	174	123	164	124	
129	107	155	118	197	101	186	101	181	157	
181	192	152	182	132	120	156	166	160	173	
157	180	193	175	140	125	112	171	102	105	
158	197	128	160	105	105	168	140	161	107	
138	124	116	189	160	159	104	143	148	101	
154	166	101	163	125	170	157	123	156	195	
121	142	153	195	162	153	139	145	149	103	
191	118	130	177	199	180	127	137	164	101	
196	113	102	154	179	116	158	193	130	175	
184	175	144	150	155	174	185	174	194	194	
165	187	112	198	105	110	112	166	131	148	
179	102	124	124	112	166	111	147	164	188	
172	187	194	150	154	157	165	193	126	123	
156	149	118	146	131	152	107	173	182	173	
124	173	139	125	115	140	132	196	193	189	
102	162	146	197	116	106	143	120	142	165	
158	151	195	172	187	107	129	172	120	152	
153	178	106	135	125	178	199	102	115	133	
194	185	173	112	126	178	193	182	196	118	
172	145	151	143	118	196	185	111	106	145	
108	187	161	157	134	190	160	106	171	189	
163	150	198	103	176	181	135	121	101	193	
160	187	164	106	106	183	125	146	107	160	
117	131	150	136	182	135	152	170	194	141	
150	110	190	125	180	111	136	134	153	148	
133	137	124	176	105	124	131	103	172	120	
130	141	171	127	100	177	192	154	163	116	
140	190	106	166	171	128	136	118	181	119	
115	105	179	169	155	116	192	113	122	127	
100	128	161	162	124	181	144	163	188	167	
171	115	145	166	149	131	126	181	159	143	
138	127	170	137	169	113	121	183	169	136	
118	198	163	188	128	100	111	172	196	118	
177	175	152	119	186	120	100	129	171	126	
192	162	141	110	123	152	198	197	111	185	
155	183	145	193	175	178	184	162	157	197	
182	126	135	148	155	193	187	157	167	158	
198	185	183	195	199	137	104	149	178	109	
184	159	111	146	129	184	163	196	128	132	
142	175	103	159	174	100	196	120	135	136	
102	112	120	172	109	199	183	103	114	154	
125	189	181	156	105	166	112	123	119	140	
165	154	113	159	155	160	126	125	194	132	
115	146	125	116	135	186	138	113	111	194	
185	153	103	189	149	172	164	151	168	165	
123	117	174	153	163	152	118	110	147	165	
137	177	175	122	108	142	165	166	188	110	
151	183	185	195	177	165	188	152	181	196	
199	107	124	150	103	168	167	199	196	145	
174	166	134	136	178	109	155	146	173	182	
109	100	153	192	182	192	157	149	119	131	
100	105	103	165	168	105	101	187	183	175	
145	160	162	122	168	132	133	122	113	135	
131	117	101	189	155	145	152	171	109	137	
197	113	152	128	141	139	101	105	187	171	
172	149	177	121	175	167	119	197	100	182	
140	150	188	114	131	136	146	117	186	101	
152	113	119	182	138	182	169	181	118	182	
142	171	153	145	123	150	149	143	184	168	
186	117	170	191	178	143	159	162	101	189	
150	106	122	197	180	103	146	101	159	166	
175	199	121	123	128	170	117	124	160	121	
186	104	164	138	153	198	183	183	134	126	
105	144	162	150	131	174	153	187	171	177	
167	147	116	170	193	167	118	164	121	158	
176	148	118	173	126	117	115	167	125	142	
143	188	174	119	184	157	128	130	177	130	
118	153	148	148	197	106	188	108	154	132	
104	130	149	102	163	115	163	195	101	193	
186	168	167	188	103	101	106	126	167	154	
124	188	111	186	196	149	179	143	145	113	
162	126	135	154	144	154	130	175	184	160	
107	189	133	117	157	163	197	167	145	102	
122	118	179	134	173	100	177	149	168	149	
101	162	139	101	184	103	168	112	197	152	
105	171	161	115	174	152	161	135	155	140	
181	105	116	183	177	107	181	145	125	122	
138	132	130	135	196	165	104	157	177	112	
199	134	129	180	115	106	146	163	124	147	
131	117	150	119	129	183	114	184	183	128	
198	118	176	156	132	129	183	107	151	124	
135	185	181	193	145	196	145	104	191	137	
129	188	119	173	188	172	145	183	183	199	
134	123	189	186	118	113	118	131	129	171	
193	115	194	133	194	106	116	131	187	131	
155	182	121	140	155	197	179	151	109	172	
159	186	151	106	187	101	136	103	144	170	
117	108	109	111	195	163	151	196	107	108	
140	124	193	139	119	174	133	125	187	193	
119	164	115	164	181	138	154	117	115	182	
191	168	168	167	125	132	176	107	142	152	
162	136	126	107	165	186	155	190	158	132	
127	158	113	109	194	106	101	147	115	108	
117	102	198	183	178	171	144	126	191	125	
190	112	149	146	131	131	143	160	170	169	
101	126	133	129	193	137	161	183	119	128	
182	111	184	167	125	127	134	137	197	184	
159	197	176	174	159	123	164	138	131	181	
111	177	176	164	135	160	173	174	199	103	
111	137	114	133	107	105	153	146	157	120	
109	116	116	127	155	181	105	155	194	106	
182	181	151	177	116	106	182	133	121	190	
156	194	148	143	161	176	198	181	178	130	
123	145	129	112	186	139	132	166	182	104	
179	168	150	160	157	170	169	179	163	161	
191	171	169	133	135	134	134	110	141	129	
102	162	143	140	119	193	109	173	146	131	
124	105	196	100	153	107	185	134	102	120	
144	124	184	168	137	167	119	137	108	128	
117	146	144	110	194	132	108	162	162	106	
101	155	132	148	181	193	122	100	168	120	
180	196	182	169	133	124	145	152	157	173	
116	154	116	132	153	119	140	197	160	105	
144	176	110	143	145	181	174	140	193	116	
121	180	126	192	117	122	117	125	104	100	
121	189	119	152	108	144	127	124	164	144	
115	116	186	132	176	136	113	121	106	165	
114	179	161	190	137	175	137	193	151	134	
110	140	143	178	147	133	144	160	177	121	
195	125	165	140	178	190	148	167	197	132	
195	104	126	150	179	127	109	182	169	147	
162	138	180	115	114	119	145	126	151	149	
172	174	125	135	185	189	139	107	169	147	
148	137	100	181	155	163	135	190	138	180	
155	139	171	191	185	185	158	149	185	155	
120	152	119	164	193	162	141	174	186	113	
179	173	115	168	120	147	143	176	194	100	
111	154	190	175	127	172	166	183	129	175	
167	152	140	155	147	166	152	147	128	101	
181	121	175	160	134	170	149	155	173	183	
140	115	177	111	141	129	111	113	102	184	
157	102	199	197	168	156	179	192	150	114	
173	144	130	136	176	140	104	139	193	149	
109	154	143	141	123	116	150	158	105	126	
165	188	139	194	105	109	141	193	111	151	
146	142	193	136	112	188	183	141	186	194	
165	133	103	199	185	110	158	145	155	182	
159	179	172	199	122	174	128	165	190	168	
136	110	137	172	177	124	154	170	159	127	
184	168	113	170	171	184	102	128	170	113	
133	112	112	176	114	138	175	194	106	161	
183	115	121	197	179	111	119	146	151	111	
196	123	110	108	189	150	110	107	181	133	
134	136	132	146	120	137	144	132	170	191	
129	165	164	120	115	196	103	196	124	176	
152	177	199	148	127	147	113	179	150	134	
114	140	187	191	116	162	132	182	193	149	
174	117	183	136	197	106	173	124	198	126	
132	139	174	182	123	135	127	144	189	158	
121	176	130	149	113	186	145	113	158	119	
189	158	176	103	126	124	182	132	127	156	
115	102	131	195	122	112	197	155	128	192	
109	170	154	168	112	109	191	168	123	146	
124	172	161	182	120	153	139	151	168	136	
138	192	104	183	168	144	114	125	132	135	
120	187	104	113	125	132	145	171	158	125	
182	167	176	129	132	173	109	120	170	137	
181	145	161	157	114	134	145	189	104	188	
152	186	171	171	188	125	159	151	159	163	
130	163	133	150	100	122	111	191	120	100	
107	168	107	191	165	154	128	119	145	187	
171	164	158	141	135	143	151	179	122	117	
153	110	179	195	146	180	179	175	173	153	
113	176	174	126	189	185	117	195	124	117	
111	102	127	135	170	190	165	181	195	159	
100	101	101	198	136	159	159	177	110	148	
174	106	119	117	171	152	179	153	158	128	
187	184	153	182	189	152	186	124	196	137	
106	144	199	145	147	157	145	163	110	141	
131	129	175	126	131	134	142	194	194	122	
142	166	137	149	193	110	159	198	104	144	
150	148	141	195	117	168	183	147	191	146	
189	199	132	183	140	193	141	196	122	144	
192	164	196	128	133	188	108	172	191	107	
128	108	140	162	136	189	169	142	118	118	
162	129	181	160	139	196	179	160	160	182	
177	166	155	163	109	158	147	196	154	130	
136	166	193	190	194	134	175	147	119	159	
124	176	114	160	174	120	134	133	146	154	
145	113	105	151	110	171	135	101	125	189	
175	144	190	111	135	157	155	141	146	128	
152	131	171	196	162	166	188	187	192	187	
161	108	195	117	144	124	149	184	182	196	
105	193	159	180	129	198	127	138	176	158	
149	111	174	198	158	135	103	103	151	196	
153	128	179	132	132	113	148	133	112	166	
109	187	124	165	130	112	133	131	152	184	
181	161	139	119	147	180	198	160	141	196	
171	141	118	117	112	116	170	197	194	117	
119	149	104	198	137	115	128	122	150	173	
198	179	117	184	174	173	178	121	133	167	
183	196	164	112	173	107	125	123	129	178	
134	178	126	165	140	182	125	191	117	140	
197	138	198	111	129	108	197	113	143	129	
199	164	186	160	185	190	192	156	185	102	
106	119	156	174	126	162	144	114	116	168	
108	190	157	189	116	161	128	108	119	138	
122	160	134	143	182	152	152	138	118	190	
197	156	117	150	112	162	122	160	188	178	
129	119	191	106	110	106	102	168	115	170	
105	141	159	106	141	177	186	175	127	114	
171	155	188	129	150	148	138	130	137	123	
165	194	153	120	168	162	164	153	107	124	
174	174	180	151	151	120	101	197	159	174	
148	132	175	145	170	133	192	119	137	197	
165	184	175	139	148	137	184	199	111	199	
160	125	149	153	158	102	136	132	160	188	
184	112	109	121	182	111	112	113	136	147	
183	128	198	189	140	152	158	117	180	121	
135	190	163	104	195	198	152	142	188	127	
174	176	198	113	191	113	104	128	133	188	
173	171	106	115	186	183	195	177	110	182	
190	160	157	151	183	196	181	110	122	105	
146	157	190	195	105	195	154	115	130	122	
153	130	144	100	112	114	139	166	145	115	
188	100	135	127	119	154	185	197	138	141	
184	149	134	195	140	161	165	103	154	100	
127	180	185	191	177	101	127	193	103	103	
192	149	134	156	147	155	103	131	192	172	
127	174	101	195	108	191	181	100	145	195	
103	149	155	133	157	188	107	171	144	107	
132	144	103	159	198	138	173	180	108	174	
129	124	108	109	123	167	105	130	156	186	
122	123	129	199	174	131	128	144	164	133	
128	166	177	146	175	150	104	181	143	134	
190	188	139	137	152	171	177	172	179	173	
109	174	115	159	135	161	168	113	114	107	
173	180	113	180	122	110	151	188	105	121	
152	161	113	199	182	135	181	124	134	144	
156	190	169	137	161	125	171	170	197	191	
131	106	181	115	143	165	103	122	176	103	
133	179	187	140	138	152	119	175	196	175	
155	129	147	163	131	161	164	176	191	161	
190	177	192	128	142	159	124	151	153	160	
109	131	164	119	106	152	136	144	101	196	
120	124	185	172	156	106	108	144	148	166	
125	195	138	114	193	153	177	159	119	168	
190	138	138	166	153	108	179	181	114	145	
129	114	191	193	134	109	135	153	199	185	
136	127	183	188	100	124	197	105	157	148	
128	181	176	138	120	158	165	151	199	123	
166	117	194	110	117	163	127	195	128	162	
188	101	124	148	186	159	110	118	196	149	
135	162	150	106	130	170	150	190	104	167	
154	121	163	110	192	111	128	197	164	159	
124	167	152	119	126	137	178	166	115	156	
178	100	171	164	167	107	104	172	197	103	
125	161	153	169	141	158	184	137	138	152	
113	129	145	154	123	195	180	145	147	159	
104	174	128	162	152	170	121	143	150	179	
168	163	193	152	181	129	181	151	102	168	
124	135	198	173	189	105	111	169	115	188	
137	143	151	184	174	196	103	182	169	100	
185	138	187	152	168	177	117	121	113	123	
128	185	185	164	151	143	155	131	151	138	
130	159	188	193	190	102	171	121	196	173	
124	104	159	107	107	190	173	143	140	139	
131	184	112	135	130	191	127	110	139	179	
184	169	138	102	136	171	172	160	131	109	
186	181	120	123	194	121	139	139	181	103	
134	113	130	148	150	162	163	109	144	156	
198	183	128	178	163	168	153	103	193	139	
195	156	166	154	166	175	121	115	152	109	
171	177	134	176	146	197	161	119	171	161	
100	110	130	158	134	145	160	134	158	170	
149	173	134	191	144	147	130	134	176	103	
101	103	128	148	138	160	127	173	181	189	
123	120	181	143	197	120	127	107	190	163	
157	192	176	147	116	169	171	193	111	118	
127	168	171	150	136	164	192	197	105	135	
191	144	122	146	141	102	133	141	174	127	
109	116	104	129	162	197	142	102	112	191	
131	188	114	154	109	124	131	150	178	107	
141	119	170	164	110	194	185	106	116	117	
104	141	120	116	192	132	188	119	179	114	
114	150	169	191	102	129	199	119	196	138	
118	181	174	128	186	186	185	104	189	180	
169	139	100	138	180	140	113	102	145	166	
148	150	155	129	124	190	193	137	101	150	
160	135	149	124	115	180	152	117	115	101	
133	156	120	121	126	109	133	147	111	163	
128	108	132	141	101	145	114	132	145	178	
177	194	134	193	151	104	158	158	127	177	
174	165	197	198	102	158	155	186	190	170	
138	127	163	146	144	136	144	177	193	162	
145	128	152	194	175	154	196	188	102	194	
132	102	155	163	189	109	197	190	162	102	
180	121	102	177	154	161	127	189	193	118	
182	160	153	183	108	122	115	115	156	198	
156	156	102	145	177	156	136	110	195	105	
108	179	159	194	139	151	119	135	197	158	
104	156	185	121	193	199	188	106	109	118	
171	160	134	100	122	161	158	123	144	141	
159	195	176	143	186	124	105	187	135	162	
131	162	149	126	186	131	154	192	129	191	
186	139	148	155	190	138	183	199	175	145	
179	194	189	153	166	134	146	173	147	170	
179	160	192	194	127	156	141	176	110	106	
162	136	182	129	197	119	146	174	161	145	
108	157	171	161	181	157	103	162	114	145	
103	187	134	147	196	153	191	175	178	121	
191	177	188	113	137	197	108	115	100	144	
157	197	160	136	178	121	127	120	198	125	
195	166	123	140	184	101	184	127	128	123	
157	118	156	157	189	179	194	115	115	181	
191	132	170	158	108	173	185	187	176	166	
176	182	105	189	121	107	125	184	104	188	
176	111	186	198	185	102	136	112	121	169	
144	183	183	190	188	153	135	145	161	199	
110	111	168	118	100	140	195	177	157	118	
170	197	192	148	192	159	190	117	143	166	
128	194	116	106	165	182	140	109	198	183	
188	157	163	187	102	175	115	159	138	126	
161	149	193	125	103	161	105	183	199	196	
182	181	133	192	167	149	111	128	178	182	
117	168	155	172	138	119	171	179	127	137	
102	149	195	188	110	164	111	175	143	190	
145	196	177	131	120	143	169	190	111	188	
185	116	152	140	141	162	163	173	182	173	
167	111	163	167	165	126	143	174	181	149	
112	150	119	190	165	102	163	192	186	183	
108	126	133	123	154	174	192	185	150	190	
112	102	105	156	145	160	190	173	124	172	
140	164	194	194	120	196	134	181	180	183	
122	101	114	167	182	140	111	130	139	189	
148	175	116	153	182	161	124	192	170	176	
131	177	133	171	126	157	190	115	130	169	
103	119	105	128	181	105	157	134	101	109	
113	104	143	106	103	190	173	181	163	155	
157	171	143	189	172	179	104	120	165	112	
199	189	134	164	154	135	133	125	154	170	
102	187	112	140	105	133	127	113	196	157	
112	104	132	101	169	193	129	127	104	175	
183	121	177	189	115	140	195	112	131	192	
111	111	163	159	102	119	125	118	119	195	
140	108	106	129	173	160	175	156	167	124	
126	137	109	100	131	133	126	184	158	137	
173	112	143	121	163	106	117	131	163	175	
160	139	108	163	100	180	150	131	105	106	
166	129	169	143	104	195	153	182	168	118	
165	183	153	186	111	112	151	127	103	124	
171	106	173	181	161	186	131	114	134	130	
137	191	196	155	139	134	167	116	192	114	
141	198	158	181	182	155	113	148	171	135	
165	100	133	125	127	106	191	160	159	138	
105	133	134	140	183	154	139	175	174	105	
135	148	185	131	110	177	124	181	165	178	
198	125	191	153	142	142	144	148	129	165	
117	113	167	192	141	172	104	189	132	125	
141	148	151	133	115	158	181	165	155	126	
150	129	193	110	141	124	112	123	175	166	
101	106	111	104	152	159	116	187	102	120	
172	131	176	144	155	155	100	150	159	138	
180	156	156	102	188	173	163	189	117	119	
129	157	112	179	169	105	156	198	155	154	
170	144	105	152	155	184	147	169	196	104	
140	164	161	149	183	192	150	179	164	160	
140	161	165	131	169	155	157	104	136	125	
113	152	188	181	120	153	155	194	136	171	
178	108	192	166	172	127	193	183	144	119	
178	116	197	187	148	130	182	151	162	163	
147	164	110	185	199	178	181	154	134	173	
110	177	127	120	123	150	112	148	119	119	
138	158	116	174	185	128	105	173	179	198	
112	196	105	147	183	149	144	112	116	122	
138	156	159	124	102	199	164	102	129	115	
127	180	139	160	125	158	150	115	160	113	
174	108	174	172	130	118	135	157	110	194	
137	131	154	113	145	115	128	107	117	119	
119	131	132	111	108	123	182	116	178	170	
158	148	141	103	114	199	102	142	102	176	
107	133	132	155	118	183	120	171	121	112	
108	101	130	162	171	131	157	190	144	151	
195	100	162	189	128	168	198	132	122	153	
149	174	149	108	145	163	151	186	187	151	
117	111	166	195	143	155	175	113	173	159	
165	181	115	169	156	116	145	134	115	137	
112	180	171	131	172	180	143	138	135	126	
118	126	199	164	168	146	144	182	196	135	
125	143	106	120	125	145	165	114	198	118	
166	152	186	143	113	196	102	180	112	138	
152	119	109	151	140	174	168	126	159	138	
147	151	109	109	139	189	173	164	125	130	
199	115	189	110	115	171	162	120	101	137	
174	105	141	109	194	155	151	106	183	159	
183	109	176	144	104	113	176	155	156	154	
119	164	194	183	113	171	131	122	195	184	
181	110	158	140	102	108	198	192	189	183	
157	153	100	106	121	183	135	148	137	136	
136	107	175	188	125	122	177	102	114	189	
158	146	183	140	133	191	115	140	139	177	
114	129	106	111	154	105	148	175	141	138	
105	134	135	183	173	191	128	173	139	128	
152	181	198	100	123	187	133	106	120	141	
188	107	165	194	173	146	190	166	101	112	
196	126	190	150	184	174	106	104	100	127	
186	174	122	128	169	133	161	138	119	144	
193	111	158	184	147	151	196	178	150	145	
151	122	141	121	118	116	111	104	166	199	
189	137	106	113	110	120	155	150	188	161	
159	146	155	142	164	118	144	115	134	195	
104	194	162	110	163	102	135	107	192	181	
120	125	143	163	102	148	102	159	152	154	
121	117	153	188	109	134	155	124	148	195	
170	129	123	153	147	195	140	154	143	177	
119	137	168	169	189	132	108	109	101	159	
129	193	135	126	181	166	114	135	169	167	
178	146	113	111	187	174	133	157	137	160	
131	120	101	120	142	183	136	189	158	138	
127	150	145	111	143	139	146	171	100	121	
169	138	158	142	124	190	196	197	133	108	
101	169	112	101	172	183	187	111	187	145	
101	165	148	130	137	109	157	108	182	113	
147	109	133	173	142	143	141	158	191	106	
122	141	130	177	136	127	138	108	123	130	
116	128	181	150	113	118	168	162	113	183	
107	158	173	145	189	168	120	150	197	171	
114	117	104	139	117	123	168	124	126	188	
149	171	105	136	198	171	108	109	163	150	
166	125	107	183	187	190	153	184	104	182	
112	164	107	130	108	122	141	107	195	154	
164	195	181	170	186	122	136	126	139	101	
129	157	149	169	144	187	190	129	114	127	
196	120	130	102	185	142	169	151	176	178	
143	102	188	102	120	152	112	101	127	144	
137	129	118	112	157	148	155	128	133	104	
152	104	150	144	107	133	180	111	112	161	
119	128	111	184	163	187	169	176	127	182	
191	193	102	148	147	198	143	169	132	100	
152	104	133	176	198	149	158	133	148	174	
152	120	189	164	138	140	167	156	112	142	
138	124	196	145	114	136	179	175	183	141	
127	196	195	114	175	137	122	107	181	194	
129	175	193	196	155	198	138	185	118	131	
106	130	135	165	189	111	178	172	139	104	
108	159	152	124	162	116	126	114	104	112	
127	199	191	107	132	126	141	191	133	120	
151	157	134	169	119	117	124	173	188	184	
166	192	172	149	195	171	154	104	181	171	
120	105	151	161	123	176	156	157	170	183	
137	113	182	155	161	130	157	157	139	161	
190	192	116	179	148	155	184	167	185	100	
160	141	184	140	118	184	104	172	114	169	
131	125	132	116	127	192	166	101	183	108	
187	159	131	160	110	105	187	150	171	118	
149	146	116	155	125	145	117	128	130	161	
125	119	188	134	191	108	166	187	110	146	
110	179	161	109	191	184	199	123	119	130	
159	137	189	172	112	117	154	143	150	172	
109	128	149	186	101	173	194	151	100	134	
191	174	177	146	175	105	142	152	104	120	
176	130	102	111	141	160	121	159	121	147	
174	105	169	106	163	130	145	183	133	179	
199	175	144	160	177	188	106	124	120	188	
128	160	188	186	142	106	169	176	150	198	
135	144	117	187	190	193	126	171	104	147	
124	117	117	132	198	169	178	113	110	130	
146	112	156	180	193	159	172	156	134	154	
188	125	180	175	199	174	133	159	183	150	
144	106	150	120	181	116	156	139	115	198	
118	167	102	188	110	187	167	149	148	150	
126	145	169	180	119	184	167	162	105	147	
121	138	159	168	113	130	131	146	127	160	
197	159	120	135	114	184	193	177	128	139	
159	188	115	105	180	148	173	109	151	110	
169	152	136	151	173	143	116	121	120	156	
121	103	124	179	195	181	177	136	110	114	
190	158	151	197	160	177	106	196	161	177	
122	107	187	100	157	162	144	146	154	162	
190	101	153	121	107	139	146	190	135	152	
155	151	105	197	168	119	105	135	133	104	
132	102	127	105	119	113	103	134	158	127	
132	113	163	101	156	129	167	190	103	106	
176	168	116	191	123	128	136	188	170	130	
101	140	114	152	172	152	131	161	135	103	
115	130	107	121	117	100	161	151	176	121	
136	116	165	133	184	118	142	173	118	157	
111	154	193	117	179	172	135	171	132	159	
104	145	184	184	185	191	154	137	177	179	
181	143	175	142	132	197	103	180	118	186	
118	145	181	107	181	198	198	126	125	192	
167	139	171	145	189	145	199	167	189	106	
195	106	171	197	170	142	119	105	114	150	
160	183	143	190	106	121	122	191	112	189	
174	193	179	185	111	170	130	148	109	153	
146	166	135	146	118	182	158	101	125	197	
128	107	160	189	179	166	112	136	147	185	
120	162	126	199	128	180	192	176	182	114	
159	153	142	185	170	186	169	167	139	115	