200
20
29	27	65	56	67	85	92	1	41	7	11	58	2	59	33	37	78	96	43	32	
45	8	36	28	45	44	13	91	50	84	86	29	86	95	85	87	30	60	55	51	
42	99	13	20	97	9	52	61	46	26	53	48	47	13	81	77	55	35	88	22	
43	10	77	85	21	89	58	56	37	65	50	54	73	98	54	60	65	88	88	17	
56	53	91	35	75	95	47	68	48	52	4	84	75	54	19	82	84	58	45	19	
60	96	9	56	70	52	77	42	86	25	57	95	78	56	8	77	37	61	99	92	
98	33	96	51	13	91	48	87	21	32	25	74	58	58	36	63	25	42	7	99	
11	38	15	68	99	26	12	79	77	80	18	99	24	3	48	42	42	17	48	29	
75	76	7	79	40	99	19	7	43	22	27	78	17	75	57	52	55	49	24	60	
42	39	98	7	38	99	45	38	25	73	38	84	66	2	78	61	5	86	5	78	
86	38	85	83	47	96	9	15	38	44	19	24	72	75	80	70	96	63	14	86	
64	99	56	7	74	35	98	29	6	23	100	18	20	12	50	14	82	7	66	92	
85	35	10	72	5	47	60	64	54	93	24	54	13	6	97	63	48	5	92	70	
71	56	30	16	12	97	37	20	18	51	99	25	38	6	24	95	35	28	81	39	
92	47	14	30	36	15	76	93	66	57	47	8	67	82	48	4	14	58	27	56	
2	30	42	32	91	17	21	53	15	86	65	65	83	59	96	34	31	61	18	26	
78	8	28	51	31	35	15	50	50	58	19	74	36	40	93	97	51	67	58	38	
60	32	11	75	38	63	83	63	64	36	32	89	47	32	66	35	95	83	97	50	
44	36	22	3	85	58	13	78	90	18	82	75	71	66	46	77	45	65	22	36	
7	74	64	61	13	63	97	73	38	45	7	75	53	38	71	33	60	52	78	93	
24	53	26	99	84	37	40	75	72	95	30	10	25	16	19	65	28	43	6	92	
69	74	17	18	32	78	98	14	99	77	72	40	1	52	97	78	74	89	59	60	
87	95	26	72	50	73	89	54	93	58	13	17	28	57	46	87	12	70	16	46	
58	37	47	48	42	15	99	5	50	89	61	98	18	76	2	22	74	99	38	56	
62	66	84	62	38	43	24	97	11	69	56	15	95	17	19	16	41	86	97	99	
84	77	60	3	42	25	7	52	72	34	18	90	85	57	29	53	84	16	58	74	
52	46	26	63	60	49	76	27	4	22	87	60	95	63	21	100	22	36	8	70	
37	59	36	94	21	21	12	70	98	7	27	36	64	79	63	78	58	84	77	36	
58	81	79	36	24	24	8	20	45	32	78	45	64	45	30	86	58	72	12	7	
63	8	9	56	93	11	27	2	76	71	64	60	87	40	11	8	91	22	33	40	
45	53	48	20	79	37	74	31	80	5	89	58	68	24	54	50	1	34	60	49	
7	9	15	79	7	87	15	11	63	61	67	61	6	94	42	88	7	27	86	28	
99	87	60	26	5	10	91	65	14	88	48	14	51	31	48	80	55	46	54	1	
49	44	68	5	38	77	77	39	75	10	44	31	48	60	12	52	45	7	61	95	
66	32	71	29	67	8	37	29	57	66	84	94	49	72	35	32	10	37	28	67	
17	74	89	66	1	47	41	66	1	83	98	6	44	44	12	11	100	17	63	76	
91	97	10	91	94	40	63	72	99	58	48	96	66	40	5	34	8	80	36	6	
13	77	3	3	61	27	87	3	97	5	30	86	44	96	95	51	69	93	14	91	
24	40	16	68	73	12	100	79	72	55	4	27	8	94	75	5	3	97	85	77	
24	97	26	59	36	48	95	71	45	99	78	70	21	95	1	53	95	37	74	65	
21	63	74	98	15	29	12	18	99	34	1	45	87	17	31	74	39	75	95	41	
100	1	64	85	2	75	62	70	4	96	63	95	32	42	77	66	29	91	85	8	
10	6	12	60	34	75	81	32	45	6	82	35	15	51	25	68	87	32	95	75	
28	68	43	70	11	83	18	95	36	19	86	16	75	25	17	37	7	2	92	45	
95	6	21	88	49	78	59	14	80	26	49	21	22	50	50	90	4	98	4	17	
94	89	78	42	54	43	40	56	95	32	7	45	52	81	95	5	60	30	3	4	
78	41	3	15	86	97	99	59	17	23	19	25	59	15	95	9	83	13	50	42	
29	73	80	4	83	69	77	57	25	42	52	54	60	57	29	17	98	54	52	21	
44	50	76	66	88	83	75	95	82	69	18	30	11	99	81	37	94	100	6	60	
100	50	8	56	6	87	28	36	80	76	3	59	72	67	90	72	69	97	99	94	
12	80	21	96	66	59	20	90	8	36	70	42	60	71	70	97	12	61	68	46	
25	32	65	6	93	18	37	51	86	98	19	3	83	74	10	72	2	79	11	53	
58	91	98	88	57	61	41	35	34	88	27	70	64	1	95	38	80	16	42	68	
22	37	79	33	1	75	86	3	46	7	51	74	26	15	53	77	53	67	95	92	
52	44	35	33	46	36	99	83	35	35	93	70	66	31	87	50	9	32	99	52	
67	6	32	23	34	23	8	45	50	42	34	97	43	6	48	73	51	89	42	32	
52	100	84	65	89	24	75	76	39	27	88	63	84	13	66	14	84	86	86	92	
9	5	28	61	13	8	37	72	62	51	76	54	34	11	90	94	64	79	11	88	
87	13	94	37	26	23	61	52	70	10	55	23	37	73	39	98	80	83	22	5	
40	98	72	89	81	12	72	52	99	16	94	66	62	11	79	85	49	93	89	45	
63	26	12	5	23	17	12	18	39	100	40	49	33	47	84	41	57	88	4	51	
69	48	62	50	54	71	59	75	25	22	65	73	72	82	52	90	63	66	79	30	
42	53	34	62	8	82	3	73	42	61	34	95	55	99	74	31	73	34	89	83	
85	55	23	75	91	78	92	47	33	71	60	10	94	28	17	31	54	78	44	83	
85	76	84	77	49	20	53	54	58	73	25	50	34	59	41	65	69	61	67	39	
60	61	23	17	49	55	44	24	62	44	85	37	84	70	1	96	47	4	16	23	
9	90	72	83	63	27	73	29	11	25	93	78	76	24	4	56	73	36	95	26	
34	35	80	76	21	81	74	60	16	74	99	46	2	59	17	26	85	51	65	19	
40	5	3	36	19	74	90	12	4	69	71	72	52	56	18	48	23	50	97	42	
96	90	27	34	93	55	100	23	80	14	6	13	68	13	68	50	27	86	47	22	
88	88	83	6	92	90	67	100	70	18	86	21	33	26	86	61	83	49	26	31	
51	76	88	1	11	61	89	59	81	74	61	61	4	7	96	56	47	90	68	89	
94	39	4	89	97	99	20	57	75	71	42	97	87	2	3	24	57	37	1	31	
76	39	90	80	60	20	49	75	29	67	87	23	68	15	83	38	56	40	7	58	
64	39	21	30	100	48	15	78	95	33	88	19	9	56	16	98	53	70	66	86	
38	62	48	54	26	36	19	1	80	7	86	70	48	75	74	32	9	33	52	3	
84	81	19	54	36	29	8	44	69	56	8	65	77	2	77	62	38	48	38	93	
15	84	21	4	66	22	42	25	51	82	82	7	83	17	57	64	32	39	50	18	
10	72	30	73	67	92	29	78	67	18	1	46	41	40	71	87	87	48	32	44	
46	38	57	9	82	93	71	9	2	62	2	35	23	77	85	53	99	55	79	59	
9	73	90	33	72	58	46	68	41	4	80	18	62	49	44	90	36	34	80	42	
22	69	56	41	84	59	68	53	15	76	81	5	36	55	56	9	62	23	16	10	
66	20	7	10	22	89	69	46	50	46	97	22	79	13	4	22	93	61	23	61	
89	35	17	64	24	35	72	78	31	43	50	51	24	11	4	20	42	75	94	88	
14	90	56	9	62	37	6	83	86	65	35	50	17	59	5	43	70	96	41	20	
25	65	20	1	81	1	12	28	7	2	20	70	49	34	96	27	74	10	89	3	
48	86	24	47	8	36	7	44	96	72	51	64	38	89	75	49	80	26	18	95	
81	3	19	54	48	91	58	33	17	59	11	76	73	64	36	16	6	87	68	65	
52	14	95	45	6	16	93	63	54	54	10	23	56	21	27	45	66	11	17	6	
41	61	74	92	15	35	37	97	34	44	12	83	97	6	81	31	42	42	38	95	
45	21	53	3	39	78	88	62	31	27	46	31	58	76	72	64	65	35	91	31	
18	10	47	77	87	12	11	26	66	98	100	84	10	51	54	40	79	42	98	55	
79	12	95	98	93	58	51	68	99	84	9	77	75	46	85	13	26	16	55	83	
74	69	46	60	82	20	6	56	28	86	93	78	23	60	39	21	18	46	72	8	
98	2	19	64	96	7	86	49	47	45	33	5	73	78	95	1	68	28	84	14	
25	13	9	56	45	12	27	3	41	86	95	79	52	73	62	50	75	54	45	2	
32	1	92	5	4	90	13	23	52	3	8	86	51	8	57	45	67	81	22	65	
37	26	52	50	94	17	49	45	33	62	20	7	27	3	60	45	2	24	74	8	
42	9	51	37	30	55	95	53	48	33	33	30	19	99	91	69	77	70	64	8	
17	48	41	6	51	91	22	43	21	41	100	38	2	94	28	89	1	89	1	3	
12	26	35	82	94	41	20	52	76	77	68	4	4	59	14	97	20	6	77	14	
2	52	1	6	57	90	84	65	5	67	45	24	7	23	88	69	36	11	10	18	
27	28	81	72	2	72	61	69	58	74	34	55	72	34	10	24	57	98	34	10	
69	12	25	84	65	3	45	64	26	86	11	69	6	80	1	68	14	98	99	90	
37	8	72	92	61	63	75	80	76	32	86	50	26	76	70	35	46	80	37	54	
51	85	61	83	26	5	74	76	77	6	12	68	78	76	91	7	70	81	8	78	
25	49	5	8	72	41	100	57	35	44	76	19	37	25	66	73	85	24	52	21	
27	52	92	78	12	26	36	32	46	59	85	65	84	77	38	68	51	24	71	73	
87	9	83	79	85	5	88	62	41	15	22	62	83	27	59	26	14	86	6	57	
59	91	30	70	21	89	70	66	42	28	83	4	98	98	54	55	42	66	20	60	
65	79	96	35	74	55	13	54	50	16	78	32	98	1	2	17	49	67	8	43	
22	90	32	94	88	87	28	26	69	43	50	17	37	13	47	36	64	13	82	82	
84	37	31	20	46	66	27	81	2	28	56	94	18	29	21	83	33	3	45	12	
98	33	2	78	69	19	94	46	64	1	65	72	6	19	29	78	97	14	11	44	
78	25	79	36	51	51	16	86	5	24	41	6	40	51	4	7	21	67	18	80	
35	34	40	94	17	19	53	73	88	24	16	96	8	4	92	55	65	80	48	88	
57	21	89	59	29	14	52	23	81	15	14	10	73	41	37	73	2	70	38	93	
30	61	72	50	96	59	44	89	76	21	80	85	19	62	77	55	10	57	42	44	
62	29	42	41	21	21	42	61	24	34	65	10	100	16	84	41	22	72	82	82	
95	37	61	81	33	19	76	50	74	17	94	96	43	31	23	12	60	63	17	6	
87	21	57	92	30	70	80	91	86	13	3	60	46	5	47	60	14	12	62	17	
83	78	55	92	80	27	92	59	5	34	47	67	63	25	82	8	15	22	16	58	
45	25	38	1	55	41	47	29	30	81	20	3	89	91	27	59	17	19	34	42	
2	67	48	26	80	68	53	73	68	85	56	51	46	99	27	24	4	100	99	9	
26	78	85	52	50	92	48	47	70	9	84	46	76	61	16	81	34	16	37	12	
25	54	76	30	20	69	75	57	30	14	79	4	56	31	37	29	28	42	27	26	
55	20	10	30	26	9	79	48	2	51	75	43	73	26	24	67	93	22	41	85	
60	24	69	78	6	64	77	49	43	33	33	25	77	11	65	70	14	58	21	57	
30	67	82	80	13	16	64	9	32	21	21	71	43	62	16	54	95	49	48	84	
13	96	8	100	91	28	4	39	17	65	6	70	92	14	38	23	97	57	83	29	
98	28	8	63	43	47	60	14	90	26	3	6	40	76	61	2	100	26	32	24	
63	73	77	25	95	30	92	86	8	41	67	87	73	6	90	82	47	100	88	84	
66	23	57	72	36	40	100	25	38	33	28	41	79	95	72	48	15	65	63	3	
3	19	2	87	71	27	85	66	96	92	18	65	80	12	30	69	99	61	88	35	
29	48	32	82	30	63	85	67	49	34	52	89	58	67	37	41	98	22	12	81	
50	60	100	80	33	98	95	77	67	46	39	57	43	9	65	24	67	28	5	88	
63	73	42	33	64	78	76	68	12	89	36	67	100	43	63	67	98	23	95	92	
40	16	44	75	29	19	59	38	3	86	77	25	83	69	34	17	98	56	27	17	
72	23	75	94	63	58	8	32	37	52	27	91	67	50	70	40	72	70	76	88	
22	51	95	15	24	48	95	47	71	88	42	12	87	8	56	36	55	20	53	60	
88	90	42	89	100	33	11	5	55	90	82	87	55	52	44	2	2	37	57	14	
5	38	41	21	7	56	44	20	19	74	91	34	86	15	13	15	75	48	53	2	
86	87	69	98	32	75	80	74	57	64	17	71	6	100	56	63	81	75	70	55	
72	12	30	56	99	4	19	83	47	84	29	47	17	1	64	41	98	88	99	46	
37	69	98	41	94	63	91	15	74	61	75	43	98	93	53	24	8	18	88	59	
5	97	51	56	44	24	47	80	32	46	76	23	98	72	8	84	82	9	41	81	
13	50	74	66	28	73	58	71	3	75	33	78	1	70	39	12	99	12	67	96	
60	6	29	33	77	5	12	48	82	70	16	37	18	98	51	4	7	9	24	61	
66	45	57	33	98	83	9	64	63	77	47	12	51	35	33	24	13	76	42	38	
86	93	82	11	73	81	55	67	86	41	2	26	12	30	32	27	81	45	17	24	
23	59	43	4	56	54	95	23	54	73	28	5	77	99	81	70	2	64	21	33	
30	92	82	37	37	52	43	64	45	8	11	76	99	35	4	100	36	74	72	92	
60	44	76	57	88	24	7	59	90	89	22	33	75	46	82	51	69	45	86	80	
47	15	95	12	79	11	22	73	7	56	97	9	87	49	46	46	62	6	17	86	
43	37	21	96	53	8	27	44	56	47	8	100	71	75	40	11	15	44	31	78	
64	20	88	71	27	4	89	77	20	32	51	99	55	12	91	84	83	62	85	16	
35	84	29	39	69	71	64	54	63	50	65	19	72	28	98	57	9	17	45	29	
98	88	29	41	69	82	82	99	18	31	88	43	16	78	77	25	72	47	57	21	
4	42	48	73	99	71	51	17	75	16	75	66	60	2	11	69	21	68	81	85	
9	40	88	48	13	84	29	70	53	69	29	87	96	6	39	87	96	11	71	33	
71	49	70	1	1	75	77	3	51	64	25	68	78	24	17	12	81	94	37	71	
31	18	94	98	25	3	30	77	80	48	86	34	44	9	47	45	74	59	38	99	
92	24	44	82	42	28	95	99	100	31	51	87	75	33	81	32	18	10	86	72	
67	95	47	52	54	94	61	26	54	29	52	57	22	26	98	18	32	71	58	93	
22	57	30	62	85	40	94	10	51	89	78	82	52	96	52	30	70	21	60	76	
30	33	17	36	95	35	82	45	78	90	93	85	99	23	47	33	88	11	25	28	
44	49	79	25	40	34	88	50	2	23	5	92	18	13	35	13	82	28	40	65	
49	49	34	64	52	25	80	7	5	63	34	93	34	23	88	33	75	30	86	42	
20	66	39	69	25	78	92	48	3	35	37	56	24	86	3	22	88	63	57	44	
32	63	28	31	83	49	69	100	16	55	47	99	86	99	55	7	20	14	53	97	
54	6	48	21	88	20	93	59	78	93	68	8	45	96	5	52	21	69	83	80	
80	14	20	64	86	43	80	87	15	49	98	24	31	51	45	89	97	37	69	3	
96	50	8	60	63	78	84	77	67	62	5	68	98	26	39	47	91	56	98	20	
33	38	99	16	3	36	61	75	82	41	5	17	30	96	14	35	42	28	36	29	
49	23	16	17	12	36	45	90	34	24	46	22	63	14	84	46	77	72	100	27	
97	9	82	94	22	98	96	53	32	42	18	98	39	10	63	57	36	7	58	70	
41	85	43	5	93	60	21	86	16	54	12	13	91	21	32	26	65	33	50	63	
95	93	11	86	34	77	86	2	50	8	54	15	86	53	98	90	7	97	14	71	
46	36	31	54	83	60	86	49	24	59	71	24	51	37	81	14	16	54	42	40	
11	90	72	32	7	78	86	52	48	37	22	19	10	9	77	29	11	55	18	42	
34	85	15	16	42	85	25	90	47	32	6	69	83	74	78	63	38	94	20	75	
68	54	55	32	73	72	49	10	71	13	95	27	47	95	79	95	98	74	95	82	
50	15	63	35	62	19	87	58	14	8	98	32	8	83	71	27	21	7	55	73	
1	67	24	22	67	69	50	26	51	95	11	21	65	22	92	33	51	74	6	10	
15	67	67	42	52	14	16	36	8	21	32	51	87	56	7	71	62	99	24	92	
39	69	1	48	8	59	97	32	31	15	89	75	70	41	76	49	20	71	16	82	
92	30	91	79	69	60	86	4	48	33	82	57	39	39	28	91	35	29	55	62	
89	25	98	84	21	13	15	65	87	11	52	91	27	90	9	77	33	97	3	67	
62	88	43	53	74	58	42	82	71	12	86	13	30	8	94	58	6	35	16	43	
34	26	88	49	48	65	37	90	25	37	88	66	43	86	28	93	30	85	70	68	
94	64	80	16	14	78	73	13	59	2	94	18	37	11	88	33	44	3	71	77	
73	100	34	47	67	84	92	36	88	89	87	2	82	1	87	60	57	100	75	49	
70	36	17	70	11	83	84	62	41	44	40	10	35	75	85	46	34	63	16	27	
92	97	18	76	10	7	83	4	22	8	56	2	66	36	2	63	73	65	84	26	
24	88	27	70	25	57	49	1	100	49	83	16	9	66	28	86	14	42	87	40	
73	14	76	71	44	94	44	10	7	82	32	39	58	95	85	7	51	19	1	6	
29	23	1	29	84	40	27	92	70	22	51	28	60	49	91	5	98	70	16	34	
64	49	95	18	46	93	89	83	62	93	51	30	22	34	59	1	36	22	88	13	
59	79	56	37	65	34	65	72	70	40	56	92	57	42	19	39	100	62	11	94	
50	38	90	37	77	60	28	17	7	48	7	62	59	13	49	22	97	12	49	28	