500
40
51	20	82	27	64	44	76	76	93	65	38	70	78	97	79	35	99	25	47	67	45	26	14	51	99	100	84	21	18	21	22	98	49	11	37	51	100	53	69	83	
99	36	95	66	57	94	67	60	12	91	26	35	38	69	80	64	22	76	33	24	32	70	65	77	57	76	15	19	85	56	34	89	82	54	51	17	22	49	37	52	
58	39	45	61	39	72	90	71	16	29	68	54	76	40	59	70	32	56	65	18	23	53	83	18	92	18	30	49	82	94	89	48	17	63	94	48	92	71	36	63	
64	77	45	25	12	16	48	92	95	57	70	21	20	89	90	93	33	96	92	69	70	44	81	14	30	52	97	11	63	88	54	16	17	83	60	77	37	43	18	33	
52	56	53	99	57	59	31	36	100	57	88	49	80	20	17	24	82	80	46	64	89	45	35	13	12	35	49	49	78	20	97	83	57	50	91	42	62	91	60	99	
30	36	17	33	78	83	13	94	37	96	93	32	92	94	75	26	66	35	83	17	38	28	100	88	50	18	64	11	93	23	30	41	88	38	18	15	88	53	60	77	
97	54	88	63	89	61	91	53	31	73	10	12	57	25	75	62	21	15	10	46	98	52	43	66	45	40	41	36	63	11	91	26	13	12	40	34	77	88	18	31	
49	80	77	83	87	99	56	63	36	91	60	34	88	89	84	23	70	14	87	84	76	80	63	12	74	88	75	54	86	29	51	50	46	20	57	12	31	54	75	91	
54	61	99	28	76	45	82	73	24	20	65	52	59	44	28	94	51	13	85	56	83	53	97	89	32	49	58	61	81	78	42	60	46	11	63	96	59	37	48	66	
75	94	26	100	66	55	34	36	93	98	70	98	94	84	42	85	19	42	100	98	12	41	89	64	87	54	98	28	76	40	73	63	48	27	11	64	99	71	14	30	
19	63	81	60	100	11	12	59	12	15	16	34	50	62	81	100	71	11	95	13	82	98	66	71	40	60	70	65	30	59	96	23	37	24	95	74	82	13	70	95	
76	28	10	34	80	70	54	49	18	17	76	51	85	91	38	62	78	90	34	34	49	47	75	22	19	98	34	47	72	12	96	86	99	29	63	77	26	57	58	56	
30	56	82	48	65	33	35	51	15	15	82	59	57	27	29	27	69	84	45	24	88	41	21	12	92	63	24	90	57	50	74	87	100	88	57	28	94	17	68	45	
70	92	15	17	36	44	24	42	86	91	28	43	38	10	96	88	64	90	83	65	95	67	10	33	70	18	71	34	81	83	27	25	55	97	53	16	95	38	35	81	
17	56	12	67	32	70	53	58	43	61	82	10	17	56	98	18	96	21	98	86	85	72	46	34	98	15	55	56	28	87	87	26	89	42	75	49	45	23	51	86	
41	79	39	74	71	21	55	81	88	50	30	69	74	15	96	42	51	48	73	89	71	36	22	30	22	49	44	12	65	58	11	48	92	28	59	97	89	12	74	78	
17	64	27	37	47	88	26	66	34	44	77	98	76	61	82	66	41	20	36	98	39	26	68	50	99	82	64	77	19	85	76	12	67	17	84	72	43	50	92	91	
23	60	40	28	65	12	29	64	78	84	41	46	59	43	98	89	91	18	74	95	24	38	56	88	53	33	90	73	58	12	43	97	68	20	30	81	36	75	17	59	
43	54	64	23	50	92	64	63	94	39	70	87	60	62	71	91	93	68	45	81	99	11	62	62	63	85	92	95	33	88	97	38	90	59	53	82	54	29	56	19	
64	73	39	52	74	38	58	77	11	49	55	72	95	52	31	87	71	32	97	65	31	11	96	97	44	49	50	31	49	27	39	37	81	27	88	100	49	17	52	99	
82	19	20	19	76	71	55	44	44	89	76	60	12	32	16	82	55	26	17	54	17	34	71	46	23	21	15	47	72	91	44	58	12	41	59	61	54	81	21	48	
79	34	13	69	56	21	71	60	47	36	35	36	16	82	27	41	74	57	23	61	65	81	78	81	98	98	46	60	36	59	100	78	90	93	58	65	32	20	45	57	
82	22	32	73	93	37	21	28	42	72	60	22	56	46	25	67	55	64	14	38	41	29	96	59	56	50	17	45	32	19	93	35	94	66	58	70	47	54	37	79	
63	63	67	61	92	25	47	25	69	46	10	51	51	20	61	64	55	100	35	61	76	21	43	34	13	62	33	31	88	22	71	34	71	53	50	31	13	34	75	88	
85	91	44	13	68	44	90	85	20	40	65	39	22	71	77	22	80	27	82	21	79	42	100	98	93	33	39	46	33	81	35	74	10	87	42	93	82	37	71	51	
14	27	97	93	79	78	20	44	34	91	49	26	86	59	30	68	24	16	11	64	64	69	61	45	57	69	30	55	53	87	11	99	87	33	29	77	73	80	68	35	
27	52	21	34	62	11	22	25	71	59	99	47	92	13	24	61	70	26	100	63	59	17	18	76	88	46	35	83	15	19	39	76	74	77	95	40	89	83	23	22	
67	62	86	46	46	28	86	53	10	37	22	31	86	85	16	32	82	30	79	86	20	81	11	92	27	65	93	23	81	47	20	69	37	63	82	65	44	21	26	47	
37	39	24	92	59	70	15	52	31	75	56	30	92	47	16	99	89	96	19	60	30	23	20	94	24	52	68	34	75	39	90	49	88	90	22	11	48	88	84	51	
75	66	79	80	36	39	45	54	90	43	35	81	95	95	82	12	34	55	87	86	14	17	45	44	72	94	59	98	55	62	42	69	99	98	59	18	32	61	11	19	
40	55	35	54	87	96	86	86	51	58	24	67	25	69	41	17	22	42	44	13	82	38	14	48	11	16	84	28	44	44	57	96	31	68	87	74	13	99	88	63	
26	49	83	51	46	70	30	89	18	41	80	71	26	84	85	10	100	89	68	24	18	85	85	65	42	77	20	89	91	22	95	65	71	78	40	60	83	18	71	11	
36	30	94	37	85	18	21	46	17	12	90	76	84	47	21	22	22	32	13	59	100	16	35	100	12	22	67	43	37	90	72	32	91	39	13	91	45	49	56	19	
23	57	36	50	15	58	67	65	73	84	19	88	85	53	49	82	75	31	90	76	19	56	89	42	43	97	87	92	23	98	49	71	87	19	69	57	70	11	75	78	
65	98	91	52	23	78	54	46	24	55	92	32	96	61	45	89	69	92	95	94	82	87	88	46	92	27	60	99	99	15	31	67	25	53	76	58	52	10	31	34	
40	75	43	91	40	19	56	94	16	42	18	20	37	25	86	19	44	83	35	31	98	69	64	43	38	35	42	18	33	69	83	27	35	49	80	82	29	48	75	58	
29	53	47	96	57	40	43	51	96	52	12	45	91	48	34	92	25	39	79	52	23	38	85	59	79	87	73	93	91	83	46	37	34	10	92	41	55	89	66	37	
67	21	56	59	91	54	48	98	11	26	60	30	71	86	94	50	95	75	92	78	78	35	64	50	58	38	23	43	48	92	94	16	15	32	86	55	39	48	44	49	
94	38	32	79	20	30	84	38	15	99	49	14	94	95	14	90	70	82	65	61	58	68	52	70	61	48	15	41	13	28	34	74	35	22	62	87	34	23	42	60	
95	97	72	11	66	71	89	37	84	38	62	10	91	15	56	11	91	97	57	10	11	14	83	93	33	62	58	35	80	83	36	84	71	59	35	79	97	39	92	29	
19	15	38	42	92	14	54	91	33	32	32	49	73	51	93	22	26	28	89	44	72	95	17	97	47	25	97	73	15	24	43	42	52	71	39	60	48	75	31	33	
39	64	72	69	72	78	19	27	31	26	81	47	42	58	57	48	88	91	67	36	35	12	58	67	21	64	28	82	74	85	90	25	11	80	19	98	82	76	11	72	
21	41	88	22	78	68	92	96	19	44	53	14	69	11	75	86	78	95	88	42	95	26	99	100	37	19	52	75	88	45	10	52	62	83	86	29	74	96	43	64	
65	73	25	44	26	99	12	83	39	71	38	87	22	37	22	31	15	76	92	51	97	46	15	11	28	48	22	22	35	47	61	47	22	61	23	59	43	13	99	95	
28	81	74	92	37	21	94	81	100	33	15	24	26	41	54	28	66	72	19	68	30	86	74	41	75	29	19	17	20	12	80	20	31	30	80	79	54	42	14	64	
40	72	76	40	19	54	34	73	62	92	23	50	24	49	65	25	10	96	10	20	35	99	21	67	67	90	62	70	67	21	87	15	82	26	49	99	70	84	72	36	
11	96	33	85	77	93	62	26	99	92	38	71	15	13	29	94	100	53	29	21	76	76	62	41	88	75	41	10	94	13	86	79	22	82	11	84	84	28	100	68	
30	62	19	62	49	85	82	52	47	68	71	29	66	61	63	100	72	42	46	12	76	82	69	67	80	30	15	79	28	74	28	70	70	25	87	38	15	85	47	29	
76	88	26	42	40	84	91	81	70	100	52	46	35	100	94	88	92	69	11	87	35	10	54	68	11	27	89	54	74	92	84	69	59	32	91	70	60	61	71	33	
75	25	65	75	28	18	46	63	76	25	62	95	67	56	22	21	71	43	78	84	97	86	79	42	37	30	29	72	94	61	18	73	86	93	73	86	26	54	50	70	
91	96	35	15	15	52	59	63	58	35	31	58	26	19	96	57	93	98	75	12	81	37	11	50	11	34	42	75	61	26	25	33	83	18	11	69	69	87	25	53	
31	87	96	58	16	75	89	17	100	95	92	43	54	92	87	97	96	32	21	60	13	77	54	81	42	72	19	36	43	72	45	44	24	48	17	91	74	33	13	25	
50	94	31	99	11	44	90	95	49	30	68	42	94	38	96	36	12	81	42	86	31	74	93	13	21	89	30	52	98	90	19	40	99	82	63	19	12	80	39	92	
12	18	77	62	42	74	67	34	59	29	13	48	20	23	31	35	31	16	22	15	78	74	54	40	28	46	21	57	13	67	17	60	12	57	53	48	100	98	69	11	
20	19	66	29	55	48	54	10	99	81	42	26	91	67	50	38	19	57	65	81	79	87	82	72	29	82	25	82	19	36	20	23	71	22	18	43	78	41	86	21	
41	27	86	26	32	92	39	50	53	64	33	64	10	50	86	79	10	45	89	52	85	25	41	74	18	36	47	64	76	18	76	34	79	29	59	44	63	79	19	15	
13	60	61	87	100	68	10	75	76	43	58	12	51	69	45	93	59	28	50	74	68	26	51	74	66	78	65	58	64	77	92	19	31	73	94	39	100	51	89	14	
36	15	100	57	100	100	71	94	34	99	16	30	17	40	67	37	16	57	44	89	84	89	51	85	94	23	48	87	90	80	95	27	83	54	23	31	40	94	30	98	
18	27	26	13	44	17	14	90	85	68	25	98	27	87	99	53	49	37	22	53	45	74	63	63	66	71	56	86	17	35	89	81	97	92	79	35	23	11	14	91	
94	58	33	57	25	45	63	56	60	60	56	41	80	23	87	19	70	73	50	26	48	34	75	76	66	13	26	27	11	36	76	14	80	33	91	39	18	80	31	40	
81	99	62	62	46	55	48	41	79	75	85	45	64	86	32	33	36	99	74	98	37	73	64	44	84	52	48	67	11	44	21	74	63	47	92	83	35	21	60	60	
52	46	97	73	77	68	97	13	90	48	52	28	23	96	22	38	80	78	38	18	73	86	49	65	46	52	24	62	16	15	25	49	21	97	74	90	93	85	89	37	
90	70	58	60	80	86	20	31	57	27	89	33	46	59	35	75	11	44	22	100	21	45	40	36	40	64	79	37	35	76	73	22	68	33	44	65	33	45	76	77	
33	56	16	66	72	45	41	11	86	12	40	99	59	70	11	56	70	45	67	73	30	65	98	52	55	83	14	37	57	82	49	10	20	11	16	91	96	15	78	87	
15	36	55	17	15	13	76	30	11	48	98	25	82	74	57	100	46	72	58	48	81	99	38	28	99	70	44	86	28	61	21	97	69	85	75	46	61	66	95	85	
67	53	57	90	23	57	26	80	73	53	17	64	69	35	74	47	69	18	12	32	31	93	19	23	42	31	25	13	74	42	42	41	28	63	55	22	24	27	13	81	
17	58	28	31	88	59	58	89	27	57	72	93	91	31	57	98	93	43	55	85	47	89	54	98	95	13	28	98	32	10	78	41	44	93	80	52	70	89	76	28	
57	86	87	28	58	49	80	60	27	69	39	30	95	96	46	95	14	55	98	15	88	55	74	54	54	28	97	16	91	64	61	87	15	77	98	43	98	35	48	18	
57	60	80	92	78	55	52	24	10	57	82	17	57	30	20	85	30	52	54	55	49	11	63	19	77	94	61	10	26	36	74	11	66	16	93	47	42	75	78	59	
16	94	67	25	49	43	45	93	52	79	87	96	94	63	27	19	73	90	98	62	11	83	95	75	78	10	50	32	31	48	82	72	92	49	55	41	10	43	54	95	
32	65	11	59	12	96	64	83	55	97	92	85	12	44	20	90	65	95	13	43	32	63	61	38	40	46	85	14	92	69	28	41	86	68	70	34	45	42	49	28	
88	37	79	65	17	58	10	87	88	71	86	49	34	82	19	81	43	58	38	68	40	58	64	95	25	65	43	75	55	17	90	50	78	39	92	69	84	75	62	54	
48	87	54	42	59	13	36	33	83	56	76	33	54	26	66	73	19	41	47	69	40	57	27	65	42	92	33	62	80	25	100	22	32	33	42	50	53	27	72	89	
97	52	71	17	20	36	86	93	24	36	37	22	11	28	72	84	41	87	80	82	25	62	55	78	90	88	45	40	34	60	96	22	75	17	71	74	57	19	17	90	
30	68	77	33	34	100	31	84	23	34	77	32	23	48	89	61	54	14	46	94	50	25	31	65	21	80	34	45	77	95	44	62	43	73	65	39	23	73	80	29	
90	91	19	33	88	57	78	79	70	50	87	52	66	44	91	61	99	77	57	21	52	74	87	46	72	51	87	93	92	54	90	67	94	32	83	87	84	35	30	39	
57	37	81	43	29	34	33	43	50	81	14	22	90	41	20	22	41	29	100	23	23	78	31	77	47	41	65	78	78	31	45	40	99	35	19	99	33	21	58	44	
85	61	11	96	31	49	45	15	77	71	90	37	21	98	53	44	71	21	48	10	96	43	24	81	72	81	23	45	92	72	89	66	86	53	52	81	100	16	35	57	
38	79	58	66	58	65	30	99	85	96	33	78	40	53	25	14	39	94	85	98	78	32	48	39	61	27	100	17	76	45	10	90	45	99	69	66	82	99	11	31	
42	85	11	30	40	34	49	59	83	67	24	74	68	51	84	39	53	40	45	19	53	60	44	94	51	24	58	16	98	70	70	36	77	73	11	85	40	44	51	60	
93	93	32	96	42	52	35	88	72	46	97	18	41	55	83	87	21	44	83	52	28	91	74	49	66	21	56	73	81	14	84	29	71	82	65	74	58	42	18	65	
75	35	37	28	41	71	31	69	36	30	78	13	87	54	16	63	71	46	91	97	82	70	96	18	28	92	20	41	92	11	25	63	60	29	40	15	90	51	91	80	
42	30	30	28	31	70	35	11	37	23	49	44	45	53	62	29	87	81	48	11	40	97	34	50	52	84	35	93	15	57	11	52	53	36	69	47	19	60	61	49	
68	94	91	66	23	41	96	52	49	16	91	29	25	80	49	89	83	49	36	35	13	48	83	57	79	45	69	40	90	96	70	25	74	35	49	49	28	22	20	52	
51	33	40	73	82	59	13	62	70	21	89	95	70	45	67	15	34	42	78	22	42	98	63	44	20	47	67	64	86	45	40	57	25	42	54	24	27	21	25	35	
91	17	26	66	88	51	65	28	21	77	73	94	94	71	27	36	98	43	83	98	76	33	41	49	35	11	36	52	60	78	100	30	94	85	80	16	80	89	29	23	
45	72	80	58	57	97	12	46	70	18	44	20	16	51	80	43	15	84	55	100	42	56	52	69	87	82	30	58	80	58	56	70	67	56	32	98	92	10	63	24	
50	61	47	16	65	76	83	26	54	92	78	43	81	64	42	82	43	30	55	73	44	60	84	82	36	78	41	15	69	29	81	71	62	99	62	62	40	26	28	82	
10	23	69	39	16	36	61	82	91	99	14	70	71	18	58	97	96	51	84	89	62	94	15	63	81	99	33	82	75	79	28	37	61	79	31	95	86	57	99	95	
12	94	83	36	75	11	69	16	67	33	49	40	47	59	91	22	90	57	41	51	66	59	69	62	65	87	97	78	12	12	27	60	56	74	35	82	89	89	53	32	
92	61	70	51	57	51	97	51	63	53	36	72	65	14	26	29	60	41	22	77	22	27	45	10	76	49	45	83	67	11	32	67	85	21	69	63	17	73	75	43	
86	75	59	84	93	14	80	26	17	42	31	22	53	32	51	74	59	56	60	63	57	12	79	50	30	80	15	30	91	68	68	49	14	60	59	37	39	38	43	16	
99	83	38	52	41	94	21	69	98	37	45	93	56	79	76	67	21	23	55	30	32	91	97	10	29	66	24	48	54	66	30	61	28	86	100	35	65	32	70	46	
98	35	33	44	67	87	10	86	51	14	34	86	49	51	26	44	67	37	59	46	85	64	88	21	89	95	33	38	100	24	31	23	45	17	36	71	57	34	80	41	
62	14	98	42	95	47	47	83	21	67	72	18	30	67	77	11	88	54	85	93	49	97	17	40	77	20	65	66	11	67	79	23	96	72	76	18	80	78	94	72	
50	80	31	27	34	51	94	93	10	20	63	88	17	79	98	85	56	74	68	86	33	35	60	52	86	41	48	13	33	57	29	38	84	71	60	18	94	44	56	33	
24	99	28	73	21	10	73	31	45	89	90	46	25	62	12	19	58	95	60	52	67	12	57	32	69	10	89	12	66	24	87	44	18	71	14	54	48	51	21	54	
97	76	11	32	24	21	25	100	82	81	58	22	45	14	80	83	62	81	54	89	49	44	30	59	92	70	43	33	46	35	72	50	100	28	31	45	58	65	74	52	
32	65	97	63	11	37	82	16	17	41	99	73	12	33	20	52	89	96	60	25	81	79	49	80	30	41	31	86	39	60	76	58	42	54	66	68	18	66	49	19	
49	63	28	33	75	36	43	70	38	93	67	76	38	38	47	68	75	95	28	13	38	93	30	96	61	50	76	77	73	21	32	21	82	76	86	91	13	64	37	13	
65	75	38	85	75	97	71	65	19	61	80	81	58	88	33	90	37	55	80	52	71	86	40	79	58	26	11	80	86	62	11	63	29	32	27	53	83	66	52	71	
51	70	66	84	100	48	45	13	81	58	37	29	75	31	27	39	61	93	35	62	61	83	87	94	73	61	58	77	98	97	92	61	43	96	61	57	92	72	54	77	
83	10	90	63	21	92	84	69	81	24	60	89	23	74	66	40	80	80	69	40	99	87	94	17	68	80	86	78	32	27	98	18	22	31	41	50	45	100	35	26	
77	55	73	93	32	14	84	41	86	12	31	17	86	91	33	92	62	88	35	83	13	29	86	15	83	99	75	87	86	54	41	44	78	91	40	65	100	40	58	94	
32	98	13	68	19	52	37	62	49	24	57	58	65	64	25	32	35	54	99	59	16	82	66	59	88	80	22	11	40	95	54	32	59	53	56	47	52	78	41	96	
96	54	47	55	62	28	42	13	77	26	12	40	30	44	28	66	92	80	14	20	79	57	63	60	18	19	78	23	29	35	37	16	83	61	80	96	11	23	53	63	
60	84	79	39	14	44	100	62	99	37	82	87	72	16	94	31	86	94	81	88	57	46	36	78	59	51	34	34	31	80	81	98	75	42	88	34	76	81	20	84	
75	57	89	65	94	95	25	13	83	29	16	84	32	56	14	68	12	97	14	22	32	10	65	27	40	66	72	89	35	39	29	94	62	90	87	48	48	31	35	33	
70	47	98	82	99	83	15	96	100	34	41	34	73	58	95	61	41	15	93	40	79	96	72	84	43	92	43	82	77	56	100	35	37	40	56	25	56	91	66	74	
54	16	81	86	76	19	86	98	99	95	53	97	19	74	19	53	49	99	84	73	46	41	94	75	13	77	18	33	17	92	45	66	83	70	14	83	69	10	42	50	
37	58	32	83	44	29	55	71	75	53	21	18	15	38	61	31	18	20	56	78	94	86	89	67	47	22	23	66	51	45	24	85	21	77	12	14	60	13	42	21	
66	12	71	54	39	14	77	28	47	41	70	56	69	21	27	24	28	81	77	32	39	72	43	47	78	42	50	49	23	25	30	23	98	50	100	66	17	61	88	89	
24	92	21	36	99	28	40	65	51	45	87	84	39	11	27	83	35	45	66	66	75	16	78	95	29	40	60	97	65	23	13	26	53	39	90	34	79	44	49	71	
38	61	42	100	38	47	79	66	12	76	72	68	93	41	51	71	17	77	65	37	86	98	60	83	47	65	48	86	55	60	97	14	36	79	61	87	60	50	85	75	
51	80	37	74	20	12	58	98	88	73	43	35	75	33	42	36	15	65	17	50	54	67	66	75	15	69	80	26	69	13	33	78	91	77	81	23	29	20	36	75	
45	72	36	17	56	16	59	68	32	24	73	73	53	72	29	16	71	62	63	83	20	45	68	67	70	40	77	17	16	89	14	92	46	48	80	55	77	64	32	42	
33	75	80	37	21	69	41	87	24	19	95	31	78	95	84	90	60	99	61	81	84	11	93	15	34	18	92	29	66	12	53	45	44	67	61	66	97	23	12	28	
63	86	16	96	32	35	10	97	68	34	22	39	37	88	13	86	32	45	37	24	86	20	36	53	58	11	51	59	32	17	73	66	87	40	36	71	58	68	49	81	
27	19	46	36	61	35	32	48	89	42	52	46	78	55	12	28	11	42	45	26	45	69	63	81	77	98	53	82	28	61	45	92	67	67	11	71	100	78	50	94	
26	48	84	81	21	37	44	33	86	37	24	42	82	71	95	87	95	80	30	17	57	98	58	32	57	61	53	11	46	22	98	56	58	47	16	87	93	96	36	89	
87	90	98	12	60	38	72	47	54	84	93	30	83	23	87	42	99	35	78	68	60	62	58	24	28	88	82	100	12	24	18	41	64	73	22	40	14	99	44	20	
24	23	10	95	33	24	13	36	28	72	50	65	27	53	10	71	93	30	47	68	83	45	20	65	73	74	37	13	85	80	20	29	44	54	11	42	63	30	46	75	
40	33	92	60	57	11	96	36	87	62	85	20	11	31	65	94	92	48	93	37	67	33	76	17	62	39	19	30	31	39	60	69	88	11	46	30	83	89	59	34	
81	85	52	15	23	83	17	77	62	48	68	84	71	58	55	56	59	33	49	39	64	25	95	38	29	88	73	99	11	69	59	48	22	71	27	67	38	54	69	33	
47	68	36	37	98	38	57	63	95	83	88	89	74	37	68	62	89	97	47	34	80	39	83	55	51	46	26	98	41	27	54	55	92	59	30	40	42	57	20	73	
69	56	51	14	10	51	80	65	77	54	95	19	48	32	39	79	96	66	58	52	38	87	66	81	84	77	49	38	60	39	24	98	25	12	39	49	70	84	78	56	
13	89	46	45	84	67	35	97	15	22	42	44	41	69	65	69	50	57	34	100	37	67	93	66	37	40	67	59	71	74	52	66	99	82	20	27	52	51	100	68	
57	32	32	73	62	58	91	78	20	28	50	24	24	54	84	39	25	77	43	42	79	79	63	98	51	75	59	86	37	59	91	27	87	15	36	51	20	100	51	13	
80	34	60	55	43	57	13	51	74	81	71	92	85	37	49	11	53	93	78	66	85	33	99	43	91	23	56	79	61	63	33	22	92	35	24	19	82	68	63	75	
17	65	47	68	98	20	57	91	22	90	77	86	45	90	96	65	46	77	45	20	66	72	30	27	79	94	20	34	37	50	69	31	47	22	85	85	58	30	53	81	
21	87	45	95	21	61	37	62	21	45	43	74	58	65	36	87	61	22	61	36	84	14	18	37	58	40	56	64	68	21	89	14	41	25	86	44	30	68	31	40	
50	55	48	35	87	60	88	15	98	69	60	10	90	100	48	89	10	19	23	31	72	77	71	73	49	27	72	75	80	38	18	75	67	87	28	89	22	54	38	64	
74	61	18	65	99	71	23	70	49	74	77	100	67	90	67	14	39	89	100	56	65	41	90	57	39	41	54	75	89	71	43	22	41	13	84	40	34	80	38	37	
50	42	54	88	57	31	17	46	91	69	54	24	43	29	58	46	19	62	64	64	53	96	84	64	98	20	65	11	49	24	32	13	36	69	66	16	33	34	71	19	
60	87	89	15	30	86	91	29	76	54	50	38	91	55	29	30	44	36	10	63	54	73	85	52	82	30	14	70	82	98	33	86	94	73	13	11	96	56	20	58	
42	67	73	72	98	12	100	21	14	89	24	79	33	58	40	46	94	82	56	15	82	100	16	38	21	63	29	99	17	61	23	40	89	12	66	18	95	21	34	36	
23	20	11	69	68	42	62	95	12	79	12	69	60	55	14	86	58	71	70	18	59	34	52	21	91	10	73	78	89	38	85	100	43	15	29	99	67	34	80	69	
20	96	99	16	13	28	93	58	79	91	29	29	26	37	15	80	77	37	81	64	22	73	63	60	49	23	59	20	20	80	89	29	60	57	74	11	80	89	19	10	
21	50	48	21	56	44	92	100	58	55	62	98	76	89	17	54	41	43	85	46	85	43	70	94	78	52	29	56	22	92	71	22	70	52	79	92	54	56	86	80	
38	77	75	100	50	57	20	81	79	65	79	42	36	73	37	13	50	39	84	50	36	84	35	30	63	10	64	58	77	29	98	51	13	78	35	28	75	37	81	63	
35	100	54	69	14	69	70	18	29	94	89	69	50	65	21	63	12	21	35	64	58	18	52	91	97	14	90	56	43	51	61	59	34	46	26	29	29	53	33	60	
37	95	71	59	41	95	73	88	73	24	52	61	64	54	51	92	82	52	75	26	84	16	67	71	31	78	80	53	99	82	48	49	31	54	61	24	74	89	32	21	
81	70	57	54	81	25	66	15	43	65	93	92	17	53	61	65	37	15	75	30	16	69	30	26	80	20	31	91	24	32	80	44	74	20	73	31	40	25	90	85	
50	69	37	95	73	89	100	43	65	23	81	41	88	16	93	79	42	86	78	28	96	15	99	51	48	81	55	100	15	52	65	83	81	77	64	78	35	77	94	99	
89	98	47	93	57	51	29	51	16	48	31	59	63	94	54	99	75	65	27	21	23	80	100	86	81	30	97	20	20	16	33	78	83	64	14	38	65	53	25	25	
91	99	71	45	81	23	39	17	33	64	23	89	41	62	81	59	18	30	28	87	67	39	49	98	63	10	29	45	67	64	74	43	17	60	15	42	50	16	16	25	
52	25	12	83	77	17	77	52	93	41	14	72	79	29	74	22	71	86	83	31	23	71	54	85	22	99	34	35	84	12	33	54	20	97	98	18	15	54	77	46	
61	31	47	100	50	21	100	84	59	48	59	73	64	50	86	80	21	68	97	49	48	80	76	56	92	13	81	26	68	16	20	14	34	70	70	97	60	91	22	61	
65	29	38	86	84	19	71	68	61	12	71	45	68	24	32	89	55	10	30	33	55	60	32	61	99	78	81	52	57	40	28	88	59	11	68	23	58	70	50	64	
60	94	90	75	38	82	52	68	31	16	63	77	49	70	95	27	99	12	43	29	93	65	51	50	21	27	98	52	50	53	63	97	93	49	22	77	55	13	16	18	
84	61	51	22	72	32	98	95	40	33	73	77	50	13	58	95	41	81	66	23	51	60	32	17	88	39	27	98	13	95	74	42	40	40	20	18	68	77	53	12	
95	23	21	60	16	59	50	68	58	24	72	87	69	46	85	95	27	30	96	30	32	19	58	45	29	88	97	35	24	20	69	92	83	26	78	32	80	75	64	25	
79	89	35	47	14	39	40	98	22	95	42	68	43	25	68	59	82	43	96	87	89	89	22	93	43	36	69	20	96	86	97	41	96	30	28	41	80	58	11	75	
26	33	18	71	75	92	69	34	19	43	12	95	78	65	78	17	47	96	71	61	88	17	36	57	80	60	92	79	18	63	66	71	90	68	26	77	69	80	20	75	
68	32	72	34	89	80	96	15	42	66	87	100	10	99	19	85	67	94	38	12	74	94	42	91	23	21	92	52	21	78	21	80	17	51	77	89	99	55	28	27	
71	89	74	39	31	63	16	67	82	98	21	25	76	59	57	71	10	90	100	48	48	77	33	38	78	78	46	72	17	33	93	32	68	73	20	74	86	20	51	37	
45	58	49	46	59	53	32	84	36	55	97	94	41	56	55	45	47	56	52	57	87	33	15	24	75	23	34	94	49	39	35	59	85	74	52	14	14	36	100	66	
89	49	65	58	85	80	75	52	60	40	86	64	49	79	74	98	61	70	43	55	88	22	39	94	39	49	65	46	89	30	76	99	19	63	34	31	68	66	62	29	
64	72	99	57	91	76	94	11	37	29	73	12	15	78	55	99	33	17	73	71	62	83	25	54	68	68	80	43	30	33	45	28	30	98	65	13	69	94	84	60	
95	81	42	67	18	92	61	25	82	44	95	11	41	27	63	79	58	82	86	39	53	43	100	38	96	62	16	64	10	87	12	22	65	16	21	15	33	28	60	62	
74	47	66	22	27	37	97	34	12	29	53	32	78	57	21	83	22	32	50	39	90	17	44	16	42	34	99	87	71	17	71	94	88	76	90	63	72	16	56	76	
70	85	67	15	14	45	24	65	60	100	58	94	35	65	16	70	76	58	41	84	58	77	78	54	91	83	12	44	24	75	52	77	18	59	29	43	91	55	78	84	
31	92	89	22	51	65	51	26	80	28	48	77	59	61	57	96	72	27	84	18	23	60	16	20	42	20	60	54	15	16	10	95	10	41	37	45	58	86	61	81	
63	48	29	10	74	44	15	71	85	23	20	81	19	63	40	82	60	16	89	92	14	55	36	20	12	65	50	30	80	90	57	31	66	67	87	15	22	70	89	37	
28	87	43	84	99	16	50	11	51	95	75	54	25	37	55	89	96	44	94	46	99	57	71	54	75	45	64	81	31	27	62	54	98	38	95	17	54	46	78	90	
50	87	74	63	15	47	56	51	24	13	88	20	68	26	36	23	96	82	64	17	90	88	24	36	52	73	79	73	12	87	65	18	19	66	66	38	67	31	45	63	
75	10	27	17	56	13	63	62	93	18	34	47	50	54	100	62	75	97	99	75	82	29	60	39	95	28	68	90	56	73	11	47	24	74	57	94	83	54	64	78	
72	40	63	25	13	68	29	25	91	82	46	49	56	62	100	82	67	79	44	79	14	21	85	88	43	96	59	41	13	47	89	32	89	31	42	18	99	84	37	80	
32	62	14	12	71	14	24	81	37	68	47	68	12	41	35	32	77	99	39	31	47	19	53	91	65	77	85	47	35	11	95	31	81	77	76	32	39	42	13	53	
29	12	75	82	21	40	90	15	12	92	78	31	17	69	81	68	94	10	62	69	24	26	97	26	57	64	78	64	95	36	41	92	83	44	78	27	43	99	89	41	
29	83	92	38	11	64	68	83	93	43	91	57	47	41	25	47	59	19	53	33	71	81	69	55	50	100	12	14	16	42	65	96	61	68	90	34	69	12	69	83	
35	98	93	45	69	83	64	18	82	75	77	60	23	60	85	74	85	23	67	76	92	14	81	95	68	63	84	77	98	67	51	36	74	97	60	25	54	71	83	30	
23	48	91	87	73	58	21	24	74	65	72	90	60	90	33	51	73	87	48	17	33	11	76	81	57	35	29	29	43	15	24	60	27	61	14	53	29	19	32	69	
29	14	59	91	69	92	23	20	69	50	45	61	39	90	100	66	71	91	42	65	32	84	14	34	52	17	69	35	27	87	53	98	67	72	86	89	59	15	35	59	
46	66	42	71	24	50	56	24	28	28	97	74	35	51	63	90	14	53	31	75	34	73	96	85	33	84	51	46	19	67	14	46	68	63	28	94	21	94	48	87	
70	53	75	10	53	21	41	96	86	83	58	89	80	49	49	57	76	77	22	93	38	62	11	36	31	96	13	58	87	34	100	91	74	16	18	39	96	21	54	15	
84	13	12	33	68	22	41	17	87	66	43	79	86	71	22	13	32	17	93	29	41	57	66	47	51	89	52	17	96	28	97	11	41	23	42	38	53	55	97	94	
28	21	60	45	71	44	80	86	51	71	92	51	10	55	46	37	56	20	26	86	89	92	77	36	21	16	99	57	27	60	58	48	37	82	25	69	21	80	11	60	
39	75	47	59	82	41	88	49	69	72	62	20	59	90	87	62	23	63	12	28	28	72	52	40	54	100	92	87	48	45	73	48	73	41	54	14	18	69	52	100	
32	37	39	52	22	58	35	49	36	44	10	75	64	84	81	48	27	61	39	92	77	84	17	33	17	16	89	100	37	39	70	39	60	10	86	13	32	29	37	44	
77	18	67	64	87	87	84	12	39	58	99	65	19	81	32	99	60	49	30	60	77	25	89	46	27	12	59	67	10	46	46	65	30	64	73	27	78	30	54	43	
19	69	87	56	90	95	80	23	43	67	53	68	33	61	88	67	91	51	76	63	40	31	73	88	52	81	11	73	29	54	95	93	11	84	66	61	97	87	30	31	
63	38	40	66	78	45	53	61	100	38	70	62	54	66	98	68	22	78	31	28	97	99	35	65	22	93	10	66	21	51	86	21	36	86	84	33	11	97	74	11	
35	82	35	33	42	85	53	65	77	82	76	54	52	27	14	39	29	60	92	14	59	72	44	59	79	38	45	84	58	47	44	25	10	64	29	30	17	45	92	91	
80	63	80	65	38	57	43	53	83	51	85	45	27	38	63	75	65	76	45	69	88	28	51	15	13	85	95	26	61	94	49	53	56	50	38	33	96	46	98	92	
49	31	59	11	83	97	31	80	41	55	66	38	78	12	54	14	64	46	96	17	65	88	55	60	49	57	45	45	55	98	87	49	68	41	80	69	69	31	34	92	
52	95	80	89	75	18	40	22	91	53	21	47	46	42	52	72	12	37	60	87	74	60	55	12	81	98	80	23	52	99	73	27	96	25	87	33	42	88	23	76	
58	30	53	69	49	11	40	93	14	28	16	78	89	93	34	57	75	88	72	41	61	17	71	36	35	40	88	11	66	85	72	24	22	89	78	84	13	91	17	78	
19	59	71	30	86	77	42	78	61	95	47	59	15	53	95	47	63	92	36	11	36	50	72	13	83	73	18	80	11	91	94	16	47	17	56	65	11	62	22	30	
49	35	93	67	88	82	40	98	61	61	30	81	59	18	48	93	84	52	56	22	95	10	70	12	73	59	70	78	95	78	94	17	93	24	56	24	21	32	38	37	
39	67	72	12	27	41	81	52	35	87	19	23	66	16	62	50	34	54	27	95	91	73	82	69	56	66	33	80	96	59	72	57	39	94	61	45	23	78	27	90	
13	31	72	97	43	50	21	16	86	14	10	11	32	83	54	56	90	46	50	38	40	79	20	40	82	56	44	41	51	68	83	100	53	69	38	30	64	72	54	21	
29	41	72	12	56	29	18	14	88	78	24	16	22	14	62	90	44	64	38	96	59	33	70	18	61	73	61	70	77	69	87	47	69	77	18	71	17	94	27	91	
97	67	73	77	57	79	67	60	19	24	65	59	80	79	94	53	56	52	22	42	62	26	91	65	83	89	33	89	79	30	19	52	75	70	54	61	41	25	70	53	
31	34	80	59	91	77	73	73	73	46	57	76	59	55	78	60	48	88	47	85	37	44	16	22	55	38	74	39	43	80	98	97	41	27	18	51	78	97	54	63	
74	93	59	31	14	44	39	45	89	89	31	76	100	26	76	31	43	45	94	90	53	41	35	46	96	29	89	37	16	29	93	89	59	71	18	37	96	73	56	29	
59	54	78	25	80	79	55	84	75	54	69	87	21	57	48	94	22	96	40	54	22	23	63	77	94	92	83	23	69	82	10	76	78	52	21	89	78	74	54	53	
28	83	66	50	41	21	74	44	20	34	97	79	85	78	17	70	10	82	84	18	99	96	63	13	51	16	82	31	80	50	89	72	88	77	30	72	83	50	69	59	
85	82	64	37	38	12	88	89	50	35	32	72	68	45	84	12	33	77	39	79	30	44	86	38	42	97	45	99	32	69	79	60	57	63	52	15	18	17	72	50	
80	29	51	11	71	10	75	46	54	64	71	36	24	71	81	47	31	92	99	99	21	80	50	41	83	34	93	14	84	31	15	37	24	80	31	58	20	82	66	19	
36	78	51	41	21	99	51	33	85	13	10	21	38	21	78	73	43	37	83	77	16	66	64	50	21	34	49	59	25	34	52	64	96	15	91	50	13	17	83	65	
54	10	23	32	57	55	51	93	74	54	29	72	65	10	22	64	65	93	69	65	23	39	36	12	72	69	67	23	14	98	90	23	33	30	66	77	44	63	40	70	
96	66	43	93	12	56	14	41	21	54	61	56	95	54	57	33	44	69	88	69	69	86	26	17	80	92	69	22	93	48	70	55	54	52	83	100	66	37	16	24	
29	35	25	67	78	19	43	54	31	69	89	65	64	92	72	12	20	46	24	12	55	49	13	41	25	74	50	98	69	52	38	82	72	82	70	94	25	76	52	57	
46	82	88	95	80	20	33	93	75	78	40	68	31	29	85	45	41	43	33	18	73	39	69	79	37	74	99	42	33	87	97	80	27	46	17	59	68	57	26	22	
27	54	89	47	92	59	98	84	26	26	64	58	68	67	100	46	84	60	97	16	16	62	60	96	35	49	29	36	33	57	25	89	73	94	99	44	75	54	10	24	
85	58	51	15	23	72	14	15	59	53	72	45	67	32	74	63	71	89	64	96	11	23	74	42	93	72	79	34	59	97	51	27	57	15	15	82	16	58	87	41	
17	100	76	16	13	56	20	64	67	76	41	58	45	90	68	40	70	86	15	94	70	13	78	60	21	30	33	19	74	60	72	44	77	24	30	58	21	100	65	24	
35	29	98	19	30	31	18	54	89	11	41	81	25	99	32	69	40	35	44	58	54	71	58	88	15	66	19	65	12	21	71	27	94	72	68	66	85	39	35	82	
80	15	35	46	39	83	74	55	28	26	77	34	29	84	71	99	76	94	19	59	70	24	32	26	30	80	72	66	47	49	29	77	36	60	17	96	34	100	51	86	
21	33	94	55	50	41	93	92	78	61	22	71	23	27	69	75	52	37	50	81	62	67	51	64	89	18	25	87	72	62	34	10	90	11	28	93	35	19	50	43	
35	45	66	61	38	71	76	60	52	29	35	21	85	19	92	81	31	51	87	34	41	75	89	57	78	69	34	27	12	96	63	24	40	27	60	38	28	51	46	59	
29	60	84	67	25	43	31	29	30	65	11	99	71	72	80	74	100	93	79	75	84	30	65	59	76	52	42	23	83	61	32	72	37	13	15	26	35	70	52	37	
80	84	60	60	26	73	62	76	33	32	26	19	92	37	28	53	50	12	75	18	84	74	98	29	68	11	80	16	73	58	13	72	22	56	92	88	36	46	98	52	
82	95	37	18	17	92	42	40	92	98	100	64	84	53	50	20	67	35	99	65	54	60	68	41	20	93	46	34	31	11	63	95	92	98	89	86	82	88	95	14	
88	35	13	49	10	59	69	78	14	75	85	60	28	69	12	36	80	15	75	16	87	36	97	86	31	43	57	67	70	57	45	75	77	31	30	76	62	67	96	74	
86	66	34	49	13	78	17	45	12	20	33	13	46	94	96	73	100	37	39	85	98	55	76	70	88	65	16	32	65	75	55	42	27	93	15	13	56	14	17	51	
15	49	41	98	46	100	21	22	86	78	31	54	29	77	63	42	16	93	88	91	46	23	12	26	55	30	27	14	29	100	100	61	56	22	32	89	16	36	73	88	
10	68	28	22	84	35	43	95	14	62	48	11	100	45	92	76	66	68	82	16	99	90	35	87	81	44	58	23	60	11	67	48	57	23	14	86	79	44	58	77	
75	63	94	29	32	17	95	64	34	27	97	39	20	65	15	16	57	100	21	85	29	12	85	77	81	75	41	76	17	37	76	67	98	39	23	45	25	67	64	77	
28	40	43	62	81	39	97	89	31	65	46	81	26	47	29	52	36	15	26	50	22	17	81	29	29	47	46	22	23	69	64	27	30	84	30	75	96	12	89	50	
91	38	89	54	44	78	44	91	75	42	38	56	76	24	94	13	86	56	78	19	14	34	29	13	13	57	35	48	47	17	59	68	65	14	85	98	31	19	40	47	
68	24	38	79	100	59	38	76	100	30	27	94	68	30	81	59	70	31	89	64	27	95	33	93	66	18	39	56	68	69	56	40	46	37	28	22	49	93	65	44	
50	36	53	49	58	45	44	28	48	76	19	44	86	32	87	21	59	71	32	82	68	30	28	34	95	63	12	68	56	50	77	32	28	93	70	46	35	74	89	62	
97	37	84	15	37	15	36	95	86	66	87	70	17	49	85	62	67	23	94	80	25	17	88	55	87	59	14	40	60	69	89	54	70	75	92	95	16	76	84	55	
81	86	73	77	17	100	90	15	89	54	60	57	37	47	31	80	43	84	85	50	50	23	64	25	46	62	71	65	19	30	55	91	11	92	73	67	13	38	66	25	
15	88	86	22	50	68	48	61	57	26	11	21	40	70	55	47	25	86	34	18	74	37	100	77	15	16	22	77	29	76	57	70	63	18	99	80	35	85	45	49	
78	47	11	15	71	13	33	11	86	37	38	11	27	88	21	74	16	54	28	24	41	89	38	97	53	41	12	47	59	93	64	28	41	87	44	35	27	31	28	87	
22	58	81	87	75	29	52	91	85	31	17	100	19	10	73	97	11	20	12	93	66	51	95	89	42	43	98	66	49	94	61	50	63	33	62	79	51	95	56	27	
29	80	46	62	86	81	20	42	76	93	98	44	49	100	49	63	35	97	56	93	60	31	35	41	61	54	30	98	22	22	91	81	70	55	32	21	73	62	42	87	
75	18	44	41	72	87	69	42	29	97	61	82	71	18	27	17	39	90	39	58	97	99	29	31	45	77	18	28	14	88	62	95	17	98	75	27	26	62	78	13	
35	15	48	84	88	78	76	48	86	100	76	94	21	80	60	38	74	79	68	63	73	67	72	18	38	44	84	93	13	81	79	21	71	33	89	71	99	47	15	85	
78	65	93	63	26	39	69	33	30	78	71	64	21	40	88	16	20	97	21	91	57	79	63	43	24	43	62	12	56	11	24	16	67	43	100	61	95	84	83	78	
59	72	32	84	12	88	59	84	63	72	97	95	53	46	64	60	94	99	59	67	66	41	86	29	27	36	19	81	25	61	84	30	39	66	100	54	55	52	37	10	
96	22	12	11	76	11	58	52	76	91	73	27	70	95	76	22	100	51	33	24	44	38	76	75	23	71	26	29	23	99	12	14	34	33	39	35	48	59	14	49	
22	62	61	44	73	25	21	68	20	99	31	26	18	98	63	87	99	35	38	15	99	52	22	26	64	47	87	28	46	44	35	89	23	65	52	14	64	67	52	74	
77	19	43	59	78	17	50	22	88	28	77	76	52	89	95	38	32	18	10	33	60	63	78	68	59	71	61	31	68	24	49	72	69	63	29	29	76	70	70	72	
61	76	74	86	62	98	13	62	25	15	91	98	93	30	69	36	49	36	11	70	17	94	17	79	36	65	31	58	91	83	10	24	88	15	85	100	89	46	64	75	
24	42	28	84	60	56	50	70	51	81	14	42	60	42	50	46	70	67	33	64	70	69	71	54	70	18	52	89	95	22	24	96	17	32	79	95	41	18	33	52	
35	12	40	67	90	45	41	39	92	20	85	75	12	96	18	62	47	64	20	10	22	38	55	44	11	78	65	98	36	80	84	69	36	30	29	17	30	74	43	21	
70	28	19	28	39	78	61	76	69	77	47	35	26	45	58	42	75	83	30	97	70	83	28	26	99	73	88	61	97	89	85	62	11	87	19	78	84	37	81	55	
68	91	18	40	93	44	28	32	50	88	68	30	17	92	48	99	81	29	74	35	12	53	13	75	29	96	37	81	65	91	11	34	93	75	12	43	85	43	43	64	
67	93	76	33	77	44	35	14	41	66	48	53	15	37	30	74	30	77	93	92	81	88	23	28	37	72	17	76	12	33	81	16	100	44	55	97	61	94	26	29	
12	85	54	24	26	70	95	34	52	84	41	34	94	65	59	86	71	47	88	50	56	16	48	69	87	78	92	44	26	66	10	29	40	78	86	75	32	91	55	80	
33	91	32	65	53	88	72	96	85	27	15	27	27	68	64	67	75	41	95	21	92	99	11	27	94	99	95	96	59	79	41	76	17	55	61	40	14	42	47	42	
97	99	93	36	30	12	29	86	26	69	34	92	52	79	60	84	55	97	51	86	84	53	80	41	42	94	13	43	98	40	13	96	65	30	64	22	24	30	60	14	
20	55	30	41	15	14	32	53	94	26	83	81	10	17	35	53	44	45	69	97	65	23	47	74	19	26	10	31	20	94	47	43	13	55	83	91	62	76	92	66	
53	63	14	91	60	94	10	43	67	96	53	19	53	48	98	29	96	51	30	55	10	36	52	97	18	84	79	91	23	62	76	93	85	90	80	74	62	81	65	42	
95	40	87	44	47	67	72	25	13	70	12	37	66	44	63	84	46	41	89	16	89	77	97	98	24	85	24	94	29	36	14	36	10	23	59	87	14	18	58	39	
31	85	65	13	76	48	82	89	26	94	64	95	36	79	97	32	41	10	27	33	88	91	82	58	66	42	74	88	55	36	12	93	17	79	10	14	28	98	93	35	
28	41	46	62	59	83	96	94	18	58	79	86	79	71	97	24	91	94	10	64	47	40	39	34	30	99	90	80	31	28	73	51	22	65	57	80	41	23	15	37	
15	30	35	56	33	32	25	72	37	12	13	29	97	53	62	19	36	31	18	98	42	96	31	32	41	69	18	85	77	51	99	75	55	95	59	97	88	30	22	22	
62	11	15	50	98	39	50	44	87	53	55	39	35	97	90	81	96	52	18	40	92	51	35	22	35	57	25	53	58	66	66	94	97	87	23	51	58	46	86	72	
50	94	88	69	13	61	49	87	10	47	11	87	19	95	85	94	30	25	83	79	100	64	49	88	13	12	52	24	47	99	23	32	31	63	83	87	91	12	95	62	
54	73	49	47	61	63	84	24	52	28	84	25	39	98	43	20	63	38	19	98	97	97	90	14	29	20	89	89	64	16	44	64	94	16	31	25	50	50	70	22	
88	86	33	65	83	27	57	10	67	35	27	29	39	66	79	99	32	43	35	77	36	62	57	15	12	24	92	49	24	81	82	92	31	96	94	33	27	50	80	86	
13	29	68	78	31	86	67	33	51	23	68	65	72	43	67	56	53	21	84	84	77	28	33	80	24	90	64	22	21	40	31	86	62	95	96	75	24	62	88	29	
60	29	81	30	57	98	20	77	99	79	37	81	64	96	30	58	50	61	64	59	17	92	32	55	98	61	58	31	67	71	25	10	41	99	49	42	20	37	75	45	
64	85	99	30	77	12	91	83	52	65	34	88	91	46	47	67	44	52	36	87	20	64	65	85	18	48	51	42	95	56	47	88	93	51	95	67	59	22	56	12	
93	85	58	53	83	74	13	19	97	18	13	97	36	31	44	45	88	54	15	39	13	26	55	88	77	15	49	86	28	53	14	42	69	73	94	77	100	38	83	74	
28	66	12	60	30	79	35	93	14	60	20	24	58	31	39	94	87	20	97	11	77	37	34	49	10	34	43	52	11	73	21	35	73	95	22	33	81	39	72	76	
38	35	18	33	53	28	92	77	83	86	62	97	91	57	78	34	52	94	12	12	52	76	66	41	97	77	35	72	22	57	90	79	62	27	30	15	87	31	84	93	
72	14	82	24	54	40	73	63	34	15	64	99	87	66	60	87	50	58	32	39	93	44	66	56	20	94	77	51	91	18	32	40	70	77	99	50	69	49	50	13	
53	30	85	76	99	71	32	80	13	58	78	60	52	97	49	57	40	83	80	76	78	40	22	24	50	61	17	30	80	91	80	27	88	86	81	21	57	54	74	68	
55	83	86	20	33	40	17	99	77	17	51	96	25	77	91	60	51	19	88	64	92	50	27	69	29	80	77	84	84	51	94	81	32	89	92	44	21	46	13	18	
34	80	86	73	74	37	88	80	85	44	15	79	86	95	20	70	78	84	49	12	73	94	83	26	84	54	65	37	48	21	24	91	17	84	29	87	66	88	10	90	
15	46	90	90	33	53	69	29	83	19	79	17	61	95	18	93	92	78	54	100	60	31	84	76	51	92	89	67	18	62	100	53	72	57	46	96	90	58	45	24	
88	83	15	94	32	78	58	51	74	54	79	28	35	29	22	27	51	65	52	72	43	35	79	47	48	16	18	50	15	70	65	22	41	76	76	42	90	61	98	88	
10	54	73	78	59	55	79	81	10	49	41	67	99	89	84	41	96	25	53	24	54	23	44	52	87	89	40	72	12	13	95	85	78	16	78	77	43	49	44	27	
18	66	22	70	13	48	80	38	90	11	53	90	58	53	80	67	57	59	70	29	53	79	22	79	67	52	58	71	26	13	80	27	79	52	49	32	99	25	85	36	
22	75	94	31	88	48	31	57	89	12	59	42	77	30	81	45	71	77	64	25	82	81	51	49	31	57	84	45	80	44	12	60	77	20	98	41	31	14	18	25	
49	37	39	70	36	68	80	55	34	26	50	99	23	52	96	25	94	80	72	71	73	62	18	92	12	70	64	32	52	15	15	34	51	31	23	59	20	35	66	20	
18	91	99	61	79	100	97	23	69	60	39	36	34	18	41	88	100	52	90	99	92	45	69	76	57	44	92	12	53	57	20	47	35	71	90	53	46	81	22	81	
57	29	67	90	14	89	53	54	88	86	26	85	16	59	88	83	72	81	62	44	25	40	24	38	91	51	32	79	74	80	68	43	99	82	59	95	54	97	38	81	
25	64	49	58	63	27	85	77	34	60	100	33	50	57	87	98	74	42	81	21	41	57	60	56	46	28	98	86	31	33	91	25	89	95	40	81	50	82	48	78	
13	57	74	19	36	86	13	75	38	61	77	61	47	95	65	42	33	94	95	29	30	62	28	93	69	95	74	52	97	79	73	47	90	46	45	99	58	60	84	12	
50	15	25	50	48	55	49	60	16	47	86	29	48	44	37	66	90	89	62	49	31	65	25	26	68	68	19	41	71	26	80	64	48	21	64	50	80	97	41	98	
73	31	69	44	69	77	76	88	26	29	90	70	47	72	22	28	19	49	50	31	97	52	42	52	26	82	12	74	100	73	60	37	86	27	92	55	74	28	61	73	
13	84	88	67	18	99	93	62	11	61	51	49	13	100	97	45	68	73	60	60	16	21	98	66	70	47	77	26	86	62	84	62	12	42	66	94	71	38	56	81	
71	64	93	19	99	91	12	70	17	38	24	50	81	65	38	94	49	40	100	95	75	20	100	31	21	28	53	82	80	55	73	91	17	100	72	60	25	98	58	52	
80	100	47	66	30	85	30	94	88	77	25	28	82	49	95	83	51	14	32	36	42	88	31	21	59	16	26	72	27	77	97	83	21	21	25	98	75	24	31	18	
97	29	27	51	30	74	39	45	49	40	83	94	38	14	75	72	20	23	89	10	44	16	17	93	34	21	40	65	35	68	24	93	10	23	91	18	49	17	84	62	
27	91	86	28	73	35	50	17	90	74	48	51	38	37	65	10	29	64	12	80	87	35	97	25	98	13	87	84	32	46	53	81	78	68	100	91	59	31	25	60	
19	39	74	45	91	75	10	60	12	71	71	57	36	19	51	36	96	87	18	94	81	89	74	16	97	36	93	85	29	10	43	58	67	90	98	60	12	50	46	99	
96	17	21	41	57	91	80	41	39	32	59	12	85	54	58	35	82	31	67	33	22	59	50	15	44	58	71	100	15	72	40	69	69	20	95	43	69	72	14	15	
66	83	28	50	11	61	92	14	17	71	46	74	18	35	76	100	97	71	81	81	55	88	14	70	65	70	81	32	91	33	58	81	76	24	45	53	92	35	41	30	
99	11	66	100	94	10	48	69	93	54	84	55	47	60	43	13	62	36	34	86	30	12	70	92	72	80	54	52	46	16	11	69	13	19	12	73	30	38	34	61	
16	12	11	71	14	73	29	22	55	31	42	88	94	30	90	50	59	84	92	11	94	15	69	46	65	20	53	62	41	59	69	16	68	73	87	13	21	91	28	71	
25	35	10	49	71	36	29	75	78	21	15	26	42	95	39	33	89	67	83	27	70	12	26	70	74	79	87	22	28	59	99	99	63	58	70	81	44	51	21	88	
84	55	49	58	66	55	74	38	11	80	67	40	14	92	91	99	64	34	61	68	92	68	73	24	77	80	26	60	11	33	84	37	57	24	88	43	40	64	79	69	
65	41	72	93	21	96	96	72	21	57	12	11	54	26	11	72	80	34	48	12	10	85	23	27	78	39	37	65	75	22	61	67	41	14	84	57	83	71	27	14	
12	12	16	96	51	65	87	20	64	35	83	12	90	42	32	23	24	28	45	38	31	80	83	96	76	15	63	36	81	83	20	83	17	48	89	74	77	13	36	76	
80	43	96	56	78	58	52	99	75	31	36	80	14	38	10	26	86	59	75	20	87	61	60	20	22	25	39	97	14	26	56	83	23	41	17	82	64	57	76	53	
54	18	45	74	76	63	92	68	75	50	39	39	15	63	62	44	91	58	80	40	84	11	48	88	78	19	18	48	31	96	80	25	76	95	27	84	78	16	17	77	
75	73	11	31	89	72	36	97	62	53	71	56	61	81	32	19	81	38	62	48	87	13	34	19	33	94	93	60	59	52	39	72	49	51	96	49	57	83	16	49	
93	65	37	19	31	75	31	17	55	32	32	60	49	18	53	44	81	55	20	10	31	69	81	71	98	43	45	62	67	77	66	27	35	84	32	48	19	47	18	71	
82	28	62	71	81	26	89	45	17	71	76	18	42	14	99	99	23	93	99	34	98	48	63	21	59	72	45	28	74	91	10	68	91	22	94	27	45	61	91	58	
73	71	79	34	56	76	69	28	97	32	82	46	92	50	92	85	25	98	27	96	23	12	50	76	18	10	70	67	93	94	87	65	23	24	22	65	40	17	76	64	
48	32	84	86	12	38	76	10	78	91	27	27	80	67	41	39	53	22	63	94	77	37	57	91	34	26	11	39	16	59	27	32	14	16	84	31	100	21	74	47	
29	26	27	66	17	14	46	75	45	30	67	19	90	71	98	43	20	70	68	20	79	47	46	96	17	82	18	12	60	100	49	57	11	23	72	16	63	71	25	58	
98	63	87	16	49	48	72	68	67	19	37	22	58	67	74	39	74	86	84	92	74	39	10	29	41	81	30	25	87	77	43	24	18	92	47	80	96	33	79	55	
91	80	85	100	70	17	79	38	40	33	46	28	74	26	49	46	23	54	70	21	85	75	47	68	39	38	25	77	93	32	27	56	98	73	79	97	61	37	55	66	
79	36	12	90	85	18	73	86	68	15	96	53	62	100	42	11	60	70	45	37	10	66	10	81	84	48	14	28	74	26	80	38	15	86	93	15	87	18	71	86	
18	18	35	36	30	12	74	88	81	23	32	83	53	59	70	37	39	14	31	91	69	67	41	76	69	57	77	55	65	85	75	64	63	83	24	10	54	47	69	48	
86	80	18	28	98	91	10	60	26	58	73	15	95	45	94	40	48	13	50	38	79	38	18	12	56	85	55	42	98	10	74	48	99	22	38	16	86	78	63	71	
80	31	57	52	96	18	31	100	69	24	40	60	18	58	72	75	52	34	55	86	16	99	65	10	73	65	43	46	37	21	37	70	70	23	61	88	12	27	69	17	
93	74	59	50	27	71	39	80	14	85	21	44	73	61	92	98	80	57	56	34	66	76	67	91	49	16	39	12	92	43	91	84	48	57	81	24	40	76	50	56	
46	24	97	31	21	70	49	35	90	75	85	89	53	39	32	32	27	88	66	87	70	75	63	95	66	56	51	54	63	58	77	44	81	26	43	96	87	79	80	13	
82	33	35	64	14	43	50	92	88	37	43	14	14	78	35	88	74	19	78	65	81	85	73	64	29	29	63	61	40	61	14	91	22	61	17	89	69	71	69	61	
52	80	65	37	55	100	85	11	42	56	94	56	25	60	58	98	91	74	45	48	78	90	50	40	60	72	95	46	34	73	27	70	81	95	55	87	39	32	63	28	
30	74	47	49	89	21	43	51	44	49	63	17	19	86	66	87	86	27	90	68	48	51	51	53	54	13	85	25	15	26	76	43	87	74	72	14	78	81	28	64	
38	48	65	81	11	77	39	23	97	28	54	28	68	59	33	16	65	41	46	59	74	83	64	61	68	83	48	17	89	16	100	91	59	70	99	74	100	38	36	80	
20	67	90	65	58	81	86	27	31	97	43	57	24	15	86	63	80	20	74	38	33	86	24	80	74	62	85	28	26	21	76	75	74	63	89	57	91	87	72	95	
11	98	17	20	55	11	73	73	60	58	56	30	58	99	99	92	32	35	66	83	30	25	49	76	60	64	52	56	45	65	31	79	70	62	25	83	43	24	13	38	
87	68	99	23	56	69	15	82	74	68	19	65	83	22	96	54	14	25	63	57	93	14	47	22	49	90	17	89	90	47	26	10	26	44	87	20	37	48	84	51	
37	12	54	31	35	10	31	82	88	17	43	22	90	62	22	15	52	68	48	72	72	61	95	21	58	30	82	34	34	77	65	81	36	35	50	40	26	27	67	89	
22	51	96	80	32	75	31	83	33	19	100	60	81	28	51	89	49	18	47	32	86	25	98	28	25	56	88	59	33	83	38	71	31	93	19	100	78	39	81	74	
29	70	35	60	18	97	35	40	17	47	30	100	50	31	59	25	75	77	71	51	97	47	52	42	86	29	64	32	93	26	14	62	53	68	90	75	70	43	90	63	
93	13	68	98	23	94	18	87	62	30	37	29	47	100	43	71	75	31	10	36	58	82	52	38	80	11	80	15	79	24	95	98	32	13	49	43	87	39	68	62	
23	98	34	84	22	76	96	59	87	88	43	95	53	40	24	55	82	80	65	28	83	32	27	25	73	13	93	53	61	46	85	37	30	31	59	45	80	63	86	14	
55	46	58	90	14	20	23	100	82	17	50	56	55	41	60	21	77	16	17	95	80	55	85	66	93	100	19	95	82	32	98	66	45	90	80	57	77	55	71	84	
36	24	97	94	48	39	69	26	81	100	32	18	27	91	59	25	63	66	58	70	46	49	68	33	97	57	74	47	45	24	16	13	83	67	72	78	50	28	46	28	
29	100	47	32	62	95	51	90	18	66	85	79	99	76	47	10	93	13	46	73	58	48	68	21	94	49	93	93	70	24	30	88	31	33	56	27	49	54	50	24	
81	93	12	68	35	32	37	88	51	74	32	61	23	56	28	22	59	36	43	15	67	85	66	94	19	97	34	16	78	89	65	49	58	92	21	50	41	98	70	66	
71	59	12	85	30	37	80	52	34	25	70	26	62	45	63	15	56	60	88	42	72	39	83	95	43	71	78	69	93	17	89	51	53	12	94	69	21	63	15	44	
33	86	86	32	96	58	19	98	92	69	13	84	37	46	78	18	30	50	18	78	96	56	57	61	49	10	39	34	74	27	51	29	52	85	97	30	18	69	45	29	
37	29	28	27	97	73	95	30	92	18	56	46	61	80	72	84	23	77	62	26	67	13	40	44	89	39	69	96	69	92	15	65	97	62	62	37	31	14	28	87	
58	40	71	65	98	22	32	92	57	65	20	97	83	39	30	48	94	66	86	13	45	15	12	69	94	46	41	34	20	68	61	52	99	13	84	13	27	51	66	46	
14	58	28	26	52	98	93	77	63	20	67	63	83	70	65	52	51	26	12	24	29	45	24	12	29	72	26	28	100	57	75	38	19	26	97	15	70	23	89	34	
62	92	71	57	32	100	97	82	40	94	39	57	42	60	92	80	94	34	93	69	57	16	62	42	50	64	51	27	41	96	80	53	45	35	79	22	32	15	99	34	
30	88	71	63	66	43	31	64	58	58	39	60	89	95	60	86	69	99	55	65	60	65	58	48	46	46	67	97	72	72	96	13	80	19	40	74	98	80	52	47	
48	75	21	12	53	50	35	60	47	31	13	100	48	47	68	33	16	96	22	32	64	27	93	52	74	30	14	35	56	30	85	15	81	31	72	31	53	93	14	56	
83	22	59	91	20	33	46	33	14	72	40	95	31	78	96	11	71	84	40	63	59	85	41	42	22	78	19	19	54	17	89	36	93	84	18	49	24	79	91	13	
94	65	72	31	22	41	37	58	92	20	74	99	54	87	97	86	100	20	33	41	91	80	80	50	92	94	21	64	19	88	51	78	70	52	16	79	89	49	47	97	
13	63	81	14	77	52	86	14	76	71	44	23	16	93	30	40	92	15	72	86	61	60	68	66	88	60	57	98	11	81	69	69	89	67	66	65	30	53	17	18	
100	42	45	77	67	46	43	56	59	35	91	34	70	98	73	89	98	100	50	10	59	12	88	57	83	72	87	75	18	41	85	46	53	68	88	99	65	31	39	33	
70	19	94	64	97	89	79	14	54	33	74	59	74	62	55	95	21	34	99	88	53	57	33	77	59	53	18	98	56	88	50	52	99	83	88	61	50	52	61	15	
14	89	41	89	89	88	76	23	98	88	15	72	50	72	26	95	79	79	15	17	16	54	41	23	64	21	61	47	97	29	70	98	87	76	92	66	39	94	76	26	
49	62	86	86	99	96	32	87	16	26	99	25	14	59	24	14	33	96	17	65	78	47	36	22	67	21	76	87	96	28	100	35	85	68	74	79	29	97	79	50	
44	70	60	45	30	45	49	78	87	49	57	85	31	20	31	30	65	15	16	71	58	37	93	85	43	84	56	10	74	15	13	61	31	79	40	16	43	47	95	81	
33	96	20	43	92	70	25	12	89	56	24	97	57	58	23	65	81	18	35	16	83	70	96	61	39	14	50	63	58	23	41	10	16	67	53	62	74	99	91	67	
99	99	26	64	81	84	21	28	25	25	18	27	80	73	44	91	53	46	27	32	91	32	40	90	21	18	48	17	27	21	35	67	75	93	49	72	56	99	76	80	
39	47	21	73	38	61	76	35	50	32	40	84	29	17	96	84	73	34	73	29	45	67	17	77	74	59	28	13	24	15	20	96	81	49	33	81	98	81	12	14	
82	35	64	78	85	69	41	34	34	42	88	59	15	60	10	80	95	61	46	62	56	32	64	52	55	89	10	38	50	53	99	92	14	86	40	49	34	83	50	89	
79	100	70	72	26	26	94	92	51	83	62	39	87	69	39	29	69	28	65	46	71	28	29	90	49	61	35	41	52	94	92	72	47	25	53	33	45	41	52	31	
32	91	79	13	78	43	76	37	66	50	74	23	79	35	83	13	21	35	39	69	82	53	91	44	63	42	32	44	76	75	74	68	92	96	14	52	56	73	40	78	
49	63	80	53	48	85	37	22	58	52	80	46	27	82	55	70	25	98	86	61	63	54	62	25	63	16	76	84	59	42	11	46	68	100	99	71	86	45	56	66	
67	31	65	97	44	21	95	24	29	73	100	40	91	72	29	59	87	24	56	50	88	72	38	47	19	53	55	45	74	78	51	100	40	77	99	99	60	12	22	42	
60	69	58	24	19	77	18	32	100	78	59	62	45	48	24	41	73	21	41	42	52	31	72	82	44	96	38	14	16	63	72	86	45	61	87	62	90	32	51	72	
77	41	30	15	78	66	14	97	63	17	46	50	13	96	24	42	41	58	89	41	87	31	42	78	87	48	100	88	77	12	16	80	25	94	12	42	82	100	26	90	
53	86	90	26	17	72	31	21	72	84	77	11	13	75	18	92	75	81	61	15	81	40	84	80	97	99	48	74	89	66	69	13	19	11	80	94	20	51	40	83	
12	87	48	67	47	76	29	85	31	75	40	36	99	11	76	39	28	28	46	60	60	41	50	76	29	99	97	53	32	63	63	36	94	32	18	76	26	69	38	62	
46	80	64	72	36	45	80	78	11	58	36	10	48	98	72	92	24	92	71	84	74	56	50	93	88	45	88	20	13	95	29	36	95	50	16	53	66	65	53	63	
19	51	98	16	58	39	81	34	93	58	95	51	86	72	85	28	71	88	52	35	73	38	32	21	65	84	23	98	53	53	25	62	36	75	80	26	46	25	47	56	
26	65	27	71	63	68	88	36	20	43	47	100	77	53	48	44	82	22	81	72	43	74	29	87	47	74	46	74	94	78	69	95	24	37	79	30	44	73	81	50	
43	93	21	100	21	77	97	92	22	81	75	20	49	90	52	79	30	39	18	51	29	25	23	35	27	99	47	75	16	90	18	14	87	19	36	90	45	89	29	41	
56	15	15	75	13	73	55	28	26	87	92	38	84	48	83	20	41	88	81	67	60	73	53	53	94	45	81	53	81	96	96	40	57	17	11	82	41	64	75	89	
36	77	34	94	46	34	53	42	24	75	84	82	13	66	31	38	26	25	46	64	50	26	83	98	84	60	76	99	85	62	24	70	22	82	68	30	93	44	74	85	
63	31	50	86	11	57	74	96	62	85	78	54	54	58	68	66	95	84	70	62	81	98	88	52	36	69	21	99	93	30	74	69	60	28	83	21	48	87	88	100	
76	14	88	18	96	60	85	17	76	44	26	45	24	96	91	22	25	74	65	58	28	98	73	85	58	36	31	35	64	85	82	85	93	72	62	27	38	64	39	16	
70	39	22	40	27	19	52	11	51	18	17	45	67	72	92	99	63	40	73	47	18	56	52	29	52	14	98	19	45	66	78	65	31	100	22	47	97	30	70	64	
96	91	19	85	47	98	42	16	51	20	12	86	89	11	72	28	87	83	47	37	10	76	84	58	86	46	89	62	62	66	74	37	46	50	76	98	33	82	58	51	
93	47	80	35	55	96	27	21	28	76	35	54	94	71	65	12	24	63	79	64	71	90	96	99	42	36	22	96	39	65	57	54	51	95	59	98	31	99	24	37	
96	39	31	25	70	96	54	75	89	89	66	33	91	75	78	65	26	80	34	74	100	98	25	48	45	90	49	16	26	32	43	94	42	11	61	17	64	48	15	52	
26	82	82	89	58	68	50	32	24	52	13	13	99	100	57	44	52	97	31	82	55	57	51	11	56	86	69	37	63	13	43	85	53	31	87	15	77	55	37	30	
36	95	61	36	59	92	12	17	96	40	37	63	21	79	25	91	42	41	71	27	32	89	89	91	10	41	63	56	54	82	50	78	97	31	71	61	34	94	100	70	
49	82	82	69	44	85	27	66	10	100	70	93	75	45	77	97	76	34	72	82	58	54	34	80	85	29	25	95	63	73	44	69	81	39	51	79	46	17	14	21	
32	83	47	39	45	17	53	35	18	67	35	99	18	68	44	54	48	19	47	96	30	21	78	59	78	90	43	62	23	25	52	27	82	81	42	42	28	98	55	100	
19	23	58	47	76	65	64	28	88	95	81	22	45	12	60	89	91	91	89	63	68	65	51	59	91	11	48	23	20	74	17	53	60	80	97	68	99	27	78	67	
13	69	71	12	39	32	19	95	56	91	60	55	63	51	19	28	47	11	57	61	52	62	52	24	44	29	96	64	97	76	15	61	46	82	32	85	79	13	18	58	
21	88	24	27	76	75	28	10	11	23	30	29	44	60	46	99	91	67	62	73	53	49	44	64	73	65	58	97	93	91	10	78	62	19	73	31	65	88	11	71	
81	92	42	98	92	66	89	81	38	78	59	97	88	67	97	43	93	25	17	74	75	77	35	30	70	71	92	53	26	82	59	18	51	95	60	77	66	42	52	66	
18	53	21	70	77	99	97	53	58	63	62	14	63	86	40	86	46	40	49	98	31	54	65	68	94	67	13	56	21	91	35	58	62	68	81	74	98	17	84	68	
84	40	40	82	43	60	39	27	79	10	85	61	27	10	73	59	68	13	76	50	29	62	31	27	84	19	92	25	14	48	92	73	12	89	12	22	87	90	75	70	
42	98	34	82	43	34	80	13	77	91	32	95	48	54	90	21	15	36	99	60	89	23	47	61	83	20	54	63	92	95	28	98	94	86	23	17	30	10	23	35	
87	12	96	69	91	14	15	40	80	52	13	19	55	53	98	67	78	81	21	37	72	77	69	30	55	11	80	88	68	40	32	52	31	55	46	13	78	10	17	87	
87	64	79	35	92	71	42	89	24	43	63	29	20	43	65	58	94	52	25	56	30	57	85	24	42	18	11	28	25	99	89	86	89	47	77	65	82	12	42	79	
54	46	18	94	75	54	77	34	25	14	40	42	77	66	54	57	38	13	13	81	85	13	50	56	77	69	50	72	91	66	67	93	18	94	11	48	60	43	10	89	
95	10	57	61	74	52	18	35	91	69	65	55	87	82	20	80	31	15	31	52	98	43	52	100	28	17	51	27	45	53	46	79	11	40	10	36	72	78	54	56	
40	63	10	84	67	32	85	26	53	96	92	43	23	76	31	13	61	32	59	66	93	28	57	28	10	90	60	88	50	51	33	56	32	65	100	87	56	83	11	24	
75	68	87	37	41	46	19	34	100	65	92	97	21	59	34	60	80	33	98	91	36	94	34	71	76	15	38	81	31	21	31	39	56	60	92	52	15	65	12	93	
81	79	31	98	71	70	42	66	33	95	21	29	16	63	48	51	44	73	69	17	98	94	34	78	76	97	32	34	95	39	61	66	40	10	73	78	59	76	47	22	
79	85	75	14	78	35	53	29	17	88	88	89	40	84	67	89	27	20	87	64	26	39	59	46	16	15	23	64	14	25	33	18	96	19	14	41	49	39	23	47	
24	51	24	77	31	55	59	13	40	40	70	49	57	38	35	73	81	33	68	33	61	91	43	88	59	77	57	91	80	57	83	80	89	51	57	32	52	42	91	76	
16	88	48	54	83	21	33	29	71	45	42	40	32	20	54	59	25	15	89	57	24	74	94	92	84	90	20	12	35	34	36	92	60	78	63	71	20	45	65	69	
20	81	62	19	89	90	75	24	73	79	67	95	54	62	94	47	12	45	66	18	12	27	37	52	52	89	53	28	72	30	57	67	76	72	41	25	43	37	87	59	
34	49	50	80	53	26	14	10	78	59	91	37	73	59	24	77	74	42	41	27	39	55	30	70	93	49	36	65	79	29	31	13	70	22	98	15	71	90	26	77	
79	40	38	60	16	94	51	76	100	22	53	18	54	90	61	95	25	97	26	45	99	55	54	60	43	22	51	10	32	56	36	49	68	85	61	51	58	45	94	67	
56	47	83	77	11	61	10	14	27	72	34	28	20	48	93	54	78	20	69	51	63	50	68	13	89	11	99	33	43	93	29	86	25	22	60	72	56	32	33	43	
10	18	94	74	87	66	47	32	23	47	67	40	96	14	34	14	44	45	28	47	38	46	24	53	87	63	61	80	89	50	89	91	92	25	18	50	15	98	11	45	
70	21	100	18	87	89	52	34	31	97	14	97	18	79	95	80	28	32	53	26	78	49	72	71	59	53	80	35	54	84	65	19	17	24	13	90	25	13	58	14	
58	81	25	98	40	41	35	27	11	43	54	50	65	67	84	39	35	38	79	66	99	41	67	49	36	95	53	53	62	49	14	72	63	18	76	30	69	26	91	98	
100	28	60	66	58	17	25	61	57	17	39	73	97	20	56	47	12	86	17	84	36	16	21	95	39	23	64	77	80	62	76	74	23	68	61	67	46	46	31	23	
47	26	77	82	45	33	66	63	69	54	77	95	12	84	79	82	81	66	77	37	11	79	85	67	43	59	19	91	35	81	97	96	86	88	68	46	89	42	44	21	
29	70	29	71	90	65	83	38	100	72	35	60	40	90	74	25	24	68	15	80	49	39	32	20	72	51	41	53	30	61	51	16	31	34	29	12	43	48	92	99	
48	39	75	17	68	65	90	89	82	87	33	96	71	53	98	25	14	20	50	36	99	34	85	70	31	53	100	71	41	92	22	26	20	21	15	72	28	95	34	39	
40	24	42	19	10	43	40	44	37	22	44	74	31	38	17	90	82	26	22	54	84	13	10	50	68	59	37	81	23	78	83	69	16	53	81	46	96	65	73	86	
93	92	99	16	15	85	96	80	24	45	16	55	37	96	56	40	46	91	50	43	47	51	22	69	76	72	13	93	62	56	23	56	60	68	43	21	14	89	17	97	
50	23	81	62	45	65	68	89	85	38	59	91	54	72	89	74	65	69	78	44	68	85	77	82	87	13	89	80	37	42	25	87	14	44	26	83	98	78	88	81	
61	70	20	37	93	23	20	99	50	89	54	55	30	92	18	50	56	25	89	35	99	67	23	80	43	72	27	96	33	56	12	76	89	77	44	13	80	93	35	75	
81	59	12	84	32	48	84	52	41	19	93	81	46	42	83	60	98	84	81	14	98	30	59	13	48	29	67	32	12	28	28	40	95	94	49	58	36	47	25	45	
23	44	36	84	83	40	47	95	74	63	81	89	66	56	29	100	33	100	56	99	22	40	12	98	22	16	54	87	22	59	19	75	19	62	19	88	31	26	70	78	
44	97	49	53	29	56	55	97	68	70	81	92	46	71	70	86	84	18	81	55	10	91	18	54	39	62	27	55	94	12	15	26	14	50	36	23	63	26	17	23	
62	25	79	82	99	41	87	85	47	82	83	44	65	79	67	60	67	99	47	50	11	61	53	55	15	11	87	37	73	42	72	44	78	73	15	38	26	22	93	76	
14	31	61	81	88	100	69	82	89	73	17	91	40	74	71	47	51	46	32	41	58	42	92	85	74	46	71	63	87	73	21	68	49	37	38	43	41	37	55	23	
63	86	62	50	72	50	47	86	11	91	81	76	62	100	59	39	97	32	38	37	53	23	71	73	85	33	14	11	17	24	35	34	86	70	67	18	100	58	26	28	
62	45	100	42	32	33	46	19	14	45	62	56	22	35	94	63	56	49	42	22	25	28	58	62	57	81	31	10	26	65	68	54	71	26	88	74	21	98	37	32	
57	84	48	82	28	79	16	10	89	66	19	66	90	94	42	50	49	100	53	54	88	12	75	77	27	98	75	50	68	34	46	13	24	36	89	52	30	58	86	34	
41	51	30	35	48	82	36	54	39	99	15	77	56	100	35	80	75	82	73	30	40	39	40	43	84	88	28	91	52	97	81	61	17	81	76	88	20	50	71	73	
11	19	67	28	60	23	89	50	12	51	16	71	80	91	50	50	42	14	24	99	40	15	39	29	80	13	65	78	25	61	76	75	51	62	36	37	38	25	71	99	
60	53	82	92	87	25	13	84	29	15	17	39	92	12	51	54	49	93	87	97	98	67	45	52	46	25	42	58	90	63	64	26	11	90	84	62	91	34	19	46	
29	15	37	28	95	47	69	99	81	43	50	52	93	22	77	93	37	95	88	14	50	100	93	11	16	21	88	35	83	57	63	18	35	62	72	86	25	91	89	60	
42	80	77	23	37	84	34	100	11	45	66	97	81	10	11	42	32	83	35	46	89	17	18	12	34	99	46	68	75	61	92	29	94	24	30	28	91	51	23	28	
15	74	86	94	15	50	61	84	65	100	44	52	69	80	60	54	37	59	36	77	61	61	34	82	28	74	80	23	75	67	55	63	97	72	59	47	49	42	85	79	
12	47	20	10	30	91	90	60	85	34	27	25	92	23	12	100	84	38	10	47	20	15	18	38	71	71	95	88	37	55	66	76	98	19	75	75	95	35	68	85	
13	24	52	26	49	69	92	72	12	36	90	59	39	90	83	45	24	21	44	63	29	50	78	12	80	44	67	97	70	62	20	12	22	58	50	80	72	41	99	45	
20	68	44	61	35	58	43	46	63	77	42	52	63	72	47	89	98	62	94	85	83	35	90	31	58	65	49	79	18	87	44	12	83	81	86	89	20	43	30	33	
79	91	22	81	56	23	93	24	70	36	55	73	78	96	78	43	20	74	79	32	89	22	16	23	74	97	46	51	65	56	17	29	74	56	81	86	75	90	90	59	
53	24	95	22	55	28	18	78	75	66	11	82	56	40	74	65	95	71	14	42	36	19	69	25	71	44	39	50	53	55	24	84	54	27	25	27	99	22	39	91	
15	64	32	58	48	72	78	39	55	96	84	72	31	29	57	85	44	58	19	93	31	23	95	54	18	44	26	54	19	70	33	43	81	97	32	82	25	46	68	69	
37	70	31	37	16	81	26	59	94	55	43	90	85	11	92	55	35	20	13	23	20	74	84	33	88	35	56	84	97	61	72	16	64	80	97	86	90	29	18	42	
61	28	76	94	62	11	86	70	54	69	21	93	48	95	30	47	36	87	92	42	66	41	19	76	91	68	31	38	23	91	21	55	98	72	36	10	59	27	28	67	
88	61	84	47	84	88	31	97	75	43	65	13	16	23	74	98	83	83	69	51	13	25	69	91	78	37	100	76	43	33	33	96	81	19	69	34	45	27	22	86	
25	59	82	48	70	81	35	18	64	52	23	81	47	22	66	25	66	16	23	73	63	51	70	99	77	36	97	49	33	94	62	20	60	76	45	13	33	65	72	76	
65	43	22	38	69	39	84	47	87	68	97	59	56	33	42	32	83	61	86	52	81	86	76	20	80	75	93	68	24	14	24	60	75	42	100	50	86	96	28	66	
15	10	79	27	33	90	86	82	48	55	80	11	28	71	53	33	88	11	11	45	59	27	31	82	68	41	44	97	91	30	80	62	92	83	79	94	37	69	41	71	
92	39	61	96	19	96	13	47	31	33	39	100	61	12	75	87	44	10	49	20	66	95	55	81	32	40	86	31	13	85	50	68	40	58	20	33	26	32	71	55	
74	37	65	16	80	51	18	23	84	27	33	49	70	44	50	23	66	96	92	70	36	14	37	79	64	83	78	18	64	55	19	47	20	64	26	75	47	61	96	14	
17	75	32	22	33	31	89	86	32	45	15	78	69	49	98	25	34	40	25	60	35	100	84	24	76	22	13	57	69	95	18	52	10	58	93	88	56	82	13	69	
56	37	14	67	17	58	99	41	84	46	79	39	21	25	54	27	91	30	54	74	97	77	24	69	94	94	100	75	14	48	87	75	94	50	87	48	31	37	22	46	
48	74	22	42	96	23	81	24	71	69	73	92	64	51	89	61	14	64	41	43	13	37	39	59	73	43	71	65	86	74	76	53	18	16	95	85	76	26	51	93	
64	15	70	68	62	74	54	28	87	17	12	97	13	85	49	80	47	92	83	40	67	52	37	99	55	85	68	81	78	17	42	20	87	56	60	67	89	48	39	52	
15	40	45	56	35	38	67	79	48	98	95	46	51	35	14	11	71	56	25	30	55	33	24	28	54	92	23	89	31	65	36	100	47	93	66	95	13	91	87	78	
83	21	74	14	35	51	87	94	37	45	74	32	49	79	20	58	60	23	18	16	92	57	13	44	87	62	82	94	33	25	53	79	18	96	51	98	39	67	96	87	
48	44	32	54	19	83	76	79	64	76	75	48	53	84	47	21	90	24	12	89	73	51	82	45	31	54	20	39	31	73	57	53	55	33	80	14	62	14	27	77	
36	61	62	50	42	55	30	28	37	82	27	87	48	59	72	83	59	38	14	31	12	50	15	76	33	11	30	26	61	74	24	53	10	26	63	74	26	74	64	91	
79	19	28	15	57	39	64	15	89	92	85	90	42	37	67	35	37	55	64	21	32	90	100	44	86	21	79	64	56	22	30	53	27	10	24	88	39	33	84	71	
22	87	99	43	99	15	17	32	91	40	60	71	71	77	77	68	27	28	44	83	63	61	75	65	78	16	57	41	28	40	30	71	60	33	65	52	14	26	25	58	
63	22	37	48	30	52	77	48	43	51	69	30	87	59	64	59	24	32	79	18	61	87	31	52	75	38	73	67	15	23	75	62	89	89	15	87	65	88	81	49	
85	86	23	62	47	74	53	48	23	50	79	80	82	43	60	73	68	72	61	18	70	71	91	75	11	68	63	12	81	59	92	13	16	88	69	37	62	98	75	82	
21	98	77	34	77	29	20	48	17	30	36	97	90	22	95	20	18	84	77	70	97	26	79	50	50	78	18	39	24	74	36	18	61	70	64	41	81	95	69	86	
94	29	72	97	81	87	79	98	19	52	80	15	58	75	40	49	73	27	17	32	16	76	21	81	55	96	87	71	38	59	37	62	97	56	25	63	64	70	61	21	
83	30	98	37	25	17	80	11	57	56	49	17	74	58	97	33	83	56	68	100	31	94	96	85	53	95	84	54	48	27	52	83	46	61	46	30	96	11	16	67	
41	43	14	50	54	30	50	72	37	51	14	31	14	49	86	58	65	42	27	86	52	66	63	17	17	73	94	87	88	97	81	37	15	46	49	43	27	21	84	43	
15	48	67	65	53	83	82	65	60	56	34	14	68	26	45	19	17	34	21	72	99	87	65	15	53	19	45	15	95	76	32	25	72	69	35	82	83	55	46	84	
21	87	17	74	17	26	94	34	11	48	28	27	49	44	57	33	96	71	78	37	66	34	69	83	77	91	42	21	41	96	84	29	24	16	68	79	97	72	85	26	
30	37	85	52	76	80	23	25	44	78	51	40	78	31	69	44	41	68	100	91	32	14	85	37	72	17	32	76	40	21	84	23	95	40	77	23	29	41	53	33	
34	66	85	25	88	45	70	96	73	20	48	69	69	20	54	11	98	63	49	73	33	55	37	52	37	72	54	14	85	56	61	43	21	95	33	52	31	49	38	88	
83	79	66	44	57	40	19	55	83	87	87	49	89	74	70	72	59	76	25	88	63	25	74	44	60	16	92	63	45	45	65	100	64	64	64	16	16	69	63	60	
68	39	54	24	49	62	12	16	42	45	68	86	23	78	96	20	95	92	28	47	25	55	70	12	49	43	77	52	56	78	28	72	33	75	11	43	47	57	20	83	
62	70	14	89	72	48	73	15	40	49	51	76	44	41	16	68	51	77	72	70	34	19	96	91	51	31	19	31	35	69	76	99	44	12	32	39	11	99	23	79	
64	10	64	85	52	99	89	69	32	30	97	64	46	66	22	73	28	12	91	49	52	19	87	69	15	14	52	97	27	92	34	78	97	17	47	68	77	82	37	23	
56	13	31	41	61	37	23	88	90	46	46	91	45	87	32	17	83	66	91	10	50	54	40	59	94	61	26	32	67	69	79	45	71	73	55	17	100	10	74	75	
16	46	14	100	59	18	58	42	88	50	30	61	72	18	98	88	92	35	10	98	35	97	10	67	47	10	67	18	60	14	62	32	60	54	61	23	61	42	99	73	
65	17	70	64	50	96	89	91	63	41	45	17	65	95	48	41	50	62	25	30	49	88	89	64	60	70	66	38	48	13	37	39	89	98	57	38	45	32	37	34	
77	73	77	43	33	94	36	82	64	27	97	85	28	24	47	66	75	31	88	26	62	74	53	18	31	60	35	47	18	21	80	84	19	31	65	86	14	87	92	25	
29	20	20	33	99	98	28	43	80	72	96	79	48	78	50	56	31	30	82	89	47	16	92	28	66	80	22	17	72	48	74	31	33	45	27	59	49	68	65	12	
57	38	24	65	20	47	57	94	32	50	88	20	32	20	91	67	52	45	85	42	12	55	18	51	83	38	70	26	87	55	73	67	85	83	56	28	42	68	94	21	
48	20	80	73	100	31	81	14	45	81	22	18	96	85	25	44	63	18	56	36	73	43	81	85	22	31	78	76	32	73	70	68	43	39	46	48	34	29	32	30	
52	90	77	68	81	61	90	81	75	18	79	41	70	22	27	41	63	94	79	31	60	69	85	37	46	47	27	22	69	52	80	40	74	21	69	50	81	14	12	54	
23	70	31	27	88	66	16	47	79	76	35	15	88	89	60	83	99	98	13	14	49	26	40	100	20	38	67	93	94	53	46	100	47	55	91	53	86	36	36	28	
82	15	32	52	55	28	45	71	61	25	94	27	76	78	35	11	51	45	29	67	29	73	38	99	39	71	87	26	38	89	39	17	56	28	71	39	83	78	29	30	
75	29	95	69	21	72	79	34	79	63	55	40	23	28	66	94	83	97	55	57	56	59	45	32	43	39	61	24	55	61	68	66	10	95	67	15	83	63	97	79	
12	51	45	82	88	99	92	70	46	44	10	49	86	77	35	26	27	19	99	52	49	54	71	82	10	53	57	50	28	50	66	88	81	83	26	52	15	74	58	10	
29	41	38	77	43	21	97	37	20	28	68	18	35	93	88	22	80	68	59	93	62	32	89	45	80	47	63	73	26	34	75	96	68	59	50	53	99	47	68	11	
95	28	86	39	18	23	56	17	11	58	20	72	71	19	33	63	27	57	22	28	46	88	15	32	41	64	73	17	46	20	95	66	69	49	77	60	77	68	70	43	
52	80	17	97	80	76	29	82	28	93	42	98	47	13	92	47	91	63	21	57	39	98	79	17	99	83	28	44	39	85	13	53	35	17	26	46	23	63	77	11	
65	23	97	54	18	83	55	14	43	69	25	100	95	81	98	42	43	40	98	77	33	70	59	22	20	75	54	41	20	42	19	37	61	38	17	81	95	73	45	38	
83	100	49	100	60	97	30	73	52	91	30	73	85	39	16	93	56	71	89	56	65	99	96	25	29	59	84	70	97	96	59	25	76	58	74	70	54	91	47	86	
99	32	62	24	20	32	72	10	93	13	94	67	61	99	96	74	89	62	47	12	82	18	61	72	34	54	27	31	32	53	46	39	40	93	80	60	86	95	14	53	
99	47	49	21	81	71	52	43	82	35	67	89	66	85	85	70	68	89	13	59	57	44	50	49	20	94	65	46	22	87	62	61	84	78	55	20	77	38	13	90	
16	11	45	30	70	66	51	34	26	78	30	21	52	93	60	76	21	80	51	45	59	89	79	13	46	34	80	58	68	68	13	66	31	60	69	79	36	45	53	26	
39	31	12	93	12	33	21	38	18	37	16	49	100	99	62	74	80	70	61	59	72	84	49	84	58	91	32	85	36	13	86	58	82	40	86	53	86	50	93	26	
73	78	72	48	57	57	56	27	65	25	85	82	45	59	24	61	45	22	25	78	56	63	54	62	23	92	18	13	80	56	35	98	84	23	18	69	21	79	25	68	
64	81	52	91	64	56	31	86	52	82	85	57	45	87	13	26	22	86	13	78	99	31	85	70	90	95	22	19	21	21	35	77	23	64	87	13	74	41	29	62	
75	63	94	66	75	80	16	98	19	47	56	36	73	32	47	75	17	98	25	35	63	79	86	35	92	38	82	54	72	50	86	58	46	65	49	57	80	68	38	27	
90	60	23	24	85	14	100	70	48	57	15	91	13	16	19	24	49	45	98	80	17	48	80	59	89	20	22	92	87	75	13	24	78	92	69	66	42	89	91	39	
54	97	71	72	32	44	17	41	74	84	65	82	61	93	68	78	15	23	64	79	62	96	29	32	53	38	79	54	80	55	52	52	69	54	29	48	16	60	56	99	
91	44	88	51	19	59	29	81	82	72	15	86	48	62	52	86	30	88	86	95	86	64	62	58	25	78	79	98	25	61	38	74	85	33	21	34	73	35	10	45	
22	33	47	80	46	37	14	16	37	67	48	32	46	49	66	41	91	85	23	71	85	61	22	25	62	23	47	35	16	16	77	31	68	26	53	93	98	10	33	56	
83	62	75	17	98	50	19	18	58	61	100	95	66	24	27	52	65	20	19	88	48	88	19	53	51	94	82	94	91	80	94	62	92	18	53	36	81	52	87	54	
96	93	81	20	95	96	22	45	44	80	69	22	69	13	92	73	79	28	94	64	22	98	50	26	43	70	20	22	36	21	27	94	88	80	21	22	48	92	35	92	
65	17	72	74	70	54	94	90	16	35	95	83	87	28	41	34	18	80	88	81	100	80	82	12	40	46	12	65	68	81	52	88	86	87	41	67	97	86	54	77	
21	95	23	33	42	49	47	46	42	94	65	68	53	74	17	89	86	61	69	97	55	31	82	15	87	18	41	50	98	13	55	34	22	47	14	81	82	59	37	41	
79	74	69	22	22	69	66	15	85	77	80	96	84	67	60	26	44	42	48	73	37	27	63	46	43	53	45	51	63	82	96	31	91	61	88	19	98	60	32	61	
97	52	38	87	67	15	11	91	77	60	38	74	52	42	20	59	33	89	54	14	84	82	66	23	46	68	96	75	46	61	15	78	35	75	77	27	17	95	25	29	
30	23	85	49	80	100	42	33	99	79	58	33	11	77	64	68	66	74	48	47	31	82	86	12	31	29	91	14	23	29	39	68	74	84	52	59	21	71	16	92	
42	100	17	57	52	25	59	60	46	61	96	49	100	98	84	95	34	80	90	27	87	85	95	90	81	79	57	62	35	94	80	95	31	25	59	84	48	79	45	53	
38	95	33	53	63	51	50	93	70	15	30	67	48	19	89	35	62	78	24	70	91	24	14	95	84	18	90	81	70	77	43	11	44	29	18	26	84	74	24	17	
75	61	97	12	46	86	57	57	45	44	44	76	53	26	58	65	48	50	70	93	22	87	11	11	21	22	64	66	97	55	63	27	27	37	23	52	97	77	30	75	
17	37	33	77	40	95	92	13	17	35	64	67	43	52	19	96	91	52	68	73	63	75	43	58	56	77	88	41	100	74	49	58	88	24	89	55	69	89	15	35	
60	39	42	24	98	11	99	90	54	15	97	62	34	34	38	12	82	91	43	41	56	69	67	49	30	41	36	41	17	36	98	79	75	98	53	44	18	72	87	40	
48	56	82	21	79	36	49	71	33	90	65	65	53	56	36	74	92	37	24	41	98	61	23	85	69	23	29	93	76	47	83	66	52	97	43	72	31	94	49	12	
51	73	19	60	48	25	25	57	44	63	78	59	51	24	18	97	58	47	68	18	17	81	78	64	41	87	53	26	24	38	50	48	92	64	71	38	67	57	83	23	
78	13	26	25	54	66	51	32	97	32	32	35	54	62	52	41	77	82	77	45	16	72	40	66	58	94	72	24	98	17	63	14	47	54	22	21	57	16	22	66	
17	66	50	96	29	36	66	69	34	17	97	25	31	35	57	71	15	20	69	47	78	63	87	56	38	10	70	61	69	14	66	72	79	12	27	37	72	51	97	65	
52	26	60	14	87	98	53	25	19	26	37	38	74	68	72	99	20	14	28	41	35	98	31	93	58	55	53	50	47	24	91	26	54	98	47	37	40	42	96	55	
77	28	46	62	53	64	64	78	18	63	98	86	87	18	55	70	47	50	77	62	99	57	82	80	60	38	34	85	66	18	72	54	47	79	68	58	71	19	55	33	
61	36	70	30	84	25	99	59	70	88	20	44	49	11	89	57	67	50	46	10	75	35	12	78	74	83	93	93	31	54	37	26	85	77	38	83	46	69	79	83	
42	45	32	37	94	95	37	96	47	61	12	82	34	51	25	82	89	46	99	13	66	46	95	30	34	90	43	23	73	78	38	89	46	99	24	84	100	56	62	10	