1000
30
25	13	79	38	41	80	100	53	48	91	40	22	54	91	86	78	92	18	40	53	41	75	33	66	90	18	78	42	20	24	
98	21	33	16	76	51	51	97	41	79	47	80	71	14	32	20	67	39	33	23	39	76	81	98	58	16	24	48	43	23	
54	37	38	88	16	11	60	33	98	14	69	64	40	84	87	23	81	90	11	66	95	31	19	21	20	90	97	66	45	75	
34	52	29	59	99	49	91	51	10	94	51	82	17	94	78	60	98	17	56	52	99	49	82	100	34	49	32	24	88	21	
18	18	58	43	31	12	11	24	28	34	98	43	64	97	78	43	81	10	85	10	20	83	63	55	100	35	30	81	71	93	
37	33	32	62	27	60	21	26	98	77	96	48	31	38	84	13	13	95	36	41	85	59	93	78	52	41	91	94	19	61	
50	18	47	100	25	97	35	63	32	83	19	58	31	37	74	79	57	66	66	89	50	98	45	18	26	69	49	97	76	58	
74	40	23	58	74	87	63	11	16	59	68	32	82	68	27	10	20	40	74	89	13	20	25	96	10	64	95	61	69	94	
79	75	38	40	83	30	18	62	96	30	77	45	38	12	95	81	50	30	31	16	74	67	19	50	21	28	67	21	68	22	
13	41	89	45	50	46	25	65	68	64	72	29	25	68	59	17	46	56	63	25	50	18	34	61	19	92	36	62	22	16	
41	51	54	37	25	51	37	51	16	89	82	98	96	16	47	28	66	22	27	71	28	27	96	53	59	90	86	93	99	45	
96	96	24	48	57	33	34	40	68	32	13	51	29	19	28	98	60	30	62	94	77	22	96	44	52	47	14	64	63	11	
72	71	81	61	87	94	40	84	50	42	62	12	61	48	88	87	89	42	50	70	63	28	14	37	45	52	100	47	74	22	
13	67	49	75	47	73	27	71	66	11	19	57	92	70	67	29	36	27	87	95	13	57	42	68	58	85	30	94	14	73	
35	47	31	22	10	36	31	85	32	87	44	79	92	38	27	77	41	29	94	91	50	37	38	75	98	41	15	17	74	50	
95	25	68	36	19	69	62	42	11	17	23	84	54	79	59	82	20	92	39	57	73	85	43	57	23	54	74	54	44	88	
41	62	61	51	21	89	17	61	22	66	18	15	62	57	90	46	28	34	63	71	27	66	35	76	30	55	76	86	73	79	
14	96	45	27	34	11	48	33	45	71	71	17	81	29	91	12	21	51	45	64	81	15	75	63	10	17	79	97	95	70	
17	20	77	15	98	72	78	35	81	21	71	36	12	29	97	87	80	64	75	42	34	94	83	24	12	89	50	79	36	87	
97	78	71	53	36	47	32	97	65	97	32	93	63	75	16	76	38	90	26	43	16	52	32	73	34	24	93	90	83	80	
33	99	91	65	55	58	44	68	28	88	16	88	47	56	97	30	64	17	78	11	19	70	77	84	73	30	44	94	72	64	
87	94	60	34	94	73	82	50	17	22	87	66	53	97	25	93	85	41	36	63	17	51	50	63	64	53	54	43	33	83	
21	50	13	56	59	81	100	78	80	79	69	12	54	62	37	40	45	59	51	29	10	63	14	21	22	47	12	22	86	24	
28	32	24	74	74	80	22	81	14	26	28	26	90	48	20	36	45	60	67	99	16	33	79	41	85	78	99	34	13	12	
88	19	66	98	13	98	76	65	24	97	44	60	20	86	10	99	10	65	44	22	57	100	49	85	64	14	53	44	34	27	
17	45	19	95	14	26	32	60	21	37	48	20	35	88	62	85	55	70	23	50	65	11	80	91	95	45	27	31	17	24	
32	38	55	65	50	81	27	96	39	48	34	70	14	82	55	90	83	71	32	26	15	37	56	87	61	67	27	11	93	95	
15	98	27	49	35	34	72	18	67	12	82	48	38	25	36	66	80	57	40	34	46	17	39	70	14	16	67	95	95	49	
75	64	13	28	86	46	38	79	18	57	11	67	61	88	98	100	37	70	85	17	10	55	88	44	100	17	36	47	27	19	
83	27	70	40	13	81	40	54	74	22	65	79	87	86	62	99	18	98	71	68	92	32	46	47	42	40	34	90	23	38	
96	52	23	67	53	59	86	17	83	98	10	57	75	28	40	99	63	60	73	85	23	72	43	86	30	100	27	77	15	52	
36	41	80	63	42	13	96	74	54	64	62	46	72	67	63	53	100	31	30	60	13	15	26	95	65	79	19	20	88	39	
82	79	17	89	33	27	72	44	47	53	91	66	38	96	36	60	63	60	23	82	35	71	59	60	11	25	51	93	35	38	
41	90	86	15	24	64	15	91	86	15	78	83	19	13	54	49	98	62	91	80	27	21	89	46	100	13	62	20	35	52	
15	39	90	53	88	88	96	58	85	43	83	41	56	98	75	31	41	15	21	55	62	26	39	35	71	40	59	94	10	44	
23	24	73	69	43	88	48	71	12	49	71	55	47	13	94	43	73	61	90	74	58	20	25	67	48	40	38	20	38	72	
49	41	27	70	79	53	31	59	75	24	57	70	85	92	46	77	27	16	90	13	64	73	80	47	77	45	16	39	56	27	
49	86	37	37	77	91	53	47	70	65	37	62	79	75	68	19	50	45	74	57	52	17	57	32	72	25	44	32	48	40	
82	64	11	97	78	22	100	91	26	63	38	18	100	69	47	86	24	87	100	63	98	30	10	92	50	34	47	32	48	90	
92	24	73	76	15	51	92	91	86	19	55	84	94	40	90	43	15	25	15	22	73	70	86	78	27	68	67	76	43	64	
39	23	96	82	51	59	25	15	80	58	21	58	83	71	84	12	97	30	63	72	78	15	22	50	80	72	28	47	93	60	
33	81	47	37	89	23	67	48	68	13	79	61	83	14	38	85	15	74	71	59	96	73	52	55	80	25	60	66	69	38	
19	12	37	80	92	48	89	53	31	43	43	72	100	42	68	40	25	69	70	65	55	23	94	30	89	95	59	61	20	44	
76	19	60	29	91	42	14	84	81	58	29	19	38	12	82	55	75	26	90	32	57	61	72	83	32	28	15	93	15	68	
87	16	87	86	15	33	70	36	74	79	35	43	44	40	25	80	86	24	97	58	32	26	38	30	93	67	92	99	39	78	
25	82	17	76	28	32	36	50	91	40	26	60	56	73	97	84	17	59	90	49	34	34	90	55	82	76	20	95	77	47	
18	58	26	92	58	84	23	62	100	47	76	95	100	52	35	41	72	44	52	61	46	94	24	63	44	69	82	26	40	48	
72	86	68	49	31	60	87	21	53	30	15	92	65	97	73	94	45	55	66	18	66	78	16	58	57	97	89	18	19	72	
13	35	63	74	34	36	44	37	12	73	15	51	13	36	63	66	99	72	68	85	54	26	72	59	87	61	33	35	69	82	
25	38	87	50	20	31	66	13	80	68	76	26	47	32	37	60	24	54	47	55	26	79	75	71	98	90	49	48	30	55	
82	14	14	19	14	86	90	40	12	40	92	64	85	88	11	50	64	54	41	84	76	94	84	21	28	35	64	80	80	88	
57	26	92	58	66	56	29	96	76	61	13	69	14	48	65	93	85	75	92	88	54	96	20	89	24	35	57	57	83	94	
20	23	92	93	63	19	58	41	63	53	89	22	24	12	74	95	95	26	15	77	74	10	91	18	92	15	98	94	30	11	
51	89	60	72	79	37	76	90	69	62	92	10	14	66	99	58	20	61	55	93	78	24	51	18	66	25	94	32	26	36	
87	34	89	90	26	44	74	31	43	10	49	77	72	21	100	65	93	10	50	87	98	54	93	67	97	71	69	25	10	73	
17	69	43	62	53	25	64	89	54	81	56	20	90	20	90	80	16	38	21	55	40	66	68	48	76	51	61	94	53	86	
34	22	73	23	57	69	22	10	38	26	17	49	10	31	50	10	50	18	75	77	67	15	61	58	64	62	85	37	62	97	
30	74	81	16	99	98	52	64	18	93	65	37	91	73	48	22	52	35	81	87	85	30	32	63	96	20	27	81	77	85	
40	95	28	73	71	96	74	90	40	39	72	43	61	27	51	37	98	81	54	80	32	62	44	31	94	97	10	90	76	53	
73	49	53	87	48	15	84	43	37	88	18	79	41	17	39	54	91	84	65	65	15	57	27	21	34	66	13	80	94	57	
12	31	81	31	60	58	90	45	96	74	87	63	96	43	31	96	43	70	98	38	10	82	100	93	39	48	55	79	22	100	
37	57	73	24	64	79	98	20	15	98	62	14	21	53	90	35	83	60	35	60	90	77	20	45	95	70	15	98	31	74	
31	73	62	91	73	73	94	11	66	79	26	66	46	23	52	13	64	80	92	42	25	37	82	44	49	70	33	86	35	43	
73	97	38	84	14	63	47	22	88	87	59	24	86	85	57	73	66	31	23	25	72	51	88	40	29	41	54	91	87	61	
78	43	89	77	74	86	85	39	44	80	100	28	16	43	91	37	92	81	14	13	16	93	47	97	21	73	69	64	31	73	
44	31	24	77	34	94	22	71	59	58	14	88	32	67	57	26	68	87	75	57	33	86	91	13	90	74	76	67	86	26	
68	42	86	35	79	74	95	98	33	51	78	60	90	21	73	15	83	71	46	26	91	31	39	41	35	76	80	43	93	80	
45	98	80	45	42	19	17	80	19	93	59	65	33	93	90	48	78	54	88	70	42	49	93	98	15	48	77	55	96	98	
67	14	63	55	99	12	44	82	48	19	12	88	87	98	24	49	57	79	68	93	74	19	70	96	70	88	29	48	11	83	
62	13	17	60	10	10	98	26	38	83	27	58	56	30	84	24	10	18	37	68	54	36	43	69	86	71	26	99	47	58	
14	12	16	61	89	72	61	50	98	20	53	22	76	37	72	59	54	47	63	16	87	31	57	41	44	83	92	93	36	58	
34	42	80	58	81	28	34	97	57	92	45	82	37	24	65	30	25	88	40	66	61	69	90	13	25	40	29	48	15	99	
52	43	23	92	74	88	37	49	86	60	33	54	75	57	100	62	78	62	17	94	24	79	88	63	42	39	70	23	70	53	
68	64	13	66	38	37	63	91	22	90	66	63	74	77	49	36	83	70	50	85	79	83	85	18	74	50	26	18	76	37	
61	26	59	74	49	19	72	82	63	64	32	69	48	92	61	89	16	86	81	11	66	56	46	53	43	66	36	26	44	73	
20	34	12	16	24	41	40	11	20	51	46	53	11	49	45	15	52	93	65	78	15	27	74	33	46	27	80	74	58	19	
14	36	13	22	51	12	46	34	66	44	43	68	31	78	52	33	78	79	64	93	51	51	55	64	91	55	85	25	31	93	
66	64	91	90	91	63	71	22	38	67	59	31	82	12	82	48	97	54	35	37	87	65	80	28	14	99	26	70	54	47	
76	10	45	46	61	66	89	30	25	80	93	16	99	35	62	15	85	72	25	30	81	82	51	28	80	46	89	70	46	41	
73	80	75	14	88	29	69	88	59	63	79	29	13	42	10	62	85	89	84	52	69	47	12	43	41	43	18	27	76	16	
66	79	21	84	91	26	53	51	29	10	41	87	18	86	51	59	35	69	58	72	56	88	76	50	41	70	91	79	32	95	
46	74	67	31	37	64	99	52	26	92	24	90	91	85	84	52	73	30	20	88	14	88	85	32	34	35	36	87	43	11	
12	49	40	89	97	85	67	45	54	43	78	24	97	15	76	14	36	62	97	75	60	75	71	99	38	85	60	43	40	54	
29	44	31	98	58	73	12	98	99	65	97	78	86	99	52	28	78	23	91	80	18	60	34	77	11	40	20	63	32	58	
12	99	91	29	42	35	35	43	83	72	71	49	14	57	78	96	53	49	12	56	48	22	74	67	85	70	30	52	80	86	
48	75	62	85	82	14	49	15	69	28	67	58	67	47	99	92	93	59	33	28	75	13	50	19	35	99	82	38	95	22	
36	25	94	84	94	23	49	66	36	70	63	13	95	31	89	82	92	33	12	14	42	13	14	85	83	89	82	24	71	19	
84	93	26	56	32	81	15	89	79	48	36	28	98	95	38	43	14	100	33	74	10	76	41	67	13	15	29	71	56	79	
33	96	38	90	70	54	41	72	99	18	96	21	99	32	15	17	53	40	67	72	56	11	90	64	50	21	22	67	36	65	
95	55	30	85	10	64	11	93	45	72	73	73	57	37	26	56	99	77	46	15	47	40	85	33	85	48	13	23	84	82	
82	64	20	22	72	82	74	29	87	44	66	45	54	76	21	61	57	56	31	66	39	67	68	62	57	80	16	10	55	46	
40	62	41	20	12	98	65	22	97	75	23	63	73	40	33	10	65	86	39	88	92	10	26	52	71	13	36	96	33	92	
98	80	50	82	81	29	47	100	44	89	45	62	50	43	90	71	54	52	83	14	43	96	92	92	29	73	12	36	25	59	
71	21	21	12	22	74	19	97	94	43	16	32	53	23	84	53	49	79	14	52	35	41	87	41	27	24	87	46	60	54	
93	11	82	57	60	90	78	97	38	79	62	35	62	78	60	99	91	11	22	37	54	55	100	23	88	73	32	48	13	30	
94	86	87	81	91	61	45	99	32	50	17	33	48	66	61	98	81	66	16	71	36	19	97	55	88	20	45	80	73	11	
38	10	33	61	84	12	15	69	18	19	48	62	69	17	96	46	84	54	66	54	83	29	30	90	10	63	91	93	91	87	
55	54	11	88	77	30	80	61	44	94	99	45	12	100	79	97	63	54	37	35	14	17	69	89	34	21	26	81	17	27	
86	65	53	42	66	70	92	69	47	43	48	12	95	93	38	35	69	74	29	75	37	46	31	34	91	26	17	73	24	60	
55	13	46	92	18	42	43	68	72	57	56	21	62	66	55	30	34	66	68	98	85	41	87	25	89	71	75	42	91	17	
32	94	68	91	71	12	51	41	17	29	48	41	53	43	100	30	95	45	62	74	69	58	92	29	77	23	67	43	14	58	
81	56	79	36	39	15	72	51	33	19	16	80	82	65	89	21	41	28	68	33	84	83	51	42	39	17	46	79	60	36	
56	46	48	68	22	70	60	70	30	92	97	89	97	16	33	17	50	42	41	88	16	87	53	49	13	27	59	80	49	62	
59	36	22	39	12	12	59	40	50	39	82	93	44	97	90	25	91	62	44	50	81	57	34	38	88	23	78	52	59	19	
29	95	28	60	21	97	96	62	72	63	20	36	71	82	83	81	24	24	72	98	72	52	82	15	25	27	43	71	46	100	
54	35	82	93	64	34	28	100	81	28	100	34	26	70	83	53	51	27	71	56	35	21	59	65	62	92	53	58	78	39	
47	41	34	52	20	69	38	30	30	20	98	11	49	58	100	70	13	66	10	29	96	40	23	43	67	39	30	32	70	30	
14	93	85	32	75	27	80	55	50	56	57	84	29	48	90	91	81	46	84	83	58	91	89	91	23	53	86	74	53	14	
44	35	37	25	59	70	98	96	50	89	34	34	80	40	79	67	49	24	55	37	85	20	21	33	10	29	83	38	19	69	
68	62	33	30	51	26	27	32	45	100	47	51	100	46	98	86	28	93	65	64	54	100	28	32	94	41	34	44	85	35	
48	29	30	90	63	92	36	32	71	74	35	26	18	53	58	81	90	63	82	25	50	63	60	80	62	71	94	28	29	20	
58	53	14	14	43	11	74	86	89	88	72	79	18	67	83	45	80	52	38	12	50	86	27	65	68	77	37	82	19	42	
66	79	89	29	66	17	71	78	28	49	61	24	96	98	61	77	42	48	49	23	25	90	17	60	52	45	53	10	65	15	
78	24	43	58	50	54	92	79	50	72	83	41	42	97	49	31	42	16	81	92	11	28	58	99	12	97	19	29	52	53	
55	53	12	86	59	83	30	48	69	88	80	49	43	77	60	32	88	32	48	28	64	74	19	73	58	95	51	76	10	69	
15	58	47	78	93	75	78	16	77	100	68	96	75	83	94	84	31	69	59	69	33	68	25	10	11	66	58	63	49	12	
13	30	20	64	38	44	56	24	32	55	24	98	72	52	18	74	75	61	87	83	72	92	43	20	72	79	99	93	65	41	
45	86	35	68	13	37	42	97	30	58	55	61	43	83	49	52	10	23	84	93	69	18	28	49	52	16	51	80	19	77	
15	93	67	30	26	27	74	17	75	55	92	96	50	84	47	11	69	85	52	64	68	43	59	30	96	22	87	83	22	66	
50	13	68	10	71	64	33	68	14	90	38	34	79	87	33	70	77	97	26	80	44	40	91	23	41	10	47	76	69	26	
56	24	58	10	18	53	59	29	52	30	74	64	77	22	76	94	30	16	44	96	60	57	79	11	91	37	49	46	43	54	
17	65	44	61	93	75	92	98	12	97	58	19	52	90	80	44	68	47	15	41	54	94	55	54	74	20	78	37	32	97	
45	71	90	24	36	31	82	24	60	67	52	67	29	88	87	86	74	83	33	19	58	97	22	71	14	42	90	83	92	60	
43	19	12	43	86	24	56	58	91	45	24	97	92	58	46	39	62	98	16	10	62	32	39	77	21	95	98	83	52	10	
17	20	70	29	86	62	68	26	62	57	24	70	25	12	31	91	67	87	26	70	72	24	14	83	86	48	43	84	32	87	
87	82	32	23	95	94	24	45	33	63	10	82	64	26	11	94	71	50	39	97	45	36	81	58	62	38	25	26	52	78	
64	61	34	71	62	58	57	41	88	19	59	47	79	51	35	23	98	85	80	63	42	72	95	84	53	58	85	32	41	98	
75	25	39	64	14	19	44	68	83	22	34	18	61	16	24	28	81	25	44	34	31	28	70	44	13	68	64	14	16	10	
77	71	98	67	39	52	34	67	37	87	28	79	31	16	50	53	55	49	34	74	87	12	53	24	54	15	37	61	61	100	
78	49	83	38	58	41	54	100	69	91	88	86	15	19	88	64	22	89	91	71	22	32	28	54	41	52	88	51	79	99	
67	51	29	32	17	40	20	68	33	38	46	26	71	81	98	34	72	10	92	83	15	66	78	100	100	22	58	83	64	42	
55	85	61	19	96	63	10	19	41	95	18	52	95	98	74	81	47	72	39	87	93	71	59	70	27	65	31	20	73	48	
70	70	45	34	23	48	96	38	30	72	28	58	13	58	64	44	82	28	53	84	37	53	83	98	80	18	76	38	61	65	
27	15	52	79	93	29	75	18	52	31	29	17	60	17	34	64	70	87	89	77	70	26	75	24	65	96	40	42	87	47	
43	32	84	10	97	79	95	95	91	28	30	12	14	44	69	18	81	59	100	13	17	21	70	11	87	65	48	95	42	37	
14	44	64	71	95	28	11	90	18	46	84	81	82	19	72	98	100	36	41	62	85	70	32	37	51	95	34	59	64	15	
71	91	64	86	62	45	26	51	64	98	23	99	73	52	59	91	42	71	16	26	46	34	85	53	75	65	63	28	36	16	
45	77	88	95	81	32	79	64	63	21	75	61	41	73	27	42	88	50	59	88	18	96	65	69	59	51	93	37	24	13	
30	45	79	67	39	83	85	25	49	91	30	41	16	39	14	97	27	69	38	82	67	27	36	24	39	36	80	44	99	45	
48	45	50	12	23	63	83	37	52	14	67	51	81	68	14	22	11	37	24	46	47	93	40	71	95	14	81	55	97	73	
87	23	81	52	77	69	65	41	79	62	36	55	40	88	63	39	81	68	13	76	14	86	48	83	61	60	75	45	43	19	
37	66	81	15	45	55	21	26	15	48	42	15	88	29	33	19	19	36	46	84	30	59	17	57	24	25	76	61	26	40	
75	36	80	13	13	75	78	29	64	15	95	79	77	93	87	17	75	63	24	11	77	75	46	31	49	17	21	65	36	96	
33	88	71	85	73	15	59	12	68	62	46	54	37	83	20	41	44	16	100	46	17	55	63	87	13	20	23	54	20	13	
54	74	59	64	81	71	37	17	68	63	33	78	62	27	12	87	72	20	65	83	62	66	91	85	14	96	83	92	16	55	
64	63	96	23	48	20	76	56	99	17	60	34	76	18	82	91	65	93	17	24	77	27	42	22	94	74	20	96	91	94	
38	13	38	27	71	89	68	55	28	37	50	52	19	74	84	20	32	100	89	75	93	43	49	27	22	99	59	27	39	76	
97	70	93	43	46	60	19	78	15	58	67	31	63	85	47	35	40	77	97	76	66	22	57	65	32	52	43	55	72	10	
28	45	53	74	61	82	91	53	61	67	29	39	25	35	89	43	99	36	92	99	20	78	88	86	31	83	93	27	43	99	
21	31	90	40	84	99	85	93	61	43	60	33	50	14	87	79	82	69	71	39	89	43	37	41	31	80	80	11	29	83	
36	97	54	65	51	40	86	58	28	79	85	33	54	30	34	29	97	85	75	34	95	20	98	91	16	72	32	67	65	43	
51	70	73	68	83	43	49	76	21	53	78	48	67	55	87	20	68	40	28	98	56	60	25	100	21	20	56	83	63	75	
37	10	89	51	13	48	60	42	14	11	81	19	24	61	57	86	75	22	22	19	48	47	49	72	31	34	64	54	66	70	
28	33	67	72	34	95	85	11	50	85	49	17	92	67	94	86	60	13	12	83	42	57	34	40	62	46	80	51	55	28	
86	12	57	37	95	98	74	11	74	78	43	37	24	46	54	82	29	46	79	55	43	49	23	89	86	73	26	60	57	69	
49	39	34	87	78	15	96	92	63	35	95	42	25	80	10	51	59	65	99	75	13	87	49	60	48	45	71	74	89	75	
29	78	70	29	30	47	15	11	69	87	22	35	30	56	14	56	96	46	63	52	67	47	84	67	95	12	28	32	80	47	
29	82	61	58	32	31	30	98	41	53	25	67	64	13	13	99	52	54	85	18	24	86	44	39	66	62	19	85	65	58	
50	91	95	10	22	97	44	62	45	31	22	76	76	32	72	39	76	76	91	93	56	55	52	60	63	56	30	36	12	88	
60	49	95	83	77	28	93	100	93	58	54	68	35	81	68	15	54	100	69	12	27	68	79	43	97	70	64	92	14	34	
43	22	21	29	42	38	22	67	11	80	34	91	87	44	71	47	78	98	59	34	86	61	57	53	46	90	91	66	28	71	
66	11	35	82	14	51	84	23	85	21	49	45	13	11	90	56	75	88	16	32	95	84	14	52	82	26	30	55	41	16	
12	17	50	12	17	74	97	40	97	73	11	36	77	23	16	11	85	31	77	22	26	29	34	15	88	44	23	93	89	51	
45	55	31	52	51	33	66	84	86	78	46	97	25	28	74	15	44	45	64	88	59	57	38	56	85	35	34	26	51	11	
55	43	100	70	17	67	67	30	72	55	10	94	57	13	60	17	27	28	60	28	50	81	90	54	100	10	74	19	38	69	
61	20	35	99	57	100	81	84	73	41	60	48	38	28	19	80	48	31	14	76	28	38	79	42	97	54	98	100	50	83	
85	70	77	39	86	100	26	50	68	77	80	45	14	42	91	25	16	99	64	80	78	25	74	90	60	36	18	11	59	19	
71	81	41	14	42	86	50	80	51	24	58	71	65	100	65	96	88	26	46	87	81	41	18	91	87	86	15	19	90	16	
17	64	57	53	13	29	37	53	75	85	64	39	41	38	11	23	24	35	87	37	12	73	14	26	79	62	64	82	92	99	
25	83	75	38	52	29	17	38	62	11	41	56	73	99	39	13	13	57	64	66	46	24	15	73	61	26	54	78	92	97	
66	81	90	51	81	12	51	24	86	16	85	45	93	40	52	28	50	78	11	47	48	59	52	68	85	60	65	33	98	59	
68	79	84	66	100	28	56	55	65	98	81	39	84	73	40	67	21	50	92	24	84	25	99	68	42	65	51	85	85	10	
55	29	20	100	19	82	99	52	39	49	94	55	99	97	98	13	95	40	54	75	44	22	49	45	78	29	63	13	83	91	
83	64	33	98	64	28	31	28	85	88	31	66	51	13	69	37	33	37	12	14	91	18	84	31	100	40	23	39	95	73	
60	47	60	57	55	11	85	61	40	97	43	39	27	22	30	19	10	80	72	39	88	63	42	20	31	34	34	19	95	29	
30	83	22	83	89	91	23	31	84	96	58	44	66	84	13	84	90	47	18	88	99	15	97	17	92	100	64	96	95	45	
41	47	99	40	53	75	38	19	94	11	31	79	71	81	54	21	71	65	18	14	53	21	34	43	97	96	52	53	60	85	
45	38	61	52	76	10	23	82	75	68	21	87	17	89	13	76	33	28	88	59	40	18	89	29	40	59	62	49	87	66	
30	84	11	84	70	27	62	55	42	16	42	96	84	25	97	60	56	58	89	24	71	13	65	63	90	42	16	100	14	90	
64	84	31	89	76	91	79	96	48	25	14	17	65	98	64	63	73	32	99	58	45	30	59	83	34	54	49	38	98	67	
46	11	62	35	66	16	52	98	66	37	42	52	71	83	82	47	23	42	90	91	83	57	14	81	76	88	22	36	64	66	
39	72	54	77	44	54	26	36	46	91	49	90	28	12	40	58	75	11	52	78	24	46	56	75	56	81	75	39	48	28	
98	92	89	37	72	33	99	21	19	92	40	77	52	19	11	28	44	91	78	42	100	31	89	66	68	35	62	21	45	13	
15	20	11	98	85	20	45	91	18	41	83	48	22	45	100	71	62	80	44	53	75	51	71	77	71	32	70	59	39	24	
50	89	70	46	86	64	57	97	80	83	98	86	93	63	32	34	53	32	11	31	39	85	71	73	84	64	12	68	14	85	
81	50	91	100	91	68	55	63	94	91	16	49	30	52	79	80	21	13	65	35	75	47	40	98	42	27	67	30	88	82	
44	94	23	38	31	84	72	20	56	13	66	17	80	60	27	84	74	18	90	48	43	70	32	13	56	40	82	34	20	72	
38	80	70	15	73	15	88	39	52	12	95	51	62	23	49	18	78	66	66	100	96	87	14	97	42	11	14	14	44	77	
35	84	80	98	26	71	24	52	73	56	79	12	57	32	92	86	10	14	16	74	60	92	83	87	86	21	19	23	46	25	
74	39	97	72	87	63	57	59	61	36	17	23	95	54	11	64	83	99	92	39	11	53	15	33	73	55	54	26	84	94	
53	77	86	74	99	20	33	54	79	100	68	98	21	54	27	25	94	18	16	35	13	77	92	88	10	19	50	49	94	72	
18	72	66	39	43	51	11	96	29	99	94	86	45	93	51	75	22	89	55	31	72	55	51	16	38	77	32	39	85	32	
45	72	96	56	34	100	19	27	19	95	61	20	71	88	13	91	87	87	89	77	73	100	48	28	65	28	97	14	73	15	
68	77	71	55	60	93	88	53	77	21	78	39	78	36	81	92	83	74	95	19	63	60	26	51	76	53	57	80	29	21	
59	15	100	16	26	54	74	53	53	65	10	97	15	48	81	30	65	98	67	29	69	34	73	23	57	10	51	73	78	13	
90	24	11	37	60	41	78	87	22	75	50	81	91	16	25	38	19	99	62	85	54	67	46	91	48	57	52	23	36	48	
18	51	39	77	76	98	98	73	27	46	76	92	90	13	69	12	19	96	35	68	59	66	35	42	55	21	86	92	93	84	
76	90	48	23	90	67	24	49	29	80	81	67	92	86	90	46	65	98	55	96	94	74	80	91	22	40	25	80	37	83	
48	24	54	37	36	58	92	47	91	30	64	76	88	42	33	75	80	70	11	92	57	65	93	50	60	96	33	87	13	85	
51	21	14	87	31	40	56	10	50	69	49	23	46	73	60	88	88	68	83	75	35	60	47	66	25	83	21	25	46	98	
36	21	26	45	52	88	24	62	13	77	50	20	75	93	83	34	26	92	29	24	98	52	65	46	23	78	42	74	87	80	
14	78	27	100	30	49	12	53	26	60	11	28	85	52	95	48	96	69	98	53	95	90	28	69	71	58	86	24	31	91	
60	73	76	68	22	75	25	69	38	91	28	10	51	79	69	47	31	22	17	93	10	40	66	97	94	97	15	13	27	40	
80	82	91	50	91	29	61	37	22	35	13	62	59	35	93	30	88	20	74	27	63	55	82	39	53	95	28	96	62	85	
19	37	66	75	26	30	48	57	79	25	97	52	81	11	86	25	54	15	43	82	71	98	43	92	96	89	96	24	10	87	
87	44	92	36	37	33	19	33	19	68	67	98	81	21	84	76	74	34	48	54	43	48	33	42	15	63	22	17	54	92	
90	78	59	84	83	34	97	81	92	87	84	76	46	100	68	65	45	17	96	99	64	64	58	49	70	17	100	42	87	46	
88	23	77	31	41	18	75	73	24	78	73	63	34	93	55	23	35	77	99	35	86	55	48	66	30	67	73	67	30	82	
47	81	45	75	93	16	22	47	17	99	78	40	17	51	40	85	59	21	65	59	74	52	24	94	86	11	17	85	66	24	
96	62	24	14	53	97	83	20	16	28	95	99	71	70	94	77	55	16	85	11	97	31	34	24	97	49	98	45	72	37	
55	94	13	43	62	24	67	57	53	13	24	53	42	92	74	71	53	51	48	63	40	71	48	40	14	56	31	47	38	64	
52	25	12	14	89	97	17	72	44	20	55	60	56	32	69	58	20	82	83	91	77	45	49	73	32	16	79	89	22	42	
30	92	28	48	44	37	84	12	47	55	95	22	65	79	23	42	19	90	42	15	29	60	63	94	38	44	91	39	56	51	
41	63	76	64	94	66	38	72	88	29	53	26	26	55	92	16	23	46	39	74	42	64	62	62	38	48	76	39	72	26	
10	35	87	75	20	13	27	69	79	28	57	78	48	75	43	20	29	32	97	46	78	89	59	71	63	97	90	70	28	44	
85	37	97	98	80	24	20	71	97	53	34	40	89	79	56	81	17	91	15	73	12	10	76	78	30	63	10	93	18	64	
71	27	83	17	38	50	40	97	21	92	21	20	89	76	70	60	64	16	56	88	58	71	57	29	55	40	56	90	63	90	
57	37	85	87	61	99	82	82	44	35	76	18	58	62	47	28	40	14	11	57	72	54	25	34	97	39	40	59	75	70	
43	85	61	69	30	56	98	39	34	14	10	46	12	66	73	16	66	45	36	45	56	44	100	72	63	24	79	51	75	12	
70	19	41	27	20	34	53	35	52	46	67	83	17	58	14	78	12	46	70	24	83	35	35	67	34	32	72	60	91	26	
19	45	99	15	82	63	43	48	70	19	19	71	33	51	23	93	100	51	41	94	58	88	90	65	50	26	88	96	48	14	
31	98	17	91	65	18	83	14	35	84	20	21	21	36	94	36	31	89	99	24	56	40	14	20	50	100	60	73	38	31	
54	39	85	34	77	88	88	64	24	33	78	23	78	13	27	52	48	60	79	75	19	54	73	43	77	85	40	79	88	92	
39	61	13	20	75	43	16	45	82	44	34	72	84	66	12	70	100	46	44	96	62	35	98	34	50	18	18	10	90	90	
86	98	66	83	63	55	95	84	87	56	28	30	97	66	69	25	49	84	96	36	17	22	48	12	33	35	72	82	83	55	
64	84	53	53	31	26	38	60	47	100	62	85	12	68	55	53	70	54	62	76	69	45	37	19	74	88	36	37	49	13	
45	86	88	58	94	67	86	99	64	60	42	15	68	82	13	100	32	92	56	59	32	95	31	87	81	34	30	13	63	66	
80	15	30	12	81	23	23	48	76	58	13	34	99	23	58	31	48	86	29	74	94	34	34	31	45	82	90	93	38	13	
70	54	99	98	92	14	69	18	20	93	66	72	33	64	97	79	11	37	70	31	54	41	60	79	37	42	27	78	15	56	
53	77	95	19	15	77	40	69	50	25	71	48	89	86	94	11	90	21	70	46	33	15	23	71	39	60	51	85	89	35	
66	43	29	30	12	47	13	58	48	61	16	18	78	27	100	40	15	28	23	45	24	44	52	55	79	92	27	46	14	40	
80	32	41	13	11	61	21	59	99	47	41	82	85	23	98	10	23	61	80	79	54	47	21	45	64	64	43	92	42	82	
41	77	21	88	96	97	70	44	88	64	28	86	65	76	74	57	67	24	40	74	21	83	49	80	37	28	77	30	33	14	
24	32	40	30	24	75	89	76	25	41	40	92	90	43	77	27	70	61	28	87	40	89	80	53	18	60	43	78	82	88	
29	19	31	94	76	20	18	51	42	80	48	49	54	84	57	87	92	52	13	66	83	22	63	100	43	94	62	22	71	81	
98	32	86	85	44	29	83	14	67	42	64	66	99	53	35	45	90	15	62	51	88	66	54	69	16	69	59	18	65	68	
57	55	95	79	10	64	76	62	38	77	49	70	92	18	52	70	92	97	34	16	55	83	100	54	79	92	92	14	30	44	
86	71	74	75	44	97	69	26	19	92	63	77	70	57	93	19	71	35	18	33	36	34	11	83	86	75	84	67	70	95	
98	94	65	10	80	13	96	26	64	93	84	68	77	38	17	94	49	23	90	35	18	66	15	49	42	89	61	12	51	10	
84	19	80	40	87	57	39	53	58	94	79	81	81	74	54	11	33	55	68	64	94	38	47	13	81	52	57	37	41	15	
76	57	11	83	59	23	58	17	62	63	76	77	68	49	14	94	15	13	53	93	43	89	94	14	33	33	12	72	29	70	
39	15	83	49	57	20	71	63	61	77	67	47	41	14	32	98	76	90	29	39	83	45	41	37	77	92	92	11	79	37	
52	97	30	98	45	80	44	53	30	23	86	98	45	53	30	70	87	30	89	50	52	32	15	37	72	73	83	11	99	40	
36	82	63	91	44	88	90	22	84	26	67	32	61	69	53	50	46	65	26	16	77	47	73	32	92	45	43	84	75	18	
20	62	60	63	35	17	24	91	70	53	57	60	100	28	76	60	99	87	67	47	89	63	18	10	95	30	83	51	81	29	
27	11	60	22	74	10	13	23	93	89	87	13	14	43	92	48	67	97	38	20	13	17	96	47	100	17	57	97	88	94	
99	57	89	48	37	26	21	100	55	62	66	25	93	72	99	24	60	15	61	71	83	88	42	50	22	99	73	60	10	80	
79	44	93	94	41	33	35	49	40	22	54	80	90	59	51	53	39	17	80	60	66	72	81	78	67	66	30	19	45	42	
18	69	33	70	36	74	10	14	21	64	10	71	13	89	61	35	13	94	97	95	24	15	57	33	38	52	24	45	68	76	
51	86	73	40	78	32	11	23	60	51	87	79	90	48	26	79	39	52	51	69	30	23	45	75	48	52	75	70	93	90	
95	48	26	73	49	40	28	95	38	36	83	13	83	83	83	13	25	96	23	84	53	57	54	18	34	98	88	77	22	35	
97	50	29	41	27	94	16	50	82	50	82	37	21	63	28	84	79	48	88	22	29	80	35	44	33	38	73	13	75	58	
13	44	25	42	75	19	42	18	56	11	71	70	65	67	96	80	23	19	77	22	31	52	66	83	31	45	43	65	89	91	
96	18	22	25	57	19	17	48	75	62	11	62	88	49	73	51	55	94	21	33	99	24	34	90	38	81	55	38	21	79	
52	78	65	63	46	25	36	12	13	56	30	61	60	39	81	53	85	55	32	90	60	38	28	36	81	44	42	53	25	85	
17	35	45	96	64	63	19	24	39	10	99	50	28	94	83	30	90	36	90	100	99	85	91	20	71	46	33	21	90	33	
61	40	100	83	52	36	73	49	69	24	12	56	74	78	89	96	66	99	26	74	33	32	21	63	96	28	26	81	57	93	
45	12	67	33	32	10	58	32	95	51	89	69	43	45	87	21	25	73	26	80	39	65	50	49	22	20	94	27	23	30	
57	92	66	59	14	29	95	35	100	15	84	92	43	43	62	99	75	73	85	94	87	68	25	34	51	55	45	64	24	79	
24	85	46	60	92	13	96	52	78	55	77	96	96	24	93	43	82	17	69	10	10	23	52	79	37	49	61	57	49	31	
20	60	90	51	32	86	19	12	30	91	93	68	61	81	50	91	42	71	56	25	16	99	53	71	95	38	17	92	15	42	
68	89	67	62	27	36	19	82	31	91	41	91	99	70	15	78	25	52	28	27	91	81	57	64	51	39	56	37	76	47	
25	16	96	25	12	42	88	53	42	14	49	85	33	68	29	64	21	29	67	37	79	66	54	49	88	59	44	26	74	81	
71	63	67	65	100	48	82	42	57	28	75	59	37	39	91	39	15	35	24	39	24	72	55	97	52	63	41	59	86	65	
20	54	72	84	13	72	71	30	18	73	93	31	62	18	59	85	10	72	33	30	13	64	84	29	49	35	33	85	51	21	
26	70	26	96	47	69	34	70	19	100	35	83	11	28	98	77	37	97	44	73	74	84	70	84	88	51	68	59	26	60	
95	88	46	26	17	47	28	85	36	18	20	92	94	24	95	73	56	63	78	20	27	50	71	91	64	13	12	57	20	55	
16	54	54	21	89	98	64	91	54	54	42	32	81	81	73	20	29	54	73	100	50	80	20	77	12	84	54	96	65	62	
12	66	43	93	83	23	33	93	18	94	85	11	52	48	45	95	47	37	73	22	37	87	100	85	36	83	45	78	45	70	
61	86	44	92	10	30	88	44	79	84	54	61	93	84	97	100	32	87	68	86	13	46	49	86	19	15	35	65	88	33	
14	45	29	84	94	18	16	52	98	100	87	39	94	47	36	26	71	59	85	55	20	42	44	26	69	46	88	40	76	95	
48	70	64	41	78	80	30	30	18	40	22	90	86	62	99	91	46	14	59	74	20	12	43	81	47	54	15	96	56	50	
96	34	18	43	73	65	81	31	21	79	31	19	31	71	100	43	31	79	40	35	61	77	45	40	34	65	19	92	26	97	
77	26	46	30	91	52	54	75	16	58	27	67	73	81	28	75	71	100	52	48	92	31	81	32	41	16	84	21	71	41	
90	19	61	78	29	83	50	44	89	92	63	60	74	88	42	79	21	64	65	36	45	89	90	10	83	58	46	52	56	63	
42	68	76	10	56	60	86	81	23	80	33	28	29	63	85	25	94	34	19	38	68	33	57	21	53	81	24	47	88	59	
17	24	29	11	60	25	89	74	93	21	24	39	33	84	59	78	44	68	47	61	84	24	55	93	46	60	28	26	41	62	
68	64	96	74	10	56	86	49	13	42	55	21	42	36	29	23	62	54	15	37	64	90	36	98	97	47	57	54	70	37	
25	11	53	51	17	31	88	75	41	78	11	57	62	100	49	63	72	60	45	16	84	57	84	21	33	72	62	86	18	18	
43	89	44	16	99	80	25	100	87	46	21	73	80	96	48	40	64	32	34	73	45	67	68	42	55	78	38	52	28	62	
65	16	15	78	99	32	48	76	24	57	81	96	12	47	15	50	75	77	11	65	77	100	53	13	83	13	66	30	38	98	
73	77	74	86	54	89	39	39	65	68	35	54	20	97	58	77	53	92	82	66	30	36	53	20	32	15	45	94	83	19	
80	58	29	27	52	17	30	52	51	10	50	11	28	13	67	90	55	72	67	19	22	91	44	31	59	84	47	55	96	40	
29	73	64	40	87	40	74	95	92	52	51	51	37	100	40	26	17	89	34	81	99	37	97	13	96	84	84	38	28	48	
91	26	58	33	94	72	58	97	26	13	61	60	32	10	97	96	64	61	15	47	88	44	86	58	41	25	95	26	99	37	
63	69	54	95	99	20	63	14	32	77	100	100	18	92	31	72	47	49	38	56	59	25	56	88	49	24	68	79	96	51	
64	67	25	40	91	11	46	29	40	12	14	49	32	68	53	68	69	82	55	18	52	41	63	71	30	15	86	85	35	60	
86	22	52	52	57	43	20	43	76	27	90	90	50	64	23	12	61	100	12	90	63	55	17	52	91	62	97	28	53	82	
51	12	50	15	62	76	60	34	55	14	99	93	96	10	68	48	10	73	98	63	21	77	98	82	28	90	36	92	92	92	
57	14	94	33	41	34	29	78	33	67	72	14	68	11	67	34	36	36	94	59	96	38	15	66	35	30	27	23	89	62	
84	38	15	84	48	22	57	68	32	15	93	73	14	70	56	36	34	34	12	51	96	78	92	70	50	66	74	51	24	83	
53	55	97	51	60	61	16	31	47	23	79	64	67	54	40	25	82	54	56	38	47	23	16	40	70	32	25	28	48	90	
66	98	82	28	22	33	72	60	12	23	45	92	16	50	56	47	49	55	87	57	59	58	70	93	27	91	40	34	95	83	
24	28	10	90	92	14	35	99	21	22	66	90	43	21	17	90	40	74	35	73	28	74	17	14	27	65	50	88	94	82	
96	80	77	81	11	79	24	13	48	68	96	92	99	18	39	20	32	46	89	56	65	49	72	56	82	48	85	50	21	72	
67	39	24	28	81	91	73	12	64	45	32	19	40	34	55	72	58	72	49	10	59	44	32	46	87	91	63	84	97	54	
60	41	31	67	68	57	97	87	98	45	62	70	55	12	89	58	84	15	83	15	68	57	83	10	92	21	43	31	82	56	
97	92	99	85	37	93	79	80	83	95	60	68	75	77	71	56	51	66	68	38	90	12	44	96	32	32	29	73	18	88	
31	59	45	72	29	70	99	66	84	86	15	47	95	100	57	83	65	57	19	49	59	68	44	34	91	48	40	92	83	37	
81	27	55	19	92	74	11	15	70	85	92	20	33	23	25	14	53	78	61	52	22	20	63	70	37	87	75	58	59	68	
34	27	34	10	63	68	64	17	95	93	83	67	88	30	43	87	10	78	57	91	11	80	12	41	17	42	32	34	10	12	
77	27	37	47	53	81	95	66	13	16	73	17	90	45	54	57	13	32	78	47	41	72	85	97	31	58	27	31	80	99	
48	11	40	59	33	87	33	99	100	84	81	30	93	53	28	15	17	26	14	16	60	46	65	49	22	70	100	50	20	63	
55	13	97	53	86	21	69	69	37	17	85	49	66	36	68	41	51	29	61	83	66	51	21	84	49	94	70	47	78	68	
70	11	74	14	87	60	89	23	99	65	52	75	46	69	83	70	38	65	36	13	31	60	44	89	20	68	68	40	75	78	
100	39	100	33	99	91	68	11	76	57	64	52	100	76	90	47	93	70	23	58	88	73	92	23	83	73	80	94	30	76	
44	16	87	32	51	15	72	68	29	55	62	69	96	33	95	61	67	73	50	81	93	100	45	99	17	46	73	74	89	47	
64	80	84	19	41	18	67	79	80	22	90	90	56	85	11	54	89	80	22	24	61	13	37	80	26	31	95	77	80	90	
26	59	86	81	56	67	100	59	26	62	13	13	53	71	16	57	31	42	62	90	17	94	98	65	99	58	52	26	59	82	
100	81	37	66	16	98	54	99	12	93	97	71	31	51	23	18	45	49	89	57	13	55	100	39	61	70	76	16	51	34	
65	46	75	45	38	93	50	88	94	40	49	27	77	32	54	56	70	14	36	12	96	10	35	86	60	51	71	95	58	17	
79	60	47	61	42	50	57	12	10	66	89	88	99	63	78	100	94	93	90	60	54	17	37	67	87	59	45	23	74	86	
44	84	77	61	97	34	46	16	56	92	35	94	17	70	65	74	85	69	35	79	61	44	70	58	30	88	89	60	28	61	
40	89	94	86	28	100	92	88	49	33	67	22	38	24	80	29	51	46	91	22	11	84	49	49	33	51	95	27	89	30	
48	13	56	91	74	53	35	82	25	73	51	32	68	59	39	13	58	23	81	33	91	64	16	32	53	62	16	60	20	86	
25	91	92	23	29	65	90	59	90	69	16	23	66	16	66	66	93	84	92	19	48	27	24	94	46	46	24	58	24	53	
17	51	19	99	98	31	90	16	86	52	43	35	11	23	35	100	73	68	30	45	23	64	22	54	26	94	26	82	47	30	
39	100	59	99	43	66	32	34	89	94	91	92	84	35	99	74	84	23	93	31	49	36	32	43	12	35	67	87	20	29	
67	62	62	35	33	45	58	100	62	72	87	65	68	92	48	52	77	15	85	49	17	22	91	91	42	46	74	55	46	20	
45	12	25	89	71	31	91	17	69	14	35	52	17	65	45	63	56	38	55	55	16	82	89	60	99	85	89	97	58	91	
52	96	20	40	88	69	66	37	80	29	18	36	30	48	55	48	39	43	12	68	38	24	81	92	12	24	70	54	29	62	
75	40	46	24	69	65	84	29	23	59	14	89	13	53	59	74	14	18	13	92	27	72	20	59	18	62	61	85	56	29	
87	58	31	41	71	11	96	79	77	84	39	80	59	47	44	38	96	89	38	82	53	99	67	31	80	59	90	29	71	89	
89	92	41	52	93	53	85	92	14	32	14	60	98	98	72	58	59	98	59	50	75	62	29	56	69	83	14	42	98	11	
65	82	54	27	89	18	17	28	48	76	57	30	50	72	43	29	21	12	14	72	87	31	90	61	97	70	17	30	21	94	
83	69	94	71	51	30	19	17	59	12	14	68	97	99	46	46	30	24	80	21	87	33	90	81	55	76	65	26	72	85	
51	99	99	40	70	83	64	92	17	20	83	55	47	77	98	31	22	29	43	18	54	70	83	19	29	85	10	41	12	74	
91	83	49	13	91	60	88	72	34	92	53	50	43	13	21	55	40	41	58	92	17	18	67	38	68	16	27	100	79	41	
42	28	77	29	35	54	82	52	73	29	56	66	15	56	17	52	64	100	83	99	50	38	18	17	91	93	99	49	52	96	
46	45	93	59	89	89	87	73	53	68	88	55	99	76	75	67	46	58	83	96	99	35	68	54	90	95	55	11	43	33	
85	43	44	39	64	56	87	87	84	67	32	30	13	76	11	36	19	51	14	86	28	53	34	21	78	75	84	11	29	73	
63	65	94	46	19	79	86	97	63	42	22	66	29	68	95	41	52	52	89	53	43	67	15	76	90	86	60	31	49	15	
56	12	100	20	54	18	34	32	55	52	69	40	80	19	80	38	77	20	25	26	90	96	84	31	55	79	21	43	89	84	
75	87	73	80	41	93	95	24	78	13	43	16	61	85	69	75	92	62	45	39	100	40	10	36	81	68	75	99	29	50	
82	47	72	84	59	48	25	99	42	39	51	14	51	46	61	79	46	41	70	24	39	54	37	72	74	12	26	30	84	61	
64	21	73	88	53	57	40	24	57	79	55	90	48	61	13	25	76	76	59	65	65	68	60	94	79	45	49	84	73	29	
56	45	62	46	96	92	92	56	89	65	14	45	70	83	91	73	72	52	77	21	89	79	94	61	49	17	32	59	10	53	
17	26	43	95	46	13	59	60	62	22	86	96	65	34	30	83	18	60	33	59	23	73	12	33	70	65	12	75	81	48	
23	56	31	32	69	20	96	38	35	39	93	56	23	20	18	30	22	70	87	42	73	47	57	65	60	98	57	75	69	51	
90	54	56	68	65	13	43	56	10	39	94	36	49	88	30	51	52	75	98	27	89	80	47	27	19	35	55	21	27	12	
57	61	35	57	71	43	38	17	93	66	74	34	80	35	63	54	62	32	36	10	34	34	84	77	63	31	71	16	17	37	
76	95	95	76	29	56	70	34	26	69	38	30	97	100	14	15	39	22	89	35	38	67	34	39	81	22	55	61	70	41	
94	78	95	36	21	86	69	68	75	19	13	16	81	83	98	100	15	65	15	87	42	49	29	89	100	26	97	49	84	100	
46	93	96	77	93	95	54	23	33	76	73	11	70	55	18	88	50	36	59	26	92	12	54	30	40	64	46	32	84	37	
73	69	34	95	31	13	76	40	58	56	51	12	93	73	54	60	43	18	19	55	93	60	33	88	79	30	19	65	96	91	
29	58	26	63	85	40	100	15	69	17	69	23	11	39	37	49	80	33	93	70	95	46	96	39	47	64	28	64	68	26	
29	35	36	61	35	90	66	21	99	70	48	52	22	36	88	59	12	88	19	75	72	27	39	95	97	18	29	62	93	86	
91	60	47	32	42	12	94	67	93	82	96	74	92	64	75	73	68	11	47	61	59	67	74	59	65	51	48	27	12	59	
50	71	76	30	48	64	81	67	27	85	58	30	37	89	26	55	66	29	66	62	44	88	39	39	53	80	24	10	31	79	
19	86	38	54	24	88	83	57	84	61	10	45	18	22	73	70	87	16	26	30	94	10	34	42	16	37	43	16	38	17	
95	21	87	75	61	89	56	24	97	95	90	87	95	28	28	94	85	86	48	54	91	14	56	88	57	56	47	34	79	55	
21	66	21	43	53	46	76	37	100	57	18	23	37	77	70	75	83	59	83	54	10	45	58	29	25	74	23	11	65	45	
31	39	74	33	52	77	22	41	98	72	22	94	100	99	28	49	37	54	49	78	79	73	61	65	11	85	51	89	48	75	
70	65	63	82	72	12	41	55	85	21	51	18	26	27	29	35	67	24	86	16	74	63	93	13	60	78	88	92	42	99	
84	43	49	89	72	25	37	71	28	72	76	59	91	67	19	80	58	68	62	75	99	57	74	63	19	88	86	57	14	40	
78	95	97	23	44	43	92	45	66	71	19	34	67	31	55	57	72	14	48	97	54	82	11	12	18	52	100	52	20	52	
32	26	57	82	66	11	72	84	16	53	57	71	64	56	34	13	100	12	44	96	25	95	49	89	61	53	90	27	81	43	
24	85	48	57	78	83	34	12	12	92	41	97	92	78	26	45	67	14	92	90	18	39	91	19	83	83	79	38	20	62	
11	23	50	73	52	59	87	93	73	31	90	70	28	69	84	28	80	59	72	37	29	73	26	25	67	18	32	23	12	46	
42	27	65	80	12	54	42	58	63	26	77	82	88	30	84	30	62	54	69	48	17	35	88	93	72	36	20	90	22	43	
48	52	50	81	43	66	51	61	65	33	94	58	87	16	86	25	50	41	12	58	85	18	75	52	22	78	29	62	58	82	
69	80	91	21	52	24	21	74	40	61	36	61	21	99	65	96	38	18	87	13	71	58	81	16	32	20	18	68	38	15	
61	28	47	60	84	41	57	26	92	71	27	62	59	76	59	24	89	35	24	62	68	92	31	42	59	61	55	93	72	35	
46	93	87	64	24	60	83	54	40	34	86	91	57	10	64	32	34	33	92	64	90	20	13	26	89	20	20	85	59	100	
23	79	85	39	51	50	60	94	85	74	70	48	25	19	85	82	36	72	11	15	53	81	48	17	39	100	81	41	95	99	
41	89	83	28	77	71	69	52	26	74	57	44	46	52	27	57	58	65	36	28	37	35	76	72	56	49	69	65	19	47	
67	21	22	79	13	59	31	26	71	27	41	73	56	65	21	40	39	93	92	12	87	13	40	45	94	68	76	89	96	74	
69	93	44	15	58	78	35	51	66	51	45	47	88	18	15	23	95	52	87	25	82	23	93	87	42	46	91	73	91	44	
67	74	11	43	79	72	65	64	99	55	80	29	88	19	45	82	39	19	68	33	10	83	48	92	73	65	99	18	20	86	
32	73	31	18	44	24	24	96	54	10	70	42	16	69	77	12	81	82	45	36	41	79	81	22	42	88	77	60	54	81	
75	71	86	36	91	67	81	35	14	79	75	70	67	31	84	85	83	95	11	78	68	56	62	16	67	71	59	73	35	53	
96	13	13	100	12	70	68	50	19	69	76	32	38	64	50	70	16	94	32	30	20	50	85	36	18	43	92	34	40	28	
33	73	41	66	40	71	43	49	49	71	86	36	11	81	66	73	14	45	57	83	48	89	100	36	37	83	66	29	96	81	
32	93	14	27	71	76	97	83	89	30	45	32	13	23	27	86	72	75	33	36	90	63	65	97	10	51	52	41	93	77	
83	18	92	36	58	94	13	59	83	25	33	33	71	55	81	60	96	59	27	59	72	26	88	45	42	19	20	48	47	33	
61	74	45	77	21	91	12	84	41	44	90	12	49	76	61	95	78	30	45	28	85	99	61	30	45	10	66	65	85	57	
16	68	37	25	75	85	43	79	71	93	14	41	80	89	48	96	41	48	46	79	74	52	85	39	83	33	37	70	93	32	
25	87	29	12	26	50	60	31	92	28	39	55	79	38	39	72	24	70	74	15	84	75	60	43	26	69	24	75	52	25	
64	55	91	92	27	55	99	12	40	30	37	89	43	19	47	91	25	13	98	55	35	95	54	86	46	64	62	67	65	38	
77	42	12	99	90	73	49	80	32	64	56	69	97	26	11	18	74	59	92	95	96	44	15	30	23	33	33	91	49	57	
17	99	33	96	63	46	60	30	44	38	90	89	85	11	81	56	75	84	10	55	33	60	51	38	82	89	26	43	63	52	
14	98	60	56	81	26	75	13	45	82	41	96	36	99	34	57	74	32	28	24	60	16	68	98	78	43	72	85	90	23	
24	76	16	48	41	49	22	17	97	11	72	19	98	72	60	100	54	75	58	23	14	67	35	67	31	25	100	40	86	53	
31	78	83	68	89	54	20	77	35	37	39	71	16	64	70	48	85	72	69	33	71	56	23	14	92	41	29	23	58	17	
81	72	26	92	73	58	25	49	54	70	22	90	28	72	67	100	12	47	10	100	39	95	55	42	13	49	95	74	76	88	
22	13	28	30	73	28	46	89	90	72	72	58	88	77	67	25	31	52	26	82	73	69	55	56	61	28	31	21	53	75	
99	47	28	61	74	87	90	80	35	99	28	76	60	13	55	51	88	87	44	96	65	95	46	49	33	56	74	58	18	91	
85	74	77	85	47	79	48	81	52	24	37	58	22	92	46	50	98	100	36	33	83	97	51	88	87	61	24	79	100	25	
85	69	71	43	78	97	67	94	63	98	84	81	75	27	56	80	31	76	31	46	75	66	88	24	49	47	16	78	14	32	
17	27	35	82	45	95	99	70	87	70	50	84	54	61	33	37	75	50	24	71	92	38	64	53	49	62	80	80	44	48	
87	47	39	67	90	17	81	65	17	98	92	56	89	40	26	38	39	83	34	41	36	11	82	22	39	75	100	44	66	88	
31	99	90	50	52	18	53	31	37	69	47	55	21	44	53	23	48	30	15	89	51	48	38	97	61	83	25	70	64	96	
63	57	43	43	87	89	12	57	62	67	68	27	76	90	89	13	27	31	79	95	43	28	14	87	46	86	78	99	18	80	
72	31	70	99	25	41	22	74	42	65	78	67	52	44	65	56	57	96	22	92	87	42	88	41	59	49	82	49	79	89	
93	33	44	57	57	56	92	20	55	24	71	30	80	85	73	33	54	53	12	70	15	86	87	14	62	23	29	29	57	85	
24	55	46	29	22	57	16	23	99	59	81	37	92	54	69	88	74	66	82	51	80	40	41	42	76	34	93	30	86	80	
42	90	92	42	39	58	43	100	25	79	79	59	98	33	82	96	77	91	46	27	38	56	10	34	12	72	86	23	51	40	
85	71	80	86	32	19	53	99	32	78	67	39	36	25	12	81	53	49	89	55	56	70	99	29	97	42	89	84	19	25	
47	41	10	54	76	35	82	36	25	57	21	60	21	81	40	65	40	83	74	45	98	56	42	86	89	47	26	98	50	85	
94	16	84	12	31	12	41	84	30	21	91	21	55	31	83	10	22	61	38	99	79	17	67	37	40	48	28	22	68	75	
71	26	64	82	55	56	58	92	99	60	98	26	42	60	65	45	92	38	99	24	45	86	60	27	40	71	86	33	83	85	
65	97	96	51	51	20	76	26	55	33	54	98	81	88	80	90	95	19	50	49	94	92	27	19	70	21	71	61	74	38	
68	37	66	32	40	30	36	36	29	78	62	59	31	29	89	81	49	96	82	79	98	30	78	72	38	75	63	40	32	73	
66	51	20	87	62	89	58	39	12	97	87	31	44	40	15	74	45	83	87	22	25	52	69	43	86	18	28	34	16	22	
16	38	17	100	72	99	100	13	40	74	53	22	48	57	57	45	51	81	87	40	25	25	20	58	26	62	24	22	21	20	
92	92	21	13	10	46	75	72	65	39	54	16	62	60	35	10	58	23	73	99	59	27	71	25	60	98	31	13	91	54	
74	77	91	34	30	70	21	25	30	61	52	80	95	50	48	61	49	98	11	87	16	27	47	71	84	90	65	57	87	22	
79	77	88	23	16	73	81	81	78	75	62	74	77	82	28	100	42	86	71	49	16	40	65	35	77	13	45	33	62	100	
93	33	69	81	50	16	75	74	75	81	24	12	62	44	63	100	68	10	51	94	13	14	91	44	38	18	26	90	91	81	
52	100	72	43	99	30	61	12	92	82	35	55	60	62	80	90	11	90	33	47	45	84	36	32	53	100	15	33	52	55	
61	22	40	46	84	31	99	13	87	19	54	21	61	11	55	16	53	51	73	54	92	20	31	87	88	22	24	90	54	54	
63	95	66	23	19	55	87	75	33	75	88	15	52	82	80	42	61	16	18	74	30	38	32	57	18	79	71	38	96	25	
72	51	99	45	59	66	62	61	80	80	84	77	39	64	77	66	52	12	48	44	75	55	45	14	72	13	54	36	13	25	
76	73	87	31	80	19	30	99	26	61	56	76	45	97	99	50	86	59	71	65	56	26	10	95	100	78	61	93	67	75	
27	83	80	35	48	15	53	25	22	53	94	83	26	31	19	68	33	55	77	11	36	17	14	70	28	37	75	67	75	75	
66	28	73	15	78	72	23	22	78	100	61	67	95	29	41	48	13	85	61	75	56	30	61	59	74	77	25	64	40	18	
44	80	52	25	25	41	91	92	26	87	43	67	13	52	100	65	92	43	67	81	98	39	32	82	51	89	73	84	24	33	
52	40	94	74	45	75	97	15	12	50	63	37	85	22	67	72	47	31	83	53	23	65	78	56	51	45	56	27	94	86	
35	70	88	53	93	42	45	32	84	80	55	90	87	17	54	79	56	58	74	52	58	30	82	30	52	18	37	67	20	21	
58	35	12	16	81	91	11	33	56	86	37	18	52	29	95	85	69	95	17	70	79	40	41	95	91	99	25	52	93	27	
70	77	88	52	56	40	13	15	20	82	96	62	65	31	32	14	69	62	96	76	12	23	77	13	77	73	36	19	54	67	
77	65	80	41	34	93	81	22	98	63	23	31	54	95	49	68	47	36	75	100	40	71	95	27	51	78	73	19	52	15	
89	34	21	33	85	68	54	71	86	45	21	83	46	90	70	35	14	51	76	46	92	89	65	32	33	64	19	37	66	16	
64	25	58	61	35	95	13	30	32	75	61	63	63	98	68	23	63	84	27	74	93	54	16	15	68	30	76	67	75	87	
56	16	92	66	13	20	54	70	87	68	90	54	29	67	36	19	34	91	17	100	70	18	100	56	10	47	65	18	33	54	
93	43	97	59	56	17	100	25	14	83	100	43	31	33	68	60	63	39	48	60	68	18	91	92	14	31	47	77	59	40	
32	57	40	39	71	66	83	89	46	28	84	72	80	32	37	97	59	38	86	89	93	40	16	64	71	96	99	89	58	65	
64	91	57	65	18	100	20	47	52	47	40	49	76	65	39	85	50	43	45	94	56	55	95	37	99	51	41	68	17	77	
44	96	95	52	79	96	67	46	32	82	46	79	31	23	85	55	10	81	62	10	79	13	40	32	80	88	15	41	95	66	
53	60	59	71	54	30	16	12	97	87	60	57	23	75	75	32	32	37	29	71	10	21	96	71	73	100	73	36	10	50	
96	24	84	61	86	42	56	60	58	51	66	46	56	18	78	72	58	57	17	63	27	31	82	42	60	41	25	34	85	22	
62	96	50	43	65	46	94	37	50	34	30	50	75	23	79	79	63	83	30	94	30	56	88	29	94	64	50	81	10	63	
79	53	54	30	16	60	39	58	39	64	80	40	53	18	87	86	61	27	68	15	71	23	31	100	67	46	62	33	37	34	
51	45	29	43	83	23	62	56	69	72	69	37	40	44	24	43	21	84	15	43	28	19	12	53	73	69	64	53	11	72	
84	100	18	34	96	11	39	99	26	81	60	45	73	62	98	67	47	36	49	85	94	24	98	73	33	13	22	100	31	39	
14	59	96	15	62	15	35	43	99	15	84	27	89	100	45	44	84	73	10	63	13	29	85	99	13	50	75	56	23	52	
92	84	39	47	58	36	89	43	10	14	77	35	35	25	100	78	74	58	15	78	82	96	30	97	97	20	43	27	75	38	
71	30	91	75	66	35	95	31	89	29	86	43	40	40	80	85	19	37	34	58	85	43	20	65	13	67	54	11	14	54	
96	92	75	51	36	81	34	75	88	22	72	30	59	59	74	73	92	15	10	62	83	37	94	39	73	52	94	59	32	11	
71	92	33	34	85	79	18	64	51	72	18	95	74	71	82	74	19	78	57	16	53	63	100	91	15	55	48	36	84	52	
19	10	40	51	18	36	64	61	59	70	34	39	59	47	65	98	34	92	34	91	93	37	16	55	76	67	67	79	85	68	
62	31	88	38	18	83	77	77	34	86	13	94	25	51	83	81	71	62	88	31	66	37	11	50	91	37	39	50	74	69	
29	57	62	86	24	73	68	69	44	29	95	70	37	33	48	57	76	49	83	91	14	83	14	26	58	95	97	71	32	59	
75	61	64	93	26	95	35	33	45	91	77	78	87	29	77	76	78	33	82	90	61	90	31	15	66	87	91	16	71	43	
34	73	30	89	88	44	16	74	53	54	21	70	83	15	20	23	20	59	48	59	82	75	72	10	88	71	37	70	18	85	
10	68	32	46	63	96	88	56	69	43	76	36	86	34	73	59	30	90	45	78	66	17	88	97	74	87	55	33	45	78	
78	100	55	97	33	11	85	41	83	22	69	74	78	49	24	65	84	43	23	96	78	77	59	61	58	42	61	29	95	82	
88	19	76	85	60	23	99	91	59	12	87	39	62	12	99	51	48	62	95	91	86	59	64	46	28	53	17	92	23	21	
79	74	87	84	91	45	10	55	15	55	36	90	46	32	21	86	22	96	98	12	61	85	14	60	38	12	72	88	68	65	
20	62	43	20	43	100	71	38	66	10	15	53	63	76	90	53	32	33	53	31	33	40	54	54	93	18	89	67	57	85	
91	43	94	32	53	22	41	43	57	69	96	27	86	84	81	90	13	94	86	24	30	79	82	67	43	58	23	66	78	59	
82	53	57	15	59	35	30	66	89	16	84	86	44	64	97	85	81	14	94	86	36	79	77	37	34	98	41	93	71	35	
78	19	51	83	79	50	32	13	11	83	48	44	36	30	45	69	64	55	61	76	71	66	48	27	13	52	25	18	80	14	
44	67	16	49	13	72	45	52	40	23	67	19	24	76	52	25	19	13	43	77	29	76	65	55	16	92	10	71	95	67	
92	79	15	75	62	100	29	10	12	42	93	93	16	69	25	81	37	27	38	54	54	95	21	13	14	88	46	57	68	81	
64	91	17	95	52	64	31	21	98	78	97	29	55	32	97	83	72	85	17	36	84	81	24	42	98	45	96	61	26	100	
28	73	12	85	86	73	30	25	92	33	93	19	64	29	71	52	55	26	87	99	60	17	73	46	80	29	96	26	20	83	
63	35	66	53	24	30	90	29	57	90	100	32	24	17	55	73	38	79	33	13	58	26	56	34	16	50	13	77	85	54	
65	94	58	82	83	81	56	87	50	66	100	39	28	76	81	26	96	48	26	67	81	100	42	21	58	56	49	57	52	68	
80	29	42	92	90	52	68	15	71	75	22	32	21	58	74	29	66	41	100	47	42	40	36	63	40	92	83	63	77	42	
52	63	81	24	93	68	98	27	25	51	63	42	34	75	30	77	25	20	46	97	89	40	23	73	16	98	80	49	89	69	
80	23	26	69	34	52	74	31	77	39	47	84	80	69	23	30	83	86	51	17	47	31	94	72	79	41	18	67	90	63	
43	22	92	51	19	18	98	89	15	56	50	27	53	21	10	49	52	92	28	77	93	94	26	69	85	100	71	24	13	84	
15	98	11	33	34	86	14	52	29	85	100	91	98	43	76	61	65	65	46	39	91	43	30	14	96	22	56	34	84	49	
21	28	25	75	30	62	17	44	76	79	57	65	48	95	20	85	92	96	55	61	47	19	15	49	81	13	25	17	98	66	
77	92	16	47	44	98	78	62	89	68	68	69	28	31	75	17	48	50	24	89	65	76	82	48	30	45	68	93	55	49	
59	64	20	50	18	89	50	97	25	39	34	66	62	15	63	76	82	23	52	94	24	70	61	79	58	71	34	78	12	38	
61	33	58	88	96	38	10	95	70	30	24	50	22	67	72	58	79	83	34	74	16	68	23	55	36	19	29	14	53	51	
93	22	60	63	48	60	25	32	66	84	67	22	51	76	70	92	16	83	72	42	16	48	93	72	39	16	98	81	61	43	
11	24	96	64	17	43	19	88	39	88	34	60	47	32	19	82	73	75	66	47	64	16	58	33	41	57	32	29	37	96	
10	58	72	93	69	86	51	27	51	62	59	46	79	54	86	57	71	30	66	37	78	96	68	74	63	26	42	41	68	73	
91	14	44	48	23	21	69	97	40	13	79	40	47	18	17	55	10	25	15	10	24	14	79	14	42	45	45	85	78	90	
20	85	59	13	57	20	62	41	51	38	75	79	21	53	79	30	100	98	89	80	38	62	65	89	92	22	84	75	48	16	
56	85	93	18	35	55	90	51	86	11	39	38	90	56	23	20	97	49	15	44	62	12	90	67	94	73	54	36	80	91	
58	25	53	68	64	95	93	48	53	39	10	31	39	55	91	14	26	62	70	51	32	34	21	41	99	90	59	17	91	39	
59	23	41	88	98	80	44	81	19	27	22	67	72	33	10	70	43	74	68	84	37	81	81	60	48	20	24	44	67	81	
65	61	62	47	44	26	61	45	20	81	75	78	40	30	68	71	37	13	26	80	80	75	57	39	91	71	86	13	69	68	
10	56	84	51	54	15	42	28	90	73	100	95	46	58	63	72	86	89	70	84	45	74	24	31	76	83	33	35	28	11	
50	18	80	89	14	29	73	14	25	64	44	40	60	37	41	54	28	58	47	79	42	50	83	66	31	16	11	22	63	92	
83	10	22	59	51	86	15	42	42	34	75	14	68	28	85	61	53	24	32	63	81	82	49	53	11	83	69	34	100	73	
45	49	99	67	96	97	52	63	27	37	16	37	89	17	13	23	62	95	94	59	95	34	44	43	62	89	26	14	40	68	
91	55	96	78	78	77	22	91	48	11	33	80	23	35	68	23	53	93	82	74	48	62	71	47	30	37	23	57	56	13	
24	73	98	24	80	97	65	17	54	39	51	17	43	89	26	55	71	98	35	11	70	76	61	61	62	35	30	68	57	59	
43	31	37	40	49	60	67	96	89	64	91	71	77	41	64	17	82	32	64	77	55	16	67	40	97	16	13	97	36	26	
38	23	60	16	69	77	91	82	85	31	14	61	81	15	87	48	44	49	97	61	32	90	94	97	74	17	15	39	68	59	
33	58	76	47	87	77	17	14	61	93	96	18	55	23	47	92	88	61	64	93	40	33	39	76	72	10	18	64	96	44	
42	94	45	36	24	63	34	22	75	44	87	33	38	91	80	61	48	25	40	51	32	72	25	90	82	91	15	87	16	75	
50	68	37	39	10	55	81	62	26	81	26	26	20	10	86	68	45	15	67	98	86	64	65	21	77	90	42	20	22	75	
62	70	37	88	20	47	37	72	55	59	79	26	100	28	80	21	95	34	75	39	46	71	25	63	47	61	89	12	53	20	
47	99	45	61	65	53	11	73	17	65	87	61	17	47	12	82	24	71	29	96	38	51	55	16	34	83	64	52	54	17	
69	29	21	37	74	37	24	62	62	42	53	84	67	14	85	51	18	98	31	42	47	54	19	46	62	83	15	76	15	13	
90	99	32	65	43	42	54	26	95	49	64	24	90	78	76	86	92	82	97	41	80	14	64	35	59	54	48	74	10	23	
29	97	74	64	61	16	48	58	100	96	95	53	19	99	92	75	28	24	43	67	22	54	37	50	77	30	54	39	41	20	
58	92	79	87	23	48	45	58	57	32	33	23	87	70	93	82	28	98	16	48	89	66	50	48	59	36	22	13	32	82	
20	80	12	64	89	63	99	93	93	37	13	99	78	29	45	46	64	97	33	27	37	95	72	88	46	23	70	45	76	21	
73	38	40	72	15	46	37	48	91	79	65	35	49	56	74	15	41	55	16	34	31	64	52	74	31	85	82	80	23	37	
87	31	68	93	56	61	28	12	68	83	11	89	62	69	38	100	16	89	43	60	33	36	36	68	15	47	53	83	26	41	
41	94	89	83	28	64	53	81	56	66	85	35	35	95	37	52	60	15	76	22	59	54	86	14	80	43	15	98	48	68	
34	32	10	60	31	12	29	18	35	44	36	48	95	78	76	47	78	41	94	90	23	14	61	51	61	100	52	98	38	58	
21	22	69	80	47	88	19	67	58	93	21	98	48	74	99	55	37	62	59	61	22	19	89	19	53	15	71	19	32	96	
89	88	40	57	36	72	57	96	67	56	20	14	56	49	83	41	34	63	53	23	74	16	86	76	71	56	100	15	97	56	
89	61	47	22	24	79	15	48	92	40	77	85	75	70	65	46	45	43	61	44	74	21	83	12	57	55	76	28	34	21	
19	86	24	45	20	64	36	12	32	89	18	25	63	34	61	59	17	73	37	32	78	68	63	44	96	93	57	79	67	42	
84	28	91	34	39	62	27	53	84	62	46	54	88	67	46	33	54	53	23	37	57	76	59	64	46	15	21	99	67	36	
74	36	59	31	84	53	66	24	14	87	71	90	31	14	49	22	51	44	44	98	65	43	61	100	90	38	19	10	28	12	
13	83	54	12	21	73	44	99	27	72	22	53	52	95	21	31	10	55	35	23	21	24	47	59	82	56	63	51	87	73	
36	37	15	99	91	24	89	29	45	75	37	18	28	80	88	75	57	56	65	96	39	66	39	45	83	32	95	38	19	50	
48	66	80	49	91	81	49	48	36	65	83	78	67	39	31	54	67	30	47	22	62	70	15	37	82	35	64	10	85	42	
52	14	31	77	32	24	52	95	69	44	20	54	30	61	15	79	70	22	87	17	100	26	63	67	14	58	32	98	89	12	
90	82	10	18	38	52	98	44	46	88	65	76	85	12	97	28	34	49	44	25	56	95	31	41	84	59	93	22	21	16	
49	89	56	54	29	63	75	47	55	99	69	99	52	49	91	12	24	61	49	86	68	22	93	32	24	81	18	23	74	45	
65	83	24	44	63	89	37	18	53	60	64	56	80	15	29	44	65	57	21	42	60	70	28	85	17	44	11	72	33	37	
87	29	28	18	28	71	53	64	48	99	54	17	96	23	41	94	52	60	25	37	83	53	88	67	37	29	43	76	52	71	
13	15	80	39	91	45	17	30	25	70	53	57	54	48	66	89	32	36	15	35	73	29	85	30	19	84	78	88	27	85	
12	83	50	63	64	61	36	66	31	94	32	77	24	11	22	15	62	52	83	65	85	56	64	80	99	48	99	79	61	26	
55	83	82	96	21	11	82	66	69	78	11	10	89	75	89	87	66	57	66	100	51	85	30	30	31	30	49	23	48	36	
46	44	19	44	65	56	30	38	84	93	33	86	81	82	100	79	36	59	49	42	85	55	31	98	75	42	72	60	75	90	
23	77	88	89	17	92	16	35	64	63	21	92	24	88	30	22	20	22	85	50	72	64	79	45	68	94	32	65	57	60	
43	66	24	76	32	79	92	24	30	41	76	35	33	74	51	17	22	19	24	71	25	73	43	64	24	79	73	59	68	73	
61	64	91	91	76	45	65	27	91	34	56	14	53	95	90	80	47	64	61	98	82	61	12	77	98	58	15	58	94	96	
52	30	55	27	32	24	10	53	93	45	21	52	57	74	98	22	79	34	69	27	52	72	26	28	30	92	48	70	97	82	
51	53	74	79	91	14	71	27	50	35	38	96	84	28	73	30	32	69	26	53	72	22	23	38	70	55	86	85	26	77	
63	36	35	33	47	79	52	53	79	20	77	24	54	29	18	80	10	93	71	63	52	33	61	65	54	34	59	85	58	82	
75	35	63	30	26	59	47	61	57	72	29	17	35	73	75	92	55	87	18	42	83	77	65	68	81	98	39	57	15	58	
54	49	90	28	76	62	28	17	77	57	69	96	25	17	35	32	41	56	13	32	57	79	51	92	85	62	39	15	29	41	
33	49	77	25	12	82	40	55	47	43	12	34	71	53	36	74	61	45	30	77	66	43	89	49	84	11	92	68	27	44	
88	16	34	98	36	88	39	23	38	70	50	21	42	59	74	63	83	42	54	18	48	72	91	38	10	22	73	53	60	96	
35	19	55	95	63	39	74	42	62	49	49	76	47	67	24	34	96	87	16	30	83	60	20	46	96	41	56	93	82	54	
83	67	53	45	88	48	41	78	27	80	27	78	26	25	27	69	52	52	35	24	36	84	32	71	99	23	30	19	25	88	
48	77	53	35	82	27	98	83	64	91	25	54	39	49	41	72	22	24	39	10	26	39	25	57	44	59	87	81	19	23	
22	21	57	58	81	12	87	59	77	14	90	47	11	12	95	78	12	16	54	71	47	79	51	95	83	75	91	69	78	97	
44	31	33	50	97	19	86	95	24	16	95	72	69	96	86	100	100	94	60	19	70	48	84	47	22	25	45	19	24	60	
34	64	52	99	26	98	87	85	25	32	56	40	81	47	51	33	42	90	48	68	71	42	54	94	65	55	34	65	57	57	
66	34	97	91	29	69	87	80	98	56	69	68	68	90	36	25	47	36	60	58	55	49	30	89	63	41	41	84	89	88	
57	44	33	69	40	89	74	23	31	12	32	53	89	31	43	89	19	14	84	89	95	30	97	62	97	61	81	56	49	65	
43	68	29	91	65	15	66	23	76	67	43	78	19	39	72	51	58	10	99	55	12	24	42	11	41	86	94	76	96	89	
63	29	78	17	35	99	64	71	49	79	22	87	32	42	86	35	39	44	43	33	93	76	50	80	77	48	31	50	62	95	
49	10	56	68	90	54	62	38	21	36	70	53	34	26	92	79	43	99	76	37	75	59	91	23	53	20	72	84	83	55	
61	31	79	39	61	42	92	69	86	98	71	13	86	11	58	33	14	39	19	59	21	92	21	37	37	83	36	62	41	50	
14	22	65	34	70	29	22	90	79	20	98	73	99	98	55	14	53	93	36	98	81	73	86	72	75	91	19	48	12	94	
76	37	59	68	60	74	49	30	39	37	37	83	95	33	92	57	73	64	71	57	84	72	83	30	74	68	22	69	52	10	
59	48	39	89	63	15	55	38	51	61	64	47	24	69	80	25	15	76	88	30	45	21	45	32	37	95	23	84	93	63	
28	71	70	48	44	42	54	22	20	39	84	60	57	80	24	93	49	73	15	79	81	34	77	36	98	36	59	33	85	84	
34	42	66	25	95	47	84	70	64	40	91	82	30	76	55	40	33	62	53	65	25	10	86	10	57	12	35	67	23	42	
83	19	64	88	57	76	37	86	14	26	85	76	59	49	34	75	70	52	75	63	74	30	17	42	85	22	52	99	72	75	
88	67	83	13	77	73	44	95	49	73	21	54	28	46	90	89	82	99	11	73	94	44	21	48	99	82	18	80	62	52	
52	40	69	43	53	42	34	16	20	98	69	62	96	99	39	62	79	26	47	71	28	13	54	69	26	14	58	100	75	19	
62	68	36	14	68	95	53	28	90	76	40	76	41	35	46	97	43	72	44	66	46	34	55	38	95	65	77	68	14	40	
75	26	95	38	37	73	60	82	44	38	51	97	33	74	80	32	26	79	82	62	39	69	62	63	70	41	62	73	44	17	
58	96	97	46	29	24	58	47	96	47	72	12	44	91	39	80	45	63	27	58	62	63	81	74	83	53	17	15	31	22	
46	68	49	57	64	76	47	83	24	17	62	42	73	68	35	94	45	27	69	24	55	30	31	80	50	100	27	90	66	27	
35	85	40	29	67	17	63	64	79	77	98	47	70	98	11	64	10	95	76	27	39	54	41	98	15	41	61	53	63	33	
37	17	16	86	99	73	97	80	98	75	86	39	23	58	58	83	55	62	65	87	90	88	44	65	61	64	52	13	43	64	
75	62	19	77	81	96	26	36	70	83	90	23	92	71	88	14	93	96	98	87	19	89	14	36	67	38	38	81	43	82	
45	77	19	75	29	28	61	21	10	42	69	53	11	28	56	82	40	66	87	90	51	36	13	84	32	82	38	21	78	30	
45	91	45	44	96	51	98	70	22	69	68	51	14	100	48	71	61	53	63	66	79	67	42	44	16	33	88	25	19	70	
63	84	49	60	40	79	42	22	67	23	28	67	82	78	65	77	63	26	76	94	84	94	90	10	92	77	66	51	52	75	
93	85	75	43	83	79	64	47	53	17	56	87	91	74	96	67	96	35	16	24	71	26	29	55	89	16	65	12	55	57	
59	58	100	20	10	54	89	44	49	80	68	32	79	56	86	42	32	55	94	16	56	71	37	62	69	10	77	37	99	78	
76	25	16	24	31	25	94	65	74	37	47	79	53	72	26	81	71	99	80	40	57	83	25	83	44	12	73	26	14	61	
66	31	23	83	74	44	97	68	21	44	84	38	35	91	50	83	18	35	35	86	73	70	42	88	11	68	42	52	95	12	
79	27	66	67	73	44	60	80	86	30	18	10	12	89	43	42	88	17	70	29	62	95	55	94	23	18	100	55	44	94	
35	78	91	96	69	50	50	40	67	72	71	77	77	42	46	99	22	84	88	22	17	36	68	22	63	41	52	46	31	56	
15	13	22	61	49	77	33	74	24	31	28	58	41	89	67	26	82	49	61	24	42	50	95	66	90	13	31	90	42	69	
47	40	97	23	14	49	32	43	64	15	37	40	44	69	49	39	27	83	81	81	70	42	44	51	15	69	10	75	36	43	
82	62	49	66	97	71	50	100	71	93	85	50	25	96	23	79	58	68	25	99	81	23	27	24	46	75	86	99	34	84	
98	20	85	39	94	66	88	15	77	95	23	71	83	87	60	40	76	66	58	48	64	57	92	54	13	27	64	17	25	38	
88	84	41	63	60	91	30	69	77	88	25	78	61	32	82	35	36	72	22	56	58	45	38	69	51	17	48	98	50	93	
25	22	68	60	98	26	79	52	45	37	49	97	73	79	13	92	50	32	51	46	31	35	96	58	70	64	25	24	12	89	
73	70	16	61	73	23	88	88	85	49	48	95	67	37	13	27	74	61	91	83	12	92	15	63	86	12	53	27	82	23	
55	66	32	85	71	32	57	85	70	23	60	93	73	70	59	30	59	42	43	82	49	56	84	71	28	16	29	11	99	83	
26	50	31	77	30	94	64	18	19	58	93	30	86	36	27	89	28	41	13	14	26	50	13	28	57	96	51	55	48	88	
94	71	82	96	38	62	46	80	57	15	91	38	74	47	40	21	34	67	74	69	11	26	55	37	39	29	28	82	73	70	
11	26	96	71	70	58	54	27	42	24	80	69	35	13	42	66	47	96	29	49	97	73	72	40	37	43	74	86	99	80	
73	78	46	75	38	14	85	80	38	14	57	70	89	89	36	63	93	89	38	13	89	98	51	69	79	100	87	33	52	42	
97	36	24	73	37	58	12	88	22	14	56	88	93	71	41	98	53	29	56	19	37	83	76	21	45	34	92	70	65	66	
86	66	33	60	29	90	34	93	83	82	81	60	88	58	25	49	66	40	84	19	80	61	29	31	54	23	94	37	51	76	
65	47	52	84	63	87	99	73	72	47	70	24	34	89	12	16	41	98	95	16	92	17	37	59	13	77	44	68	34	61	
30	39	78	54	73	20	92	79	65	93	74	89	61	27	79	62	51	65	84	14	87	15	17	34	21	45	94	83	54	24	
85	58	19	97	91	78	85	35	77	21	100	100	100	74	73	45	59	71	98	87	86	23	34	26	67	44	94	36	19	14	
81	11	81	58	26	50	83	22	99	41	60	49	93	48	91	67	22	18	56	90	77	61	60	57	75	38	59	87	45	75	
28	64	90	92	70	91	18	70	56	86	72	26	27	12	55	20	75	99	51	58	89	75	37	73	63	94	80	56	84	69	
47	27	90	77	53	71	46	94	78	47	79	63	37	35	10	62	71	75	23	58	13	59	100	61	68	21	76	57	99	80	
15	69	21	31	72	72	92	26	25	44	93	56	81	69	44	25	92	48	97	25	83	74	74	72	21	32	91	21	84	63	
24	67	63	89	94	41	42	25	97	89	30	25	91	75	51	13	23	19	22	78	16	32	100	51	85	76	25	65	18	61	
93	91	10	75	34	99	38	99	87	29	95	89	93	98	28	48	90	11	12	83	73	81	48	41	71	75	95	89	74	84	
99	71	61	89	58	78	88	60	77	26	95	52	77	99	80	97	55	13	92	26	51	64	72	37	52	45	43	28	14	49	
49	34	84	19	59	74	39	53	99	10	92	98	40	23	33	54	83	74	57	25	72	79	36	51	85	39	96	69	60	56	
35	40	21	22	69	65	49	100	68	72	43	49	30	11	68	66	58	90	53	13	31	69	20	28	54	37	30	58	95	49	
89	100	43	11	20	55	86	45	17	37	85	52	25	40	23	91	63	82	35	87	62	21	87	39	68	28	28	33	76	83	
27	52	50	97	22	85	40	78	62	82	45	59	88	21	51	68	16	97	71	83	77	24	23	19	22	99	25	99	72	67	
20	45	29	72	38	100	98	93	43	42	74	73	45	47	30	12	67	71	86	85	40	18	58	72	81	89	82	83	59	51	
63	82	96	77	52	61	68	11	91	33	24	96	93	22	69	70	47	96	44	97	26	40	36	14	62	23	22	14	64	72	
36	14	86	91	20	77	59	87	20	56	91	16	32	77	54	46	87	29	49	54	97	40	43	31	89	60	69	55	11	45	
69	10	14	99	18	37	72	17	10	84	95	14	37	82	92	45	53	16	28	41	64	66	14	49	51	26	50	42	87	71	
92	86	68	42	35	29	72	94	17	60	99	76	36	44	86	84	14	93	25	53	78	66	85	23	39	61	68	49	14	77	
49	48	47	72	45	96	47	85	82	39	96	43	62	70	61	49	98	70	80	14	11	29	28	18	58	94	67	61	74	38	
43	93	45	100	79	100	14	90	12	56	25	86	33	73	14	53	25	91	70	63	14	22	72	98	43	71	40	30	95	75	
13	10	34	36	24	39	39	19	59	40	50	51	10	20	39	18	15	25	52	88	17	98	21	60	75	55	77	18	54	62	
73	27	82	22	75	78	58	10	13	27	90	31	49	28	19	38	30	27	11	45	37	91	53	47	90	71	30	54	63	44	
40	22	63	79	51	31	26	11	36	71	40	39	99	12	64	14	26	12	11	61	91	60	85	80	87	94	43	38	33	34	
27	64	18	93	45	84	13	30	73	100	100	55	23	10	24	61	21	60	77	70	83	75	15	89	68	26	24	70	30	41	
100	96	97	59	71	41	79	55	44	85	80	77	57	36	71	40	38	62	80	75	25	36	45	38	28	43	99	80	55	14	
76	85	39	86	33	61	11	40	57	24	12	42	31	86	78	15	58	55	13	12	82	53	94	83	30	65	24	54	24	58	
36	84	57	31	44	64	65	44	34	23	54	45	24	95	79	86	13	72	38	36	46	63	59	53	16	98	85	60	95	55	
54	66	97	87	19	12	27	27	100	63	88	16	62	79	59	20	88	19	80	36	77	27	98	15	80	24	32	17	56	81	
13	92	44	96	18	59	32	40	87	80	59	23	31	66	23	34	84	76	26	98	98	61	31	61	65	41	53	90	97	62	
68	65	89	33	72	87	51	76	34	47	56	69	29	10	75	13	55	23	89	78	41	24	23	57	71	58	91	15	82	56	
63	36	66	55	42	26	84	32	12	43	13	77	28	54	90	73	96	55	29	14	31	29	69	77	27	12	90	22	85	26	
80	11	70	30	65	20	73	23	53	73	49	45	82	93	16	23	79	23	98	44	64	30	31	34	74	73	62	24	66	34	
96	23	62	11	64	25	16	43	55	27	31	63	38	70	53	84	78	24	35	18	40	86	10	28	68	23	21	18	90	81	
38	37	76	88	83	61	82	80	56	94	70	78	68	34	84	64	18	98	84	36	86	58	45	46	37	56	82	14	92	62	
81	21	81	39	16	45	36	37	47	64	86	25	17	38	67	20	61	63	22	20	17	37	88	59	80	43	53	53	59	78	
47	94	31	17	59	85	40	37	28	52	43	76	36	10	47	67	90	96	77	94	38	47	20	26	97	46	63	32	58	23	
64	24	11	24	58	34	98	51	60	47	20	92	21	79	10	52	19	70	43	54	15	46	16	77	63	41	57	42	37	89	
19	94	14	93	14	99	35	25	46	21	59	92	31	29	63	83	12	54	92	61	10	82	32	30	72	72	38	31	65	84	
85	90	17	30	11	42	100	60	73	58	16	76	98	81	54	75	37	31	84	10	89	56	64	21	68	33	26	35	14	79	
24	45	68	88	61	23	96	13	54	37	21	97	44	89	34	17	69	35	44	29	63	45	23	16	55	40	71	10	63	69	
85	83	89	25	80	90	80	24	91	33	18	96	63	71	32	13	84	88	51	14	16	86	31	16	90	45	97	84	15	91	
38	14	53	57	56	55	54	83	73	60	37	16	39	33	89	45	63	77	15	99	48	24	68	14	21	50	67	48	31	69	
55	33	22	35	20	78	44	72	31	24	78	51	31	47	48	21	60	72	33	46	94	94	83	100	27	70	66	87	91	89	
77	81	34	37	49	32	69	65	32	92	33	95	39	60	31	22	56	58	60	26	35	72	84	73	61	35	88	18	10	73	
40	65	76	63	36	79	66	43	26	43	75	12	98	43	16	95	10	48	83	12	78	31	29	17	36	19	91	100	15	44	
91	27	30	39	78	97	26	31	79	99	14	77	39	56	12	81	92	39	68	48	23	10	42	37	25	10	49	48	69	82	
56	98	48	81	58	16	39	51	38	58	91	91	48	14	59	28	94	65	56	97	46	55	36	68	36	66	99	23	11	46	
15	19	79	80	33	57	43	29	56	51	51	36	69	37	48	81	99	22	30	71	11	33	90	92	26	33	30	99	45	55	
10	28	22	64	20	60	65	53	81	100	40	35	87	34	95	71	42	54	81	97	48	75	38	69	39	37	46	53	37	70	
10	15	30	23	66	68	94	84	12	92	44	24	23	44	51	70	88	20	90	63	62	14	49	97	24	51	24	81	52	95	
50	44	38	11	38	13	75	92	29	16	65	17	77	71	64	65	81	75	15	15	68	91	70	87	45	30	28	39	93	20	
88	73	27	47	85	44	28	54	58	94	67	12	73	32	85	54	36	55	67	58	92	74	45	33	57	12	86	100	56	55	
72	29	48	10	93	10	89	59	99	16	48	51	73	12	39	66	65	80	19	88	18	65	27	100	60	14	95	96	92	64	
94	15	81	18	74	75	78	53	16	69	26	45	53	91	53	48	72	13	70	88	20	35	84	94	12	28	70	20	42	39	
54	57	84	82	69	56	75	41	27	36	66	71	48	47	66	12	84	42	98	99	100	43	42	66	42	89	74	32	76	82	
89	56	60	89	23	47	81	19	74	90	81	71	43	99	53	26	38	40	72	54	17	69	66	19	90	100	23	45	11	76	
14	94	12	23	13	56	17	52	87	67	73	39	39	61	43	96	93	49	33	34	54	37	90	83	10	74	10	94	49	79	
44	47	22	38	23	91	62	12	100	19	28	65	98	34	89	32	50	50	38	31	92	74	68	57	70	18	49	74	22	81	
24	42	62	82	36	53	91	17	22	34	25	84	90	97	39	25	81	91	79	66	90	72	21	58	81	32	89	18	49	38	
71	13	47	37	70	29	15	46	24	38	67	13	42	48	63	72	50	95	54	47	17	60	17	38	82	45	57	59	61	53	
43	44	53	80	56	75	24	84	77	76	66	16	66	37	20	93	45	41	38	23	45	98	27	41	66	71	100	29	76	50	
90	80	13	57	72	47	22	93	13	26	28	86	64	99	29	87	58	80	50	81	72	48	21	37	42	24	48	51	24	59	
32	100	49	33	14	50	38	71	42	76	49	93	42	38	22	90	72	48	71	77	19	48	10	87	54	67	92	30	69	54	
49	37	56	49	71	39	90	13	84	82	78	68	38	92	16	71	17	69	14	89	43	53	29	86	10	17	16	97	39	13	
50	31	34	33	56	50	38	96	81	74	57	27	19	48	34	43	12	25	15	90	21	55	83	33	58	19	23	40	36	49	
45	78	15	78	46	98	41	86	46	77	29	41	32	19	37	61	55	42	81	63	29	83	92	32	12	61	46	77	78	34	
84	31	85	53	89	46	44	78	29	49	27	20	32	22	73	21	80	85	71	73	26	94	16	43	81	82	82	38	46	25	
74	84	53	22	60	66	32	29	42	72	63	86	39	68	21	31	37	63	55	46	85	88	93	20	36	57	32	92	87	63	
17	56	98	62	41	86	31	25	42	97	94	25	91	74	22	89	88	63	53	91	28	93	18	13	16	73	18	44	20	88	
35	98	30	43	43	100	100	76	18	23	100	90	80	34	96	93	62	31	28	16	16	10	21	26	55	45	43	75	59	40	
21	50	64	33	24	39	99	80	17	81	58	72	60	45	76	39	31	96	56	96	34	72	43	71	20	71	11	99	75	19	
44	84	80	10	59	54	24	11	97	66	53	82	75	99	76	42	79	34	15	85	96	67	48	46	31	78	56	98	28	94	
12	75	15	49	100	42	30	40	74	62	94	14	30	90	45	75	95	44	52	60	32	90	72	89	26	42	57	38	70	28	
81	57	61	78	96	77	30	68	78	47	22	63	77	15	52	55	64	29	70	38	17	46	62	68	73	24	17	97	10	16	
73	18	26	89	34	50	77	30	84	43	85	70	61	42	87	95	10	76	24	43	75	20	73	29	38	95	37	62	91	15	
84	76	76	68	42	32	12	70	11	39	12	88	63	12	91	37	93	17	57	99	42	25	50	92	45	61	90	81	91	62	
33	27	48	52	55	50	69	81	85	31	81	81	86	98	73	69	84	15	41	85	43	55	47	60	46	83	62	27	92	85	
18	30	95	67	69	16	47	82	96	51	93	95	90	57	67	35	62	40	15	57	99	29	97	76	96	71	69	51	69	64	
72	46	60	68	12	89	51	39	89	68	95	33	86	60	88	99	83	22	62	81	83	97	60	98	34	64	70	98	70	46	
54	36	93	22	17	80	46	59	84	75	12	43	71	44	89	76	55	36	31	97	12	11	41	92	96	17	74	11	28	40	
67	25	53	47	47	76	64	55	98	28	39	37	19	42	49	19	80	35	94	63	63	11	67	82	25	93	20	39	90	99	
84	86	89	13	52	20	53	80	10	55	90	18	68	16	35	48	81	100	51	83	70	43	41	19	32	36	100	53	67	31	
16	20	45	31	59	60	76	63	91	56	20	53	76	25	21	54	56	13	66	64	83	88	58	57	39	65	46	91	95	86	
28	47	49	21	21	21	41	88	98	90	78	92	40	98	31	65	78	88	26	83	62	43	92	66	14	11	99	70	100	12	
26	71	39	67	77	26	46	27	27	62	38	53	16	89	71	46	50	12	92	56	88	94	72	22	88	62	55	84	24	50	
69	10	54	69	86	21	28	65	45	23	49	76	98	67	19	89	78	44	91	17	39	35	72	71	50	23	40	49	94	29	
88	46	65	34	82	37	81	57	49	52	75	22	29	86	62	18	28	90	16	58	60	47	38	64	33	47	57	97	32	60	
59	88	69	49	10	43	21	98	88	15	99	45	16	48	61	47	50	59	25	27	29	66	77	13	59	93	80	27	26	35	
100	24	91	28	21	95	58	85	79	95	74	52	10	18	16	51	11	47	64	86	66	53	89	19	97	80	85	100	13	87	
46	97	13	95	49	62	68	91	79	61	90	53	11	46	92	76	52	50	87	24	74	10	39	31	47	100	42	42	40	86	
76	78	37	18	60	70	71	78	12	41	75	77	74	78	70	18	98	67	10	72	90	95	61	63	52	77	58	68	56	54	
32	70	85	100	71	32	61	67	57	77	63	94	100	94	76	91	92	97	31	18	26	55	90	59	36	94	87	56	35	92	
82	84	79	51	56	31	88	62	15	96	62	41	63	35	40	25	42	62	58	82	26	21	78	56	26	90	91	35	45	61	
12	38	54	18	19	71	78	29	74	94	41	36	12	62	31	77	50	84	80	93	15	63	68	32	15	22	85	85	40	49	
58	32	46	14	74	78	11	14	65	74	69	63	74	52	80	29	93	16	29	39	95	17	48	88	80	65	18	31	62	50	
76	90	36	40	83	11	82	66	82	78	73	96	80	72	14	87	32	35	76	32	78	73	23	49	28	37	42	31	89	16	
51	69	22	12	18	95	42	24	49	26	96	55	32	75	95	95	79	50	90	29	68	99	49	54	69	77	55	66	24	26	
88	83	39	50	80	90	82	81	70	65	39	26	35	82	74	49	13	93	19	100	95	96	83	81	49	47	85	28	20	97	
23	78	43	97	29	91	19	58	16	35	55	58	84	21	76	32	95	80	23	47	24	76	40	39	74	80	23	84	11	18	
46	68	40	86	95	49	31	41	72	83	35	80	13	55	84	81	79	76	77	54	54	83	49	25	12	45	77	45	66	15	
94	59	90	43	91	12	37	81	95	90	96	33	13	25	60	18	66	65	21	65	68	56	72	36	77	42	10	88	30	32	
82	73	62	77	33	33	54	37	87	75	46	33	25	41	46	97	69	25	46	80	90	73	72	73	59	24	89	76	16	80	
34	43	42	45	30	73	58	82	60	77	96	25	44	94	26	81	36	79	73	61	64	59	11	68	62	50	42	68	45	90	
97	31	56	26	87	31	81	14	41	30	71	72	75	58	74	28	39	64	37	61	25	49	56	87	88	32	19	59	29	43	
36	92	39	37	29	94	43	67	45	70	12	77	62	45	12	31	89	53	27	62	100	100	72	89	65	99	79	30	71	37	
16	49	76	97	62	20	58	55	94	71	30	60	63	94	33	67	35	85	51	21	48	21	61	20	49	60	54	56	11	61	
23	53	100	75	67	11	15	64	41	85	58	61	60	14	63	50	66	47	77	49	61	93	27	63	82	72	44	11	35	93	
33	79	95	45	83	32	81	34	21	70	90	55	70	32	59	76	24	82	42	38	41	75	76	77	96	67	97	20	51	71	
38	68	45	49	93	92	94	40	26	40	41	90	93	39	96	64	57	41	31	95	85	28	45	51	93	83	90	57	51	12	
87	59	20	31	81	66	56	90	55	57	80	81	68	42	41	28	72	51	87	12	16	38	59	69	44	75	44	39	35	81	
56	31	27	40	26	26	47	95	96	49	16	91	21	67	88	65	96	69	48	65	64	43	80	44	70	70	91	12	35	50	
15	13	41	37	60	96	89	26	10	35	11	91	47	62	85	38	85	84	37	50	48	86	68	11	67	11	27	29	82	73	
51	12	83	79	54	44	64	65	79	53	98	53	55	91	98	76	67	73	60	82	92	99	59	55	13	64	68	51	33	16	
22	74	38	59	25	33	26	96	93	15	33	71	13	35	21	32	75	56	78	60	44	68	16	16	78	95	48	61	65	66	
19	40	73	69	55	25	23	60	65	37	92	12	99	69	27	88	67	91	90	70	12	84	10	40	22	20	83	74	54	54	
27	68	61	85	43	39	30	56	83	34	54	27	34	36	90	33	44	37	55	13	38	26	66	26	27	99	99	98	53	97	
50	70	22	66	37	72	84	44	53	91	98	88	80	100	65	53	70	82	68	96	88	28	93	95	74	82	23	51	99	25	
64	72	15	23	30	15	12	61	33	41	75	15	10	43	39	72	90	60	24	14	36	100	63	92	75	80	26	27	28	71	
48	67	80	71	84	99	26	46	48	80	42	80	78	34	15	14	70	85	80	49	83	37	97	53	45	22	97	99	82	71	
97	15	19	28	14	22	37	20	47	14	50	81	63	45	38	94	12	11	35	43	49	14	20	71	87	59	82	92	67	88	
32	92	74	51	83	26	16	78	14	37	44	92	26	41	53	72	96	20	35	42	33	44	28	58	29	39	10	61	81	72	
42	34	98	41	12	97	76	93	86	80	25	44	53	22	69	93	82	72	63	30	75	27	64	45	40	28	76	54	82	48	
98	91	38	77	97	82	54	36	74	51	49	59	97	64	22	15	29	78	83	83	84	66	23	47	57	40	83	76	12	11	
60	36	72	77	69	41	91	58	29	73	38	18	88	64	50	30	62	20	80	49	47	35	28	53	12	36	57	28	14	43	
44	62	89	32	58	93	25	74	49	84	29	14	77	25	81	98	60	67	88	94	95	61	48	13	62	48	89	85	83	63	
52	23	66	18	41	90	15	62	91	67	68	86	35	12	47	36	52	34	18	60	24	33	99	97	33	12	53	83	34	61	
84	31	48	61	27	39	12	85	99	81	77	97	43	91	17	72	29	55	36	98	66	66	55	11	86	24	71	32	19	55	
65	73	11	13	89	41	55	44	93	99	27	26	26	37	35	23	12	77	35	31	99	82	42	32	46	62	83	62	64	15	
90	57	76	14	65	72	66	99	60	71	61	40	64	38	78	97	64	78	96	89	57	96	78	35	94	84	54	45	85	67	
52	75	62	32	88	71	96	84	81	68	14	12	58	22	100	11	50	11	82	91	19	26	31	34	43	11	41	99	48	91	
53	43	32	35	91	48	48	79	24	88	59	26	88	15	23	51	30	74	40	43	45	43	13	35	46	42	39	29	21	53	
40	31	30	76	45	86	77	27	10	78	80	42	19	58	76	86	16	58	39	86	46	89	40	40	77	55	26	75	41	89	
57	90	65	26	70	49	46	83	49	48	63	99	49	57	41	85	35	73	28	65	69	90	53	11	72	28	41	16	59	78	
36	72	85	36	26	32	70	66	87	16	71	79	38	73	64	58	61	91	98	95	21	89	49	78	80	89	37	84	41	46	
30	38	63	36	59	50	38	62	40	97	34	69	82	10	48	14	100	53	90	18	59	84	27	48	37	32	18	70	57	51	
38	75	36	86	46	78	11	90	65	79	38	22	99	13	21	64	76	86	74	11	54	34	66	24	43	58	37	81	73	99	
30	92	54	73	95	33	41	78	86	19	72	99	100	56	82	76	100	38	42	81	69	68	25	57	93	20	80	42	59	48	
97	93	96	95	72	61	93	75	55	22	64	77	35	64	55	16	11	75	84	74	56	33	32	20	46	48	62	91	22	42	
32	83	77	11	65	18	28	27	35	96	19	22	28	27	17	66	89	67	43	87	27	21	42	66	29	77	38	21	88	32	
22	57	15	24	22	67	78	65	18	80	75	92	55	99	59	27	23	54	91	52	75	82	72	71	88	54	55	36	23	16	
54	96	91	24	27	61	41	55	53	91	37	20	19	23	82	67	82	72	27	38	32	23	71	79	94	89	39	50	57	89	
84	25	48	82	17	15	12	47	40	25	89	46	86	27	20	79	32	100	41	53	87	70	95	17	34	16	47	50	20	99	
55	65	15	64	20	51	93	59	51	62	95	29	93	34	40	13	31	61	51	94	37	71	41	76	53	45	75	77	91	69	
67	75	31	17	94	60	15	83	69	37	68	69	36	93	32	82	41	58	71	98	56	12	14	28	39	37	80	21	58	12	
14	78	75	92	32	80	74	88	24	54	19	22	46	49	23	58	96	24	70	22	17	62	47	96	83	19	92	77	39	77	
38	12	66	79	17	81	64	68	43	88	25	96	71	28	44	77	50	82	23	34	13	13	36	19	92	19	10	54	21	37	
96	12	77	18	30	58	68	76	59	41	44	97	71	12	55	58	63	59	19	89	95	13	85	41	61	69	98	40	88	12	
23	68	11	55	33	45	58	70	75	67	39	24	59	56	24	18	80	87	64	18	95	20	50	46	18	73	75	61	14	44	
45	78	68	27	36	76	47	90	67	44	54	75	78	46	40	44	65	38	46	47	79	32	14	63	27	61	82	12	51	15	
62	82	66	67	56	80	35	88	39	15	10	44	70	29	29	18	35	52	52	80	23	93	40	66	53	97	17	91	71	29	
17	93	49	100	51	79	96	99	22	15	72	83	10	45	48	43	58	18	66	57	94	37	88	99	86	61	75	34	33	26	
86	87	30	20	43	27	16	62	94	99	41	80	56	76	88	59	16	47	84	64	52	16	22	17	53	95	41	34	28	62	
55	18	77	78	88	35	58	98	29	18	25	66	25	64	66	43	83	37	93	89	96	100	43	33	35	32	29	26	79	31	
26	91	84	59	46	41	29	63	28	93	87	43	36	30	81	83	23	70	42	72	67	17	75	22	15	90	80	10	15	69	
53	11	48	32	22	90	60	61	75	55	70	97	19	76	62	92	50	78	46	56	47	39	53	86	45	95	94	25	60	99	
38	50	21	79	85	42	56	24	24	56	36	39	63	22	57	75	46	93	22	10	84	79	62	88	47	80	14	31	37	50	
32	34	78	42	82	22	11	20	78	74	83	73	85	45	70	65	28	77	36	70	65	51	95	64	14	34	11	11	85	40	
19	87	71	93	96	99	66	25	68	65	55	95	79	49	13	71	21	29	43	32	94	43	97	46	47	26	72	81	80	66	
96	44	29	22	30	22	16	61	100	11	13	15	73	35	91	14	75	17	40	88	14	32	71	61	49	84	60	85	67	60	
90	79	76	63	39	65	40	33	64	90	92	63	90	74	81	96	97	86	38	53	28	34	20	29	20	56	64	76	20	14	
69	36	94	77	42	16	86	89	51	76	98	88	16	86	71	80	13	87	69	66	23	66	85	63	13	45	54	42	53	37	
90	28	92	29	100	85	54	66	85	35	96	13	74	88	81	63	74	34	72	10	71	28	98	56	56	95	87	49	80	14	
73	59	26	71	11	54	89	69	21	28	55	57	70	81	88	67	32	14	36	38	84	40	79	68	91	98	34	100	68	25	
29	52	72	31	74	78	18	44	90	78	34	28	39	67	25	94	26	87	56	25	59	30	54	100	69	76	56	32	33	98	
71	74	57	97	37	93	47	75	56	16	71	87	25	90	44	67	62	50	40	54	22	90	93	38	34	47	62	63	12	99	
45	44	55	24	41	50	76	77	38	30	45	86	25	61	25	51	15	52	100	40	41	54	42	80	95	100	82	76	80	33	
17	45	40	42	29	36	39	70	71	37	63	31	35	97	83	28	54	69	26	96	17	56	66	11	95	48	80	85	72	23	
88	75	51	32	11	42	72	44	42	54	94	92	28	35	34	24	78	28	60	98	82	60	88	49	98	63	43	61	91	36	
69	84	49	36	69	35	89	27	90	81	41	28	14	27	21	37	86	57	29	32	76	83	87	37	87	96	33	41	20	98	
92	51	84	13	76	49	77	39	56	67	94	99	22	16	89	50	48	42	21	84	55	64	78	31	59	10	57	78	91	58	
66	58	16	30	85	75	82	48	38	12	55	68	17	97	49	71	51	27	46	83	81	54	34	62	99	96	61	22	82	29	
30	28	38	84	77	86	14	69	100	42	17	10	15	51	44	42	68	51	54	41	94	88	85	79	81	62	80	99	56	91	
50	90	18	10	36	16	54	80	66	65	11	87	96	94	49	83	17	17	90	96	47	30	10	84	90	59	66	75	53	99	
93	26	71	74	71	77	38	93	68	38	51	34	70	18	48	78	86	16	21	44	43	11	89	70	83	40	94	30	34	63	
85	95	16	45	95	89	42	80	49	68	95	15	50	57	82	39	29	56	25	64	29	84	25	62	60	53	72	61	85	90	
69	57	42	26	53	69	80	93	52	59	69	25	16	96	54	63	67	56	62	37	14	41	17	81	48	45	78	28	63	34	
50	70	61	97	93	54	86	45	40	75	42	48	41	59	95	33	100	49	40	20	93	53	34	44	65	26	53	66	34	78	
52	28	34	72	38	89	43	14	95	26	68	51	21	37	55	98	33	32	43	64	12	59	13	64	74	89	24	90	31	98	
79	19	17	85	26	51	15	60	99	75	20	48	43	38	98	36	98	97	86	43	30	49	26	19	39	53	34	49	89	85	
94	32	75	34	12	90	88	67	84	46	59	97	89	98	32	75	34	45	77	25	42	70	62	90	44	42	97	69	11	56	
54	38	34	45	86	96	89	26	72	33	75	33	35	10	92	10	28	35	25	19	92	30	57	92	34	83	70	88	67	18	
86	74	45	92	76	51	48	37	30	75	61	15	91	55	59	31	31	28	50	57	37	42	62	84	18	53	52	25	92	39	
37	15	71	98	74	27	60	74	26	69	14	54	82	90	11	57	46	73	85	77	63	71	99	25	24	75	61	32	98	39	
88	99	20	93	85	76	83	94	44	12	80	62	56	54	14	60	27	92	68	23	69	92	85	35	22	88	22	78	18	25	
28	56	80	48	92	91	23	35	84	28	84	12	73	76	39	55	17	60	46	33	60	49	85	14	46	35	54	27	59	18	
51	18	80	36	22	93	27	36	41	37	37	31	22	72	40	74	78	88	31	12	35	35	45	72	10	86	90	33	61	32	
53	46	15	63	47	35	72	39	93	21	51	15	67	46	39	64	98	30	42	95	78	49	81	80	67	80	34	44	30	26	
89	88	76	48	67	43	73	12	26	82	10	47	71	37	25	13	28	42	16	54	63	73	86	80	90	29	37	81	91	72	
22	77	36	79	84	81	35	84	23	81	33	94	47	89	20	90	95	52	77	67	21	56	38	58	45	29	69	85	15	42	
63	25	68	12	93	87	54	22	51	34	13	55	70	21	65	49	95	33	21	20	85	89	74	76	35	40	29	38	14	25	
27	19	58	83	30	27	14	16	45	39	81	92	22	54	69	91	89	50	89	51	45	98	29	99	19	20	20	54	38	78	
71	15	79	28	47	13	20	69	10	74	56	20	17	58	86	55	64	93	71	31	26	32	38	31	60	33	15	81	86	95	
97	17	29	94	47	73	47	41	58	96	67	95	92	25	50	43	91	15	57	94	56	24	43	72	27	56	66	55	52	43	
18	34	15	24	18	53	32	52	21	83	21	13	87	89	18	51	99	80	59	73	33	63	54	85	27	85	24	36	77	12	
72	13	25	40	90	11	94	73	12	91	44	95	97	53	45	88	49	23	12	63	15	13	70	65	36	69	72	22	22	94	
34	76	20	66	74	76	27	69	18	90	22	100	47	44	68	35	11	38	55	75	75	51	77	66	33	51	17	52	96	63	
61	83	28	72	82	14	51	92	21	43	84	48	100	70	32	12	17	84	26	13	34	40	75	42	99	34	60	92	73	43	
29	12	75	56	55	80	88	78	44	47	76	37	85	13	40	23	38	88	74	11	24	55	74	97	18	74	94	60	42	96	
15	68	89	41	74	50	49	44	76	51	12	11	12	17	41	24	31	67	11	92	99	11	16	91	23	77	40	87	65	90	
88	63	55	12	49	45	57	90	52	94	83	66	12	64	16	16	39	74	85	91	41	26	62	71	31	52	56	17	55	84	
19	11	88	58	100	13	79	91	12	97	53	18	42	47	84	34	35	27	79	97	71	91	17	26	40	98	51	83	49	23	
96	17	77	91	31	49	82	45	69	37	12	79	47	32	62	26	65	86	69	31	65	31	10	75	68	72	69	87	19	72	
76	84	44	24	93	99	75	14	14	78	80	31	61	30	38	95	74	50	29	88	64	59	38	19	87	78	13	29	42	42	
34	33	79	94	47	29	66	84	64	16	92	83	65	86	35	80	45	53	33	98	86	64	48	31	87	86	91	66	56	32	
24	65	94	17	88	92	82	21	37	14	47	51	64	73	53	81	34	53	62	41	30	43	40	17	38	46	54	72	70	35	
46	82	21	56	44	90	67	79	12	73	90	29	100	79	35	57	61	42	10	98	30	14	24	42	58	48	64	94	73	88	
87	39	75	44	89	64	56	63	56	85	87	48	94	22	25	16	44	50	94	83	13	67	16	100	41	68	60	63	57	91	
25	77	54	15	65	13	54	93	70	61	88	27	64	21	91	23	98	75	72	90	56	39	43	36	26	46	79	92	16	35	
50	21	12	47	69	80	62	66	41	30	71	27	85	85	42	20	26	43	22	19	84	86	23	73	95	52	67	20	82	22	
83	49	68	38	39	23	62	76	23	38	53	26	62	75	91	79	12	99	38	52	43	98	16	97	95	78	31	41	18	68	
85	17	69	53	55	63	85	17	16	68	70	64	62	73	49	91	64	31	40	58	85	39	37	20	30	79	84	83	89	65	
15	54	56	73	20	45	84	19	72	87	53	10	48	74	91	83	73	76	66	79	31	13	44	27	41	66	82	71	17	36	
79	91	31	65	34	48	28	69	33	31	87	21	57	41	32	51	74	51	86	11	39	19	64	51	46	24	61	64	76	86	
45	25	59	65	57	22	66	38	78	56	10	34	62	48	44	18	79	47	12	86	58	94	36	67	53	16	82	32	19	57	
50	92	17	82	28	50	83	39	34	54	10	12	59	12	39	10	73	100	56	86	42	59	55	47	62	16	39	27	91	23	
45	40	17	58	87	25	53	32	62	59	70	29	82	40	47	62	83	17	29	10	63	74	60	27	35	91	19	22	94	87	
55	78	49	60	73	17	17	91	63	60	98	49	81	89	16	15	51	41	30	23	58	63	69	11	87	43	22	23	99	57	
42	96	31	56	57	72	73	57	28	38	65	92	38	32	36	44	56	82	25	37	34	72	17	60	96	16	23	62	70	83	
11	84	76	83	12	91	35	96	73	29	70	49	68	62	35	83	38	79	50	30	84	53	28	63	39	84	15	29	18	90	
65	61	28	33	18	91	61	20	96	69	10	54	90	90	12	43	28	66	23	13	28	16	32	28	75	83	73	74	100	25	
18	73	98	27	42	41	55	21	64	18	50	84	83	33	20	46	58	100	89	26	83	99	74	80	34	77	59	77	99	95	
65	25	83	99	18	37	45	90	92	100	57	63	61	90	61	69	64	81	68	90	64	73	92	100	59	81	100	35	88	77	
33	50	60	98	98	76	51	57	50	91	85	36	97	57	29	32	85	22	38	68	56	23	96	56	66	88	62	46	46	93	
71	30	37	40	32	44	41	70	70	99	49	52	89	23	14	83	46	25	21	81	40	53	72	73	72	88	50	40	51	29	
58	16	50	62	11	18	25	69	26	62	51	84	86	87	19	95	48	17	10	91	41	14	53	14	26	31	88	71	27	46	
94	53	95	10	96	20	18	88	25	45	35	38	86	85	44	35	90	46	83	51	97	47	65	35	29	73	90	45	50	85	
41	72	65	22	36	75	100	42	16	51	41	52	56	72	85	31	67	29	19	10	80	61	29	46	44	82	47	70	43	38	
95	63	96	45	88	18	64	44	55	34	72	19	31	39	53	18	57	64	73	46	77	19	16	42	83	30	92	33	77	99	
41	74	75	29	49	15	61	65	86	79	18	15	80	81	71	51	66	43	14	20	71	87	60	59	96	53	87	52	68	80	
77	35	45	87	47	98	99	95	11	20	56	11	54	68	52	11	20	49	25	51	22	18	72	87	59	53	27	36	44	96	
39	97	59	49	38	28	35	40	57	78	82	65	89	60	24	67	93	93	12	50	14	91	43	10	76	82	62	27	29	27	
14	23	74	69	46	36	76	23	44	41	84	71	62	42	70	11	54	97	12	35	80	82	40	63	68	13	80	22	73	12	
13	36	85	46	60	57	45	71	29	44	10	27	35	75	93	100	54	13	65	34	44	20	94	82	46	83	17	79	44	61	
46	47	78	66	81	54	80	28	64	47	53	73	49	95	82	21	88	39	44	38	66	97	45	35	76	42	87	90	27	29	
86	80	76	86	10	58	83	24	97	90	77	15	46	47	31	74	89	96	98	86	39	60	83	40	80	47	54	20	38	12	
55	48	38	11	30	58	47	92	39	73	55	33	36	75	15	83	56	79	97	89	87	55	47	11	29	12	92	38	66	66	
51	35	88	94	49	48	15	36	85	74	62	31	10	36	23	69	77	27	47	30	54	45	48	50	42	58	18	10	91	87	
67	38	13	17	20	48	73	95	56	33	91	38	44	65	33	23	91	48	62	94	30	27	38	67	86	13	48	20	93	56	
19	71	29	96	95	82	92	25	10	17	62	88	48	89	91	32	60	28	33	70	16	62	84	13	82	44	20	29	34	21	
98	12	83	56	99	64	46	43	84	68	10	97	59	81	51	75	76	16	59	55	97	22	54	25	12	65	48	17	53	13	
57	36	97	97	42	48	100	71	81	11	17	13	78	16	58	92	41	16	45	63	54	12	72	52	52	40	33	63	47	17	
25	79	11	87	93	35	60	50	44	52	18	83	98	32	34	19	39	71	50	96	89	49	18	55	99	90	82	69	28	50	
78	50	62	100	50	74	49	94	11	34	22	34	74	74	13	99	15	68	45	78	52	91	31	38	80	87	11	90	51	11	
37	21	41	83	31	92	35	72	14	30	49	99	10	62	49	68	61	12	80	48	45	84	38	25	51	52	21	38	77	82	
88	65	25	51	10	47	62	31	64	95	47	63	43	75	44	62	79	44	67	90	42	82	60	89	51	85	22	62	47	90	
54	68	17	90	52	78	30	62	72	27	34	51	85	28	79	82	71	47	48	29	80	11	17	40	34	48	52	60	56	41	
51	26	47	20	66	47	25	64	39	17	68	44	37	69	97	22	31	15	50	94	83	12	16	32	52	20	71	96	36	69	
93	68	72	38	37	12	74	35	62	13	93	56	77	56	43	86	11	23	50	87	14	74	67	65	44	50	61	70	84	53	
82	75	63	47	81	97	30	51	65	98	70	58	96	92	94	69	67	86	78	65	57	74	38	89	38	13	76	80	16	11	
60	69	67	97	73	90	72	27	33	86	60	47	14	76	38	40	14	31	28	44	73	80	48	69	62	46	55	95	18	19	
43	53	55	86	24	79	70	43	77	93	74	54	66	88	18	25	93	22	55	25	17	97	26	22	30	50	51	55	35	77	
64	88	79	87	19	45	85	84	14	24	18	68	92	73	96	49	56	34	88	13	50	75	75	85	38	49	65	88	51	76	
79	98	28	63	12	93	54	83	12	38	60	34	87	78	58	51	10	10	84	77	29	79	17	35	71	61	33	45	18	60	
14	78	46	84	67	50	83	77	99	90	87	84	58	98	41	90	41	95	34	25	68	47	69	13	29	14	53	37	65	26	
99	46	88	54	83	49	52	26	55	52	34	18	55	43	96	82	15	57	100	49	90	59	80	44	97	97	41	39	31	72	
28	17	47	79	92	49	72	88	43	10	27	40	100	96	93	97	28	49	21	68	11	66	84	30	15	13	83	86	84	76	
43	71	97	38	45	84	66	15	50	93	64	44	94	85	34	73	88	100	41	28	17	76	34	74	38	41	87	42	38	40	
92	91	21	73	76	48	72	43	79	30	32	28	95	96	89	39	91	38	45	90	45	62	85	91	27	91	33	53	70	91	
56	10	81	98	56	31	45	79	34	72	57	77	78	41	92	86	26	68	25	46	88	30	95	52	56	25	48	20	43	51	
26	75	54	23	22	20	65	76	31	19	77	42	96	26	55	60	38	69	44	22	88	17	72	87	33	76	45	70	42	56	
32	71	45	53	91	26	99	73	15	100	17	96	29	88	69	32	95	26	53	88	87	98	51	39	62	73	53	39	42	41	
27	97	35	17	51	10	64	78	33	83	77	94	88	20	39	39	24	85	30	46	24	47	23	57	82	73	11	100	64	89	
50	63	57	40	76	78	57	54	40	39	28	93	92	50	61	83	14	78	37	31	73	94	50	13	24	29	56	39	46	92	
71	59	46	39	84	86	65	18	82	88	100	66	66	84	99	84	60	82	56	34	64	47	70	88	91	95	85	98	92	16	
55	19	66	74	43	64	54	74	34	50	42	44	15	87	77	84	34	45	29	61	19	22	76	66	61	91	100	80	68	60	
11	85	99	52	38	49	72	23	46	51	30	43	65	80	23	13	78	41	28	35	44	23	59	79	17	48	90	53	98	100	
69	82	34	52	22	92	47	98	67	14	95	50	69	31	36	62	43	79	87	30	22	21	80	60	45	18	98	84	21	82	
66	55	20	80	14	43	62	13	46	87	97	61	47	23	10	25	73	68	41	43	75	77	66	95	98	27	29	40	91	49	
25	20	12	88	41	83	80	54	44	98	41	79	24	72	42	100	39	35	71	73	19	34	12	71	29	49	88	64	25	21	
78	23	62	81	37	52	93	94	100	56	48	80	43	98	64	75	42	98	21	30	11	27	84	25	86	40	16	92	55	82	
44	34	44	88	19	47	95	28	58	61	79	39	57	20	40	96	71	83	28	12	55	52	71	67	80	31	26	92	61	54	
49	92	64	46	59	28	98	26	67	51	38	42	10	32	80	96	90	47	46	26	79	100	71	92	74	83	82	35	44	37	
52	16	46	72	50	73	48	72	13	55	82	90	61	76	85	46	55	40	95	27	87	31	43	74	72	27	86	20	78	93	
48	65	73	72	80	14	16	58	98	84	12	61	33	90	90	66	76	55	17	29	84	76	51	77	77	50	65	57	22	94	
38	85	42	70	78	36	17	33	95	22	33	28	34	15	36	71	100	63	30	74	44	11	82	74	20	58	47	15	71	64	
30	36	89	38	42	18	47	35	92	15	17	100	30	79	81	15	27	45	50	82	58	75	85	26	39	63	62	80	92	52	
54	59	15	57	37	90	60	48	91	29	76	28	58	88	65	77	30	58	63	67	61	18	93	84	49	73	25	21	20	99	
61	18	63	11	100	64	78	57	20	89	47	53	34	64	92	78	62	43	51	92	38	71	87	19	89	99	49	84	52	66	
69	89	84	30	94	43	78	26	85	89	84	10	37	65	96	13	43	76	42	99	99	39	27	16	77	79	75	68	10	41	
38	24	85	52	85	13	28	15	49	80	85	18	60	34	73	31	96	54	80	26	61	89	80	64	23	78	38	41	17	50	
11	31	88	14	15	27	45	41	29	59	11	57	62	29	55	82	92	29	82	54	16	49	86	62	54	58	43	51	79	78	
30	63	32	40	90	68	20	71	34	84	85	12	90	93	71	50	47	72	86	34	80	27	31	82	58	90	21	31	53	59	
88	85	10	36	43	89	63	14	84	54	16	57	74	77	16	98	26	47	61	46	22	45	46	89	12	92	24	18	24	63	
33	71	83	17	51	44	31	21	64	81	94	47	16	98	43	72	67	61	90	57	50	57	68	85	24	72	88	18	57	60	
34	39	90	41	58	13	70	63	48	42	38	55	100	85	75	13	55	52	15	53	73	76	91	39	34	35	88	41	93	62	
48	99	16	21	32	100	81	83	72	25	38	97	67	26	26	49	72	82	73	42	44	66	52	17	64	21	83	37	58	61	
85	25	66	14	94	61	82	82	82	22	14	71	60	77	20	65	91	94	33	33	23	29	85	61	29	18	86	22	15	28	
21	51	14	23	59	37	87	19	20	36	19	38	44	13	28	72	71	77	29	61	81	84	12	27	96	44	17	17	74	83	
11	92	37	18	28	85	66	46	99	90	95	67	43	20	86	93	38	23	91	44	64	20	58	76	31	87	20	77	57	98	
56	64	35	14	92	88	35	58	66	15	92	44	25	71	95	32	44	58	37	55	89	29	31	32	23	10	80	42	24	40	
35	17	61	38	37	79	57	43	13	24	30	42	29	50	92	19	10	98	56	29	84	30	94	11	12	10	81	92	43	11	
87	39	37	13	43	26	81	25	96	28	56	53	20	87	18	23	53	29	87	71	14	65	53	53	46	47	86	64	32	97	
67	34	99	20	35	89	86	40	91	12	86	16	51	73	14	39	77	23	72	73	82	44	79	84	89	23	22	39	100	61	
87	93	37	35	85	70	43	93	67	54	79	59	15	71	11	54	34	46	10	65	70	35	68	18	47	98	17	30	32	67	
57	67	18	62	56	10	54	42	92	32	99	18	10	97	62	22	76	76	77	68	56	63	40	28	84	79	36	46	95	24	
61	38	28	55	41	55	63	45	94	38	12	38	46	85	77	89	93	10	30	92	58	65	91	16	90	79	84	95	63	19	
85	62	24	81	43	46	39	29	41	15	61	45	51	74	77	72	87	22	32	11	16	41	27	71	49	87	66	80	27	71	
79	95	48	68	62	78	19	43	37	80	63	96	16	41	34	44	72	46	14	23	99	29	72	55	12	100	25	60	92	54	
42	89	50	79	94	68	18	53	65	97	40	83	60	17	73	44	21	37	26	70	18	61	92	85	95	50	30	11	76	11	
64	18	26	20	90	51	97	66	42	80	21	53	21	39	16	63	78	47	12	67	20	94	47	45	83	42	86	21	60	38	
96	49	82	65	68	22	57	54	68	84	85	58	70	61	46	91	70	19	86	72	63	49	96	65	40	69	95	57	100	88	
96	12	83	95	76	68	26	93	65	31	78	14	91	43	75	43	92	15	92	53	35	63	72	29	30	41	17	71	88	35	
65	42	21	85	85	86	55	51	27	34	99	45	74	47	98	90	21	94	11	99	96	100	54	27	19	33	95	67	96	62	
99	78	21	57	48	25	73	94	62	20	58	73	63	90	100	19	42	69	56	23	87	60	76	17	68	36	31	28	32	97	
39	52	92	53	57	87	90	13	11	33	80	27	32	50	12	43	87	34	88	68	96	10	18	36	58	43	47	91	50	79	
71	15	46	62	61	20	28	50	84	16	12	49	64	19	59	74	72	47	74	19	35	97	39	15	57	37	26	54	100	14	
34	92	42	25	32	89	39	32	23	56	16	94	41	34	96	70	67	39	80	29	48	97	29	68	42	52	92	90	73	59	
17	56	90	12	53	30	46	35	94	94	34	79	41	87	79	65	62	43	53	41	11	10	29	58	10	21	22	43	98	35	
89	39	87	57	67	36	37	31	82	75	87	91	26	90	41	52	93	44	95	59	98	90	95	34	73	70	28	52	53	98	
38	46	23	27	87	69	25	13	98	34	76	62	98	28	86	72	18	29	15	55	54	59	32	18	87	63	41	70	16	16	
67	28	69	19	52	44	56	61	74	97	63	65	37	71	59	35	79	38	82	69	13	90	30	44	96	45	29	36	81	18	
62	72	81	66	59	45	59	23	21	51	52	33	21	81	69	56	80	32	19	83	37	30	77	91	88	27	70	78	97	76	
44	86	21	67	18	59	72	22	80	45	36	40	66	72	81	27	77	13	66	82	28	64	23	35	37	87	54	40	81	62	
20	46	60	86	31	95	29	34	19	75	20	59	84	72	68	74	87	81	21	37	88	46	27	74	89	70	30	68	94	36	
92	26	65	19	92	72	92	67	30	80	53	57	10	81	16	91	62	20	47	71	45	43	97	66	90	27	18	70	91	62	
84	75	57	62	45	67	98	81	32	93	56	15	38	74	92	45	66	72	71	49	21	26	33	65	83	23	67	49	22	25	
54	58	30	96	11	60	78	69	100	100	80	49	92	76	65	44	33	95	68	25	61	98	81	63	64	98	65	73	68	13	
86	28	43	23	14	62	97	92	42	63	50	31	54	73	89	76	68	99	49	23	98	25	49	79	79	74	98	64	25	38	
39	83	19	86	96	13	23	26	54	96	80	27	29	16	50	84	63	29	86	43	92	73	60	71	31	53	79	45	97	28	
64	66	99	14	89	52	46	65	75	28	35	73	16	16	85	24	15	90	95	97	66	52	53	86	30	12	83	99	28	88	
34	48	88	70	22	57	89	38	89	63	29	24	34	15	83	51	95	40	11	39	58	74	56	22	67	29	93	83	86	69	
88	63	22	92	24	17	25	30	48	20	19	23	10	97	44	59	77	14	45	100	40	46	64	44	32	30	66	39	55	87	
47	38	77	94	40	97	95	87	39	10	44	67	81	47	53	14	63	25	73	10	79	61	39	70	13	23	93	12	51	89	
81	62	70	29	62	24	24	26	100	58	53	86	58	94	17	87	73	39	98	87	78	48	46	89	75	77	31	72	77	37	
98	54	26	73	22	78	16	52	70	53	34	53	72	67	47	53	59	46	22	47	96	19	88	26	64	47	26	86	16	88	
99	47	37	66	34	19	71	29	98	42	79	91	33	36	34	50	51	82	28	96	80	12	45	45	33	88	87	52	23	73	
87	55	27	16	42	82	49	11	49	31	25	45	95	85	16	41	66	70	79	71	20	79	12	37	31	55	81	90	47	53	
83	95	77	92	47	90	92	55	14	66	26	49	89	13	28	13	91	52	39	64	46	12	84	29	51	75	49	76	14	50	
59	76	85	13	85	40	14	96	76	51	68	79	78	35	25	40	12	83	63	90	65	26	57	93	55	67	76	26	22	93	
81	88	67	98	88	94	86	40	89	77	74	24	15	27	32	52	62	43	45	30	38	69	97	59	44	87	13	10	22	34	
86	88	88	66	15	52	27	44	35	70	96	20	79	28	43	29	86	33	61	72	42	52	65	43	100	90	10	90	62	46	
44	53	66	99	72	81	64	76	94	25	49	39	40	65	49	53	67	57	31	72	59	83	76	68	47	73	22	28	96	33	
40	41	73	63	88	12	60	63	49	19	53	62	48	96	61	70	51	84	97	46	65	64	23	53	84	58	33	61	40	21	
76	43	49	12	16	52	69	94	27	61	55	21	96	21	32	15	15	51	92	43	51	94	58	27	10	63	37	46	100	53	
67	83	54	58	33	46	80	94	45	61	16	34	96	12	76	54	24	95	30	84	68	28	81	100	52	54	35	83	82	72	
20	66	37	54	99	34	84	19	43	40	41	58	38	36	33	80	50	37	12	43	36	97	19	91	60	52	79	70	25	43	
63	64	55	31	51	27	49	34	70	93	75	28	71	85	45	34	98	68	21	31	21	36	91	50	98	17	51	71	88	98	
30	73	69	14	62	40	73	66	26	72	98	48	25	33	45	58	56	70	80	26	47	37	46	54	92	58	76	98	65	58	
29	14	55	61	100	99	84	62	95	34	74	79	76	63	81	53	77	82	98	40	46	66	44	73	33	92	20	56	84	60	
21	36	43	53	69	50	65	56	93	70	37	81	53	10	85	78	97	15	54	85	69	20	38	58	55	75	76	90	32	87	
71	64	66	10	27	90	32	81	46	51	35	24	11	73	32	93	22	98	13	77	64	85	75	59	46	80	39	17	52	53	
55	39	84	86	37	19	90	36	87	77	75	65	30	31	98	61	69	17	58	39	81	99	58	14	76	46	38	47	100	66	
52	70	32	63	42	50	97	70	74	90	65	12	74	75	50	63	14	83	36	63	57	81	100	13	97	67	50	61	42	93	
29	52	59	23	43	89	55	31	30	39	51	58	31	77	38	74	71	93	78	70	49	27	42	54	61	45	36	12	33	57	
84	25	28	21	74	51	98	100	56	43	67	68	22	45	99	99	95	50	30	43	64	80	13	74	28	57	28	13	59	72	
72	73	41	47	67	91	57	38	34	81	13	32	86	24	60	61	57	14	62	97	94	92	23	31	47	63	49	56	65	17	
16	12	16	51	44	89	73	68	52	59	32	25	55	25	23	46	67	65	31	80	63	28	99	95	39	13	46	11	53	10	
69	32	55	15	47	29	27	13	16	72	68	10	100	42	15	54	34	95	44	85	32	73	41	48	90	42	89	51	96	16	
86	58	82	57	26	83	72	23	10	78	91	58	38	74	71	21	25	96	12	63	34	12	80	95	32	76	98	19	91	64	
67	50	57	77	85	45	46	14	49	76	40	61	42	60	74	79	65	83	36	12	55	11	17	97	81	18	83	54	48	97	
48	30	43	36	92	86	26	98	12	73	62	14	59	59	83	53	42	32	63	25	79	76	78	98	93	92	12	72	39	84	
56	26	43	98	38	74	96	100	28	86	31	66	28	51	91	52	36	44	72	27	37	85	83	81	90	64	98	29	79	30	
27	23	29	72	25	66	93	85	11	24	22	91	36	94	99	72	63	61	74	78	46	27	97	35	32	10	12	67	96	80	
43	97	88	99	93	94	46	90	56	50	82	27	64	69	48	39	12	100	32	62	49	41	22	14	79	93	14	84	23	77	
62	24	49	37	76	15	43	16	86	38	94	62	26	29	26	78	60	90	23	40	17	81	33	80	61	63	71	20	81	10	
26	74	48	73	68	63	28	59	66	79	95	25	16	21	29	91	61	30	71	38	66	83	34	94	11	20	26	23	55	66	
22	86	55	72	62	67	95	23	32	76	99	50	47	73	67	91	52	19	17	57	39	89	10	91	61	43	68	33	81	77	
75	27	82	22	42	23	63	82	17	90	45	98	75	68	72	50	66	13	74	42	73	96	82	56	74	86	40	90	82	73	
46	78	40	10	81	81	62	80	46	82	27	71	34	59	69	41	98	27	11	96	31	27	80	46	82	92	58	72	19	36	
92	66	78	79	95	78	86	28	30	43	31	88	54	90	46	27	54	22	43	46	33	72	100	61	34	60	68	22	78	86	
67	57	56	63	91	93	53	44	40	25	61	33	68	57	31	22	72	61	74	11	25	76	46	95	24	42	18	42	26	79	
21	31	98	60	19	75	71	83	57	45	48	90	82	85	44	43	14	62	85	60	81	85	31	65	43	41	92	17	47	94	
97	95	35	10	10	66	50	47	74	73	65	84	39	47	49	58	20	80	34	27	24	36	93	36	10	92	19	39	37	45	
37	50	59	17	65	17	23	19	39	91	24	32	75	38	10	70	58	91	79	23	85	98	31	58	51	92	52	95	16	39	
73	31	40	20	90	37	42	94	85	94	38	11	22	50	91	90	90	59	52	82	30	40	13	68	54	81	70	17	79	47	
98	43	33	41	52	99	88	35	27	61	88	24	88	64	11	63	27	64	12	71	30	49	38	23	32	59	60	16	51	83	
59	84	16	26	95	80	98	100	53	93	28	41	59	97	63	88	74	30	88	98	82	40	57	54	57	46	66	94	57	89	
88	38	100	83	81	49	39	14	32	81	58	62	40	16	98	28	47	82	69	13	10	62	92	86	99	44	96	29	77	99	
69	75	93	82	25	13	72	79	36	51	70	72	17	28	20	63	29	33	74	81	27	85	63	76	57	92	81	60	74	33	
70	85	100	68	53	32	40	96	62	19	74	76	50	29	22	52	81	40	15	69	19	50	69	88	38	65	75	52	83	36	
93	90	36	99	55	22	13	45	79	47	97	52	71	60	23	90	33	35	51	12	22	50	28	70	100	43	36	43	49	52	
78	99	22	64	58	86	82	91	66	88	36	83	12	90	31	15	72	43	53	42	63	11	36	18	30	48	81	13	28	19	
19	72	41	60	23	96	98	17	16	92	30	42	30	72	76	97	42	20	91	13	58	88	13	13	25	57	70	36	27	17	
38	76	93	90	34	33	95	51	46	25	70	22	65	25	89	26	90	91	56	49	28	83	64	41	46	88	97	74	45	72	
38	59	23	18	32	76	73	17	48	55	49	28	76	16	83	63	62	28	80	68	13	88	72	86	35	85	63	61	26	64	
67	61	40	12	41	73	38	48	49	76	86	14	89	30	25	62	100	50	73	70	64	28	11	76	52	27	60	67	10	62	
57	82	66	37	53	17	76	53	16	89	68	99	50	81	20	34	34	81	28	97	48	30	70	43	47	33	43	75	46	70	
17	76	38	26	80	12	85	43	71	100	56	44	94	40	52	28	72	37	53	43	20	11	38	49	91	18	66	60	90	100	
59	75	57	95	32	33	41	94	62	93	60	72	77	30	37	99	43	82	12	39	100	67	70	63	17	18	12	84	61	74	
38	59	69	68	89	38	20	70	51	81	63	60	63	88	97	21	47	40	25	92	18	45	53	96	30	90	87	93	71	16	
100	47	54	45	92	25	45	74	86	68	65	94	91	51	92	75	23	61	17	46	36	98	35	16	51	86	76	37	59	90	
80	59	53	100	62	59	12	99	43	56	89	81	94	41	97	76	52	24	67	86	98	97	69	45	25	91	32	61	18	78	
45	70	91	80	47	15	81	52	12	18	42	37	92	63	32	94	30	98	59	46	54	83	36	47	55	22	40	15	90	51	
90	71	70	72	28	70	29	43	62	86	30	66	28	50	39	22	38	63	37	12	18	99	71	28	80	57	64	68	51	86	
66	53	38	54	41	42	85	43	32	68	70	31	12	82	74	24	68	74	50	90	52	96	72	99	54	64	89	65	22	16	
34	92	75	73	97	43	57	73	35	28	51	27	97	84	58	40	12	72	49	74	72	25	59	27	73	30	74	23	72	70	
33	98	94	50	13	87	95	98	94	20	41	91	73	37	85	55	95	63	42	91	99	34	87	37	34	54	19	54	72	84	
14	58	32	23	39	82	66	31	13	83	86	48	78	29	56	87	30	34	77	35	30	13	44	25	48	99	53	55	36	37	
22	79	81	26	43	98	30	63	39	48	38	67	65	55	56	65	24	44	26	30	57	54	96	32	27	56	64	48	83	33	
23	44	90	21	19	54	44	68	12	33	75	23	21	58	64	76	53	90	76	85	65	28	25	37	80	40	18	86	96	83	
32	65	69	10	28	57	12	35	50	16	32	78	93	88	86	89	54	68	30	83	53	12	57	54	18	46	22	71	95	46	
79	95	26	20	48	33	48	91	84	50	42	83	73	50	32	16	89	39	75	15	25	61	73	36	17	89	51	42	85	94	
76	95	42	74	97	97	98	43	42	25	97	98	63	58	76	77	55	29	70	70	36	76	84	32	10	28	89	17	20	87	
75	62	60	76	64	66	100	40	17	46	90	95	94	73	80	77	67	76	59	77	85	62	99	49	24	79	17	23	95	92	
20	17	95	31	70	66	19	66	80	63	54	99	10	83	32	67	16	93	36	60	94	56	62	13	67	95	71	18	39	30	
32	16	16	39	62	69	49	37	41	68	52	71	59	78	88	93	47	73	83	60	93	32	60	81	92	35	74	96	60	67	
23	17	65	15	10	47	93	37	20	18	19	98	74	25	72	58	49	17	14	70	53	63	59	63	64	74	58	13	14	60	
39	11	90	53	19	86	40	13	68	47	26	55	68	70	43	62	62	44	27	94	58	12	73	51	40	40	43	93	59	26	
85	73	17	93	54	94	86	29	44	62	57	83	31	49	57	100	87	45	85	38	63	79	91	59	23	35	15	64	13	48	
23	19	31	59	17	21	60	49	45	40	89	85	82	63	71	37	88	45	85	89	56	24	81	16	42	70	84	95	85	87	
32	43	88	71	98	97	31	22	54	96	61	64	72	24	16	63	25	20	84	58	96	65	47	43	23	30	93	32	51	38	
77	85	29	40	53	36	21	89	55	52	23	40	73	86	85	84	65	99	50	49	44	13	36	55	58	22	47	33	35	22	
69	39	43	52	78	19	58	72	70	45	40	80	73	46	100	10	53	58	45	93	74	26	94	95	63	83	66	21	63	98	
16	40	93	11	89	49	78	53	43	63	90	65	79	34	23	48	50	38	12	97	60	80	50	16	78	98	54	78	15	74	
98	80	95	51	45	45	71	21	78	70	85	88	18	78	48	50	83	35	27	80	95	26	56	55	91	72	39	80	21	19	
73	54	75	99	88	92	46	54	34	80	48	38	47	99	50	44	24	24	91	59	17	14	38	71	46	17	68	68	13	33	
39	13	80	13	12	57	80	58	77	35	62	83	17	67	83	46	89	46	47	22	79	21	11	62	71	92	85	74	86	21	
50	56	18	87	20	75	77	92	11	81	39	92	60	18	49	52	40	97	83	91	42	58	63	91	24	39	51	85	76	75	
60	72	97	47	88	86	46	85	98	93	66	53	38	11	72	51	25	96	28	31	38	36	48	51	63	59	89	54	80	63	
99	32	57	24	50	18	53	46	26	32	45	99	41	96	40	100	10	71	80	28	73	47	18	93	12	37	83	45	39	99	
46	74	90	94	81	38	73	66	61	82	21	27	64	45	85	88	18	57	10	39	14	96	81	30	42	43	96	84	31	72	
39	35	71	39	92	52	93	29	80	16	79	36	95	67	55	89	77	15	52	47	49	39	34	10	80	87	94	47	32	46	
63	99	13	96	93	92	92	44	96	62	73	87	45	25	13	17	33	66	37	42	17	64	59	59	50	56	22	14	14	55	
11	99	56	89	19	10	92	75	56	45	67	70	41	78	64	45	56	40	77	19	56	97	34	58	62	56	67	42	19	46	
82	33	100	30	71	62	27	93	75	59	30	48	37	71	49	40	90	45	86	58	72	24	78	91	77	68	44	96	38	49	
89	73	11	59	69	58	79	81	72	41	17	49	42	15	45	39	35	63	57	90	70	18	80	31	12	20	90	94	46	67	
76	84	59	40	19	75	62	96	71	77	68	78	52	20	41	82	60	23	73	78	13	51	100	41	49	90	50	58	92	45	
44	31	18	14	96	31	59	83	58	89	82	20	97	59	22	51	87	56	39	42	61	83	86	84	31	14	39	18	89	43	
52	70	77	84	26	72	71	45	57	63	93	48	45	80	21	21	92	63	23	25	67	12	14	34	47	59	61	87	31	45	
18	68	94	17	12	46	45	96	96	29	26	23	46	17	27	78	22	46	87	76	33	80	84	86	37	96	57	93	86	85	
90	25	38	95	47	17	92	38	10	69	24	39	87	85	38	38	76	83	26	11	44	40	92	23	60	22	64	81	78	40	
86	18	23	56	25	96	15	36	27	66	31	71	78	77	77	82	47	61	43	75	53	25	57	73	22	29	11	82	14	27	