100
40
1099	1077	1098	1083	1030	1082	1083	1059	1059	1083	1093	1052	1014	1021	1080	1038	1009	1069	1067	1097	1060	1063	1064	1024	1014	1065	1062	1061	1022	1073	1077	1070	1037	1055	1066	1013	1048	1052	1034	1055	
1010	1003	1019	1066	1076	1003	1054	1075	1050	1026	1031	1046	1061	1091	1064	1000	1100	1033	1069	1070	1088	1082	1069	1024	1080	1000	1026	1098	1082	1073	1081	1013	1005	1002	1047	1071	1024	1017	1064	1059	
1009	1036	1008	1036	1076	1061	1046	1006	1085	1074	1008	1042	1047	1015	1039	1011	1054	1060	1032	1005	1096	1092	1099	1004	1006	1058	1018	1023	1035	1063	1027	1051	1063	1033	1076	1091	1040	1065	1037	1095	
1055	1011	1046	1049	1095	1043	1064	1030	1053	1017	1019	1002	1055	1082	1081	1040	1017	1063	1086	1095	1076	1091	1052	1024	1043	1094	1093	1041	1061	1079	1019	1026	1047	1012	1070	1077	1073	1047	1065	1070	
1045	1078	1075	1097	1023	1051	1091	1096	1095	1061	1008	1041	1094	1090	1067	1006	1046	1028	1000	1095	1008	1098	1087	1005	1069	1062	1013	1012	1030	1016	1046	1091	1043	1087	1030	1059	1036	1027	1007	1089	
1025	1095	1062	1085	1005	1095	1092	1077	1069	1014	1073	1011	1029	1053	1024	1015	1058	1011	1026	1066	1034	1020	1090	1058	1032	1053	1026	1051	1054	1072	1002	1032	1050	1004	1084	1056	1001	1005	1054	1019	
1058	1073	1027	1025	1037	1034	1004	1058	1011	1085	1093	1074	1065	1085	1024	1052	1041	1062	1069	1020	1090	1007	1056	1099	1058	1063	1047	1041	1015	1028	1012	1066	1056	1081	1090	1029	1002	1041	1079	1000	
1068	1074	1011	1077	1087	1080	1062	1038	1059	1024	1028	1037	1086	1012	1051	1066	1035	1060	1097	1099	1040	1064	1054	1068	1020	1091	1086	1084	1046	1090	1084	1057	1010	1011	1059	1044	1001	1080	1028	1073	
1057	1021	1059	1071	1019	1088	1019	1006	1067	1065	1071	1041	1070	1050	1072	1024	1051	1022	1017	1061	1028	1060	1042	1070	1078	1073	1030	1000	1056	1075	1037	1071	1069	1052	1097	1039	1075	1094	1032	1018	
1032	1090	1065	1048	1002	1080	1052	1029	1048	1035	1075	1051	1019	1063	1083	1034	1068	1053	1055	1072	1018	1042	1094	1078	1073	1041	1036	1024	1069	1026	1000	1011	1000	1045	1079	1061	1026	1049	1060	1051	
1078	1062	1058	1069	1019	1076	1013	1024	1051	1041	1034	1099	1014	1011	1063	1073	1093	1015	1068	1003	1073	1097	1097	1026	1039	1031	1029	1095	1064	1043	1088	1099	1044	1095	1069	1088	1006	1073	1019	1049	
1001	1035	1032	1069	1071	1085	1013	1070	1039	1074	1085	1043	1030	1083	1047	1037	1053	1072	1092	1065	1009	1048	1091	1045	1022	1066	1081	1066	1022	1020	1014	1060	1050	1021	1091	1081	1043	1021	1087	1051	
1038	1097	1079	1006	1026	1053	1082	1074	1047	1099	1000	1042	1013	1037	1014	1077	1046	1014	1076	1021	1021	1062	1081	1046	1008	1095	1015	1031	1090	1007	1041	1036	1058	1010	1050	1024	1100	1024	1084	1074	
1017	1073	1047	1078	1001	1088	1092	1066	1046	1013	1066	1045	1005	1006	1000	1044	1062	1073	1043	1066	1092	1092	1025	1079	1031	1093	1098	1048	1030	1029	1071	1061	1027	1056	1036	1027	1006	1068	1015	1070	
1006	1048	1045	1036	1063	1078	1001	1077	1057	1061	1023	1050	1062	1041	1088	1072	1013	1037	1031	1034	1067	1018	1067	1024	1083	1090	1072	1051	1027	1081	1018	1086	1057	1059	1021	1045	1046	1057	1033	1037	
1023	1034	1030	1074	1024	1021	1023	1074	1089	1015	1020	1071	1077	1033	1079	1016	1054	1021	1006	1100	1012	1095	1007	1061	1092	1066	1016	1039	1087	1092	1092	1002	1068	1007	1052	1044	1048	1077	1013	1043	
1083	1081	1040	1075	1021	1055	1029	1031	1008	1036	1045	1023	1096	1047	1053	1068	1040	1054	1050	1037	1070	1033	1037	1055	1026	1087	1100	1075	1028	1095	1008	1066	1004	1087	1085	1066	1029	1014	1092	1015	
1044	1036	1088	1060	1088	1014	1045	1060	1035	1050	1015	1001	1088	1002	1095	1037	1025	1015	1011	1061	1013	1099	1005	1059	1047	1019	1010	1005	1091	1022	1086	1075	1069	1033	1052	1040	1032	1014	1069	1031	
1045	1055	1047	1004	1017	1088	1020	1046	1028	1096	1068	1061	1046	1062	1097	1055	1047	1088	1013	1048	1050	1052	1002	1011	1058	1046	1042	1055	1071	1075	1009	1021	1027	1062	1044	1077	1016	1035	1004	1066	
1072	1038	1062	1056	1057	1025	1018	1078	1049	1044	1005	1092	1063	1045	1030	1084	1078	1082	1028	1092	1009	1075	1050	1052	1031	1069	1017	1075	1001	1039	1020	1098	1008	1090	1056	1047	1099	1094	1031	1058	
1058	1040	1053	1008	1095	1074	1003	1067	1062	1087	1099	1070	1069	1007	1092	1018	1091	1082	1029	1053	1009	1061	1036	1100	1071	1020	1064	1041	1033	1028	1039	1072	1026	1013	1083	1075	1043	1084	1089	1007	
1083	1086	1066	1015	1060	1064	1037	1074	1038	1040	1019	1057	1090	1042	1004	1098	1090	1057	1039	1094	1066	1038	1004	1056	1029	1003	1024	1007	1088	1032	1066	1005	1077	1019	1011	1001	1076	1090	1033	1003	
1073	1059	1097	1027	1062	1081	1091	1054	1050	1008	1066	1086	1026	1090	1006	1012	1047	1037	1011	1041	1028	1046	1035	1056	1005	1038	1010	1057	1019	1005	1000	1024	1016	1077	1073	1020	1049	1008	1100	1061	
1049	1037	1021	1053	1031	1072	1050	1057	1028	1005	1051	1043	1098	1031	1022	1025	1024	1096	1028	1071	1039	1065	1027	1037	1083	1005	1004	1005	1069	1059	1083	1012	1046	1089	1072	1045	1024	1067	1096	1084	
1031	1048	1025	1003	1009	1073	1090	1082	1023	1029	1009	1082	1030	1006	1027	1082	1082	1094	1047	1046	1008	1000	1009	1037	1057	1035	1040	1011	1041	1064	1043	1020	1081	1059	1027	1092	1067	1022	1062	1031	
1021	1044	1029	1012	1024	1050	1007	1032	1030	1023	1002	1094	1085	1096	1016	1018	1003	1079	1007	1046	1008	1041	1054	1087	1031	1033	1023	1024	1096	1072	1059	1069	1022	1082	1099	1093	1030	1080	1016	1069	
1094	1018	1021	1094	1087	1065	1092	1089	1004	1031	1024	1091	1068	1074	1042	1047	1051	1072	1089	1100	1003	1019	1023	1003	1084	1054	1043	1033	1038	1074	1065	1059	1042	1056	1074	1011	1078	1006	1030	1031	
1031	1052	1045	1099	1009	1060	1032	1070	1008	1090	1067	1080	1004	1081	1079	1036	1028	1006	1033	1054	1040	1027	1022	1072	1028	1018	1090	1064	1073	1009	1098	1049	1090	1040	1015	1031	1021	1010	1082	1045	
1011	1084	1071	1069	1028	1002	1081	1077	1099	1040	1046	1059	1009	1039	1023	1047	1024	1092	1082	1005	1077	1042	1094	1068	1017	1042	1048	1032	1051	1001	1043	1012	1093	1074	1037	1065	1034	1084	1002	1006	
1014	1026	1056	1094	1003	1046	1087	1086	1005	1057	1001	1088	1035	1055	1061	1048	1028	1078	1012	1047	1089	1075	1021	1071	1001	1094	1028	1063	1008	1025	1050	1089	1010	1049	1051	1001	1089	1038	1004	1072	
1058	1069	1069	1042	1041	1026	1029	1065	1040	1054	1015	1054	1087	1073	1038	1041	1045	1002	1014	1043	1067	1063	1037	1093	1045	1080	1046	1045	1020	1061	1076	1079	1010	1001	1020	1036	1089	1025	1057	1058	
1058	1000	1068	1029	1003	1062	1022	1081	1080	1006	1075	1084	1066	1063	1059	1052	1086	1038	1092	1063	1015	1033	1052	1004	1012	1066	1077	1040	1021	1085	1062	1014	1030	1085	1071	1037	1058	1019	1014	1001	
1068	1026	1014	1031	1064	1062	1068	1053	1068	1022	1070	1096	1077	1012	1058	1026	1042	1001	1011	1091	1085	1056	1004	1032	1067	1052	1020	1013	1032	1064	1086	1055	1001	1085	1055	1089	1021	1037	1036	1012	
1035	1028	1099	1048	1008	1055	1016	1085	1024	1081	1066	1012	1049	1002	1094	1073	1064	1081	1031	1068	1086	1071	1082	1084	1079	1075	1022	1000	1013	1088	1055	1024	1075	1092	1014	1084	1024	1006	1057	1023	
1080	1009	1056	1008	1062	1025	1046	1067	1016	1093	1080	1032	1058	1018	1042	1035	1055	1077	1066	1048	1018	1017	1029	1000	1006	1006	1032	1053	1005	1069	1094	1050	1024	1010	1085	1045	1080	1037	1001	1075	
1045	1047	1076	1076	1010	1011	1012	1047	1078	1082	1044	1014	1046	1057	1004	1097	1008	1017	1018	1027	1092	1022	1016	1099	1086	1073	1083	1004	1088	1087	1032	1028	1012	1057	1001	1004	1055	1023	1036	1024	
1058	1048	1077	1022	1022	1056	1083	1049	1019	1023	1039	1096	1010	1092	1058	1097	1074	1082	1040	1030	1067	1025	1026	1000	1078	1086	1060	1032	1029	1031	1096	1061	1034	1083	1057	1080	1066	1047	1080	1095	
1043	1033	1025	1036	1052	1005	1066	1082	1016	1046	1099	1069	1022	1051	1012	1025	1048	1070	1023	1067	1085	1009	1075	1080	1036	1030	1073	1093	1057	1080	1035	1093	1072	1083	1072	1083	1047	1065	1057	1088	
1035	1077	1088	1087	1087	1043	1089	1002	1068	1089	1012	1069	1059	1016	1037	1049	1036	1050	1012	1093	1043	1096	1026	1000	1040	1080	1063	1062	1048	1032	1072	1100	1014	1094	1074	1100	1081	1060	1082	1057	
1032	1054	1058	1014	1022	1001	1055	1029	1074	1034	1019	1059	1023	1037	1011	1026	1030	1050	1095	1065	1022	1066	1021	1098	1058	1050	1041	1050	1094	1099	1095	1022	1045	1056	1086	1019	1052	1052	1059	1048	
1099	1050	1065	1084	1004	1066	1064	1091	1043	1029	1085	1057	1043	1017	1086	1092	1034	1053	1056	1033	1046	1091	1042	1035	1003	1058	1014	1083	1071	1075	1064	1081	1048	1016	1095	1086	1013	1043	1044	1067	
1050	1099	1052	1015	1033	1094	1079	1044	1038	1001	1022	1038	1035	1046	1069	1098	1049	1011	1047	1028	1080	1062	1057	1094	1024	1052	1065	1077	1004	1096	1029	1070	1053	1000	1057	1007	1098	1024	1041	1091	
1012	1055	1002	1099	1010	1015	1003	1043	1017	1088	1041	1069	1033	1030	1025	1054	1088	1074	1063	1020	1088	1005	1043	1056	1016	1031	1026	1034	1010	1025	1050	1041	1016	1046	1018	1027	1018	1089	1047	1070	
1097	1035	1075	1037	1097	1064	1010	1038	1030	1076	1001	1012	1097	1048	1049	1029	1006	1040	1020	1045	1067	1098	1060	1087	1021	1068	1081	1030	1079	1052	1069	1016	1007	1014	1057	1035	1081	1005	1078	1074	
1025	1094	1031	1086	1068	1057	1001	1001	1079	1077	1018	1047	1078	1060	1005	1048	1056	1067	1044	1068	1006	1045	1016	1071	1023	1093	1063	1013	1069	1053	1061	1016	1061	1014	1008	1031	1060	1009	1003	1024	
1032	1051	1034	1025	1065	1016	1094	1095	1044	1073	1015	1033	1056	1040	1009	1048	1054	1018	1084	1044	1075	1099	1009	1053	1046	1034	1037	1048	1026	1098	1084	1004	1046	1097	1028	1090	1040	1055	1019	1078	
1088	1038	1055	1039	1076	1034	1064	1009	1100	1021	1006	1018	1031	1077	1067	1011	1098	1031	1097	1011	1016	1088	1012	1057	1048	1021	1012	1094	1077	1080	1012	1033	1083	1053	1070	1021	1064	1044	1000	1082	
1032	1022	1030	1076	1048	1025	1052	1032	1081	1090	1050	1097	1004	1006	1077	1046	1035	1026	1050	1090	1068	1016	1072	1026	1010	1061	1057	1056	1056	1062	1073	1082	1017	1075	1054	1084	1026	1040	1004	1007	
1084	1068	1006	1030	1009	1067	1052	1100	1065	1076	1085	1081	1074	1008	1068	1072	1022	1086	1049	1094	1051	1078	1052	1007	1096	1012	1000	1086	1048	1065	1100	1051	1077	1052	1021	1022	1048	1006	1035	1099	
1051	1005	1065	1007	1062	1091	1088	1095	1047	1100	1036	1068	1073	1090	1006	1072	1033	1094	1076	1002	1012	1024	1037	1070	1020	1054	1057	1026	1072	1049	1052	1091	1036	1084	1056	1013	1072	1016	1027	1066	
1014	1088	1093	1022	1061	1090	1025	1068	1075	1022	1065	1001	1031	1099	1049	1035	1011	1063	1088	1086	1074	1089	1078	1063	1047	1068	1026	1027	1091	1069	1089	1075	1032	1005	1016	1085	1006	1030	1035	1077	
1060	1031	1030	1083	1054	1042	1062	1083	1014	1004	1049	1006	1050	1094	1003	1083	1012	1025	1013	1064	1035	1059	1089	1050	1092	1085	1098	1017	1083	1071	1077	1003	1074	1007	1051	1098	1059	1071	1037	1016	
1002	1057	1045	1045	1024	1028	1017	1028	1029	1014	1066	1015	1006	1030	1046	1050	1050	1034	1010	1023	1046	1005	1098	1026	1098	1077	1055	1026	1009	1041	1036	1076	1079	1041	1063	1092	1094	1076	1034	1049	
1002	1055	1099	1048	1084	1058	1100	1092	1040	1037	1061	1057	1007	1063	1098	1010	1093	1073	1066	1011	1005	1045	1032	1005	1078	1032	1040	1072	1047	1059	1003	1093	1063	1029	1027	1100	1059	1095	1020	1098	
1069	1088	1025	1088	1071	1096	1006	1092	1048	1094	1011	1094	1007	1011	1037	1017	1073	1009	1014	1042	1062	1045	1064	1017	1085	1013	1040	1048	1041	1099	1017	1000	1028	1068	1081	1075	1037	1076	1003	1033	
1001	1071	1039	1096	1007	1051	1088	1061	1072	1038	1053	1031	1039	1074	1077	1078	1056	1067	1025	1040	1071	1047	1028	1042	1069	1042	1094	1061	1017	1040	1036	1017	1020	1098	1029	1006	1053	1006	1004	1054	
1084	1013	1034	1016	1060	1001	1006	1027	1047	1009	1002	1100	1002	1067	1014	1095	1058	1037	1057	1006	1009	1011	1089	1009	1015	1076	1054	1058	1086	1085	1016	1012	1073	1002	1006	1078	1072	1045	1090	1094	
1094	1043	1064	1058	1064	1081	1069	1073	1090	1083	1067	1038	1010	1072	1005	1053	1030	1044	1063	1092	1087	1025	1017	1086	1048	1053	1038	1051	1000	1097	1099	1008	1083	1015	1001	1033	1021	1038	1027	1035	
1083	1045	1072	1090	1065	1004	1073	1044	1052	1029	1080	1057	1046	1044	1028	1046	1006	1067	1002	1057	1052	1010	1008	1070	1024	1088	1039	1027	1014	1031	1067	1014	1038	1076	1062	1036	1084	1069	1084	1099	
1096	1085	1093	1097	1071	1024	1089	1094	1053	1007	1095	1034	1020	1065	1021	1096	1082	1063	1009	1008	1100	1093	1068	1003	1008	1029	1037	1065	1059	1026	1099	1069	1018	1073	1089	1064	1052	1079	1053	1009	
1100	1062	1080	1083	1033	1083	1024	1076	1055	1073	1078	1050	1001	1007	1057	1026	1026	1020	1071	1071	1091	1074	1021	1017	1076	1011	1060	1027	1033	1018	1055	1061	1039	1020	1076	1002	1090	1009	1012	1054	
1072	1026	1047	1006	1062	1018	1028	1083	1056	1055	1031	1057	1037	1039	1065	1037	1060	1066	1032	1042	1004	1005	1097	1084	1008	1063	1098	1085	1022	1010	1033	1065	1084	1052	1063	1063	1077	1004	1005	1093	
1058	1006	1091	1024	1077	1097	1009	1002	1091	1093	1049	1039	1071	1069	1090	1053	1019	1071	1006	1095	1050	1051	1007	1074	1067	1065	1076	1013	1021	1016	1077	1026	1085	1055	1093	1026	1000	1022	1008	1064	
1060	1041	1077	1085	1005	1078	1045	1002	1041	1077	1048	1008	1042	1039	1066	1041	1041	1040	1076	1037	1098	1056	1044	1033	1016	1078	1047	1065	1007	1042	1058	1037	1080	1001	1051	1055	1045	1072	1010	1055	
1063	1038	1069	1071	1008	1055	1032	1051	1088	1059	1006	1027	1073	1084	1010	1085	1002	1037	1075	1100	1033	1007	1049	1038	1001	1075	1097	1082	1079	1050	1003	1007	1031	1086	1088	1077	1024	1094	1051	1062	
1047	1069	1016	1062	1007	1096	1046	1017	1071	1015	1047	1071	1054	1002	1074	1080	1094	1033	1079	1014	1100	1061	1078	1098	1001	1092	1068	1046	1049	1071	1061	1029	1057	1030	1071	1098	1076	1031	1032	1058	
1006	1081	1019	1037	1083	1085	1094	1013	1057	1054	1095	1014	1057	1066	1057	1019	1006	1084	1096	1075	1091	1016	1092	1083	1063	1087	1092	1090	1062	1056	1039	1020	1042	1074	1015	1030	1008	1040	1054	1002	
1043	1088	1061	1075	1040	1048	1045	1085	1094	1004	1048	1058	1051	1047	1093	1065	1043	1068	1053	1045	1100	1094	1059	1073	1009	1019	1001	1017	1001	1027	1029	1034	1097	1065	1080	1030	1054	1067	1052	1007	
1020	1032	1030	1022	1051	1038	1018	1073	1068	1021	1015	1013	1087	1086	1035	1052	1066	1089	1061	1082	1053	1087	1012	1066	1043	1068	1001	1034	1069	1011	1044	1100	1048	1061	1045	1089	1054	1007	1091	1018	
1002	1064	1075	1015	1091	1055	1045	1015	1028	1061	1048	1050	1049	1044	1075	1048	1061	1043	1064	1088	1059	1071	1040	1014	1066	1086	1065	1083	1013	1030	1011	1054	1058	1071	1053	1061	1049	1027	1087	1069	
1004	1063	1071	1065	1087	1079	1061	1073	1007	1076	1055	1060	1079	1045	1024	1078	1039	1084	1091	1078	1085	1028	1047	1000	1072	1016	1006	1087	1059	1006	1040	1065	1032	1015	1030	1077	1080	1088	1094	1008	
1054	1046	1028	1017	1065	1095	1083	1036	1057	1095	1095	1083	1028	1094	1002	1092	1077	1016	1000	1078	1080	1020	1008	1082	1057	1051	1020	1042	1050	1012	1083	1021	1010	1069	1042	1057	1042	1069	1082	1007	
1045	1097	1074	1063	1041	1059	1067	1086	1063	1023	1043	1005	1039	1067	1065	1005	1077	1067	1042	1040	1065	1091	1031	1044	1030	1057	1075	1051	1017	1079	1007	1003	1096	1048	1025	1003	1010	1093	1051	1080	
1062	1026	1015	1016	1082	1062	1046	1020	1062	1033	1052	1070	1067	1087	1029	1048	1033	1100	1036	1076	1086	1065	1046	1010	1045	1066	1064	1044	1037	1013	1019	1071	1000	1032	1061	1043	1089	1050	1082	1007	
1071	1053	1030	1062	1057	1059	1002	1010	1041	1099	1030	1034	1086	1100	1094	1041	1064	1060	1025	1018	1041	1060	1059	1092	1060	1054	1007	1032	1004	1090	1011	1053	1052	1085	1005	1000	1018	1050	1080	1029	
1004	1019	1100	1006	1064	1031	1100	1090	1016	1009	1089	1036	1072	1082	1072	1002	1041	1015	1076	1050	1064	1064	1093	1028	1028	1082	1066	1097	1037	1086	1019	1069	1037	1059	1024	1030	1062	1074	1017	1001	
1048	1026	1070	1099	1035	1085	1000	1081	1019	1025	1059	1018	1005	1065	1006	1042	1041	1064	1073	1073	1001	1022	1087	1006	1003	1009	1047	1064	1045	1002	1080	1070	1005	1028	1010	1056	1090	1065	1088	1063	
1056	1039	1020	1058	1073	1071	1089	1074	1081	1034	1053	1029	1026	1035	1028	1060	1028	1026	1008	1056	1018	1055	1017	1073	1011	1033	1073	1037	1061	1029	1018	1071	1028	1054	1062	1025	1042	1002	1009	1076	
1098	1031	1053	1059	1052	1025	1086	1071	1046	1100	1007	1063	1010	1055	1008	1060	1008	1062	1055	1087	1095	1072	1047	1038	1030	1056	1047	1056	1065	1031	1065	1015	1048	1061	1016	1040	1009	1071	1085	1071	
1007	1023	1047	1037	1057	1054	1024	1060	1064	1060	1050	1071	1089	1072	1033	1052	1054	1008	1089	1075	1047	1001	1042	1035	1043	1056	1087	1011	1023	1056	1058	1041	1035	1008	1065	1094	1019	1045	1086	1068	
1000	1000	1062	1085	1100	1040	1094	1051	1071	1087	1028	1009	1035	1012	1057	1004	1003	1066	1064	1025	1010	1017	1077	1017	1026	1061	1090	1024	1085	1054	1009	1049	1025	1036	1029	1084	1031	1000	1064	1083	
1095	1015	1048	1032	1037	1099	1075	1056	1083	1018	1024	1089	1022	1097	1054	1027	1072	1021	1005	1045	1019	1033	1100	1056	1023	1028	1037	1060	1026	1077	1075	1090	1049	1098	1038	1080	1094	1054	1001	1067	
1062	1025	1087	1076	1017	1046	1081	1029	1031	1092	1079	1099	1005	1010	1029	1034	1074	1100	1071	1017	1007	1012	1050	1099	1078	1042	1034	1099	1006	1077	1052	1002	1016	1062	1051	1055	1005	1043	1010	1060	
1082	1009	1072	1023	1008	1097	1066	1070	1004	1054	1092	1063	1094	1035	1067	1088	1027	1004	1037	1033	1093	1091	1059	1040	1019	1051	1043	1077	1019	1018	1003	1018	1027	1046	1003	1071	1017	1084	1059	1097	
1095	1032	1024	1023	1063	1022	1052	1005	1082	1080	1072	1039	1019	1066	1001	1008	1050	1052	1067	1021	1034	1064	1089	1043	1046	1022	1066	1100	1012	1042	1095	1073	1026	1063	1098	1052	1013	1037	1033	1096	
1053	1060	1070	1008	1041	1066	1023	1051	1034	1026	1069	1045	1078	1052	1052	1012	1066	1004	1059	1073	1026	1030	1021	1053	1078	1037	1027	1018	1055	1006	1063	1067	1064	1048	1013	1055	1083	1041	1049	1013	
1030	1009	1097	1025	1017	1040	1039	1026	1079	1029	1017	1077	1042	1042	1042	1099	1061	1035	1021	1097	1056	1064	1034	1049	1098	1007	1036	1075	1049	1075	1025	1029	1080	1054	1016	1005	1076	1047	1060	1077	
1017	1077	1014	1002	1085	1075	1071	1084	1013	1092	1024	1029	1054	1070	1056	1082	1026	1024	1097	1030	1024	1075	1049	1015	1100	1082	1052	1098	1086	1048	1027	1007	1001	1091	1030	1018	1017	1020	1096	1099	
1023	1085	1093	1097	1059	1032	1002	1095	1039	1055	1035	1085	1028	1058	1064	1043	1040	1039	1081	1014	1013	1042	1076	1058	1013	1028	1026	1002	1058	1053	1036	1058	1047	1035	1036	1024	1012	1001	1046	1021	
1024	1033	1031	1087	1022	1077	1041	1050	1084	1099	1024	1081	1084	1079	1012	1060	1080	1053	1083	1001	1070	1040	1076	1008	1091	1090	1018	1095	1051	1033	1069	1068	1015	1079	1086	1044	1084	1030	1092	1093	
1050	1092	1088	1053	1002	1016	1075	1091	1042	1049	1020	1054	1046	1075	1021	1090	1053	1048	1067	1006	1084	1093	1054	1088	1021	1026	1037	1043	1056	1066	1066	1070	1031	1024	1068	1055	1092	1003	1025	1081	
1075	1064	1007	1028	1092	1043	1068	1016	1035	1081	1006	1020	1006	1026	1054	1071	1055	1049	1096	1055	1032	1091	1057	1028	1004	1056	1071	1096	1080	1032	1021	1065	1027	1053	1087	1002	1036	1007	1032	1072	
1071	1085	1096	1069	1071	1042	1050	1007	1078	1018	1081	1096	1055	1033	1043	1002	1013	1098	1004	1069	1072	1047	1092	1072	1000	1025	1085	1091	1049	1020	1080	1083	1062	1026	1026	1049	1052	1026	1044	1037	
1017	1009	1053	1100	1044	1065	1048	1030	1018	1032	1040	1062	1049	1022	1040	1043	1019	1000	1084	1006	1042	1028	1064	1082	1001	1032	1025	1003	1034	1059	1005	1001	1091	1053	1098	1085	1005	1057	1000	1011	
1085	1097	1023	1049	1039	1030	1001	1001	1053	1021	1071	1040	1050	1002	1020	1014	1064	1098	1017	1095	1070	1013	1098	1019	1037	1094	1051	1028	1009	1037	1013	1039	1080	1017	1046	1097	1017	1044	1025	1009	
1018	1048	1044	1077	1065	1092	1074	1001	1057	1068	1060	1099	1052	1082	1084	1027	1096	1094	1043	1064	1010	1048	1099	1041	1099	1035	1074	1016	1020	1066	1010	1003	1057	1049	1004	1030	1039	1041	1038	1042	
1035	1043	1067	1089	1060	1075	1043	1011	1017	1086	1001	1001	1067	1072	1023	1090	1067	1018	1065	1069	1081	1022	1059	1039	1080	1093	1066	1043	1088	1025	1086	1040	1074	1063	1006	1073	1048	1031	1039	1005	
1062	1063	1099	1086	1012	1089	1016	1093	1048	1073	1010	1074	1012	1083	1023	1057	1044	1009	1091	1004	1018	1020	1021	1079	1078	1068	1031	1055	1054	1061	1063	1082	1089	1051	1036	1090	1018	1065	1042	1023	
1083	1071	1007	1041	1080	1015	1008	1034	1061	1097	1034	1009	1025	1053	1048	1073	1012	1054	1033	1086	1069	1054	1097	1005	1073	1021	1079	1079	1008	1086	1023	1054	1002	1030	1004	1045	1024	1068	1022	1098	
1008	1012	1019	1024	1056	1022	1050	1043	1034	1091	1069	1069	1064	1042	1011	1080	1016	1018	1069	1100	1072	1044	1000	1069	1016	1000	1061	1050	1003	1012	1025	1041	1004	1017	1026	1035	1028	1039	1021	1039	