1000
10
1072	1070	1060	1042	1098	1052	1066	1016	1078	1062	
1051	1083	1038	1042	1029	1031	1083	1051	1096	1039	
1098	1098	1092	1002	1036	1049	1069	1028	1007	1054	
1090	1074	1058	1060	1056	1031	1029	1088	1024	1015	
1045	1010	1082	1082	1034	1049	1063	1075	1070	1040	
1011	1064	1075	1034	1092	1026	1076	1077	1086	1073	
1096	1032	1000	1046	1099	1001	1086	1084	1010	1079	
1086	1075	1051	1096	1081	1062	1068	1008	1089	1089	
1100	1047	1031	1040	1087	1036	1094	1001	1057	1066	
1083	1006	1091	1007	1028	1085	1056	1009	1070	1053	
1072	1053	1065	1036	1055	1045	1036	1083	1082	1086	
1051	1022	1089	1020	1039	1064	1017	1069	1055	1056	
1100	1067	1046	1095	1002	1047	1000	1018	1066	1093	
1097	1062	1043	1060	1046	1085	1093	1096	1069	1096	
1075	1066	1002	1090	1042	1074	1057	1085	1060	1084	
1044	1098	1070	1038	1073	1058	1093	1062	1044	1081	
1035	1043	1092	1026	1092	1042	1067	1015	1089	1056	
1020	1046	1031	1096	1001	1066	1066	1089	1076	1000	
1069	1003	1088	1057	1078	1082	1093	1029	1028	1098	
1052	1018	1020	1058	1076	1098	1089	1054	1033	1046	
1096	1036	1035	1057	1005	1028	1019	1089	1035	1003	
1000	1074	1079	1055	1025	1085	1099	1089	1030	1006	
1070	1039	1016	1059	1021	1053	1031	1097	1037	1012	
1000	1095	1028	1097	1008	1036	1097	1007	1051	1075	
1010	1028	1035	1056	1065	1011	1035	1096	1067	1024	
1005	1026	1018	1086	1027	1025	1081	1048	1060	1071	
1092	1059	1010	1020	1050	1063	1019	1061	1013	1082	
1039	1005	1013	1054	1040	1027	1087	1053	1026	1050	
1098	1074	1098	1006	1032	1079	1005	1067	1035	1049	
1011	1005	1001	1011	1066	1029	1019	1036	1005	1052	
1091	1083	1013	1053	1023	1077	1064	1017	1028	1036	
1081	1092	1049	1099	1051	1036	1011	1022	1012	1066	
1010	1097	1073	1092	1061	1077	1035	1066	1033	1055	
1084	1065	1040	1075	1055	1015	1023	1086	1085	1009	
1046	1006	1050	1010	1006	1088	1086	1039	1064	1029	
1078	1078	1094	1036	1027	1081	1067	1045	1042	1012	
1018	1030	1013	1034	1003	1074	1060	1100	1070	1005	
1085	1085	1009	1035	1041	1055	1013	1087	1066	1082	
1024	1031	1041	1098	1052	1040	1008	1067	1053	1070	
1039	1002	1093	1068	1075	1095	1057	1090	1057	1060	
1019	1092	1044	1021	1056	1090	1065	1098	1057	1086	
1056	1091	1089	1064	1056	1028	1068	1069	1027	1081	
1077	1013	1092	1014	1072	1016	1020	1003	1007	1048	
1051	1071	1068	1088	1060	1035	1062	1025	1022	1090	
1096	1053	1060	1081	1053	1006	1098	1055	1013	1057	
1051	1021	1035	1033	1036	1005	1013	1050	1011	1028	
1036	1002	1097	1045	1088	1038	1089	1075	1045	1015	
1000	1070	1013	1099	1016	1024	1080	1046	1032	1005	
1006	1072	1095	1024	1037	1035	1000	1093	1045	1004	
1089	1030	1087	1092	1025	1056	1039	1053	1082	1018	
1067	1039	1069	1088	1047	1038	1014	1067	1066	1097	
1097	1057	1084	1097	1038	1042	1046	1037	1084	1053	
1053	1008	1099	1069	1008	1014	1038	1073	1088	1005	
1039	1032	1002	1072	1018	1054	1036	1038	1088	1081	
1006	1093	1033	1033	1044	1017	1078	1022	1070	1063	
1001	1017	1059	1019	1092	1082	1096	1020	1049	1056	
1086	1005	1024	1032	1021	1022	1003	1042	1088	1045	
1041	1070	1022	1047	1009	1002	1009	1003	1069	1092	
1086	1084	1034	1034	1061	1000	1032	1018	1010	1059	
1002	1088	1062	1047	1038	1000	1056	1093	1053	1074	
1095	1001	1084	1038	1022	1068	1083	1012	1068	1094	
1016	1058	1059	1022	1057	1021	1029	1046	1051	1036	
1100	1066	1027	1008	1019	1097	1047	1006	1019	1073	
1093	1098	1028	1083	1026	1051	1021	1034	1091	1053	
1054	1032	1014	1098	1053	1066	1018	1081	1059	1084	
1021	1029	1031	1047	1009	1061	1061	1082	1097	1019	
1048	1086	1068	1076	1089	1020	1057	1088	1070	1092	
1085	1022	1017	1063	1062	1002	1062	1015	1068	1049	
1051	1051	1026	1093	1086	1100	1100	1083	1093	1064	
1096	1060	1088	1084	1005	1076	1002	1073	1007	1026	
1067	1086	1020	1019	1093	1053	1038	1046	1016	1009	
1018	1060	1015	1059	1054	1060	1078	1097	1000	1090	
1065	1070	1044	1039	1071	1013	1012	1034	1075	1052	
1070	1046	1047	1041	1065	1078	1098	1085	1050	1044	
1034	1043	1041	1058	1066	1081	1097	1031	1055	1008	
1065	1091	1079	1048	1060	1000	1079	1007	1056	1010	
1010	1039	1035	1026	1063	1074	1015	1060	1091	1047	
1034	1096	1076	1008	1056	1085	1040	1075	1099	1082	
1002	1056	1063	1088	1033	1049	1090	1059	1020	1040	
1030	1066	1037	1045	1051	1014	1029	1089	1011	1082	
1094	1053	1072	1054	1055	1086	1083	1014	1014	1032	
1040	1030	1082	1032	1034	1097	1046	1051	1020	1034	
1064	1044	1083	1092	1031	1031	1030	1001	1036	1048	
1022	1079	1078	1032	1055	1083	1011	1024	1025	1096	
1006	1082	1014	1047	1084	1019	1040	1040	1037	1098	
1099	1019	1085	1028	1062	1023	1034	1009	1015	1043	
1021	1082	1095	1062	1004	1006	1098	1033	1077	1046	
1049	1046	1100	1097	1097	1089	1087	1020	1001	1012	
1028	1070	1093	1009	1039	1053	1012	1045	1047	1000	
1064	1027	1078	1074	1041	1047	1078	1046	1000	1016	
1065	1034	1095	1087	1001	1086	1078	1047	1040	1034	
1068	1085	1096	1026	1060	1095	1081	1072	1073	1080	
1048	1039	1010	1008	1024	1059	1089	1010	1070	1013	
1060	1091	1060	1049	1084	1020	1051	1090	1094	1055	
1014	1056	1044	1090	1080	1034	1022	1085	1068	1030	
1079	1032	1050	1037	1065	1098	1011	1091	1073	1050	
1034	1079	1099	1041	1066	1085	1087	1032	1026	1091	
1006	1099	1026	1096	1039	1006	1087	1016	1049	1065	
1056	1073	1005	1084	1019	1062	1081	1086	1078	1056	
1015	1038	1024	1062	1000	1080	1075	1032	1024	1049	
1068	1001	1098	1029	1063	1065	1015	1098	1096	1098	
1010	1015	1072	1066	1046	1078	1035	1100	1054	1046	
1059	1028	1092	1019	1093	1077	1077	1041	1004	1050	
1068	1002	1032	1097	1001	1081	1095	1040	1021	1003	
1005	1063	1013	1025	1078	1094	1094	1091	1040	1043	
1032	1017	1006	1099	1011	1059	1007	1004	1067	1023	
1022	1061	1093	1079	1073	1017	1088	1049	1036	1083	
1092	1098	1017	1086	1064	1076	1087	1040	1040	1087	
1065	1062	1092	1089	1022	1048	1079	1037	1037	1064	
1029	1091	1038	1003	1076	1071	1005	1098	1018	1043	
1011	1028	1035	1035	1058	1068	1053	1012	1090	1083	
1060	1064	1046	1090	1082	1001	1009	1095	1086	1032	
1030	1020	1075	1099	1046	1004	1077	1017	1069	1018	
1055	1003	1023	1051	1049	1012	1000	1040	1000	1027	
1010	1030	1054	1085	1015	1033	1003	1024	1031	1013	
1071	1082	1090	1086	1030	1075	1007	1035	1095	1046	
1081	1026	1033	1058	1033	1047	1095	1071	1097	1026	
1087	1058	1076	1074	1079	1095	1022	1001	1067	1074	
1029	1074	1042	1029	1074	1017	1058	1083	1044	1065	
1007	1006	1044	1078	1096	1038	1075	1036	1062	1041	
1075	1083	1048	1093	1035	1020	1066	1058	1085	1088	
1076	1070	1010	1076	1013	1015	1033	1089	1022	1085	
1006	1026	1094	1098	1017	1003	1026	1041	1010	1044	
1031	1090	1042	1043	1051	1001	1070	1001	1029	1051	
1044	1060	1018	1048	1089	1000	1022	1092	1036	1012	
1044	1050	1060	1041	1061	1095	1075	1016	1063	1015	
1027	1073	1059	1080	1093	1007	1004	1072	1015	1065	
1025	1041	1090	1027	1062	1003	1007	1099	1033	1047	
1062	1045	1019	1029	1071	1094	1093	1000	1025	1065	
1029	1026	1073	1017	1052	1072	1088	1098	1083	1028	
1075	1078	1040	1014	1037	1062	1050	1048	1008	1029	
1034	1015	1015	1041	1054	1004	1045	1038	1045	1030	
1053	1087	1069	1075	1061	1068	1009	1060	1071	1097	
1049	1098	1013	1010	1024	1069	1093	1037	1033	1049	
1082	1061	1065	1068	1017	1081	1001	1076	1000	1010	
1013	1083	1022	1059	1063	1067	1053	1064	1048	1054	
1050	1012	1031	1060	1079	1061	1057	1046	1029	1056	
1011	1032	1029	1097	1086	1057	1007	1027	1099	1093	
1098	1078	1059	1050	1068	1005	1056	1039	1080	1026	
1061	1042	1060	1032	1054	1074	1023	1007	1061	1091	
1050	1027	1030	1009	1011	1093	1043	1035	1091	1052	
1072	1013	1100	1098	1064	1051	1049	1029	1032	1027	
1095	1016	1066	1041	1086	1069	1031	1084	1068	1049	
1072	1070	1066	1099	1000	1071	1044	1033	1002	1069	
1068	1047	1095	1050	1081	1000	1024	1057	1054	1018	
1091	1094	1048	1002	1076	1013	1099	1092	1013	1010	
1097	1020	1067	1032	1088	1037	1067	1062	1000	1034	
1084	1020	1008	1021	1068	1074	1048	1034	1001	1018	
1072	1057	1049	1001	1017	1082	1037	1003	1055	1021	
1093	1056	1020	1028	1008	1028	1077	1003	1097	1027	
1006	1001	1064	1093	1100	1074	1037	1002	1041	1052	
1098	1020	1085	1058	1041	1042	1090	1049	1085	1064	
1003	1007	1068	1081	1045	1053	1085	1089	1098	1097	
1027	1077	1071	1052	1085	1080	1083	1087	1038	1083	
1029	1062	1006	1056	1083	1063	1008	1017	1010	1023	
1098	1043	1028	1069	1092	1009	1069	1085	1065	1079	
1072	1011	1022	1083	1011	1024	1082	1039	1094	1095	
1041	1058	1005	1100	1051	1009	1007	1057	1089	1032	
1007	1013	1039	1059	1035	1051	1055	1001	1058	1077	
1045	1014	1097	1046	1060	1029	1013	1015	1064	1013	
1052	1072	1067	1096	1076	1045	1061	1092	1052	1097	
1061	1079	1086	1046	1065	1005	1096	1083	1080	1050	
1081	1042	1086	1063	1096	1064	1028	1030	1051	1008	
1017	1099	1100	1006	1060	1028	1029	1009	1065	1074	
1054	1047	1094	1069	1030	1036	1084	1039	1077	1041	
1016	1080	1084	1004	1097	1028	1075	1011	1053	1100	
1072	1063	1010	1027	1077	1042	1100	1029	1019	1060	
1033	1051	1077	1060	1076	1084	1047	1073	1079	1065	
1026	1026	1018	1041	1067	1083	1020	1060	1037	1017	
1035	1055	1050	1022	1039	1074	1055	1083	1041	1100	
1062	1012	1098	1096	1054	1099	1089	1014	1082	1068	
1024	1044	1080	1040	1093	1005	1029	1001	1027	1081	
1039	1046	1047	1005	1003	1059	1099	1037	1066	1005	
1088	1086	1058	1036	1050	1079	1054	1077	1094	1045	
1067	1070	1026	1056	1089	1004	1012	1085	1049	1069	
1077	1000	1002	1000	1074	1009	1002	1066	1029	1006	
1100	1088	1000	1042	1051	1090	1057	1052	1004	1000	
1025	1093	1053	1014	1019	1024	1027	1086	1088	1085	
1029	1046	1051	1017	1042	1019	1058	1016	1016	1049	
1027	1079	1021	1017	1064	1098	1010	1099	1087	1020	
1009	1064	1005	1100	1038	1075	1098	1030	1068	1029	
1058	1091	1083	1052	1100	1005	1041	1082	1007	1010	
1024	1071	1088	1057	1058	1054	1058	1096	1065	1098	
1087	1048	1056	1011	1087	1004	1079	1073	1027	1017	
1064	1033	1010	1013	1090	1054	1078	1093	1043	1007	
1009	1002	1016	1097	1087	1000	1012	1031	1098	1070	
1045	1024	1098	1061	1052	1090	1093	1074	1095	1074	
1030	1051	1065	1054	1089	1003	1043	1039	1037	1017	
1066	1037	1051	1064	1071	1018	1091	1052	1038	1084	
1096	1095	1070	1033	1092	1036	1074	1064	1017	1076	
1092	1057	1082	1009	1004	1068	1088	1092	1046	1092	
1078	1014	1054	1002	1072	1067	1052	1053	1008	1020	
1043	1014	1062	1042	1012	1032	1020	1061	1092	1058	
1019	1044	1017	1014	1011	1061	1062	1090	1014	1028	
1097	1089	1006	1084	1097	1076	1086	1077	1078	1086	
1006	1010	1093	1080	1007	1006	1071	1005	1073	1023	
1037	1094	1082	1029	1025	1054	1091	1029	1022	1073	
1027	1055	1089	1079	1007	1045	1048	1015	1041	1008	
1018	1049	1020	1002	1004	1023	1070	1009	1055	1094	
1053	1014	1040	1051	1090	1088	1007	1032	1044	1091	
1044	1052	1013	1036	1034	1028	1075	1013	1071	1053	
1055	1003	1057	1086	1078	1044	1073	1094	1012	1001	
1010	1092	1031	1082	1082	1063	1050	1047	1076	1096	
1029	1056	1032	1051	1040	1062	1000	1059	1057	1028	
1095	1073	1003	1076	1019	1045	1079	1098	1059	1066	
1086	1042	1029	1071	1081	1026	1011	1031	1024	1091	
1072	1008	1097	1049	1043	1000	1085	1039	1033	1027	
1072	1073	1095	1009	1064	1038	1092	1062	1017	1100	
1037	1100	1053	1014	1024	1054	1025	1005	1021	1006	
1070	1060	1093	1098	1087	1034	1034	1005	1094	1018	
1004	1015	1090	1005	1013	1099	1085	1006	1085	1039	
1035	1070	1046	1088	1085	1085	1027	1009	1032	1025	
1009	1063	1032	1014	1013	1086	1048	1079	1078	1065	
1029	1084	1069	1036	1095	1088	1004	1076	1061	1075	
1080	1010	1039	1004	1023	1004	1019	1028	1087	1010	
1023	1030	1002	1067	1003	1060	1025	1024	1078	1064	
1015	1056	1081	1076	1081	1087	1042	1092	1058	1099	
1075	1004	1084	1003	1094	1018	1013	1093	1013	1026	
1085	1029	1059	1057	1006	1070	1075	1055	1070	1074	
1096	1062	1048	1069	1087	1073	1058	1010	1031	1065	
1008	1055	1015	1055	1077	1023	1006	1000	1069	1036	
1005	1048	1020	1006	1009	1046	1078	1098	1049	1071	
1024	1066	1071	1062	1035	1033	1025	1040	1000	1008	
1077	1046	1058	1057	1092	1060	1060	1070	1022	1056	
1076	1080	1064	1085	1016	1029	1037	1048	1053	1003	
1016	1031	1013	1083	1045	1028	1022	1003	1091	1042	
1060	1029	1051	1071	1022	1080	1021	1042	1096	1032	
1009	1066	1075	1097	1080	1009	1057	1002	1088	1034	
1075	1012	1092	1013	1075	1090	1082	1008	1049	1034	
1029	1055	1091	1006	1003	1062	1016	1035	1086	1008	
1091	1090	1059	1084	1056	1072	1015	1058	1044	1034	
1002	1052	1037	1019	1007	1020	1048	1044	1003	1009	
1053	1073	1028	1000	1065	1039	1079	1038	1000	1079	
1023	1086	1062	1031	1068	1002	1036	1037	1091	1031	
1095	1022	1071	1096	1057	1000	1080	1022	1086	1071	
1024	1019	1082	1081	1000	1090	1086	1022	1047	1018	
1069	1056	1024	1003	1011	1000	1078	1015	1070	1076	
1099	1058	1047	1080	1067	1087	1075	1061	1053	1030	
1022	1095	1015	1064	1044	1014	1018	1087	1079	1054	
1065	1030	1023	1013	1033	1079	1028	1002	1057	1077	
1090	1029	1022	1004	1047	1063	1099	1035	1073	1033	
1091	1067	1064	1091	1048	1046	1060	1053	1016	1045	
1007	1093	1048	1024	1065	1050	1044	1055	1088	1031	
1008	1067	1045	1094	1014	1049	1006	1073	1068	1074	
1093	1016	1008	1054	1039	1015	1045	1083	1017	1026	
1007	1064	1098	1051	1046	1025	1036	1033	1012	1038	
1051	1061	1057	1084	1065	1058	1047	1003	1046	1026	
1082	1010	1035	1092	1088	1048	1027	1088	1042	1028	
1037	1059	1062	1088	1034	1018	1020	1018	1008	1090	
1021	1091	1023	1059	1087	1037	1053	1030	1018	1032	
1040	1067	1038	1090	1062	1057	1067	1093	1060	1060	
1026	1060	1064	1076	1039	1092	1010	1049	1065	1004	
1059	1093	1034	1049	1087	1093	1067	1040	1044	1039	
1036	1084	1077	1044	1066	1065	1016	1091	1073	1032	
1027	1099	1087	1081	1011	1026	1051	1040	1066	1002	
1065	1029	1093	1019	1069	1007	1085	1027	1091	1075	
1021	1057	1089	1024	1028	1000	1069	1051	1001	1008	
1005	1061	1092	1019	1095	1088	1092	1038	1003	1033	
1049	1061	1017	1049	1014	1054	1084	1024	1083	1084	
1070	1072	1034	1064	1091	1045	1097	1060	1059	1056	
1085	1089	1059	1073	1075	1000	1044	1061	1033	1019	
1078	1062	1078	1065	1076	1026	1020	1075	1029	1018	
1088	1020	1005	1014	1039	1069	1023	1002	1034	1025	
1064	1089	1095	1009	1093	1053	1010	1027	1054	1041	
1095	1093	1050	1083	1012	1087	1081	1009	1041	1061	
1072	1032	1061	1008	1025	1050	1039	1068	1005	1080	
1050	1038	1049	1079	1010	1065	1006	1089	1051	1099	
1025	1003	1043	1045	1054	1097	1027	1060	1007	1030	
1059	1091	1085	1083	1042	1032	1014	1022	1089	1099	
1100	1031	1013	1023	1054	1080	1038	1025	1077	1003	
1065	1006	1057	1086	1085	1009	1087	1088	1074	1078	
1082	1092	1049	1019	1047	1077	1020	1077	1091	1024	
1085	1024	1083	1055	1078	1025	1044	1074	1017	1009	
1078	1037	1049	1014	1094	1076	1089	1090	1011	1098	
1030	1015	1099	1044	1005	1044	1036	1043	1055	1087	
1043	1084	1069	1054	1082	1085	1046	1058	1069	1036	
1083	1063	1045	1041	1046	1032	1061	1019	1080	1060	
1048	1092	1006	1087	1047	1038	1080	1021	1032	1038	
1042	1002	1031	1020	1006	1093	1043	1074	1043	1083	
1076	1064	1050	1052	1089	1040	1067	1065	1091	1059	
1015	1072	1023	1059	1056	1095	1015	1049	1065	1075	
1092	1001	1094	1029	1067	1034	1045	1087	1063	1030	
1036	1071	1064	1026	1028	1000	1072	1091	1082	1088	
1083	1025	1081	1025	1043	1041	1087	1078	1081	1033	
1075	1013	1017	1073	1041	1067	1015	1020	1023	1036	
1059	1043	1060	1027	1022	1052	1059	1002	1052	1045	
1029	1097	1013	1089	1073	1029	1088	1060	1079	1054	
1030	1024	1028	1010	1068	1037	1068	1028	1042	1093	
1018	1077	1028	1066	1091	1017	1010	1007	1011	1082	
1016	1046	1050	1014	1079	1065	1043	1020	1067	1043	
1066	1062	1098	1000	1092	1097	1009	1065	1083	1011	
1015	1000	1011	1084	1083	1018	1032	1077	1058	1071	
1098	1093	1042	1098	1071	1011	1094	1085	1048	1096	
1066	1043	1091	1091	1053	1085	1097	1008	1027	1006	
1044	1012	1026	1081	1096	1084	1076	1083	1068	1047	
1040	1033	1023	1000	1089	1061	1023	1048	1083	1083	
1006	1052	1041	1058	1019	1053	1089	1055	1018	1052	
1081	1084	1026	1077	1023	1039	1030	1025	1098	1050	
1071	1085	1100	1031	1087	1072	1086	1020	1037	1091	
1097	1077	1023	1062	1085	1046	1039	1009	1018	1051	
1055	1093	1057	1072	1079	1063	1063	1036	1075	1018	
1031	1059	1009	1085	1053	1004	1010	1044	1005	1029	
1071	1090	1096	1077	1051	1095	1003	1039	1041	1060	
1038	1090	1008	1089	1033	1047	1085	1045	1022	1035	
1037	1100	1088	1053	1047	1026	1037	1054	1091	1098	
1014	1070	1018	1032	1077	1047	1027	1071	1027	1090	
1056	1096	1036	1079	1066	1050	1067	1053	1084	1028	
1015	1084	1061	1073	1053	1034	1067	1035	1009	1021	
1076	1056	1032	1035	1084	1055	1079	1095	1040	1030	
1034	1041	1040	1021	1099	1074	1076	1048	1096	1030	
1088	1002	1066	1095	1069	1001	1084	1030	1090	1015	
1058	1071	1038	1043	1005	1027	1034	1061	1096	1045	
1010	1033	1010	1035	1013	1062	1030	1035	1099	1045	
1040	1073	1007	1069	1000	1095	1041	1012	1026	1056	
1090	1078	1022	1091	1065	1035	1089	1078	1089	1098	
1097	1084	1061	1076	1057	1046	1086	1011	1032	1055	
1083	1041	1006	1047	1093	1023	1092	1004	1079	1052	
1043	1027	1030	1015	1035	1071	1011	1044	1012	1013	
1081	1082	1096	1010	1011	1037	1096	1016	1064	1068	
1072	1018	1011	1039	1023	1027	1051	1090	1079	1048	
1013	1054	1023	1037	1067	1083	1034	1024	1080	1085	
1013	1073	1096	1007	1087	1066	1053	1005	1089	1085	
1083	1001	1034	1045	1050	1034	1024	1037	1092	1089	
1083	1068	1093	1059	1010	1008	1073	1071	1065	1087	
1019	1054	1061	1088	1039	1004	1033	1000	1050	1043	
1090	1081	1015	1023	1068	1052	1091	1052	1023	1042	
1001	1097	1030	1002	1045	1075	1079	1083	1094	1030	
1021	1098	1053	1050	1015	1095	1095	1014	1022	1013	
1027	1059	1055	1015	1042	1007	1052	1069	1063	1035	
1066	1037	1014	1089	1072	1094	1064	1099	1055	1088	
1095	1094	1071	1090	1032	1037	1099	1086	1068	1085	
1002	1038	1008	1016	1065	1007	1061	1052	1079	1079	
1083	1094	1046	1030	1058	1018	1035	1071	1021	1040	
1030	1035	1069	1074	1026	1028	1077	1025	1086	1024	
1018	1044	1030	1000	1015	1086	1018	1028	1100	1100	
1033	1001	1096	1097	1064	1015	1047	1015	1080	1049	
1050	1066	1041	1097	1036	1088	1027	1090	1044	1049	
1097	1067	1092	1027	1019	1084	1044	1003	1076	1094	
1028	1015	1020	1013	1021	1053	1047	1070	1090	1044	
1026	1083	1081	1095	1016	1048	1077	1038	1008	1023	
1057	1077	1039	1081	1056	1062	1074	1099	1072	1000	
1088	1071	1038	1040	1023	1067	1034	1017	1052	1023	
1083	1055	1040	1064	1048	1003	1087	1061	1047	1014	
1009	1055	1019	1005	1058	1067	1017	1083	1028	1068	
1015	1042	1100	1096	1062	1059	1036	1085	1040	1038	
1085	1069	1008	1093	1092	1072	1087	1012	1096	1085	
1100	1008	1029	1005	1097	1061	1072	1049	1099	1087	
1089	1010	1039	1006	1052	1007	1089	1077	1031	1022	
1088	1065	1045	1051	1063	1065	1083	1036	1093	1031	
1079	1050	1057	1099	1037	1019	1009	1014	1040	1098	
1037	1059	1000	1077	1085	1066	1002	1061	1025	1083	
1044	1069	1048	1079	1055	1030	1010	1070	1008	1088	
1046	1066	1030	1001	1017	1004	1085	1040	1032	1033	
1087	1025	1038	1018	1040	1012	1097	1012	1011	1093	
1073	1088	1079	1046	1024	1059	1071	1027	1041	1013	
1081	1053	1100	1099	1087	1008	1012	1082	1042	1092	
1077	1028	1032	1012	1057	1077	1028	1041	1091	1089	
1067	1088	1098	1009	1030	1018	1063	1093	1091	1038	
1062	1021	1059	1034	1023	1058	1089	1072	1069	1087	
1037	1051	1032	1084	1069	1001	1094	1093	1049	1012	
1015	1026	1095	1010	1084	1068	1044	1069	1033	1011	
1067	1092	1075	1041	1048	1042	1051	1027	1061	1017	
1023	1007	1023	1047	1000	1028	1008	1028	1053	1061	
1041	1002	1099	1023	1098	1002	1029	1069	1011	1044	
1035	1002	1088	1097	1064	1038	1092	1100	1085	1013	
1041	1049	1069	1082	1038	1060	1019	1093	1023	1056	
1061	1033	1035	1071	1087	1060	1006	1037	1009	1088	
1069	1074	1045	1055	1097	1078	1039	1015	1036	1080	
1096	1047	1058	1081	1021	1096	1002	1046	1050	1028	
1049	1004	1089	1008	1074	1046	1062	1093	1004	1044	
1082	1047	1007	1023	1027	1077	1013	1008	1086	1094	
1038	1075	1093	1090	1053	1070	1056	1008	1039	1054	
1048	1054	1041	1088	1023	1055	1088	1072	1024	1047	
1095	1027	1074	1025	1013	1086	1042	1041	1061	1000	
1034	1079	1084	1093	1041	1023	1094	1030	1059	1071	
1029	1082	1000	1034	1040	1047	1010	1038	1007	1095	
1085	1028	1100	1053	1003	1026	1093	1040	1094	1075	
1054	1026	1074	1064	1001	1033	1029	1021	1095	1041	
1088	1085	1097	1076	1048	1011	1049	1027	1055	1001	
1025	1068	1018	1089	1014	1093	1067	1015	1049	1051	
1032	1048	1000	1026	1052	1083	1024	1047	1040	1038	
1020	1035	1042	1028	1017	1048	1035	1004	1087	1007	
1018	1001	1055	1018	1069	1091	1086	1038	1092	1047	
1084	1037	1075	1065	1002	1081	1047	1086	1026	1074	
1012	1078	1079	1055	1040	1099	1070	1035	1085	1030	
1024	1049	1004	1025	1051	1031	1010	1055	1012	1007	
1037	1060	1060	1042	1072	1092	1023	1041	1099	1087	
1026	1002	1070	1008	1021	1087	1085	1041	1035	1036	
1098	1093	1023	1067	1055	1019	1014	1040	1057	1027	
1073	1019	1077	1065	1074	1041	1024	1051	1093	1085	
1043	1091	1060	1075	1071	1095	1062	1060	1022	1070	
1007	1059	1047	1022	1032	1072	1055	1045	1032	1048	
1001	1050	1004	1099	1041	1031	1091	1056	1089	1091	
1087	1036	1008	1048	1083	1013	1065	1080	1079	1024	
1094	1073	1089	1019	1020	1089	1045	1052	1078	1076	
1073	1006	1067	1074	1084	1040	1035	1031	1067	1032	
1024	1014	1003	1073	1005	1077	1011	1088	1069	1012	
1062	1062	1020	1038	1094	1013	1100	1096	1020	1084	
1096	1083	1038	1088	1049	1001	1048	1075	1020	1025	
1029	1032	1062	1090	1046	1097	1055	1029	1028	1005	
1045	1092	1017	1040	1037	1009	1000	1100	1057	1081	
1100	1041	1040	1001	1009	1006	1015	1090	1091	1065	
1098	1029	1002	1083	1091	1084	1005	1028	1010	1100	
1096	1082	1036	1022	1075	1006	1034	1044	1054	1035	
1082	1032	1076	1023	1023	1057	1096	1009	1019	1000	
1034	1063	1097	1022	1000	1040	1056	1008	1053	1067	
1078	1074	1054	1093	1003	1094	1087	1049	1045	1083	
1074	1043	1059	1010	1005	1091	1013	1057	1018	1084	
1071	1017	1003	1036	1001	1009	1034	1015	1043	1064	
1058	1069	1069	1022	1076	1079	1049	1028	1075	1035	
1005	1090	1084	1043	1077	1020	1067	1096	1100	1016	
1050	1056	1065	1044	1077	1018	1069	1089	1008	1044	
1082	1050	1085	1058	1045	1001	1003	1064	1014	1024	
1056	1050	1030	1020	1085	1074	1062	1021	1092	1058	
1047	1027	1022	1050	1092	1064	1014	1028	1025	1041	
1006	1053	1059	1053	1026	1060	1040	1059	1095	1088	
1096	1036	1019	1017	1097	1078	1071	1082	1031	1050	
1050	1065	1073	1044	1076	1072	1068	1026	1021	1050	
1025	1084	1036	1037	1020	1096	1096	1030	1098	1059	
1069	1025	1035	1011	1080	1077	1002	1021	1001	1031	
1076	1092	1033	1082	1045	1022	1053	1010	1028	1078	
1015	1082	1053	1060	1084	1099	1056	1058	1036	1011	
1049	1037	1023	1019	1087	1003	1029	1084	1074	1028	
1075	1018	1034	1059	1099	1020	1046	1038	1007	1044	
1064	1030	1048	1042	1018	1083	1042	1097	1065	1034	
1058	1045	1057	1039	1008	1032	1004	1000	1044	1072	
1043	1084	1092	1076	1023	1040	1074	1054	1041	1027	
1011	1021	1050	1078	1052	1011	1057	1079	1075	1064	
1037	1060	1079	1047	1084	1098	1084	1039	1067	1007	
1073	1052	1007	1018	1062	1001	1026	1045	1022	1088	
1088	1073	1011	1045	1032	1072	1070	1067	1068	1096	
1015	1096	1091	1073	1070	1074	1060	1049	1059	1016	
1089	1003	1044	1061	1034	1003	1090	1097	1077	1039	
1076	1079	1092	1045	1028	1073	1093	1085	1056	1090	
1051	1075	1082	1002	1017	1010	1038	1016	1091	1069	
1084	1065	1071	1084	1040	1002	1064	1029	1041	1044	
1095	1070	1050	1075	1017	1057	1097	1051	1076	1034	
1049	1021	1014	1079	1015	1011	1018	1013	1077	1090	
1080	1004	1031	1099	1099	1014	1051	1040	1080	1082	
1090	1072	1017	1066	1032	1001	1099	1069	1047	1028	
1034	1029	1056	1034	1016	1089	1006	1089	1019	1020	
1051	1042	1098	1086	1014	1100	1024	1041	1001	1051	
1092	1031	1045	1094	1093	1012	1060	1072	1024	1048	
1033	1036	1092	1002	1008	1019	1040	1066	1076	1017	
1069	1084	1026	1100	1040	1087	1008	1036	1087	1005	
1006	1063	1057	1075	1094	1088	1053	1040	1028	1014	
1058	1073	1098	1055	1097	1070	1055	1014	1078	1100	
1013	1062	1054	1000	1088	1093	1089	1081	1038	1052	
1081	1047	1066	1085	1097	1044	1049	1068	1094	1022	
1052	1043	1076	1094	1018	1008	1031	1080	1071	1018	
1040	1032	1001	1046	1035	1062	1011	1089	1061	1021	
1065	1084	1076	1091	1074	1020	1022	1052	1057	1052	
1029	1053	1002	1098	1027	1034	1028	1012	1069	1017	
1027	1084	1009	1066	1092	1096	1059	1031	1090	1038	
1006	1014	1040	1015	1074	1001	1092	1014	1014	1045	
1072	1082	1089	1065	1059	1079	1055	1026	1076	1017	
1094	1034	1085	1026	1090	1010	1048	1060	1059	1024	
1005	1025	1016	1016	1002	1058	1048	1078	1078	1005	
1003	1093	1020	1060	1059	1024	1030	1052	1095	1007	
1033	1038	1027	1098	1007	1040	1029	1020	1097	1090	
1036	1028	1069	1036	1015	1058	1029	1006	1066	1032	
1062	1052	1032	1042	1005	1022	1090	1049	1065	1066	
1082	1022	1005	1012	1065	1070	1009	1040	1071	1032	
1075	1100	1091	1088	1024	1027	1100	1025	1096	1082	
1017	1010	1008	1071	1095	1063	1067	1096	1023	1048	
1064	1050	1095	1095	1064	1014	1006	1035	1010	1071	
1085	1094	1063	1055	1072	1059	1031	1014	1022	1036	
1003	1057	1058	1014	1014	1059	1079	1100	1073	1063	
1015	1095	1077	1098	1001	1020	1033	1095	1096	1057	
1064	1076	1053	1065	1075	1006	1008	1071	1076	1024	
1098	1035	1075	1063	1034	1039	1011	1054	1067	1063	
1044	1044	1015	1027	1035	1013	1023	1043	1042	1006	
1068	1023	1034	1033	1002	1031	1066	1087	1055	1085	
1023	1072	1082	1024	1076	1076	1049	1094	1025	1000	
1063	1027	1004	1023	1003	1042	1013	1057	1057	1087	
1073	1030	1026	1015	1028	1054	1034	1038	1002	1049	
1029	1091	1037	1064	1002	1043	1085	1093	1013	1043	
1075	1016	1079	1091	1067	1010	1054	1046	1077	1025	
1080	1059	1056	1080	1061	1030	1061	1081	1089	1060	
1044	1004	1050	1071	1038	1067	1004	1012	1016	1053	
1065	1052	1095	1007	1048	1055	1010	1032	1088	1036	
1033	1005	1057	1020	1000	1080	1007	1100	1068	1012	
1010	1027	1061	1035	1013	1073	1026	1026	1043	1100	
1023	1073	1085	1056	1002	1044	1034	1062	1023	1017	
1086	1082	1008	1021	1058	1089	1084	1017	1036	1088	
1048	1028	1024	1023	1019	1040	1029	1074	1014	1014	
1053	1049	1094	1002	1036	1039	1016	1021	1003	1043	
1078	1041	1091	1019	1011	1024	1071	1039	1063	1000	
1084	1096	1059	1044	1065	1031	1014	1085	1094	1027	
1026	1049	1007	1032	1081	1028	1005	1036	1086	1011	
1045	1000	1030	1002	1038	1024	1043	1010	1070	1017	
1013	1027	1055	1005	1076	1062	1022	1066	1031	1022	
1064	1099	1027	1053	1019	1024	1074	1058	1037	1034	
1075	1036	1034	1003	1058	1029	1012	1062	1076	1014	
1042	1031	1097	1024	1026	1091	1099	1056	1015	1072	
1087	1057	1026	1048	1037	1024	1024	1073	1062	1055	
1028	1007	1092	1029	1007	1006	1084	1039	1049	1012	
1055	1093	1095	1034	1013	1002	1092	1015	1056	1084	
1002	1052	1071	1093	1040	1041	1065	1054	1079	1063	
1005	1024	1088	1086	1067	1091	1013	1091	1011	1004	
1048	1012	1071	1090	1033	1057	1062	1073	1034	1088	
1069	1062	1028	1091	1094	1045	1005	1069	1090	1044	
1006	1031	1073	1047	1027	1048	1082	1023	1042	1024	
1037	1044	1063	1099	1073	1093	1012	1084	1002	1085	
1089	1038	1063	1044	1067	1003	1006	1031	1070	1027	
1072	1047	1089	1053	1073	1093	1041	1090	1081	1098	
1059	1046	1048	1031	1090	1073	1077	1062	1027	1087	
1040	1024	1051	1054	1008	1055	1012	1027	1025	1016	
1099	1012	1042	1005	1045	1003	1099	1025	1020	1079	
1024	1001	1093	1001	1099	1052	1043	1069	1093	1092	
1006	1005	1004	1037	1078	1073	1090	1098	1023	1060	
1029	1053	1049	1005	1082	1040	1016	1064	1062	1079	
1097	1053	1004	1051	1088	1001	1092	1072	1025	1000	
1024	1078	1084	1051	1051	1041	1012	1059	1022	1082	
1081	1003	1024	1091	1005	1066	1047	1045	1038	1068	
1069	1056	1077	1039	1058	1083	1014	1002	1024	1043	
1091	1089	1056	1048	1043	1044	1099	1060	1051	1048	
1034	1057	1042	1037	1093	1095	1088	1030	1000	1062	
1058	1054	1095	1047	1010	1048	1052	1073	1006	1074	
1028	1033	1094	1031	1100	1028	1094	1060	1070	1056	
1050	1002	1000	1037	1066	1018	1091	1031	1051	1008	
1098	1028	1069	1069	1088	1020	1020	1057	1022	1079	
1057	1053	1037	1025	1034	1013	1046	1011	1029	1036	
1026	1047	1063	1030	1070	1029	1069	1043	1080	1089	
1026	1082	1060	1068	1052	1035	1085	1039	1058	1097	
1056	1003	1050	1053	1024	1064	1029	1001	1100	1099	
1051	1077	1022	1049	1090	1066	1015	1051	1059	1045	
1039	1004	1024	1041	1073	1031	1012	1003	1015	1087	
1091	1037	1001	1008	1001	1100	1066	1050	1070	1010	
1084	1062	1074	1000	1093	1046	1023	1024	1078	1087	
1094	1012	1028	1029	1073	1092	1057	1100	1047	1037	
1051	1079	1055	1037	1010	1061	1052	1078	1033	1077	
1006	1053	1031	1092	1056	1045	1024	1014	1037	1030	
1090	1067	1081	1047	1020	1025	1086	1030	1043	1014	
1005	1085	1079	1097	1028	1022	1078	1093	1025	1009	
1049	1047	1096	1089	1011	1000	1056	1081	1093	1040	
1046	1094	1073	1088	1046	1074	1073	1036	1070	1081	
1015	1036	1028	1017	1021	1051	1043	1031	1047	1089	
1073	1077	1050	1069	1031	1002	1012	1001	1007	1084	
1058	1092	1059	1077	1009	1047	1001	1055	1033	1063	
1060	1018	1093	1088	1032	1046	1008	1021	1019	1027	
1054	1056	1091	1079	1092	1090	1006	1005	1094	1013	
1015	1082	1052	1019	1023	1051	1017	1061	1018	1001	
1023	1069	1021	1038	1009	1040	1007	1011	1034	1056	
1097	1077	1025	1060	1082	1026	1041	1056	1099	1001	
1017	1080	1019	1030	1025	1047	1017	1082	1073	1030	
1028	1070	1057	1035	1090	1020	1006	1035	1006	1089	
1097	1034	1097	1048	1021	1038	1062	1010	1081	1006	
1043	1009	1059	1076	1094	1061	1081	1013	1097	1027	
1097	1014	1074	1034	1097	1003	1072	1002	1013	1027	
1065	1092	1056	1071	1014	1096	1098	1044	1004	1073	
1020	1079	1074	1086	1000	1097	1096	1019	1080	1053	
1035	1072	1060	1093	1077	1051	1084	1036	1015	1083	
1015	1093	1016	1064	1081	1008	1000	1051	1043	1041	
1074	1081	1032	1000	1072	1002	1090	1031	1076	1053	
1061	1081	1043	1073	1050	1033	1089	1046	1004	1035	
1048	1032	1040	1059	1084	1031	1067	1089	1082	1004	
1045	1092	1054	1077	1088	1088	1097	1052	1089	1091	
1067	1045	1059	1057	1051	1037	1024	1019	1071	1008	
1100	1043	1010	1098	1063	1062	1017	1045	1091	1044	
1033	1026	1091	1096	1067	1095	1054	1018	1015	1058	
1065	1082	1085	1074	1046	1056	1031	1017	1027	1040	
1010	1039	1003	1002	1094	1029	1004	1030	1050	1019	
1029	1063	1020	1011	1058	1088	1026	1017	1023	1061	
1080	1026	1023	1075	1016	1083	1035	1007	1029	1000	
1085	1080	1070	1072	1098	1028	1076	1045	1001	1068	
1061	1057	1013	1053	1067	1065	1085	1022	1074	1037	
1005	1005	1013	1075	1048	1012	1073	1064	1072	1089	
1025	1085	1074	1006	1079	1073	1099	1042	1091	1066	
1082	1082	1066	1005	1018	1067	1054	1041	1027	1086	
1019	1055	1080	1046	1063	1052	1032	1010	1025	1039	
1027	1075	1035	1081	1031	1020	1016	1062	1082	1017	
1062	1054	1007	1021	1006	1030	1087	1099	1079	1028	
1020	1051	1067	1081	1084	1001	1075	1044	1041	1073	
1065	1041	1001	1080	1087	1002	1069	1068	1040	1005	
1048	1024	1076	1054	1021	1097	1100	1026	1049	1078	
1046	1013	1037	1040	1075	1080	1092	1092	1093	1049	
1060	1093	1022	1060	1007	1026	1060	1080	1065	1019	
1043	1020	1058	1080	1011	1100	1061	1065	1062	1077	
1052	1063	1049	1004	1048	1025	1033	1048	1062	1045	
1053	1045	1017	1075	1067	1093	1090	1065	1068	1065	
1024	1082	1050	1002	1046	1030	1050	1024	1017	1070	
1051	1008	1085	1098	1056	1052	1076	1031	1081	1031	
1013	1035	1031	1048	1054	1071	1045	1059	1093	1028	
1077	1026	1090	1033	1043	1088	1091	1044	1066	1012	
1014	1081	1051	1036	1032	1005	1011	1067	1085	1013	
1036	1076	1027	1012	1050	1069	1068	1032	1057	1083	
1004	1099	1060	1098	1010	1095	1034	1033	1010	1071	
1008	1011	1043	1053	1047	1041	1011	1015	1084	1011	
1073	1008	1066	1061	1053	1092	1050	1062	1009	1024	
1072	1009	1069	1009	1022	1085	1002	1099	1024	1015	
1010	1035	1091	1089	1052	1021	1070	1097	1027	1048	
1026	1043	1017	1058	1039	1091	1003	1014	1005	1067	
1045	1076	1082	1022	1050	1029	1068	1066	1036	1016	
1045	1061	1086	1074	1067	1047	1042	1074	1030	1061	
1004	1042	1079	1037	1068	1033	1015	1000	1089	1056	
1052	1080	1010	1063	1032	1093	1066	1077	1098	1079	
1070	1026	1060	1071	1017	1002	1028	1089	1007	1069	
1099	1022	1047	1078	1090	1092	1058	1037	1020	1057	
1068	1080	1083	1087	1096	1100	1060	1065	1035	1024	
1047	1025	1092	1033	1038	1086	1078	1060	1009	1035	
1001	1029	1099	1079	1079	1097	1072	1080	1026	1042	
1019	1010	1049	1036	1022	1015	1088	1085	1056	1004	
1096	1060	1032	1015	1030	1095	1030	1027	1042	1047	
1014	1061	1078	1012	1082	1029	1029	1022	1089	1089	
1063	1034	1013	1002	1029	1002	1011	1066	1083	1035	
1061	1021	1007	1001	1092	1046	1012	1006	1011	1091	
1005	1078	1062	1021	1100	1089	1014	1007	1076	1050	
1064	1065	1024	1066	1069	1094	1021	1045	1062	1014	
1010	1028	1036	1017	1083	1082	1040	1062	1089	1020	
1025	1013	1099	1096	1009	1056	1055	1061	1020	1057	
1075	1000	1091	1017	1011	1042	1033	1015	1094	1078	
1024	1061	1074	1013	1034	1043	1079	1038	1089	1044	
1002	1061	1100	1064	1021	1029	1027	1023	1069	1072	
1094	1081	1031	1068	1039	1060	1051	1050	1018	1067	
1013	1049	1090	1094	1029	1082	1090	1043	1015	1016	
1099	1052	1036	1068	1096	1096	1098	1080	1062	1003	
1090	1070	1000	1001	1028	1077	1085	1077	1003	1057	
1004	1088	1021	1028	1080	1090	1079	1052	1061	1019	
1077	1044	1053	1062	1087	1040	1026	1063	1084	1020	
1007	1045	1081	1034	1094	1026	1006	1065	1009	1030	
1073	1055	1006	1021	1002	1042	1095	1065	1080	1080	
1040	1041	1024	1077	1049	1047	1098	1008	1042	1039	
1075	1059	1031	1072	1006	1000	1039	1029	1060	1035	
1020	1018	1018	1064	1072	1096	1048	1025	1017	1034	
1086	1037	1069	1075	1013	1096	1038	1041	1014	1041	
1021	1088	1019	1039	1052	1029	1099	1032	1059	1065	
1013	1069	1041	1084	1090	1089	1063	1040	1022	1011	
1083	1083	1015	1033	1096	1029	1089	1093	1098	1023	
1030	1076	1023	1073	1063	1047	1096	1100	1050	1001	
1024	1032	1024	1012	1028	1035	1071	1042	1008	1030	
1056	1071	1030	1010	1017	1026	1005	1053	1022	1090	
1017	1061	1093	1087	1052	1057	1048	1087	1068	1019	
1050	1083	1023	1074	1059	1025	1048	1083	1047	1100	
1010	1084	1000	1063	1052	1093	1024	1013	1051	1081	
1062	1040	1002	1083	1023	1010	1048	1072	1067	1092	
1022	1037	1054	1016	1016	1092	1100	1091	1084	1021	
1047	1041	1012	1017	1046	1027	1001	1050	1047	1013	
1099	1029	1051	1060	1040	1060	1045	1011	1089	1038	
1100	1041	1053	1027	1090	1088	1002	1031	1020	1072	
1072	1068	1041	1051	1028	1085	1081	1065	1054	1094	
1012	1091	1006	1047	1061	1011	1015	1095	1047	1031	
1079	1067	1082	1080	1066	1093	1100	1013	1002	1080	
1059	1047	1004	1075	1045	1000	1063	1007	1092	1016	
1098	1085	1044	1012	1079	1078	1038	1016	1007	1051	
1092	1082	1093	1003	1085	1038	1047	1081	1054	1040	
1017	1065	1070	1068	1054	1089	1085	1029	1066	1086	
1019	1098	1082	1033	1000	1039	1025	1076	1010	1093	
1058	1087	1099	1094	1036	1049	1092	1031	1020	1026	
1068	1012	1079	1043	1061	1060	1096	1070	1030	1037	
1035	1078	1024	1005	1018	1015	1003	1045	1028	1001	
1025	1076	1070	1099	1059	1001	1058	1039	1060	1083	
1089	1038	1014	1062	1035	1012	1041	1047	1068	1045	
1092	1078	1092	1050	1028	1011	1019	1058	1064	1057	
1042	1077	1078	1078	1083	1068	1040	1084	1015	1056	
1000	1095	1094	1045	1019	1095	1060	1018	1001	1048	
1075	1018	1053	1059	1004	1033	1011	1019	1008	1011	
1038	1037	1081	1080	1092	1086	1086	1018	1077	1012	
1020	1094	1088	1049	1085	1092	1079	1066	1073	1051	
1064	1032	1077	1096	1028	1050	1020	1081	1046	1020	
1012	1057	1076	1023	1094	1064	1039	1003	1060	1041	
1024	1023	1014	1099	1048	1087	1082	1015	1059	1017	
1040	1069	1093	1055	1021	1018	1028	1027	1045	1066	
1054	1040	1090	1030	1030	1054	1092	1020	1040	1036	
1039	1034	1068	1020	1049	1098	1013	1042	1045	1091	
1057	1007	1094	1080	1046	1004	1048	1022	1082	1089	
1085	1054	1100	1018	1033	1059	1028	1004	1079	1001	
1064	1010	1023	1073	1084	1044	1062	1029	1089	1034	
1065	1004	1000	1004	1022	1082	1061	1072	1022	1034	
1099	1018	1053	1001	1045	1042	1022	1032	1004	1086	
1087	1087	1015	1073	1049	1029	1034	1006	1067	1096	
1077	1011	1072	1036	1086	1097	1024	1097	1068	1031	
1059	1020	1024	1002	1007	1013	1063	1086	1034	1030	
1064	1052	1014	1062	1025	1061	1044	1056	1040	1016	
1031	1051	1028	1074	1023	1010	1015	1075	1095	1090	
1077	1042	1078	1060	1065	1011	1062	1010	1023	1071	
1020	1083	1099	1029	1045	1063	1048	1087	1071	1053	
1025	1042	1100	1086	1040	1065	1044	1083	1075	1064	
1001	1060	1035	1025	1061	1012	1003	1094	1021	1061	
1100	1055	1029	1054	1008	1065	1067	1057	1075	1051	
1057	1064	1073	1034	1082	1070	1017	1001	1052	1092	
1043	1090	1075	1079	1072	1098	1057	1020	1064	1031	
1012	1034	1079	1092	1032	1088	1080	1025	1068	1076	
1083	1043	1049	1023	1078	1082	1077	1063	1046	1069	
1023	1084	1045	1061	1039	1023	1063	1018	1070	1085	
1020	1014	1068	1032	1034	1003	1033	1011	1056	1007	
1032	1042	1066	1008	1048	1097	1018	1029	1062	1085	
1070	1025	1061	1042	1063	1059	1037	1001	1012	1049	
1086	1086	1088	1044	1085	1086	1022	1096	1039	1076	
1006	1052	1049	1033	1038	1060	1040	1046	1063	1060	
1060	1015	1034	1004	1087	1045	1063	1074	1091	1008	
1048	1034	1049	1058	1001	1015	1089	1033	1086	1064	
1059	1077	1017	1015	1020	1072	1079	1027	1072	1016	
1052	1008	1062	1096	1043	1030	1075	1002	1018	1008	
1012	1066	1040	1000	1089	1046	1040	1095	1087	1090	
1009	1091	1049	1083	1059	1053	1019	1095	1091	1016	
1087	1073	1047	1003	1067	1013	1012	1022	1050	1016	
1098	1071	1036	1057	1099	1056	1013	1071	1098	1052	
1047	1001	1017	1039	1003	1013	1089	1065	1041	1044	
1029	1046	1016	1077	1034	1045	1071	1002	1036	1050	
1082	1058	1035	1099	1058	1025	1027	1030	1096	1016	
1004	1014	1038	1096	1091	1052	1046	1021	1012	1010	
1002	1068	1081	1016	1049	1001	1021	1040	1046	1054	
1021	1051	1086	1033	1095	1003	1058	1024	1056	1039	
1063	1063	1002	1078	1001	1099	1021	1061	1100	1058	
1081	1029	1046	1013	1073	1096	1036	1014	1049	1039	
1040	1070	1090	1018	1083	1063	1002	1013	1074	1095	
1096	1051	1034	1032	1093	1003	1039	1041	1056	1041	
1068	1045	1028	1053	1048	1095	1011	1008	1099	1014	
1041	1034	1051	1039	1028	1098	1065	1021	1023	1036	
1013	1006	1008	1060	1038	1017	1071	1040	1077	1048	
1083	1017	1084	1028	1073	1067	1065	1018	1069	1000	
1040	1089	1096	1057	1098	1009	1000	1014	1023	1088	
1036	1093	1029	1084	1028	1007	1044	1097	1050	1099	
1038	1079	1066	1039	1076	1071	1001	1021	1095	1023	
1043	1075	1100	1067	1013	1073	1067	1065	1038	1007	
1050	1058	1075	1064	1059	1093	1100	1091	1000	1021	
1018	1021	1093	1040	1053	1005	1097	1093	1061	1029	
1062	1071	1031	1006	1035	1023	1076	1004	1092	1054	
1067	1036	1061	1029	1044	1073	1092	1060	1003	1021	
1060	1094	1028	1032	1086	1023	1078	1037	1010	1022	
1037	1016	1095	1016	1072	1097	1053	1073	1014	1088	
1064	1019	1036	1083	1095	1022	1043	1090	1039	1005	
1058	1059	1008	1020	1021	1050	1042	1065	1094	1062	
1002	1059	1061	1090	1056	1040	1041	1098	1000	1098	
1073	1022	1017	1028	1093	1000	1011	1037	1008	1001	
1067	1041	1019	1037	1046	1054	1044	1017	1081	1027	
1065	1065	1013	1041	1083	1087	1095	1044	1041	1021	
1066	1012	1061	1058	1012	1089	1018	1092	1085	1011	
1082	1097	1028	1032	1016	1032	1012	1039	1006	1061	
1074	1063	1097	1039	1003	1098	1034	1077	1060	1057	
1086	1010	1048	1039	1057	1039	1020	1075	1080	1094	
1000	1012	1029	1092	1017	1038	1048	1019	1089	1053	
1095	1026	1048	1010	1055	1027	1034	1042	1055	1092	
1100	1067	1005	1090	1068	1061	1080	1049	1017	1067	
1082	1034	1085	1004	1007	1038	1070	1057	1062	1071	
1047	1017	1028	1019	1061	1000	1088	1057	1047	1045	
1012	1019	1083	1018	1051	1097	1076	1000	1006	1051	
1031	1038	1084	1054	1098	1082	1096	1061	1049	1057	
1013	1081	1048	1095	1000	1054	1098	1091	1035	1012	
1099	1010	1054	1040	1011	1016	1088	1044	1071	1089	
1058	1030	1047	1086	1004	1070	1033	1097	1097	1093	
1070	1070	1010	1026	1045	1004	1007	1035	1024	1047	
1085	1021	1088	1076	1077	1091	1091	1065	1078	1025	
1018	1095	1100	1058	1089	1042	1051	1076	1044	1042	
1078	1063	1047	1069	1019	1027	1039	1017	1043	1085	
1082	1025	1040	1052	1003	1007	1041	1037	1082	1063	
1031	1070	1041	1069	1036	1063	1057	1069	1025	1038	
1004	1046	1008	1078	1083	1049	1067	1005	1042	1023	
1065	1002	1020	1029	1095	1095	1075	1092	1027	1076	
1088	1042	1072	1094	1079	1092	1095	1024	1022	1024	
1066	1076	1073	1026	1078	1075	1080	1024	1084	1040	
1061	1034	1087	1005	1078	1026	1003	1041	1099	1047	
1070	1038	1086	1041	1072	1098	1027	1093	1003	1039	
1030	1083	1067	1063	1020	1090	1034	1014	1055	1022	
1081	1094	1079	1077	1005	1097	1048	1023	1083	1030	
1004	1075	1043	1099	1026	1034	1074	1042	1098	1077	
1023	1004	1031	1062	1066	1013	1022	1025	1044	1019	
1080	1035	1021	1036	1099	1025	1098	1084	1029	1087	
1036	1016	1032	1024	1080	1080	1071	1041	1039	1089	
1098	1064	1072	1049	1088	1002	1066	1091	1025	1044	
1070	1090	1095	1063	1098	1065	1020	1058	1003	1061	
1022	1064	1052	1067	1018	1030	1076	1067	1009	1094	
1091	1056	1035	1090	1033	1014	1079	1056	1036	1070	
1037	1004	1001	1063	1074	1048	1081	1096	1036	1021	
1089	1037	1001	1077	1023	1060	1085	1037	1042	1047	
1077	1079	1012	1015	1043	1026	1099	1006	1044	1016	
1017	1049	1022	1032	1078	1046	1001	1004	1027	1086	
1038	1048	1100	1094	1029	1049	1035	1003	1040	1085	
1056	1057	1080	1037	1046	1025	1054	1099	1026	1041	
1088	1075	1020	1087	1098	1078	1084	1090	1004	1003	
1092	1048	1036	1084	1051	1025	1082	1087	1084	1093	
1026	1098	1039	1095	1097	1039	1072	1040	1030	1082	
1097	1094	1065	1009	1016	1095	1025	1074	1048	1052	
1051	1052	1076	1013	1053	1037	1008	1013	1082	1035	
1052	1046	1094	1083	1067	1038	1042	1089	1026	1097	
1054	1030	1081	1069	1088	1025	1082	1035	1040	1071	
1081	1051	1015	1027	1078	1009	1007	1036	1047	1037	
1085	1042	1023	1061	1037	1009	1098	1025	1020	1030	
1003	1006	1061	1059	1081	1077	1046	1046	1023	1097	
1011	1094	1076	1081	1040	1044	1070	1017	1096	1008	
1098	1095	1026	1091	1053	1071	1051	1100	1041	1006	
1067	1055	1053	1086	1072	1019	1082	1033	1023	1074	
1040	1029	1068	1083	1019	1018	1059	1005	1086	1019	
1001	1096	1098	1062	1032	1100	1073	1018	1016	1058	
1077	1029	1076	1040	1002	1066	1036	1021	1033	1098	
1049	1076	1089	1029	1096	1024	1000	1062	1056	1052	
1068	1087	1068	1038	1039	1089	1083	1004	1059	1047	
1006	1086	1079	1063	1094	1091	1042	1075	1035	1095	
1087	1000	1056	1001	1053	1047	1090	1029	1094	1055	
1021	1096	1088	1095	1029	1085	1087	1033	1078	1068	
1059	1024	1052	1001	1054	1081	1056	1012	1029	1059	
1001	1020	1024	1039	1066	1063	1063	1039	1060	1001	
1007	1042	1069	1056	1032	1006	1016	1069	1083	1004	
1097	1030	1024	1091	1004	1005	1095	1024	1058	1054	
1060	1013	1036	1008	1076	1004	1018	1045	1062	1096	
1012	1054	1068	1016	1054	1082	1021	1086	1039	1084	
1000	1045	1035	1098	1061	1041	1043	1055	1067	1091	
1041	1016	1092	1054	1028	1045	1029	1001	1067	1077	
1008	1057	1016	1017	1080	1091	1090	1095	1098	1018	
1084	1058	1082	1048	1099	1006	1090	1032	1028	1022	
1057	1025	1074	1056	1100	1031	1012	1040	1096	1006	
1035	1068	1024	1082	1061	1093	1084	1002	1020	1068	
1080	1049	1020	1092	1017	1048	1055	1015	1027	1020	
1088	1088	1012	1054	1081	1038	1019	1013	1038	1099	
1069	1081	1022	1004	1098	1077	1017	1099	1084	1037	
1008	1058	1054	1007	1028	1096	1051	1054	1012	1048	
1032	1056	1050	1021	1080	1043	1041	1067	1052	1085	
1100	1009	1067	1020	1028	1048	1013	1064	1026	1063	
1047	1014	1033	1091	1098	1011	1060	1057	1091	1083	
1066	1027	1020	1015	1022	1026	1037	1025	1061	1004	
1063	1046	1006	1031	1076	1068	1098	1022	1033	1056	
1099	1075	1038	1067	1037	1018	1067	1084	1089	1043	
1079	1071	1021	1025	1100	1017	1033	1081	1082	1044	
1050	1046	1069	1059	1060	1027	1007	1053	1082	1070	
1034	1031	1100	1081	1090	1052	1090	1088	1061	1098	
1000	1062	1097	1087	1037	1075	1013	1081	1096	1003	
1057	1075	1074	1025	1055	1095	1068	1065	1020	1003	
1054	1097	1032	1009	1047	1075	1080	1073	1029	1078	
1044	1085	1097	1031	1034	1083	1029	1064	1007	1063	
1065	1079	1061	1069	1074	1033	1015	1095	1057	1064	
1090	1011	1004	1026	1066	1077	1033	1001	1036	1051	
1059	1060	1075	1081	1081	1000	1029	1055	1070	1086	
1055	1040	1055	1080	1029	1082	1067	1093	1021	1037	
1033	1009	1086	1068	1066	1034	1031	1094	1054	1046	
1088	1067	1009	1012	1069	1069	1014	1050	1064	1040	
1081	1010	1027	1003	1010	1049	1068	1021	1080	1033	
1048	1074	1064	1013	1082	1029	1076	1026	1037	1095	
1098	1048	1081	1076	1000	1098	1092	1056	1036	1011	
1033	1020	1081	1047	1077	1033	1070	1042	1055	1011	
1024	1045	1093	1018	1018	1071	1083	1080	1003	1000	
1088	1012	1071	1030	1097	1047	1074	1069	1024	1044	
1036	1062	1043	1096	1002	1085	1067	1013	1059	1030	
1068	1072	1012	1016	1054	1063	1090	1077	1053	1022	
1021	1051	1047	1005	1089	1075	1008	1094	1038	1023	
1060	1008	1099	1042	1078	1069	1098	1069	1014	1097	
1003	1035	1036	1056	1074	1087	1069	1079	1073	1053	
1013	1071	1066	1056	1099	1059	1040	1000	1003	1097	
1068	1028	1037	1004	1007	1043	1060	1094	1005	1054	
1043	1085	1100	1046	1095	1100	1056	1088	1043	1051	
1000	1081	1066	1067	1048	1040	1021	1094	1036	1009	
1086	1022	1053	1027	1069	1071	1042	1027	1047	1073	
1072	1049	1097	1003	1050	1017	1091	1094	1049	1097	
1076	1061	1060	1010	1060	1038	1014	1055	1021	1034	
1006	1061	1032	1099	1046	1018	1017	1075	1044	1011	
1021	1049	1080	1012	1008	1016	1048	1002	1096	1038	
1064	1009	1073	1005	1001	1041	1033	1003	1032	1068	
1090	1057	1091	1065	1099	1055	1047	1003	1051	1075	
1100	1008	1094	1082	1054	1081	1012	1020	1061	1041	
1098	1048	1008	1098	1052	1089	1000	1039	1000	1096	
1019	1000	1041	1069	1030	1092	1021	1049	1085	1058	
1059	1002	1069	1051	1080	1051	1010	1033	1040	1047	
1036	1082	1038	1044	1039	1083	1086	1061	1039	1032	
1061	1063	1037	1044	1087	1098	1021	1036	1028	1091	
1056	1031	1041	1090	1094	1095	1006	1076	1050	1065	
1022	1059	1028	1023	1061	1031	1087	1054	1085	1094	
1074	1045	1016	1083	1083	1025	1043	1068	1078	1032	
1076	1094	1038	1059	1091	1014	1012	1063	1057	1066	
1058	1061	1052	1028	1027	1060	1069	1053	1081	1051	
1091	1029	1063	1002	1050	1025	1091	1042	1049	1043	
1084	1057	1035	1080	1090	1024	1092	1094	1032	1059	
1096	1046	1057	1009	1005	1096	1063	1043	1068	1015	
1096	1050	1081	1010	1074	1013	1094	1096	1031	1061	
1060	1006	1090	1050	1002	1020	1096	1081	1028	1095	
1000	1066	1022	1057	1091	1055	1036	1042	1020	1050	
1072	1034	1081	1073	1080	1071	1050	1021	1093	1061	
1080	1046	1065	1100	1063	1017	1090	1062	1096	1001	
1089	1062	1097	1058	1026	1023	1096	1086	1022	1068	
1094	1063	1075	1099	1022	1043	1052	1052	1029	1033	
1079	1048	1053	1076	1028	1058	1018	1032	1043	1047	
1053	1018	1077	1022	1069	1098	1002	1030	1010	1061	
1022	1088	1014	1067	1044	1059	1018	1035	1093	1081	
1016	1051	1091	1002	1046	1067	1019	1016	1067	1036	
1071	1067	1018	1017	1082	1051	1048	1041	1032	1006	
1099	1044	1079	1070	1061	1077	1080	1023	1050	1025	
1006	1090	1043	1047	1058	1015	1046	1055	1093	1082	
1015	1077	1099	1099	1092	1039	1094	1069	1039	1036	
1005	1008	1008	1038	1000	1020	1097	1057	1100	1045	
1077	1075	1019	1016	1085	1008	1069	1074	1067	1072	
1031	1020	1080	1091	1044	1041	1081	1015	1078	1042	
1099	1052	1064	1017	1057	1090	1068	1043	1068	1078	
1022	1092	1008	1055	1012	1077	1059	1094	1035	1083	
1036	1020	1070	1097	1016	1035	1041	1043	1095	1089	
1050	1049	1047	1081	1015	1031	1039	1044	1035	1017	
1089	1048	1036	1072	1053	1019	1044	1003	1052	1053	
1043	1010	1032	1012	1013	1071	1073	1046	1082	1091	
1060	1073	1094	1039	1006	1091	1013	1076	1097	1015	
1058	1016	1057	1095	1043	1068	1038	1007	1006	1010	
1022	1070	1097	1005	1075	1000	1038	1080	1046	1079	
1020	1017	1046	1082	1005	1036	1001	1094	1033	1039	
1088	1019	1032	1003	1022	1055	1017	1038	1094	1046	
1003	1040	1040	1028	1084	1071	1073	1077	1057	1006	
1074	1032	1054	1089	1012	1077	1002	1028	1025	1028	
1053	1098	1039	1023	1080	1011	1047	1074	1002	1079	
1059	1020	1049	1011	1096	1030	1034	1072	1074	1096	
1090	1066	1087	1031	1065	1018	1093	1015	1015	1068	
1031	1060	1022	1092	1034	1050	1042	1029	1032	1018	
1024	1034	1015	1011	1006	1020	1045	1041	1033	1075	
1022	1032	1078	1016	1032	1020	1068	1079	1005	1047	
1027	1029	1052	1090	1006	1028	1024	1008	1029	1004	
1088	1097	1015	1062	1094	1096	1001	1029	1066	1094	
1026	1048	1085	1099	1033	1057	1066	1019	1067	1007	
1067	1080	1031	1004	1057	1016	1028	1072	1000	1036	
1007	1018	1080	1095	1017	1044	1060	1026	1082	1056	
1005	1081	1017	1063	1035	1094	1054	1039	1035	1088	
1074	1029	1096	1063	1007	1065	1093	1083	1038	1021	
1061	1071	1010	1046	1048	1083	1092	1020	1039	1059	
1079	1043	1014	1096	1016	1022	1089	1077	1026	1005	
1075	1018	1000	1018	1059	1063	1085	1019	1060	1027	
1014	1082	1032	1074	1015	1060	1001	1075	1078	1003	
1037	1036	1084	1090	1067	1047	1085	1055	1057	1013	
1014	1013	1056	1041	1019	1044	1036	1006	1016	1071	
1089	1029	1039	1018	1029	1075	1017	1072	1057	1021	
1093	1053	1015	1082	1035	1013	1039	1011	1037	1005	
1089	1008	1035	1044	1078	1088	1060	1015	1026	1069	
1074	1079	1068	1059	1096	1037	1096	1036	1065	1036	
1012	1093	1083	1086	1023	1016	1012	1024	1036	1059	
1064	1023	1025	1073	1097	1099	1087	1033	1010	1011	
1042	1035	1066	1044	1075	1083	1003	1017	1014	1043	
1028	1041	1040	1025	1009	1090	1087	1022	1000	1002	
1041	1020	1078	1050	1046	1085	1079	1082	1071	1100	
1022	1015	1080	1040	1064	1075	1037	1045	1052	1074	
1040	1009	1031	1038	1038	1095	1059	1039	1019	1059	
1042	1022	1058	1060	1088	1033	1064	1084	1054	1007	
1073	1070	1012	1062	1012	1009	1084	1100	1017	1071	
1029	1031	1028	1042	1004	1027	1011	1012	1014	1043	
1022	1095	1089	1008	1064	1055	1059	1007	1001	1026	
1073	1053	1015	1059	1007	1027	1080	1027	1053	1097	
1062	1042	1088	1096	1051	1089	1019	1039	1070	1060	
1020	1028	1006	1059	1031	1052	1024	1080	1068	1004	
1029	1031	1063	1005	1023	1072	1093	1061	1082	1050	
1063	1076	1085	1065	1008	1041	1021	1015	1066	1044	
1092	1006	1050	1091	1072	1068	1043	1002	1060	1072	
1009	1063	1080	1001	1093	1093	1045	1012	1056	1094	
1071	1064	1064	1041	1070	1044	1057	1064	1058	1096	
1012	1026	1076	1060	1057	1019	1081	1086	1092	1072	
1100	1090	1065	1065	1086	1060	1045	1067	1001	1005	
1009	1093	1062	1083	1022	1002	1010	1075	1016	1073	
1027	1026	1077	1085	1051	1075	1062	1045	1008	1079	
1000	1079	1053	1091	1063	1006	1034	1063	1096	1042	
1047	1019	1038	1050	1025	1053	1019	1035	1044	1086	
1074	1024	1002	1028	1043	1094	1044	1060	1029	1035	
1063	1081	1049	1062	1043	1078	1087	1096	1041	1096	
1091	1087	1017	1025	1068	1063	1033	1040	1010	1060	
1042	1096	1083	1028	1021	1073	1069	1096	1009	1075	
1045	1048	1088	1080	1015	1041	1018	1083	1087	1087	
1074	1079	1073	1002	1056	1050	1083	1008	1002	1051	
1021	1066	1007	1047	1085	1088	1035	1025	1020	1020	
1044	1056	1079	1029	1018	1082	1066	1016	1090	1093	
1036	1069	1069	1056	1034	1087	1063	1084	1026	1069	
1008	1098	1077	1092	1089	1060	1030	1052	1015	1078	
1042	1001	1032	1040	1054	1065	1071	1072	1045	1040	
1091	1086	1091	1063	1083	1089	1053	1057	1083	1099	
1033	1037	1064	1044	1005	1046	1098	1001	1068	1034	
1063	1068	1087	1084	1014	1038	1065	1086	1008	1071	
1052	1031	1086	1100	1093	1040	1023	1080	1091	1014	
1061	1097	1070	1053	1081	1055	1031	1053	1019	1098	
1030	1044	1067	1058	1009	1029	1078	1016	1035	1090	
1039	1002	1021	1070	1001	1048	1041	1012	1066	1085	
1035	1045	1060	1032	1032	1064	1023	1051	1042	1070	
1023	1034	1085	1046	1031	1060	1029	1087	1012	1099	
1059	1013	1067	1015	1072	1050	1051	1003	1015	1042	
1085	1062	1048	1059	1014	1100	1030	1050	1061	1052	
1026	1070	1026	1035	1055	1072	1022	1059	1077	1083	
1078	1059	1084	1024	1097	1083	1084	1028	1067	1027	
1022	1030	1018	1047	1012	1064	1017	1060	1024	1002	
1048	1010	1006	1056	1063	1051	1064	1093	1051	1011	
1020	1084	1084	1084	1002	1029	1001	1062	1065	1028	
1003	1097	1070	1056	1092	1029	1057	1007	1006	1099	
1015	1033	1045	1040	1005	1073	1010	1045	1056	1039	
1010	1046	1039	1079	1069	1088	1064	1002	1002	1096	
1073	1030	1075	1016	1060	1054	1091	1047	1086	1095	
1015	1027	1054	1073	1019	1035	1089	1089	1078	1038	
1003	1085	1070	1006	1078	1064	1096	1057	1084	1065	
1018	1000	1074	1064	1035	1093	1047	1086	1095	1024	
1041	1074	1029	1075	1072	1072	1002	1010	1066	1072	
1091	1057	1094	1045	1036	1020	1044	1047	1019	1031	
1046	1047	1091	1037	1012	1044	1091	1058	1040	1044	
1043	1097	1075	1020	1035	1100	1025	1079	1050	1083	
1062	1007	1045	1017	1001	1007	1045	1063	1089	1024	
1023	1026	1074	1038	1007	1038	1020	1013	1018	1024	
1044	1053	1044	1001	1026	1070	1006	1050	1070	1095	
1095	1051	1022	1070	1076	1093	1069	1037	1028	1026	
1002	1078	1013	1004	1079	1085	1015	1005	1013	1060	
1024	1021	1081	1064	1085	1099	1007	1036	1026	1080	
1012	1041	1034	1063	1095	1037	1067	1100	1013	1020	
1030	1058	1087	1035	1030	1025	1026	1075	1017	1010	
1042	1072	1068	1031	1068	1051	1065	1090	1013	1056	
1034	1081	1016	1000	1014	1088	1057	1096	1019	1095	
1036	1017	1071	1015	1073	1034	1029	1065	1075	1011	
1061	1090	1079	1011	1092	1035	1030	1005	1017	1022	
1089	1013	1051	1072	1034	1032	1045	1058	1040	1092	
1050	1054	1063	1047	1006	1037	1058	1066	1077	1093	
1028	1095	1055	1012	1020	1076	1094	1068	1091	1090	
1084	1008	1018	1024	1055	1001	1051	1001	1014	1062	
1095	1095	1013	1073	1015	1017	1047	1076	1019	1028	
1007	1041	1031	1097	1033	1079	1091	1091	1062	1009	
1026	1056	1097	1058	1071	1066	1046	1010	1019	1054	
1098	1039	1074	1084	1095	1003	1048	1089	1041	1082	
1004	1099	1080	1073	1013	1087	1081	1020	1067	1058	