5
5
289 26 35 649 1 
1 316 366 254 63 
392 1 570 34 3 
21 1 1 45 932 
297 656 28 18 1
5
5
283 286 1 84 346 
32 688 6 245 29 
57 1 330 1 611 
627 1 367 1 4 
1 24 296 669 10
5
5
397 19 304 279 1 
1 5 1 20 973 
4 267 693 19 17 
1 309 1 681 8 
597 400 1 1 1
5
5
40 644 287 1 28 
1 280 25 374 320 
359 16 24 592 9 
1 39 313 5 642 
599 21 351 28 1
5
5
7 385 1 290 317 
1 1 317 1 680 
669 1 328 1 1 
314 15 1 669 1 
9 598 353 39 1
5
5
326 69 338 20 247 
651 2 38 303 6 
1 26 622 309 42 
1 294 1 1 703 
21 609 1 367 2
5
5
1 335 1 298 365 
23 635 340 1 1 
1 1 376 1 621 
278 16 1 693 12 
697 13 282 7 1
5
5
323 6 238 1 432 
657 322 1 10 10 
10 362 616 11 1 
1 1 131 311 556 
9 309 14 667 1
5
5
1 741 204 1 53 
1 1 691 1 306 
732 1 1 1 265 
1 20 8 596 375 
265 237 96 401 1
5
5
1 276 1 31 691 
362 24 67 256 291 
1 287 688 9 15 
27 25 243 703 2 
609 388 1 1 1